1.1000500250125063 0.00030268365852821074
1.1005502751375689 0.00030304290937511395
1.1010505252626313 0.00030339905469499575
1.1015507753876939 0.000303752124976662
1.1020510255127565 0.0003041037541960644
1.1025512756378189 0.0003044554875906093
1.1030515257628815 0.00030480731876897225
1.103551775887944 0.00030515979790184854
1.1040520260130064 0.00030551620879749235
1.104552276138069 0.0003058791671923591
1.1050525262631314 0.0003062485744466629
1.105552776388194 0.0003066242410429563
1.1060530265132567 0.00030700581259056055
1.1065532766383193 0.000307392361996159
1.1070535267633816 0.0003077746911483692
1.1075537768884443 0.00030814432901818005
1.1080540270135066 0.00030850151685798586
1.1085542771385692 0.00030884703333206015
1.1090545272636319 0.00030917751994048433
1.1095547773886942 0.00030948905836584913
1.1100550275137568 0.0003097814822725358
1.1105552776388194 0.0003100545918344225
1.1110555277638818 0.00031030825421349376
1.1115557778889444 0.00031054385588572594
1.112056028014007 0.0003107772845059555
1.1125562781390694 0.00031102227623165234
1.113056528264132 0.00031127741432234585
1.1135567783891946 0.00031154195571126114
1.114057028514257 0.00031181529297517804
1.1145572786393196 0.0003120976643698139
1.1150575287643822 0.00031239044933061027
1.1155577788894446 0.0003126942716958267
1.1160580290145072 0.000313009188378933
1.1165582791395698 0.0003133351135249312
1.1170585292646322 0.0003136717410199055
1.1175587793896948 0.0003140192264353552
1.1180590295147574 0.00031437794661281625
1.1185592796398198 0.00031474840446607365
1.1190595297648824 0.00031513454766006217
1.119559779889945 0.00031554052534708333
1.1200600300150074 0.00031596706946789336
1.12056028014007 0.00031641430531335993
1.1210605302651326 0.0003168823634766714
1.121560780390195 0.00031736994360280756
1.1220610305152576 0.00031787165382814625
1.1225612806403202 0.0003183834919002883
1.1230615307653826 0.000318905522276424
1.1235617808904452 0.0003194346465108887
1.1240620310155078 0.00031995937087556163
1.1245622811405702 0.00032047127795713573
1.1250625312656328 0.00032097028674742535
1.1255627813906954 0.0003214563603350706
1.1260630315157578 0.0003219296478409334
1.1265632816408204 0.00032239005937962923
1.127063531765883 0.0003228356711756842
1.1275637818909454 0.0003232647414309888
1.128064032016008 0.00032367804824226873
1.1285642821410704 0.00032407926524407726
1.129064532266133 0.00032447471893327657
1.1295647823911956 0.0003248678879083301
1.1300650325162582 0.0003252592440426684
1.1305652826413206 0.00032565020098757617
1.1310655327663832 0.00032604169036975475
1.1315657828914456 0.00032643376388432374
1.1320660330165082 0.000326826931058266
1.1325662831415708 0.00032722165743332175
1.1330665332666334 0.000327618032163249
1.1335667833916958 0.0003280162858037107
1.1340670335167584 0.00032841741027052915
1.1345672836418208 0.00032882159165094913
1.1350675337668834 0.0003292273953617436
1.135567783891946 0.000329634045816978
1.1360680340170084 0.00033004154883306227
1.136568284142071 0.00033045011173753826
1.1370685342671336 0.0003308614589382804
1.137568784392196 0.0003312801059843741
1.1380690345172586 0.00033170940785614807
1.1385692846423212 0.00033214994320998273
1.1390695347673836 0.0003326030390234922
1.1395697848924462 0.00033306988367360615
1.1400700350175088 0.00033355059444183164
1.1405702851425712 0.0003340452501773862
1.1410705352676338 0.00033455393181859556
1.1415707853926964 0.0003350760620657144
1.1420710355177588 0.0003356034534018063
1.1425712856428214 0.00033612700086073084
1.143071535767884 0.0003366451628150964
1.1435717858929464 0.0003371577787295672
1.144072036018009 0.0003376629216683448
1.1445722861430716 0.0003381587659114478
1.145072536268134 0.00033864524043330824
1.1455727863931966 0.00033912227531707114
1.1460730365182592 0.0003395898017789508
1.1465732866433216 0.0003400488544031551
1.1470735367683842 0.00034050577003131747
1.1475737868934468 0.00034096583496833285
1.1480740370185092 0.0003414291312609654
1.1485742871435718 0.0003418950549020522
1.1490745372686344 0.00034235929043836236
1.1495747873936968 0.00034281816998085746
1.1500750375187594 0.0003432716480315735
1.150575287643822 0.00034371967956880556
1.1510755377688844 0.0003441620368104165
1.151575787893947 0.00034459544233203824
1.1520760380190094 0.0003450174749837203
1.152576288144072 0.0003454279371181349
1.1530765382691346 0.00034582532754014547
1.1535767883941972 0.0003462104944100947
1.1540770385192596 0.0003465922503067109
1.1545772886443222 0.00034697794887334865
1.1550775387693846 0.0003473676422211032
1.1555777888944472 0.000347761383509446
1.1560780390195098 0.0003481630548900103
1.1565782891445724 0.0003485776688853821
1.1570785392696348 0.0003490023511847941
1.1575787893946974 0.0003494324150479226
1.1580790395197598 0.00034986722628359485
1.1585792896448224 0.00035030576019205435
1.159079539769885 0.00035074206649013574
1.1595797898949474 0.0003511712003641246
1.16008004002001 0.0003515931093806036
1.1605802901450726 0.00035200732338522343
1.161080540270135 0.00035241242102384407
1.1615807903951976 0.00035281093389779596
1.1620810405202602 0.00035321604408219265
1.1625812906453226 0.0003536374747530591
1.1630815407703852 0.0003540753036540843
1.1635817908954478 0.00035453003097388425
1.1640820410205102 0.0003550040506794815
1.1645822911455728 0.0003554993606339261
1.1650825412706354 0.00035601608524326174
1.1655827913956978 0.0003565537427777169
1.1660830415207604 0.00035711081190098405
1.166583291645823 0.00035768316798725163
1.1670835417708854 0.000358263488742463
1.167583791895948 0.000358847604128147
1.1680840420210106 0.00035943553733255575
1.168584292146073 0.00036002604873168524
1.1690845422711356 0.0003606123854603897
1.1695847923961982 0.0003611889847516986
1.1700850425212606 0.00036175414294718295
1.1705852926463232 0.0003623037915712688
1.1710855427713858 0.0003628353698640779
1.1715857928964482 0.0003633484899612421
1.1720860430215108 0.0003638418374410169
1.1725862931465734 0.00036431427221193476
1.1730865432716358 0.0003647656670366669
1.1735867933966984 0.0003651981152575349
1.174087043521761 0.000365623049654602
1.1745872936468233 0.0003660497801008904
1.175087543771886 0.0003664854518384125
1.1755877938969483 0.000366934782187307
1.176088044022011 0.00036739502090505467
1.1765882941470736 0.00036786564054067995
1.1770885442721362 0.0003683452311103129
1.1775887943971985 0.0003688326026608631
1.1780890445222612 0.0003693278055292015
1.1785892946473235 0.0003698289848549107
1.1790895447723861 0.00037032649072163464
1.1795897948974488 0.00037080946331680923
1.1800900450225114 0.00037127239877613133
1.1805902951475737 0.00037171444945248303
1.1810905452726363 0.00037213714169594364
1.1815907953976987 0.0003725408182959745
1.1820910455227613 0.0003729281683814514
1.182591295647824 0.0003733014523218027
1.1830915457728866 0.00037366060307563516
1.183591795897949 0.00037400656157688094
1.1840920460230115 0.00037434424756441686
1.184592296148074 0.000374680268808623
1.1850925462731365 0.0003750174061997435
1.1855927963981991 0.00037535578543945313
1.1860930465232615 0.0003756954142976274
1.1865932966483241 0.0003760371752220131
1.1870935467733867 0.00037638631384150447
1.1875937968984491 0.00037674723870309026
1.1880940470235117 0.0003771200208462796
1.1885942971485743 0.0003775041597542195
1.1890945472736367 0.0003778970575820107
1.1895947973986993 0.00037829956359936425
1.190095047523762 0.0003787146271230449
1.1905952976488243 0.0003791423134458205
1.191095547773887 0.000379582689489111
1.1915957978989495 0.00038003399896852514
1.192096048024012 0.00038048569264052736
1.1925962981490745 0.00038092895414129413
1.1930965482741371 0.0003813637032534239
1.1935967983991995 0.0003817897117358338
1.1940970485242621 0.00038220221688576726
1.1945972986493247 0.00038259498947190485
1.1950975487743871 0.00038296632225145566
1.1955977988994497 0.0003833161064354615
1.1960980490245123 0.000383644238287372
1.1965982991495747 0.00038395188253849194
1.1970985492746373 0.00038424608099698113
1.1975987993997 0.000384532655771228
1.1980990495247623 0.00038481158374450405
1.198599299649825 0.0003850838324624128
1.1990995497748873 0.000385353510975404
1.19959979989995 0.0003856238009328582
1.2001000500250125 0.0003858947552390548
1.2006003001500751 0.00038616638171105183
1.2011005502751375 0.0003864386882225364
1.2016008004002001 0.0003867111848412501
1.2021010505252625 0.00038698114481748944
1.2026013006503251 0.00038724632390006004
1.2031015507753877 0.00038750670478390135
1.2036018009004503 0.0003877630122103896
1.2041020510255127 0.0003880160843049838
1.2046023011505753 0.0003882660199937018
1.2051025512756377 0.00038851280835045594
1.2056028014007003 0.00038875643849281473
1.206103051525763 0.00038899689958264206
1.2066033016508255 0.00038923565690140446
1.207103551775888 0.0003894805998038411
1.2076038019009505 0.00038973818386309504
1.208104052026013 0.0003900102055537299
1.2086043021510755 0.0003903008076745877
1.2091045522761381 0.0003906116769552172
1.2096048024012005 0.0003909421659108611
1.210105052526263 0.00039129236413980604
1.2106053026513257 0.0003916623651985583
1.211105552776388 0.0003920522666509381
1.2116058029014507 0.00039245960132067067
1.2121060530265133 0.0003928710845053807
1.2126063031515757 0.00039327589623543716
1.2131065532766383 0.0003936662997058072
1.213606803401701 0.0003940335984971976
1.2141070535267633 0.0003943766615635509
1.214607303651826 0.00039469529047567056
1.2151075537768885 0.0003949893802836238
1.215607803901951 0.00039525883122361
1.2161080540270135 0.0003955035487791498
1.216608304152076 0.00039572563944774
1.2171085542771385 0.0003959361719999393
1.217608804402201 0.0003961473299202757
1.2181090545272637 0.0003963682812843911
1.218609304652326 0.00039660544793427936
1.2191095547773887 0.00039685983058852494
1.2196098049024513 0.0003971319512060632
1.2201100550275137 0.0003974218732542205
1.2206103051525763 0.0003977296625394351
1.221110555277639 0.00039805538723092953
1.2216108054027013 0.00039839796607733807
1.222111055527764 0.00039875176771101583
1.2226113056528263 0.0003991089028690984
1.2231115557778889 0.00039946500674430184
1.2236118059029515 0.00039981820279157886
1.224112056028014 0.00040016689761216475
1.2246123061530765 0.00040051036597735164
1.225112556278139 0.0004008485814417967
1.2256128064032015 0.00040118151782611236
1.226113056528264 0.000401509149221112
1.2266133066533267 0.0004018321062347539
1.2271135567783893 0.00040215363878994925
1.2276138069034517 0.00040247694243011764
1.2281140570285143 0.0004028026087952887
1.2286143071535767 0.00040313150656045644
1.2291145572786393 0.00040346572208493323
1.2296148074037019 0.00040380649390342444
1.2301150575287645 0.0004041538517493806
1.2306153076538269 0.0004045078259142469
1.2311155577788895 0.00040486844725351055
1.2316158079039519 0.0004052359173278519
1.2321160580290145 0.0004056108616014013
1.232616308154077 0.0004059935251472985
1.2331165582791395 0.00040638373300200655
1.233616808404202 0.00040678128149220096
1.2341170585292647 0.0004071857506426159
1.234617308654327 0.00040759696380443847
1.2351175587793897 0.00040801496018619607
1.2356178089044523 0.00040843977974640175
1.2361180590295147 0.00040887146320333387
1.2366183091545773 0.0004093094414066521
1.2371185592796399 0.0004097507513828573
1.2376188094047023 0.0004101929695918909
1.2381190595297649 0.00041063605131669837
1.2386193096548275 0.00041107949861824675
1.2391195597798899 0.00041152159912533596
1.2396198099049525 0.00041196112952334086
1.240120060030015 0.0004123980716042494
1.2406203101550775 0.00041283240718957055
1.24112056028014 0.0004132641181318109
1.2416208104052027 0.00041369309352241537
1.242121060530265 0.00041411917894577303
1.2426213106553277 0.00041454231054576613
1.2431215607803903 0.00041496246627488085
1.2436218109054527 0.0004153795405230054
1.2441220610305153 0.00041579415817149065
1.2446223111555779 0.00041620703476151407
1.2451225612806402 0.0004166181595594684
1.2456228114057029 0.00041702752182980847
1.2461230615307652 0.0004174351108354904
1.2466233116558278 0.0004178411492340455
1.2471235617808905 0.00041824672706127576
1.247623811905953 0.0004186527098778705
1.2481240620310154 0.00041905910200204565
1.248624312156078 0.0004194657976262758
1.2491245622811404 0.00041987157713367434
1.249624812406203 0.00042027532014179877
1.2501250625312657 0.0004206770129151372
1.2506253126563283 0.0004210766417338818
1.2511255627813906 0.0004214741928948365
1.2516258129064533 0.0004218697388817711
1.2521260630315156 0.0004222634477373284
1.2526263131565782 0.0004226554019013016
1.2531265632816408 0.0004230455888245342
1.2536268134067035 0.00042343466542798814
1.2541270635317658 0.00042382538195017804
1.2546273136568284 0.0004242198389266039
1.2551275637818908 0.0004246180580203244
1.2556278139069534 0.00042502006117632786
1.256128064032016 0.00042542587062487205
1.2566283141570787 0.00042583498114620176
1.257128564282141 0.00042624637046795056
1.2576288144072036 0.00042665953988928207
1.258129064532266 0.00042707450409261503
1.2586293146573286 0.0004274973849250294
1.2591295647823912 0.00042794983244392223
1.2596298149074536 0.0004284475570984759
1.2601300650325162 0.00042899088334221575
1.2606303151575788 0.0004295801647485162
1.2611305652826412 0.00043021578456800064
1.2616308154077038 0.0004308991153116664
1.2621310655327664 0.000431632364000108
1.2626313156578288 0.0004324168249872715
1.2631315657828914 0.00043325303705229735
1.263631815907954 0.0004341288329077323
1.2641320660330164 0.000434998106403032
1.264632316158079 0.0004358268634621712
1.2651325662831416 0.00043661461699516925
1.265632816408204 0.00043736090047966
1.2661330665332666 0.00043806526861820056
1.266633316658329 0.0004387263237504271
1.2671335667833916 0.00043934124782693567
1.2676338169084542 0.00043990820248695144
1.2681340670335168 0.0004404268043961465
1.2686343171585792 0.0004409027007256342
1.2691345672836418 0.00044135689373531634
1.2696348174087042 0.00044180460411622494
1.2701350675337668 0.0004422458434602527
1.2706353176588294 0.0004426805727245943
1.271135567783892 0.00044310875319925346
1.2716358179089544 0.00044353062101890685
1.272136068034017 0.0004439466683377045
1.2726363181590794 0.0004443571156988538
1.273136568284142 0.0004447619306141721
1.2736368184092046 0.00044516098993734705
1.2741370685342672 0.00044555425190850845
1.2746373186593296 0.00044594198287879603
1.2751375687843922 0.0004463243683590313
1.2756378189094546 0.00044670137691882295
1.2761380690345172 0.0004470729774298079
1.2766383191595798 0.00044743972929163993
1.2771385692846424 0.0004478036385227847
1.2776388194097048 0.0004481661331706461
1.2781390695347674 0.00044852720393643837
1.2786393196598298 0.0004488878149210547
1.2791395697848924 0.00044925120766143054
1.279639819909955 0.0004496195696917743
1.2801400700350176 0.0004499928259945954
1.28064032016008 0.00045037100204600234
1.2811405702851426 0.00045075412371347516
1.281640820410205 0.0004511422800804828
1.2821410705352676 0.00045153467931709885
1.2826413206603302 0.00045193045939845815
1.2831415707853926 0.0004523296351755247
1.2836418209104552 0.00045273114251105325
1.2841420710355178 0.00045313141583216466
1.2846423211605802 0.00045352855643492507
1.2851425712856428 0.000453923247485159
1.2856428214107054 0.00045431556293203476
1.2861430715357678 0.0004547054814202263
1.2866433216608304 0.00045509314647364674
1.287143571785893 0.00045548004239362477
1.2876438219109554 0.0004558675004339513
1.288144072036018 0.000456255518915578
1.2886443221610806 0.00045664537163597865
1.289144572286143 0.00045704121955366934
1.2896448224112056 0.000457445516544721
1.290145072536268 0.0004578572751387386
1.2906453226613306 0.00045827596326331114
1.2911455727863932 0.0004587016216154524
1.2916458229114558 0.00045913348159269224
1.2921460730365182 0.00045956827604810857
1.2926463231615808 0.0004600035240108973
1.2931465732866432 0.0004604392262869118
1.2936468234117058 0.00046087488934033586
1.2941470735367684 0.0004613089259231154
1.294647323661831 0.00046174023242497557
1.2951475737868934 0.00046216915286710435
1.295647823911956 0.00046259603944693407
1.2961480740370184 0.0004630208829549315
1.296648324162081 0.0004634364796947109
1.2971485742871436 0.00046381732572664395
1.2976488244122062 0.0004641449644430387
1.2981490745372686 0.0004644191553339887
1.2986493246623312 0.0004646385584591101
1.2991495747873936 0.00046479942575301683
1.2996498249124562 0.00046489917201021045
1.3001500750375188 0.00046493778471362693
1.3006503251625814 0.0004649153989328058
1.3011505752876438 0.0004648321019692775
1.3016508254127064 0.0004647026461800816
1.3021510755377688 0.0004645805309921231
1.3026513256628314 0.00046450447974420207
1.303151575787894 0.0004644744734433057
1.3036518259129566 0.00046449207229302324
1.304152076038019 0.0004645621293439227
1.3046523261630816 0.00046468798383336973
1.305152576288144 0.00046486975205611587
1.3056528264132066 0.0004651077987722904
1.3061530765382692 0.0004654025439516264
1.3066533266633318 0.00046574746900854736
1.3071535767883942 0.0004661188290064553
1.3076538269134568 0.0004664994686316734
1.3081540770385192 0.00046688937637600226
1.3086543271635818 0.0004672874511856618
1.3091545772886444 0.0004676902268155944
1.3096548274137068 0.0004680953607249809
1.3101550775387694 0.00046850285935402667
1.310655327663832 0.0004689120320431997
1.3111555777888944 0.00046932085254333184
1.311655827913957 0.0004697280874092585
1.3121560780390196 0.0004701337598828703
1.312656328164082 0.00047053755968118886
1.3131565782891446 0.0004709392501432484
1.313656828414207 0.0004713394632647508
1.3141570785392696 0.0004717401166788347
1.3146573286643322 0.00047214250286524016
1.3151575787893948 0.0004725466382165479
1.3156578289144572 0.0004729525392890054
1.3161580790395198 0.0004733617823505621
1.3166583291645821 0.0004737754828695453
1.3171585792896447 0.00047419063575745025
1.3176588294147074 0.00047460478783712036
1.31815907953977 0.000475018035214001
1.3186593296648323 0.00047542966101368767
1.319159579789895 0.0004758375529978079
1.3196598299149573 0.00047624029209555077
1.32016008004002 0.00047663784431461786
1.3206603301650826 0.0004770301759994029
1.3211605802901452 0.00047741721699463656
1.3216608304152075 0.0004777992240158633
1.3221610805402702 0.0004781793025432172
1.3226613306653325 0.0004785596019783289
1.3231615807903951 0.000478939370519198
1.3236618309154577 0.00047931910385099754
1.3241620810405204 0.00047970055228368954
1.3246623311655827 0.00048008487894281933
1.3251625812906453 0.0004804721025297394
1.3256628314157077 0.0004808622419740623
1.3261630815407703 0.0004812553164364758
1.326663331665833 0.00048164998868037895
1.3271635817908956 0.0004820418373385052
1.327663831915958 0.0004824282579349224
1.3281640820410205 0.00048281032207708985
1.328664332166083 0.0004831886764015026
1.3291645822911455 0.0004835634704025742
1.3296648324162081 0.0004839347949797211
1.3301650825412707 0.0004843026291223838
1.3306653326663331 0.0004846669519450563
1.3311655827913957 0.0004850277426899414
1.3316658329164581 0.000485385535719986
1.3321660830415207 0.0004857419287701656
1.3326663331665833 0.00048609784818810575
1.3331665832916457 0.0004864527780643241
1.3336668334167083 0.0004868070127742083
1.334167083541771 0.0004871625115315667
1.3346673336668333 0.00048752055813747533
1.335167583791896 0.0004878811656948864
1.3356678339169585 0.0004882443474412539
1.336168084042021 0.0004886101167499041
1.3366683341670835 0.0004889797587929802
1.337168584292146 0.0004893573059313453
1.3376688344172085 0.0004897455782449852
1.3381690845422711 0.0004901445799720604
1.3386693346673337 0.0004905525524056661
1.3391695847923961 0.0004909648980269686
1.3396698349174587 0.0004913787206936624
1.340170085042521 0.0004917940295462353
1.3406703351675837 0.0004922108337959963
1.3411705852926463 0.0004926291427257838
1.341670835417709 0.0004930471923999684
1.3421710855427713 0.0004934594732103286
1.342671335667834 0.0004938622138293729
1.3431715857928963 0.0004942556059056616
1.343671835917959 0.0004946405393376521
1.3441720860430215 0.0004950192375707704
1.3446723361680841 0.0004953932420320584
1.3451725862931465 0.0004957625288402734
1.3456728364182091 0.0004961270742678568
1.3461730865432715 0.0004964868547437796
1.346673336668334 0.0004968431596821666
1.3471735867933967 0.0004971999903507221
1.3476738369184593 0.0004975600578615043
1.3481740870435217 0.0004979233682617428
1.3486743371685843 0.0004982907730529943
1.3491745872936467 0.0004986653691666763
1.3496748374187093 0.0004990494224711954
1.350175087543772 0.000499442976293561
1.3506753376688345 0.0004998460748485262
1.351175587793897 0.0005002587632486999
1.3516758379189595 0.0005006803575513891
1.352176088044022 0.000501108701037494
1.3526763381690845 0.0005015423532973626
1.353176588294147 0.0005019813364879267
1.3536768384192097 0.0005024244362989955
1.354177088544272 0.0005028671900126528
1.3546773386693347 0.0005033056666022797
1.355177588794397 0.0005037391598066632
1.3556778389194597 0.0005041676401917191
1.3561780890445223 0.0005045910785079838
1.3566783391695847 0.0005050102552124555
1.3571785892946473 0.0005054275503510033
1.35767883941971 0.0005058445494052295
1.3581790895447723 0.0005062612504122659
1.358679339669835 0.0005066779601711523
1.3591795897948975 0.0005070954997310544
1.3596798399199599 0.0005075150760351365
1.3601800900450225 0.0005079373889342049
1.3606803401700849 0.000508362450133566
1.3611805902951475 0.0005087902714277474
1.36168084042021 0.0005092201792037574
1.3621810905452727 0.0005096501765585367
1.362681340670335 0.0005100789394452573
1.3631815907953977 0.0005105064569214121
1.36368184092046 0.0005109324248102802
1.3641820910455227 0.0005113560622536258
1.3646823411705853 0.0005117767587566176
1.365182591295648 0.0005121939079912279
1.3656828414207103 0.0005126070197990361
1.3661830915457729 0.0005130160712848042
1.3666833416708353 0.0005134209711030635
1.3671835917958979 0.0005138214984678942
1.3676838419209605 0.0005142175001344218
1.368184092046023 0.0005146089516238954
1.3686843421710855 0.0005149969294645853
1.369184592296148 0.0005153842616288824
1.3696848424212105 0.000515772691048958
1.370185092546273 0.0005161623967803487
1.3706853426713357 0.0005165536275679177
1.3711855927963983 0.0005169464589543051
1.3716858429214607 0.0005173401014478844
1.3721860930465233 0.000517732295386556
1.3726863431715857 0.0005181215644004485
1.3731865932966483 0.0005185078917229309
1.3736868434217109 0.000518890500495686
1.3741870935467735 0.0005192674298623219
1.3746873436718359 0.0005196374688984227
1.3751875937968985 0.0005200005821074835
1.3756878439219609 0.0005203566965159532
1.3761880940470235 0.0005207055925303103
1.376688344172086 0.0005210489378500046
1.3771885942971487 0.0005213919041413271
1.377688844422211 0.0005217378400082863
1.3781890945472737 0.0005220867589730772
1.378689344672336 0.0005224395254342005
1.3791895947973987 0.0005227983013081323
1.3796898449224613 0.0005231644091614059
1.3801900950475237 0.0005235378844334778
1.3806903451725863 0.0005239187632996704
1.3811905952976489 0.0005243068189830847
1.3816908454227113 0.0005247011500797402
1.3821910955477739 0.000525099403539069
1.3826913456728365 0.0005254998857914493
1.3831915957978989 0.0005259026069105457
1.3836918459229615 0.0005263060933981765
1.3841920960480238 0.0005267066543770015
1.3846923461730865 0.0005271020619161114
1.385192596298149 0.0005274922874569648
1.3856928464232117 0.000527877302677733
1.386193096548274 0.0005282570918244703
1.3866933466733367 0.0005286315083674909
1.387193596798399 0.0005289991865121294
1.3876938469234616 0.0005293586695544577
1.3881940970485243 0.000529709702393493
1.3886943471735869 0.0005300541107533888
1.3891945972986492 0.0005303964504117658
1.3896948474237119 0.0005307394334574919
1.3901950975487742 0.0005310830621799865
1.3906953476738368 0.0005314273388789722
1.3911955977988995 0.0005317722658645326
1.391695847923962 0.000532119260945302
1.3921960980490244 0.0005324715664252844
1.392696348174087 0.0005328309394568576
1.3931965982991494 0.0005331971591447855
1.393696848424212 0.0005335677364508561
1.3941970985492746 0.0005339369752003448
1.3946973486743373 0.000534301505311828
1.3951975987993996 0.0005346613071496923
1.3956978489244622 0.0005350163611671168
1.3961980990495246 0.0005353666479076162
1.3966983491745872 0.0005357117967582179
1.3971985992996498 0.0005360508957292519
1.3976988494247125 0.000536383669357806
1.3981990995497748 0.0005367104335592258
1.3986993496748374 0.0005370351054402759
1.3991995997998998 0.0005373657310004678
1.3996998499249624 0.0005377065025454013
1.400200100050025 0.0005380574660273332
1.4007003501750876 0.000538418668632302
1.40120060030015 0.0005387901587941649
1.4017008504252126 0.0005391723187411854
1.402201100550275 0.0005395660723157377
1.4027013506753376 0.0005399720532780152
1.4032016008004002 0.0005403906740496176
1.4037018509254626 0.0005408211959180158
1.4042021010505252 0.0005412611179109105
1.4047023511755878 0.000541709077019017
1.4052026013006502 0.0005421651488002439
1.4057028514257128 0.0005426293756320357
1.4062031015507754 0.0005431018006208457
1.4067033516758378 0.0005435812177725267
1.4072036018009004 0.000544064431106924
1.407703851925963 0.0005445494734076774
1.4082041020510254 0.0005450363527570881
1.408704352176088 0.0005455225744049259
1.4092046023011506 0.0005460021642944773
1.409704852426213 0.0005464711490346354
1.4102051025512756 0.0005469281155771705
1.410705352676338 0.0005473721114596053
1.4112056028014006 0.000547803063932232
1.4117058529264632 0.0005482217668419359
1.4122061030515258 0.0005486303634521457
1.4127063531765882 0.0005490301454645336
1.4132066033016508 0.0005494210681428239
1.4137068534267132 0.0005498040944218903
1.4142071035517758 0.0005501816638222023
1.4147073536768384 0.0005505552324423826
1.415207603801901 0.0005509247918724395
1.4157078539269634 0.0005512913682798294
1.416208104052026 0.0005516560792550846
1.4167083541770884 0.0005520180306974438
1.417208604302151 0.0005523747637880967
1.4177088544272136 0.0005527247765175315
1.4182091045522762 0.0005530680341033095
1.4187093546773386 0.0005534107534496808
1.4192096048024012 0.0005537672392132298
1.4197098549274636 0.0005541452059088757
1.4202101050525262 0.0005545442304149913
1.4207103551775888 0.0005549643027691211
1.4212106053026514 0.0005554053950509429
1.4217108554277138 0.0005558690063767108
1.4222111055527764 0.0005563593052236494
1.4227113556778388 0.000556878971709475
1.4232116058029014 0.0005574281927122355
1.423711855927964 0.0005579968677040104
1.4242121060530266 0.0005585618042714197
1.424712356178089 0.0005591099412106411
1.4252126063031516 0.0005596414856479129
1.425712856428214 0.0005601568805417901
1.4262131065532766 0.0005606562502583406
1.4267133566783392 0.0005611373554176437
1.4272136068034016 0.0005615948433309009
1.4277138569284642 0.0005620254703691684
1.4282141070535268 0.0005624290878134231
1.4287143571785892 0.0005628134653907064
1.4292146073036518 0.0005631962127104776
1.4297148574287144 0.0005635871180967181
1.4302151075537768 0.000563986219114227
1.4307153576788394 0.0005643936489017586
1.431215607803902 0.0005648097251352454
1.4317158579289644 0.0005652373722183483
1.432216108054027 0.0005656832049272477
1.4327163581790896 0.0005661513211348217
1.433216608304152 0.0005666422174201681
1.4337168584292146 0.0005671504239352592
1.434217108554277 0.0005676631267188529
1.4347173586793396 0.0005681732616852608
1.4352176088044022 0.0005686808044770617
1.4357178589294648 0.0005691857307841857
1.4362181090545272 0.0005696879594362818
1.4367183591795898 0.0005701829935909638
1.4372186093046522 0.0005706615728660236
1.4377188594297148 0.0005711188021909651
1.4382191095547774 0.0005715578130196391
1.43871935967984 0.0005719847795349838
1.4392196098049024 0.000572402411157031
1.439719859929965 0.0005728104126336024
1.4402201100550274 0.0005732087389512634
1.44072036018009 0.0005735973457546335
1.4412206103051526 0.0005739761893558211
1.4417208604302152 0.0005743465137508691
1.4422211105552776 0.0005747112377007006
1.4427213606803402 0.0005750719707948721
1.4432216108054026 0.000575427544448596
1.4437218609304652 0.0005757755173092614
1.4442221110555278 0.0005761146059434516
1.4447223611805904 0.0005764452030236223
1.4452226113056528 0.0005767676514294619
1.4457228614307154 0.0005770819187367773
1.4462231115557778 0.0005773879730097619
1.4467233616808404 0.0005776887292594079
1.447223611805903 0.000577991069940986
1.4477238619309656 0.0005782994615033782
1.448224112056028 0.0005786153819313601
1.4487243621810906 0.0005789421713307451
1.449224612306153 0.0005792849282436874
1.4497248624312156 0.0005796464172868061
1.4502251125562782 0.0005800269034654747
1.4507253626813406 0.0005804269059419415
1.4512256128064032 0.0005808467672577599
1.4517258629314658 0.0005812854355665493
1.4522261130565282 0.000581740344052421
1.4527263631815908 0.0005822100623741049
1.4532266133066534 0.0005826946671841036
1.4537268634317158 0.0005831915755213868
1.4542271135567784 0.0005836963798516986
1.454727363681841 0.0005842073126572544
1.4552276138069034 0.0005847244091020655
1.455727863931966 0.0005852477048522707
1.4562281140570286 0.0005857771087970737
1.456728364182091 0.0005863053077898399
1.4572286143071536 0.0005868158310542587
1.457728864432216 0.0005872993274517501
1.4582291145572785 0.0005877556397960616
1.4587293646823412 0.0005881833287751135
1.4592296148074038 0.0005885796897824409
1.4597298649324661 0.0005889434832342882
1.4602301150575288 0.0005892747400372203
1.4607303651825911 0.000589573321908296
1.4612306153076537 0.0005898391011379393
1.4617308654327164 0.0005900837133095991
1.462231115557779 0.0005903341214604422
1.4627313656828413 0.0005906056910898943
1.463231615807904 0.0005908985566898437
1.4637318659329663 0.0005912159578377184
1.464232116058029 0.0005915645500782461
1.4647323661830915 0.0005919478657892297
1.4652326163081542 0.0005923660530018132
1.4657328664332165 0.0005928192712652028
1.4662331165582791 0.0005933077053562385
1.4667333666833415 0.0005938225643680165
1.4672336168084041 0.0005943438744751912
1.4677338669334667 0.0005948604815254043
1.4682341170585294 0.0005953712444565337
1.4687343671835917 0.0005958686824284698
1.4692346173086543 0.0005963396014456182
1.4697348674337167 0.0005967771187393795
1.4702351175587793 0.0005971810604882666
1.470735367683842 0.0005975511101449997
1.4712356178089045 0.0005978867112735813
1.471735867933967 0.0005981940915708611
1.4722361180590295 0.0005984877919524413
1.472736368184092 0.0005987757931363358
1.4732366183091545 0.0005990580760858857
1.4737368684342171 0.000599340811073846
1.4742371185592795 0.0005996370330556315
1.4747373686843421 0.000599953638754971
1.4752376188094047 0.0006002907119682545
1.4757378689344671 0.0006006483410352043
1.4762381190595297 0.000601022947005927
1.4767383691845923 0.0006014074787692817
1.4772386193096547 0.0006017987915819149
1.4777388694347173 0.0006021971831369471
1.47823911955978 0.0006026026835229256
1.4787393696848423 0.0006030155845563643
1.479239619809905 0.0006034364445050741
1.4797398699349675 0.0006038662745638556
1.48024012006003 0.0006043083794221865
1.4807403701850925 0.0006047653654405986
1.481240620310155 0.0006052385546129824
1.4817408704352175 0.0006057307527399729
1.4822411205602801 0.0006062434650057703
1.4827413706853427 0.0006067763264049617
1.4832416208104051 0.0006073290283124445
1.4837418709354677 0.0006078997815248241
1.48424212106053 0.0006084849103072206
1.4847423711855927 0.0006090826038899055
1.4852426213106553 0.0006096929176303088
1.485742871435718 0.0006103143941660476
1.4862431215607803 0.0006109406329826522
1.486743371685843 0.0006115640343292715
1.4872436218109053 0.0006121788312326693
1.487743871935968 0.0006127819046612247
1.4882441220610305 0.0006133729954767229
1.4887443721860931 0.0006139480996936601
1.4892446223111555 0.0006145000027863479
1.4897448724362181 0.0006150251955737415
1.4902451225612805 0.0006155235371929384
1.490745372686343 0.0006159948917707646
1.4912456228114057 0.0006164391284969922
1.4917458729364683 0.0006168585083508423
1.4922461230615307 0.0006172597573248293
1.4927463731865933 0.000617647246026741
1.4932466233116557 0.0006180209109009612
1.4937468734367183 0.0006183833354911329
1.494247123561781 0.000618739777936351
1.4947473736868435 0.0006190929399217306
1.495247623811906 0.0006194428727924587
1.4957478739369685 0.0006197895619865778
1.496248124062031 0.0006201329930132053
1.4967483741870935 0.0006204746145157541
1.497248624312156 0.000620817487388498
1.4977488744372185 0.0006211632289942962
1.498249124562281 0.0006215119039729573
1.4987493746873437 0.0006218659268466905
1.499249624812406 0.0006222298775511098
1.4997498749374687 0.000622605999878705
1.5002501250625313 0.0006229938669642818
1.500750375187594 0.0006233929872926974
1.5012506253126563 0.000623803349374829
1.5017508754377187 0.0006242214145705386
1.5022511255627813 0.0006246397635334797
1.502751375687844 0.000625054533404394
1.5032516258129065 0.000625465707319195
1.503751875937969 0.0006258697676822894
1.5042521260630315 0.0006262599238627748
1.5047523761880939 0.000626632856302783
1.5052526263131565 0.0006269884891192154
1.505752876438219 0.0006273267981113198
1.5062531265632817 0.0006276489035223726
1.506753376688344 0.0006279631108332269
1.5072536268134067 0.0006282842371195919
1.507753876938469 0.0006286199301984785
1.5082541270635317 0.0006289702463969728
1.5087543771885943 0.0006293378937817338
1.509254627313657 0.0006297279760367062
1.5097548774387193 0.0006301429734278607
1.5102551275637819 0.0006305829444305182
1.5107553776888443 0.0006310479407884652
1.5112556278139069 0.0006315380769851983
1.5117558779389695 0.0006320464713476672
1.512256128064032 0.0006325584697653556
1.5127563781890945 0.0006330663508916646
1.513256628314157 0.0006335700894416911
1.5137568784392195 0.0006340680067360621
1.514257128564282 0.0006345569574825806
1.5147573786893447 0.0006350354337558416
1.5152576288144073 0.0006355033778051056
1.5157578789394697 0.0006359607327664205
1.5162581290645323 0.0006364073618123572
1.5167583791895947 0.0006368427768216183
1.5172586293146573 0.0006372662687580074
1.5177588794397199 0.0006376767131228851
1.5182591295647825 0.0006380705346397396
1.5187593796898449 0.0006384465175613438
1.5192596298149073 0.0006388075833010119
1.5197598799399699 0.0006391550632661026
1.5202601300650325 0.000639488911316653
1.520760380190095 0.0006398090820067904
1.5212606303151577 0.0006401155305924503
1.52176088044022 0.0006404103499604763
1.5222611305652824 0.0006406979113300623
1.522761380690345 0.0006409807756146828
1.5232616308154077 0.0006412592434812373
1.5237618809404703 0.000641533034240511
1.5242621310655329 0.0006418055589011871
1.5247623811905953 0.0006420805080104956
1.5252626313156576 0.0006423578809139184
1.5257628814407203 0.0006426376768372809
1.5262631315657829 0.0006429198948863246
1.5267633816908455 0.000643208433824868
1.527263631815908 0.0006435109991817591
1.5277638819409705 0.0006438314265314008
1.5282641320660328 0.0006441697755102859
1.5287643821910955 0.0006445278305235155
1.529264632316158 0.0006449089621705476
1.5297648824412207 0.0006453141543668862
1.530265132566283 0.0006457401581075728
1.5307653826913457 0.0006461843984985461
1.531265632816408 0.0006466469644233322
1.5317658829414706 0.0006471249842723278
1.5322661330665333 0.0006476127429206604
1.5327663831915959 0.0006481074596868291
1.5332666333166582 0.0006486091697071796
1.5337668834417209 0.000649118429212848
1.5342671335667832 0.0006496362213337085
1.5347673836918458 0.0006501633618349081
1.5352676338169085 0.0006507004539321888
1.535767883941971 0.0006512477488920873
1.5362681340670334 0.0006518052430367007
1.536768384192096 0.0006523702874775307
1.5372686343171584 0.0006529377858435927
1.537768884442221 0.0006535052644418619
1.5382691345672836 0.0006540727167258254
1.5387693846923463 0.0006546332455816627
1.5392696348174086 0.0006551744197063063
1.5397698849424712 0.000655690631530846
1.5402701350675336 0.0006561817375444833
1.5407703851925962 0.0006566473652290688
1.5412706353176588 0.0006570862446181087
1.5417708854427215 0.0006575012952169569
1.5422711355677838 0.0006579000346214693
1.5427713856928462 0.0006582860644333182
1.5432716358179088 0.0006586593303718495
1.5437718859429714 0.0006590304784005237
1.544272136068034 0.0006594185563679451
1.5447723861930966 0.0006598319931047404
1.545272636318159 0.0006602709055464312
1.5457728864432214 0.0006607354170244872
1.546273136568284 0.0006612256573446398
1.5467733866933466 0.0006617387662082401
1.5472736368184092 0.0006622695392475184
1.5477738869434718 0.0006628158732143434
1.5482741370685342 0.0006633780477543024
1.5487743871935966 0.0006639495011151623
1.5492746373186592 0.0006645184210164181
1.5497748874437218 0.000665079641440245
1.5502751375687844 0.0006656331132457897
1.550775387693847 0.0006661787877105186
1.5512756378189094 0.000666716616539252
1.5517758879439718 0.000667248424953671
1.5522761380690344 0.0006677777004090274
1.552776388194097 0.0006683060766464134
1.5532766383191596 0.0006688338326540788
1.5537768884442222 0.0006693653205449694
1.5542771385692846 0.0006699069784252773
1.554777388694347 0.0006704612630129707
1.5552776388194096 0.0006710282958261775
1.5557778889444722 0.0006716081407512201
1.5562781390695348 0.0006722008629278294
1.5567783891945972 0.0006728047069837661
1.5572786393196598 0.000673416332571234
1.5577788894447222 0.0006740342012342011
1.5582791395697848 0.0006746583393995246
1.5587793896948474 0.0006752835782831907
1.55927963981991 0.0006759008975058044
1.5597798899449724 0.0006765048884830272
1.560280140070035 0.0006770929201949494
1.5607803901950974 0.0006776635520411265
1.56128064032016 0.0006782163514616963
1.5617808904452226 0.0006787533909294327
1.5622811405702852 0.0006792785931915403
1.5627813906953476 0.0006797937340694725
1.5632816408204102 0.0006802987638698117
1.5637818909454726 0.0006808073901072701
1.5642821410705352 0.0006813432932707804
1.5647823911955978 0.0006819165229082727
1.5652826413206604 0.000682527300745701
1.5657828914457228 0.0006831758758310166
1.5662831415707852 0.0006838631168592624
1.5667833916958478 0.0006845879010098733
1.5672836418209104 0.0006853466818253805
1.567783891945973 0.0006861378922903953
1.5682841420710356 0.000686961780564133
1.568784392196098 0.0006877986084888471
1.5692846423211604 0.0006886143372717004
1.569784892446223 0.0006893946690034683
1.5702851425712856 0.0006901393279919534
1.5707853926963482 0.0006908480484513744
1.5712856428214108 0.0006915205747124687
1.5717858929464732 0.0006921560573851601
1.5722861430715356 0.0006927536160203876
1.5727863931965982 0.0006933134470972353
1.5732866433216608 0.0006938355726431203
1.5737868934467234 0.0006943238841892031
1.574287143571786 0.0006947855141505238
1.5747873936968484 0.0006952233123418041
1.5752876438219108 0.0006956371656245896
1.5757878939469734 0.0006960269656408585
1.576288144072036 0.0006963926088733414
1.5767883941970986 0.0006967419632891718
1.5772886443221612 0.0006970892726762945
1.5777888944472236 0.00069744086763352
1.578289144572286 0.0006977967634550333
1.5787893946973486 0.0006981635442104521
1.5792896448224112 0.0006985531392006492
1.5797898949474738 0.0006989709597030899
1.5802901450725362 0.0006994171298481363
1.5807903951975988 0.0006998917808940467
1.5812906453226612 0.0007003950513115773
1.5817908954477238 0.0007009147315968751
1.5822911455727864 0.0007014288932066699
1.582791395697849 0.0007019278520936132
1.5832916458229114 0.0007024115276828555
1.583791895947974 0.0007028798412320356
1.5842921460730364 0.0007033327158587043
1.584792396198099 0.00070377007656726
1.5852926463231616 0.000704191240068419
1.5857928964482242 0.0007045953441163235
1.5862931465732866 0.0007049822366156414
1.5867933966983492 0.000705359763366069
1.5872936468234116 0.0007057416301201033
1.5877938969484742 0.0007061337799299475
1.5882941470735368 0.0007065362574983067
1.5887943971985994 0.0007069491086530528
1.5892946473236618 0.000707372380359303
1.5897948974487242 0.0007078061207318328
1.5902951475737868 0.0007082503790478215
1.5907953976988494 0.0007087052057599452
1.591295647823912 0.0007091703992469611
1.5917958979489746 0.0007096430681808161
1.592296148074037 0.000710117963741853
1.5927963981990994 0.0007105925002423725
1.593296648324162 0.000711066674778475
1.5937968984492246 0.0007115404844376635
1.5942971485742872 0.0007120139262988377
1.5947973986993498 0.0007124869974322895
1.5952976488244122 0.0007129596948996982
1.5957978989494745 0.0007134320157541286
1.5962981490745372 0.0007138973617907536
1.5967983991995998 0.0007143508974401404
1.5972986493246624 0.0007147987259363369
1.597798899449725 0.0007152464949467655
1.5982991495747874 0.0007156945665618191
1.5987993996998497 0.0007161419856315755
1.5992996498249124 0.0007165887468354729
1.599799899949975 0.0007170348448431495
1.6003001500750376 0.0007174802743145396
1.6008004002001002 0.0007179250298999652
1.6013006503251626 0.0007183691062402287
1.601800900450225 0.0007187968157518098
1.6023011505752875 0.0007191811242820667
1.6028014007003502 0.0007195105823708904
1.6033016508254128 0.0007197849863610639
1.6038019009504751 0.0007200041431744666
1.6043021510755378 0.0007201672623616451
1.6048024012006001 0.0007202736936431283
1.6053026513256627 0.0007203234350859966
1.6058029014507254 0.0007203164098492167
1.606303151575788 0.000720259381655919
1.6068034017008503 0.0007201856580610014
1.607303651825913 0.0007201375169686542
1.6078039019509753 0.0007201307401744421
1.608304152076038 0.0007201653650157884
1.6088044022011005 0.0007202414434168121
1.6093046523261632 0.0007203590419456617
1.6098049024512255 0.0007205182418848487
1.6103051525762881 0.0007207186564268099
1.6108054027013505 0.0007209591140242821
1.6113056528264131 0.0007212392420829841
1.6118059029514757 0.0007215547019929617
1.6123061530765384 0.0007218975506501662
1.6128064032016007 0.0007222646029591553
1.6133066533266633 0.0007226559611411784
1.6138069034517257 0.0007230717330996353
1.6143071535767883 0.0007235120324848777
1.614807403701851 0.0007239769787625188
1.6153076538269135 0.0007244666972853252
1.615807903951976 0.0007249813193687735
1.6163081540770383 0.0007255213813264823
1.616808404202101 0.0007260806289920773
1.6173086543271635 0.0007266478577665011
1.6178089044522261 0.0007272197494535139
1.6183091545772887 0.0007277974754042156
1.6188094047023511 0.0007283810594701371
1.6193096548274135 0.0007289705256845597
1.6198099049524761 0.0007295658982640619
1.6203101550775387 0.0007301672016100776
1.6208104052026013 0.0007307744603104768
1.621310655327664 0.0007313876991411587
1.6218109054527263 0.0007320069430676623
1.6223111555777887 0.0007326322172467955
1.6228114057028513 0.0007332635470282823
1.623311655827914 0.0007339011898631304
1.6238119059529765 0.0007345451024137362
1.6243121560780391 0.0007351926598684703
1.6248124062031015 0.0007358414546541156
1.625312656328164 0.0007364914216855951
1.6258129064532265 0.0007371425682150517
1.6263131565782891 0.000737786179847076
1.6268134067033517 0.000738408660811545
1.6273136568284141 0.0007390050642728224
1.6278139069534767 0.000739575237647274
1.628314157078539 0.0007401190332144465
1.6288144072036017 0.0007406363081962591
1.6293146573286643 0.0007411268632214732
1.629814907453727 0.0007415884513654809
1.6303151575787893 0.0007420188846834653
1.630815407703852 0.0007424189703368978
1.6313156578289143 0.0007427895275792237
1.631815907953977 0.0007431304425979399
1.6323161580790395 0.0007434416048523921
1.6328164082041021 0.0007437229097892134
1.6333166583291645 0.0007439742589034834
1.6338169084542271 0.000744195559796942
1.6343171585792895 0.0007443940840830125
1.634817408704352 0.0007445817458955837
1.6353176588294147 0.0007447631331516455
1.6358179089544773 0.0007449385932101199
1.6363181590795397 0.0007451159611944892
1.6368184092046023 0.0007453056286105718
1.6373186593296647 0.0007455110502736422
1.6378189094547273 0.0007457329211556857
1.63831915957979 0.0007459714133083007
1.6388194097048525 0.0007462265768651045
1.639319659829915 0.0007464984640159367
1.6398199099549773 0.0007467871290245527
1.64032016008004 0.0007470926282469903
1.6408204102051025 0.0007474150201506272
1.641320660330165 0.0007477543653339317
1.6418209104552277 0.0007481107265469248
1.64232116058029 0.0007484841371474994
1.6428214107053525 0.0007488745243117753
1.643321660830415 0.0007492818485321264
1.6438219109554777 0.0007497057296280491
1.6443221610805403 0.000750137847447388
1.644822411205603 0.0007505657195274957
1.6453226613306653 0.00075098475217068
1.6458229114557277 0.0007513949037853976
1.6463231615807903 0.0007517998427228957
1.646823411705853 0.0007522051300120479
1.6473236618309155 0.0007526126390356801
1.647823911955978 0.0007530223779367604
1.6483241620810405 0.0007534343549101105
1.6488244122061029 0.0007538484710617444
1.6493246623311655 0.0007542642998749089
1.649824912456228 0.0007546815205976946
1.6503251625812907 0.0007551001769613577
1.650825412706353 0.0007555204127332624
1.6513256628314157 0.0007559423343844743
1.651825912956478 0.000756365948757891
1.6523261630815407 0.0007567912627388975
1.6528264132066033 0.0007572182832556818
1.653326663331666 0.0007576470172795496
1.6538269134567283 0.0007580774718252464
1.6543271635817909 0.0007585092053125121
1.6548274137068533 0.0007589415152026776
1.6553276638319159 0.0007593738047027727
1.6558279139569785 0.0007598044965641453
1.656328164082041 0.0007602329378977544
1.6568284142071035 0.0007606599982292341
1.657328664332166 0.00076108626407651
1.6578289144572285 0.0007615120630127341
1.658329164582291 0.0007619374199898099
1.6588294147073537 0.0007623623363746879
1.6593296648324163 0.0007627868135341456
1.6598299149574787 0.0007632108528348158
1.6603301650825413 0.0007636344556432135
1.6608304152076037 0.000764057623325764
1.6613306653326663 0.0007644803572488313
1.6618309154577289 0.0007649030253957784
1.6623311655827915 0.0007653283966560835
1.6628314157078539 0.0007657588836628599
1.6633316658329163 0.0007661945045221534
1.6638319159579789 0.000766635157761261
1.6643321660830415 0.0007670903487704435
1.664832416208104 0.0007675751207916233
1.6653326663331667 0.0007680949825666468
1.665832916458229 0.0007686501149718819
1.6663331665832914 0.0007692279713196379
1.666833416708354 0.0007698100411040733
1.6673336668334167 0.0007703904574589606
1.6678339169584793 0.00077096920271352
1.6683341670835419 0.0007715462591829121
1.6688344172086043 0.0007721206004958362
1.6693346673336666 0.0007726911927969959
1.6698349174587293 0.0007732580086077884
1.6703351675837919 0.0007738210074253374
1.6708354177088545 0.0007743799482616772
1.671335667833917 0.0007749346051482
1.6718359179589795 0.0007754849521805898
1.6723361680840418 0.0007760309635163118
1.6728364182091044 0.0007765726133767394
1.673336668334167 0.0007771098760492915
1.6738369184592297 0.0007776427258895735
1.674337168584292 0.0007781649649522314
1.6748374187093547 0.0007786670967613661
1.675337668834417 0.0007791451888741078
1.6758379189594796 0.0007795984212141834
1.6763381690845423 0.0007800370359499354
1.6768384192096049 0.0007804760899165188
1.6773386693346672 0.0007809203600787556
1.6778389194597298 0.0007813701411130275
1.6783391695847922 0.0007818255766168118
1.6788394197098548 0.000782286693917783
1.6793396698349174 0.0007827535207099495
1.67983991995998 0.0007832260850575943
1.6803401700850424 0.0007837044153992849
1.680840420210105 0.0007841885405519473
1.6813406703351674 0.0007846784897150089
1.68184092046023 0.0007851747796438897
1.6823411705852926 0.0007856782998793786
1.6828414207103553 0.000786189455885098
1.6833416708354176 0.0007867082841197285
1.6838419209604802 0.0007872348246696566
1.6843421710855426 0.0007877656629387654
1.6848424212106052 0.0007882952349493256
1.6853426713356678 0.0007888214036265927
1.6858429214607304 0.0007893441443975669
1.6863431715857928 0.0007898602716352409
1.6868434217108552 0.0007903652525960813
1.6873436718359178 0.0007908576965551841
1.6878439219609804 0.0007913375349856645
1.688344172086043 0.0007918046596961501
1.6888444222111056 0.0007922588555034636
1.689344672336168 0.000792699948888415
1.6898449224612304 0.0007931278755097846
1.690345172586293 0.0007935425723614933
1.6908454227113556 0.0007939432017833137
1.6913456728364182 0.0007943277005691098
1.6918459229614808 0.0007946947774205501
1.6923461730865432 0.0007950443648720709
1.6928464232116056 0.0007953763973354255
1.6933466733366682 0.0007956908111208474
1.6938469234617308 0.0007959875444577446
1.6943471735867934 0.0007962658695479163
1.694847423711856 0.0007965247355090835
1.6953476738369184 0.0007967634311113681
1.6958479239619808 0.0007969815426521596
1.6963481740870434 0.0007971826390764025
1.696848424212106 0.0007973717883560322
1.6973486743371686 0.000797550418773268
1.697848924462231 0.0007977194271768639
1.6983491745872936 0.000797880076639888
1.698849424712356 0.0007980327096979003
1.6993496748374186 0.000798177306500623
1.6998499249624812 0.0007983138476260279
1.7003501750875438 0.0007984423140836096
1.7008504252126062 0.0007985626873176049
1.7013506753376688 0.0007986749492101583
1.7018509254627312 0.000798779210877159
1.7023511755877938 0.000798875699603557
1.7028514257128564 0.0007989645147228446
1.703351675837919 0.000799045640691797
1.7038519259629814 0.0007991190623925479
1.704352176088044 0.0007991989625585152
1.7048524262131064 0.0007993060653815737
1.705352676338169 0.0007994469385373221
1.7058529264632316 0.0007996216628553225
1.7063531765882942 0.0007998369660387096
1.7068534267133566 0.0008001021345314003
1.7073536768384192 0.0008004198587363919
1.7078539269634816 0.0008007903341793802
1.7083541770885442 0.0008012137947062076
1.7088544272136068 0.0008016907101557891
1.7093546773386694 0.0008022215561542536
1.7098549274637318 0.0008028066166589628
1.7103551775887942 0.0008034461982141482
1.7108554277138568 0.0008041406302850422
1.7113556778389194 0.000804890208734606
1.711855927963982 0.0008056950417512095
1.7123561780890446 0.0008065553170032728
1.712856428214107 0.0008074714568627529
1.7133566783391694 0.0008084439084528349
1.713856928464232 0.0008094731441401494
1.7143571785892946 0.0008105479531355847
1.7148574287143572 0.0008116518424222686
1.7153576788394198 0.0008127797356049026
1.7158579289644822 0.0008139315593711526
1.7163581790895446 0.0008150885207040879
1.7168584292146072 0.0008162248731763167
1.7173586793396698 0.0008173335461912364
1.7178589294647324 0.0008184142614965245
1.718359179589795 0.000819466856269124
1.7188594297148574 0.0008204913564106891
1.7193596798399198 0.000821487683158705
1.7198599299649824 0.0008224555797790547
1.720360180090045 0.0008233947944454086
1.7208604302151076 0.0008243050803770636
1.72136068034017 0.0008251861959751784
1.7218609304652326 0.000826037901572737
1.722361180590295 0.0008268591522795384
1.7228614307153576 0.0008276489075814467
1.7233616808404202 0.000828406941293561
1.7238619309654828 0.0008291330334132065
1.7243621810905452 0.0008298305778488637
1.7248624312156078 0.0008305045182249516
1.7253626813406702 0.0008311562759903789
1.7258629314657328 0.0008317858254326228
1.7263631815907954 0.0008324000184620799
1.726863431715858 0.0008330080852498932
1.7273636818409204 0.0008336123735913742
1.727863931965983 0.0008342128614559814
1.7283641820910454 0.0008348095268131566
1.728864432216108 0.0008354031923810597
1.7293646823411706 0.0008359960179003367
1.7298649324662332 0.0008365893266758187
1.7303651825912956 0.0008371831121262256
1.7308654327163582 0.0008377773676257288
1.7313656828414206 0.000838372086503997
1.7318659329664832 0.0008389672620462441
1.7323661830915458 0.0008395626868404066
1.7328664332166084 0.0008401579819763629
1.7333666833416708 0.0008407529678965724
1.7338669334667332 0.0008413476351300001
1.7343671835917958 0.0008419377567855758
1.7348674337168584 0.0008425173901869448
1.735367683841921 0.0008430847827763381
1.7358679339669836 0.0008436388509976984
1.736368184092046 0.0008441805876602582
1.7368684342171083 0.0008447128155408873
1.737368684342171 0.0008452362914575881
1.7378689344672336 0.0008457509700751855
1.7383691845922962 0.0008462568064508095
1.7388694347173588 0.0008467537560409522
1.7393696848424212 0.0008472419387112063
1.7398699349674835 0.0008477216157914373
1.7403701850925462 0.0008481928859118695
1.7408704352176088 0.0008486557079964282
1.7413706853426714 0.0008491100413695357
1.741870935467734 0.0008495558457626403
1.7423711855927964 0.0008499930813207188
1.7428714357178587 0.0008504217448827848
1.7433716858429213 0.0008508418341215539
1.743871935967984 0.0008512533109348351
1.7443721860930466 0.0008516483476307656
1.744872436218109 0.0008520161156834658
1.7453726863431716 0.0008523535435998591
1.745872936468234 0.0008526605174617253
1.7463731865932965 0.0008529365828954881
1.7468734367183592 0.000853181115833931
1.7473736868434218 0.000853393844367137
1.7478739369684841 0.0008535746778794469
1.7483741870935467 0.0008537235326759903
1.7488744372186091 0.0008538403320369851
1.7493746873436717 0.0008539250687333408
1.7498749374687343 0.0008539779742405619
1.750375187593797 0.000853999225168786
1.7508754377188593 0.0008539887738941056
1.751375687843922 0.0008539465798509153
1.7518759379689843 0.0008538726095626491
1.752376188094047 0.0008537668366686011
1.7528764382191095 0.0008536292419467935
1.7533766883441722 0.0008534598311507253
1.7538769384692345 0.0008532586479436162
1.7543771885942971 0.0008530471380600611
1.7548774387193595 0.0008528544368963981
1.7553776888444221 0.0008526882664391362
1.7558779389694847 0.0008525486315864122
1.7563781890945473 0.0008524350682924758
1.7568784392196097 0.0008523468168591486
1.7573786893446721 0.0008522835954424672
1.7578789394697347 0.0008522454265549876
1.7583791895947973 0.0008522323372067018
1.75887943971986 0.0008522443589221624
1.7593796898449225 0.0008522815277596619
1.759879939969985 0.0008523438843324868
1.7603801900950473 0.0008524315294650267
1.76088044022011 0.000852544796196819
1.7613806903451725 0.0008526839672053806
1.7618809404702351 0.0008528491027106985
1.7623811905952977 0.0008530402677304269
1.7628814407203601 0.0008532575321147714
1.7633816908454225 0.0008535009135140877
1.7638819409704851 0.0008537703741348739
1.7643821910955477 0.0008540583895207855
1.7648824412206103 0.0008543548747040088
1.765382691345673 0.0008546572651709979
1.7658829414707353 0.0008549655808001082
1.7663831915957977 0.0008552796338744224
1.7668834417208603 0.0008555991789861905
1.767383691845923 0.0008559241780950366
1.7678839419709855 0.0008562545850807628
1.768384192096048 0.0008565903517906093
1.7688844422211105 0.0008569314953707521
1.769384692346173 0.0008572780352700154
1.7698849424712355 0.0008576299911852894
1.7703851925962981 0.0008579875952383474
1.7708854427213607 0.0008583512608038443
1.771385692846423 0.0008587211903566628
1.7718859429714857 0.0008590974067182641
1.772386193096548 0.0008594799330035172
1.7728864432216107 0.0008598687926233085
1.7733866933466733 0.0008602640092871878
1.773886943471736 0.0008606656070060544
1.7743871935967983 0.0008610709429318212
1.774887443721861 0.0008614763721273273
1.7753876938469233 0.0008618808486434375
1.775887943971986 0.0008622843111707813
1.7763881940970485 0.0008626889280611128
1.7768884442221111 0.0008630974408189989
1.7773886943471735 0.0008635102529883567
1.777888944472236 0.0008639270600179349
1.7783891945972985 0.0008643477295957667
1.778889444722361 0.0008647722773177325
1.7793896948474237 0.0008652007189265148
1.7798899449724863 0.0008656330703128839
1.7803901950975487 0.0008660693475170026
1.780890445222611 0.0008665095667297432
1.7813906953476737 0.000866953744294025
1.7818909454727363 0.0008674017849237173
1.782391195597799 0.0008678533796812242
1.7828914457228615 0.0008683083305140243
1.783391695847924 0.0008687666524657937
1.7838919459729863 0.0008692283607166154
1.7843921960980489 0.0008696938417824093
1.7848924462231115 0.0008701636704698039
1.785392696348174 0.0008706380525300583
1.7858929464732367 0.0008711170083068083
1.786393196598299 0.0008716094586191718
1.7868934467233615 0.0008721265431167031
1.787393696848424 0.0008726705474292031
1.7878939469734867 0.000873241608213408
1.7883941970985493 0.0008738398676293796
1.788894447223612 0.0008744654734141776
1.7893946973486743 0.000875119404775745
1.7898949474737367 0.0008758026985240304
1.7903951975987993 0.0008765155740070247
1.7908954477238619 0.0008772582091717631
1.7913956978489245 0.0008780307693479093
1.791895947973987 0.0008788333934663743
1.7923961980990495 0.0008796662457358396
1.7928964482241119 0.0008805295296545804
1.7933966983491745 0.0008814234554637626
1.793896948474237 0.0008823482402603235
1.7943971985992997 0.0008833045018291984
1.794897448724362 0.0008842929838582004
1.7953976988494247 0.000885314047186968
1.795897948974487 0.0008863679465022305
1.7963981990995497 0.0008874346802747403
1.7968984492246123 0.0008884891490702564
1.7973986993496749 0.0008895263499725238
1.7978989494747373 0.0008905461270723675
1.7983991995997999 0.0008915482656852793
1.7988994497248623 0.0008925323058076116
1.7993996998499249 0.000893497847488371
1.7998999499749875 0.0008944447380794593
1.80040020010005 0.000895372826624679
1.8009004502251125 0.0008962819639079188
1.801400700350175 0.0008971720025011584
1.8019009504752375 0.0008980427968122713
1.8024012006003 0.0008988942031325977
1.8029014507253627 0.0008997260796842601
1.8034017008504253 0.0009005382866671946
1.8039019509754877 0.0009013312878232811
1.80440220110055 0.0009021058067963407
1.8049024512256127 0.0009028620370721642
1.8054027013506753 0.0009035999209995887
1.8059029514757379 0.0009043194086852221
1.8064032016008005 0.0009050256607057547
1.8069034517258629 0.0009057249169930522
1.8074037018509252 0.0009064182393942091
1.8079039519759879 0.0009071055870833429
1.8084042021010505 0.0009077869193666133
1.808904452226113 0.0009084621956867813
1.8094047023511757 0.0009091313756277746
1.809904952476238 0.0009097944189192718
1.8104052026013004 0.0009104512854412961
1.810905452726363 0.0009111016720887506
1.8114057028514257 0.0009117448844631381
1.8119059529764883 0.000912380489090576
1.8124062031015509 0.0009130084420553499
1.8129064532266133 0.0009136288322501701
1.8134067033516756 0.0009142418103579485
1.8139069534767382 0.0009148473952780498
1.8144072036018009 0.0009154430118956446
1.8149074537268635 0.0009160254136961994
1.815407703851926 0.000916593875031407
1.8159079539769885 0.000917148323082308
1.8164082041020508 0.0009176935678019911
1.8169084542271134 0.0009182354185703124
1.817408704352176 0.0009187748254535541
1.8179089544772387 0.0009193117749094115
1.818409204602301 0.0009198458374585231
1.8189094547273637 0.000920376459368902
1.819409704852426 0.0009209035014813497
1.8199099549774886 0.0009214270698090724
1.8204102051025512 0.0009219475054616093
1.8209104552276139 0.0009224650278827288
1.8214107053526762 0.0009229796224189896
1.8219109554777388 0.0009234912744214875
1.8224112056028012 0.0009239999692464185
1.8229114557278638 0.0009245056922556437
1.8234117058529264 0.0009250084288172582
1.823911955977989 0.0009255081643061622
1.8244122061030514 0.0009259944867320495
1.824912456228114 0.0009264543972113798
1.8254127063531764 0.0009268853795776508
1.825912956478239 0.000927288845616058
1.8264132066033016 0.0009276639024510555
1.8269134567283642 0.0009280078464824844
1.8274137068534266 0.0009283192527173235
1.8279139569784892 0.000928597048429221
1.8284142071035516 0.0009288410731555907
1.8289144572286142 0.0009290512260454192
1.8294147073536768 0.0009292274135747501
1.8299149574787394 0.0009293695496069547
1.8304152076038018 0.0009294775554490903
1.8309154577288642 0.0009295513599042836
1.8314157078539268 0.0009295908993200801
1.8319159579789894 0.0009295961176327036
1.832416208104052 0.0009295669664071817
1.8329164582291146 0.0009295030882726117
1.833416708354177 0.0009294035073712257
1.8339169584792394 0.000929267571265549
1.834417208604302 0.0009291182381623792
1.8349174587293646 0.0009289839808920018
1.8354177088544272 0.00092887030642369
1.8359179589794898 0.000928777228227078
1.8364182091045522 0.0009287078429169144
1.8369184592296146 0.0009286657770986693
1.8374187093546772 0.0009286515843350422
1.8379189594797398 0.0009286653008586125
1.8384192096048024 0.0009287069679967415
1.838919459729865 0.0009287766321961914
1.8394197098549274 0.0009288743450501238
1.8399199599799898 0.0009290001633275078
1.8404202101050524 0.0009291542426754352
1.840920460230115 0.0009293368275534162
1.8414207103551776 0.0009295480744097267
1.84192096048024 0.0009297874193635371
1.8424212106053026 0.0009300542856162485
1.842921460730365 0.0009303487431385818
1.8434217108554276 0.0009306708835562104
1.8439219609804902 0.0009310208038129231
1.8444222111055528 0.0009313928966327036
1.8449224612306152 0.0009317803163957218
1.8454227113556778 0.0009321819083106082
1.8459229614807402 0.0009325977294778895
1.8464232116058028 0.0009330408000982863
1.8469234617308654 0.0009335262445531935
1.847423711855928 0.0009340562856179924
1.8479239619809904 0.000934631530687007
1.848424212106053 0.0009352528014402202
1.8489244622311154 0.0009359208241199158
1.849424712356178 0.0009366365578540787
1.8499249624812406 0.0009374006994972624
