1.1000500250125063 5.178650368101973e-05
1.1005502751375689 5.172008774468899e-05
1.1010505252626313 5.165228606974009e-05
1.1015507753876939 5.1583039175440145e-05
1.1020510255127565 5.15119243821644e-05
1.1025512756378189 5.1438572413572486e-05
1.1030515257628815 5.136297738859897e-05
1.103551775887944 5.128512456740346e-05
1.1040520260130064 5.120489316205003e-05
1.104552276138069 5.1122171619194126e-05
1.1050525262631314 5.1037771263234836e-05
1.105552776388194 5.09528928405507e-05
1.1060530265132567 5.086792398550773e-05
1.1065532766383193 5.078286696066719e-05
1.1070535267633816 5.069772179884646e-05
1.1075537768884443 5.061248889987531e-05
1.1080540270135066 5.052781965795737e-05
1.1085542771385692 5.0444685366082125e-05
1.1090545272636319 5.0363623220218696e-05
1.1095547773886942 5.028485305563865e-05
1.1100550275137568 5.020838214936301e-05
1.1105552776388194 5.013421777507725e-05
1.1110555277638818 5.0062367202946885e-05
1.1115557778889444 4.9992872161736724e-05
1.112056028014007 4.9925990592566796e-05
1.1125562781390694 4.986194568984113e-05
1.113056528264132 4.9800744368714864e-05
1.1135567783891946 4.974233159634069e-05
1.114057028514257 4.9686005300708086e-05
1.1145572786393196 4.963112589226241e-05
1.1150575287643822 4.957770104165587e-05
1.1155577788894446 4.952582973904707e-05
1.1160580290145072 4.947630815389796e-05
1.1165582791395698 4.942976890553119e-05
1.1170585292646322 4.938570039507366e-05
1.1175587793896948 4.934366523145065e-05
1.1180590295147574 4.930367374137048e-05
1.1185592796398198 4.926584334485311e-05
1.1190595297648824 4.9231343298086414e-05
1.119559779889945 4.920099763945494e-05
1.1200600300150074 4.9174577475628785e-05
1.12056028014007 4.91520910682741e-05
1.1210605302651326 4.9133546825033684e-05
1.121560780390195 4.9119006015556124e-05
1.1220610305152576 4.910883520172665e-05
1.1225612806403202 4.9103349281628265e-05
1.1230615307653826 4.910255901771577e-05
1.1235617808904452 4.910647005247994e-05
1.1240620310155078 4.911503571873633e-05
1.1245622811405702 4.912821540340411e-05
1.1250625312656328 4.9146021798288896e-05
1.1255627813906954 4.916846812419656e-05
1.1260630315157578 4.919556813558661e-05
1.1265632816408204 4.922698271200608e-05
1.127063531765883 4.9261728300406435e-05
1.1275637818909454 4.929917232700127e-05
1.128064032016008 4.933932515319316e-05
1.1285642821410704 4.938216154150561e-05
1.129064532266133 4.9427340077297316e-05
1.1295647823911956 4.947455300122488e-05
1.1300650325162582 4.952380773906326e-05
1.1305652826413206 4.9575090574922364e-05
1.1310655327663832 4.962824830493861e-05
1.1315657828914456 4.968316483668686e-05
1.1320660330165082 4.9739951405670784e-05
1.1325662831415708 4.97987038547089e-05
1.1330665332666334 4.985943072707788e-05
1.1335667833916958 4.992211930220224e-05
1.1340670335167584 4.998657857263122e-05
1.1345672836418208 5.005263726301424e-05
1.1350675337668834 5.012030155426837e-05
1.135567783891946 5.01895776889783e-05
1.1360680340170084 5.0260471971967046e-05
1.136568284142071 5.033294915466662e-05
1.1370685342671336 5.0406758488680255e-05
1.137568784392196 5.0481457081364775e-05
1.1380690345172586 5.0556366703016194e-05
1.1385692846423212 5.0631043520566745e-05
1.1390695347673836 5.0705536158811884e-05
1.1395697848924462 5.077988803606798e-05
1.1400700350175088 5.0854097609759005e-05
1.1405702851425712 5.092816333435607e-05
1.1410705352676338 5.100208366143432e-05
1.1415707853926964 5.1075806879368985e-05
1.1420710355177588 5.114902547847006e-05
1.1425712856428214 5.1221098842840965e-05
1.143071535767884 5.1291638751990754e-05
1.1435717858929464 5.1360659267160106e-05
1.144072036018009 5.142834437924504e-05
1.1445722861430716 5.149485732807662e-05
1.145072536268134 5.156019260328305e-05
1.1455727863931966 5.162434473609838e-05
1.1460730365182592 5.16873083000802e-05
1.1465732866433216 5.174920546371048e-05
1.1470735367683842 5.181077290753737e-05
1.1475737868934468 5.187262574819398e-05
1.1480740370185092 5.1934768496872585e-05
1.1485742871435718 5.199722427251481e-05
1.1490745372686344 5.206014002811448e-05
1.1495747873936968 5.2123642546209276e-05
1.1500750375187594 5.218773385863617e-05
1.150575287643822 5.225241600796461e-05
1.1510755377688844 5.231769104756612e-05
1.151575787893947 5.238347248758627e-05
1.1520760380190094 5.2449261645441375e-05
1.152576288144072 5.251464410848359e-05
1.1530765382691346 5.2579614912451476e-05
1.1535767883941972 5.2644229234012665e-05
1.1540770385192596 5.271023241718075e-05
1.1545772886443222 5.2779966296298596e-05
1.1550775387693846 5.2854090314279166e-05
1.1555777888944472 5.2932617977699504e-05
1.1560780390195098 5.3015562830768184e-05
1.1565782891445724 5.310297103359004e-05
1.1570785392696348 5.3195035491868364e-05
1.1575787893946974 5.3291918454864987e-05
1.1580790395197598 5.3393636865698296e-05
1.1585792896448224 5.35002083168353e-05
1.159079539769885 5.36116532946301e-05
1.1595797898949474 5.372799217207371e-05
1.16008004002001 5.384852235540967e-05
1.1605802901450726 5.3972207066647145e-05
1.161080540270135 5.40987273028843e-05
1.1615807903951976 5.422798229491557e-05
1.1620810405202602 5.4359379863170635e-05
1.1625812906453226 5.449243263834512e-05
1.1630815407703852 5.462713962729398e-05
1.1635817908954478 5.476345770792119e-05
1.1640820410205102 5.4901078609481705e-05
1.1645822911455728 5.503973180162195e-05
1.1650825412706354 5.5179409069024613e-05
1.1655827913956978 5.5320063569456454e-05
1.1660830415207604 5.546120854686181e-05
1.166583291645823 5.56026095172742e-05
1.1670835417708854 5.574538151060169e-05
1.167583791895948 5.589043788309113e-05
1.1680840420210106 5.603779058370795e-05
1.168584292146073 5.618754600311263e-05
1.1690845422711356 5.6340380485107674e-05
1.1695847923961982 5.64968856830137e-05
1.1700850425212606 5.6657089947800825e-05
1.1705852926463232 5.6821022561465286e-05
1.1710855427713858 5.698871972916515e-05
1.1715857928964482 5.716028149551202e-05
1.1720860430215108 5.7334977651363474e-05
1.1725862931465734 5.7512000733146326e-05
1.1730865432716358 5.7691359529233635e-05
1.1735867933966984 5.7872993607619424e-05
1.174087043521761 5.805643900067799e-05
1.1745872936468233 5.8241293404244816e-05
1.175087543771886 5.8427553274587706e-05
1.1755877938969483 5.8615214922804916e-05
1.176088044022011 5.880427451455391e-05
1.1765882941470736 5.899483098651261e-05
1.1770885442721362 5.918739193254002e-05
1.1775887943971985 5.938234214245487e-05
1.1780890445222612 5.9579584185561314e-05
1.1785892946473235 5.977902867887427e-05
1.1790895447723861 5.998055609276667e-05
1.1795897948974488 6.018406422395017e-05
1.1800900450225114 6.038955826356298e-05
1.1805902951475737 6.0597043398010875e-05
1.1810905452726363 6.0806524808819124e-05
1.1815907953976987 6.1017948527425314e-05
1.1820910455227613 6.123103261266856e-05
1.182591295647824 6.144557330992367e-05
1.1830915457728866 6.16617478036344e-05
1.183591795897949 6.187968725453484e-05
1.1840920460230115 6.209924370934089e-05
1.184592296148074 6.232028943466355e-05
1.1850925462731365 6.254281815518549e-05
1.1855927963981991 6.276682342292544e-05
1.1860930465232615 6.299229861741656e-05
1.1865932966483241 6.321922535391289e-05
1.1870935467733867 6.344754172047506e-05
1.1875937968984491 6.367719632946174e-05
1.1880940470235117 6.390818036379914e-05
1.1885942971485743 6.414054408836023e-05
1.1890945472736367 6.437464558449705e-05
1.1895947973986993 6.461076511364232e-05
1.190095047523762 6.484878282109934e-05
1.1905952976488243 6.50886029002561e-05
1.191095547773887 6.533022509687827e-05
1.1915957978989495 6.557370435383148e-05
1.192096048024012 6.58192962634281e-05
1.1925962981490745 6.606720528958752e-05
1.1930965482741371 6.631743804849377e-05
1.1935967983991995 6.657007405351017e-05
1.1940970485242621 6.682556404952043e-05
1.1945972986493247 6.708471745243519e-05
1.1950975487743871 6.734797914208399e-05
1.1955977988994497 6.761537133197019e-05
1.1960980490245123 6.78869166620151e-05
1.1965982991495747 6.816266154116873e-05
1.1970985492746373 6.844273533564973e-05
1.1975987993997 6.872724646124149e-05
1.1980990495247623 6.901622267136078e-05
1.198599299649825 6.930950209169768e-05
1.1990995497748873 6.9606001936698e-05
1.19959979989995 6.990480839758115e-05
1.2001000500250125 7.020591520390833e-05
1.2006003001500751 7.050931585563311e-05
1.2011005502751375 7.08150036229204e-05
1.2016008004002001 7.112291911084902e-05
1.2021010505252625 7.143249605272521e-05
1.2026013006503251 7.174318088548357e-05
1.2031015507753877 7.205492274617236e-05
1.2036018009004503 7.23678404915276e-05
1.2041020510255127 7.268268930797167e-05
1.2046023011505753 7.300010279615322e-05
1.2051025512756377 7.332008743657711e-05
1.2056028014007003 7.364264972897331e-05
1.206103051525763 7.396637780585312e-05
1.2066033016508255 7.42891557072672e-05
1.207103551775888 7.461034694058075e-05
1.2076038019009505 7.493001448249753e-05
1.208104052026013 7.52481563235259e-05
1.2086043021510755 7.556471897309416e-05
1.2091045522761381 7.58794162052114e-05
1.2096048024012005 7.619200806766538e-05
1.210105052526263 7.650248397548476e-05
1.2106053026513257 7.681083337528441e-05
1.211105552776388 7.711704574597332e-05
1.2116058029014507 7.742111399443286e-05
1.2121060530265133 7.772304207151041e-05
1.2126063031515757 7.802283080508744e-05
1.2131065532766383 7.832047021200164e-05
1.213606803401701 7.861613096831466e-05
1.2141070535267633 7.891079539893698e-05
1.214607303651826 7.92053174965081e-05
1.2151075537768885 7.94997503387416e-05
1.215607803901951 7.979411095630433e-05
1.2161080540270135 8.00884164328727e-05
1.216608304152076 8.038265460144322e-05
1.2171085542771385 8.067672077325022e-05
1.217608804402201 8.097058016436328e-05
1.2181090545272637 8.126477581962881e-05
1.218609304652326 8.155946022519695e-05
1.2191095547773887 8.185281849102614e-05
1.2196098049024513 8.21433555909153e-05
1.2201100550275137 8.243103875420027e-05
1.2206103051525763 8.271583556349746e-05
1.221110555277639 8.299771396550253e-05
1.2216108054027013 8.327669267669078e-05
1.222111055527764 8.355294540415863e-05
1.2226113056528263 8.382659877230793e-05
1.2231115557778889 8.409762720073805e-05
1.2236118059029515 8.436633404635325e-05
1.224112056028014 8.463437067001784e-05
1.2246123061530765 8.490308366027924e-05
1.225112556278139 8.517248773304482e-05
1.2256128064032015 8.544259771948816e-05
1.226113056528264 8.571342856893338e-05
1.2266133066533267 8.5984956222443e-05
1.2271135567783893 8.625709867413249e-05
1.2276138069034517 8.652981231477496e-05
1.2281140570285143 8.680311105783912e-05
1.2286143071535767 8.707684148891108e-05
1.2291145572786393 8.735018558314996e-05
1.2296148074037019 8.762251126631215e-05
1.2301150575287645 8.789392983493765e-05
1.2306153076538269 8.816452234211541e-05
1.2311155577788895 8.84342833295339e-05
1.2316158079039519 8.870317711926033e-05
1.2321160580290145 8.897108002877697e-05
1.232616308154077 8.923789698553446e-05
1.2331165582791395 8.950361976812746e-05
1.233616808404202 8.976833589565078e-05
1.2341170585292647 9.003250130080039e-05
1.234617308654327 9.02964825510181e-05
1.2351175587793897 9.056028209842653e-05
1.2356178089044523 9.082390240001778e-05
1.2361180590295147 9.10873459177673e-05
1.2366183091545773 9.13506461833941e-05
1.2371185592796399 9.161392486097318e-05
1.2376188094047023 9.187727413235812e-05
1.2381190595297649 9.214069921389529e-05
1.2386193096548275 9.240422396313626e-05
1.2391195597798899 9.266759798289745e-05
1.2396198099049525 9.293026415450493e-05
1.240120060030015 9.319193865787084e-05
1.2406203101550775 9.345262507350518e-05
1.24112056028014 9.371232694689894e-05
1.2416208104052027 9.397099490763807e-05
1.242121060530265 9.422846427735711e-05
1.2426213106553277 9.448461982055203e-05
1.2431215607803903 9.473945902672245e-05
1.2436218109054527 9.49928912878607e-05
1.2441220610305153 9.52445067601584e-05
1.2446223111555779 9.549397836554131e-05
1.2451225612806402 9.574129464454092e-05
1.2456228114057029 9.598644417652743e-05
1.2461230615307652 9.622941558065983e-05
1.2466233116558278 9.647029968917173e-05
1.2471235617808905 9.67094626164811e-05
1.247623811905953 9.694717281108191e-05
1.2481240620310154 9.718342677075535e-05
1.248624312156078 9.741818424486133e-05
1.2491245622811404 9.765127556751849e-05
1.249624812406203 9.78825657870456e-05
1.2501250625312657 9.811204796628567e-05
1.2506253126563283 9.833971516454294e-05
1.2511255627813906 9.856556043772032e-05
1.2516258129064533 9.879027763817404e-05
1.2521260630315156 9.901639104801245e-05
1.2526263131565782 9.924575444400426e-05
1.2531265632816408 9.947841438962721e-05
1.2536268134067035 9.971449967414772e-05
1.2541270635317658 9.995477733188664e-05
1.2546273136568284 0.0001001999788448273
1.2551275637818908 0.00010045020504000637
1.2556278139069534 0.00010070552155648674
1.256128064032016 0.00010096599623185285
1.2566283141570787 0.00010123005832299286
1.257128564282141 0.00010149193047069541
1.2576288144072036 0.000101747394144991
1.258129064532266 0.00010199637869629206
1.2586293146573286 0.00010223878507585326
1.2591295647823912 0.00010247441567849887
1.2596298149074536 0.00010270310326522624
1.2601300650325162 0.00010292478181504234
1.2606303151575788 0.00010313938741317121
1.2611305652826412 0.00010334685830082903
1.2616308154077038 0.00010354794371989602
1.2621310655327664 0.0001037454151827421
1.2626313156578288 0.0001039412645068192
1.2631315657828914 0.00010413548457105657
1.263631815907954 0.00010432806318156378
1.2641320660330164 0.00010451897174808667
1.264632316158079 0.00010470806682365894
1.2651325662831416 0.00010489517469897172
1.265632816408204 0.00010508024098282936
1.2661330665332666 0.0001052632341785188
1.266633316658329 0.00010544404550696726
1.2671335667833916 0.000105622498866961
1.2676338169084542 0.00010579849415550274
1.2681340670335168 0.00010597202064682695
1.2686343171585792 0.0001061431106879627
1.2691345672836418 0.00010631193194209676
1.2696348174087042 0.00010647861068885228
1.2701350675337668 0.00010664313909037212
1.2706353176588294 0.00010680550931941457
1.271135567783892 0.00010696571355965444
1.2716358179089544 0.00010712389093192513
1.272136068034017 0.00010728052982399426
1.2726363181590794 0.00010743597575896046
1.273136568284142 0.00010759022806821555
1.2736368184092046 0.00010774321355361217
1.2741370685342672 0.00010789463750127293
1.2746373186593296 0.00010804427517875027
1.2751375687843922 0.00010819212154066696
1.2756378189094546 0.00010833817151485294
1.2761380690345172 0.00010848242000217984
1.2766383191595798 0.00010862470155759906
1.2771385692846424 0.00010876447870061653
1.2776388194097048 0.00010890103129531433
1.2781390695347674 0.00010903398117199069
1.2786393196598298 0.00010916333590433355
1.2791395697848924 0.00010928920493543797
1.279639819909955 0.0001094116510340666
1.2801400700350176 0.00010953066150654547
1.28064032016008 0.00010964622377292134
1.2811405702851426 0.00010975832536849124
1.281640820410205 0.00010986715956611337
1.2821410705352676 0.00010997338526829444
1.2826413206603302 0.0001100774600589529
1.2831415707853926 0.00011017937924868412
1.2836418209104552 0.00011027917991581905
1.2841420710355178 0.0001103770203090769
1.2846423211605802 0.00011047301779520995
1.2851425712856428 0.0001105671691565941
1.2856428214107054 0.00011065947108243937
1.2861430715357678 0.00011074992016809667
1.2866433216608304 0.00011083840803146391
1.287143571785893 0.00011092459429531024
1.2876438219109554 0.00011100824137546843
1.288144072036018 0.00011108934196857555
1.2886443221610806 0.00011116784659080399
1.289144572286143 0.0001112435867959215
1.2896448224112056 0.00011131643529725036
1.290145072536268 0.00011138638302716574
1.2906453226613306 0.00011145063863266353
1.2911455727863932 0.00011150639941155929
1.2916458229114558 0.00011155378691045294
1.2921460730365182 0.00011159254975409113
1.2926463231615808 0.00011162228739933078
1.2931465732866432 0.00011164297223113723
1.2936468234117058 0.00011165468288114296
1.2941470735367684 0.00011165778884988291
1.294647323661831 0.00011165255559522419
1.2951475737868934 0.00011163895936155182
1.295647823911956 0.00011161697652481663
1.2961480740370184 0.00011158658359420656
1.296648324162081 0.00011154802437501242
1.2971485742871436 0.0001115021048560218
1.2976488244122062 0.00011144936515199531
1.2981490745372686 0.00011138978400316384
1.2986493246623312 0.00011132320828210924
1.2991495747873936 0.00011124913324012141
1.2996498249124562 0.00011116718457584433
1.3001500750375188 0.00011107733849429858
1.3006503251625814 0.00011097957102067844
1.3011505752876438 0.00011087385799902564
1.3016508254127064 0.00011075997832227981
1.3021510755377688 0.00011063730639055662
1.3026513256628314 0.00011050541367995208
1.303151575787894 0.00011036427652014218
1.3036518259129566 0.00011021206531123313
1.304152076038019 0.00011004397140290952
1.3046523261630816 0.00010985699887247056
1.305152576288144 0.0001096511390145931
1.3056528264132066 0.00010942639100762194
1.3061530765382692 0.00010918276194473041
1.3066533266633318 0.0001089203670229754
1.3071535767883942 0.00010863952918955872
1.3076538269134568 0.0001083404766847467
1.3081540770385192 0.00010802324342200681
1.3086543271635818 0.00010768980168921743
1.3091545772886444 0.00010734699447834127
1.3096548274137068 0.000106999667590836
1.3101550775387694 0.0001066477504045722
1.310655327663832 0.00010629117045177622
1.3111555777888944 0.00010592985336936426
1.311655827913957 0.00010556360725633383
1.3121560780390196 0.00010519201304850365
1.312656328164082 0.00010481476840026722
1.3131565782891446 0.00010443179656932746
1.313656828414207 0.00010404212546394656
1.3141570785392696 0.00010364258352256326
1.3146573286643322 0.000103230922050866
1.3151575787893948 0.00010280711280324802
1.3156578289144572 0.00010237112768509126
1.3161580790395198 0.0001019229387544125
1.3166583291645821 0.00010146274952341545
1.3171585792896447 0.00010099536501463804
1.3176588294147074 0.00010052539997123932
1.31815907953977 0.00010005287312984838
1.3186593296648323 9.957781277089522e-05
1.319159579789895 9.910033899113786e-05
1.3196598299149573 9.862053166702525e-05
1.32016008004002 9.813837734883984e-05
1.3206603301650826 9.765386246834802e-05
1.3211605802901452 9.716697333758952e-05
1.3216608304152075 9.667768933685172e-05
1.3221610805402702 9.618597709237098e-05
1.3226613306653325 9.569181019033195e-05
1.3231615807903951 9.519517495004759e-05
1.3236618309154577 9.46959150704018e-05
1.3241620810405204 9.41935415371137e-05
1.3246623311655827 9.368771492486899e-05
1.3251625812906453 9.317843391092052e-05
1.3256628314157077 9.266569728308597e-05
1.3261630815407703 9.214950394033648e-05
1.326663331665833 9.162995550524425e-05
1.3271635817908956 9.110733926696781e-05
1.327663831915958 9.058183534575785e-05
1.3281640820410205 9.00534344979221e-05
1.328664332166083 8.952227231547033e-05
1.3291645822911455 8.898881384390023e-05
1.3296648324162081 8.845374251278916e-05
1.3301650825412707 8.79176553148003e-05
1.3306653326663331 8.738199469960924e-05
1.3311655827913957 8.684796013845373e-05
1.3316658329164581 8.631535255780129e-05
1.3321660830415207 8.578364536538147e-05
1.3326663331665833 8.525250619727666e-05
1.3331665832916457 8.47219375296662e-05
1.3336668334167083 8.419176901946082e-05
1.334167083541771 8.366144682691372e-05
1.3346673336668333 8.31306000841447e-05
1.335167583791896 8.259924933430987e-05
1.3356678339169585 8.206741524288557e-05
1.336168084042021 8.153511859538947e-05
1.3366683341670835 8.100246028882346e-05
1.337168584292146 8.046967949089002e-05
1.3376688344172085 7.993693136140995e-05
1.3381690845422711 7.940422954868636e-05
1.3386693346673337 7.88716695965153e-05
1.3391695847923961 7.833952418655374e-05
1.3396698349174587 7.780797900042806e-05
1.340170085042521 7.727703861039254e-05
1.3406703351675837 7.674670759836735e-05
1.3411705852926463 7.62169905558957e-05
1.341670835417709 7.568792124046746e-05
1.3421710855427713 7.51595825604647e-05
1.342671335667834 7.463507531310748e-05
1.3431715857928963 7.411788088808078e-05
1.343671835917959 7.360858029483966e-05
1.3441720860430215 7.310793658826374e-05
1.3446723361680841 7.261656532609694e-05
1.3451725862931465 7.213447583527293e-05
1.3456728364182091 7.166167809040287e-05
1.3461730865432715 7.119818271788835e-05
1.346673336668334 7.074392410473717e-05
1.3471735867933967 7.029871002134585e-05
1.3476738369184593 6.986242922250279e-05
1.3481740870435217 6.943510112682561e-05
1.3486743371685843 6.901656443509516e-05
1.3491745872936467 6.860628331671404e-05
1.3496748374187093 6.820391236171798e-05
1.350175087543772 6.780948806739951e-05
1.3506753376688345 6.742304654339801e-05
1.351175587793897 6.704462350581755e-05
1.3516758379189595 6.667426334873036e-05
1.352176088044022 6.631202479019583e-05
1.3526763381690845 6.595795672233912e-05
1.353176588294147 6.561209262081328e-05
1.3536768384192097 6.527459254594212e-05
1.354177088544272 6.494587395181532e-05
1.3546773386693347 6.462622178474595e-05
1.355177588794397 6.431565904930516e-05
1.3556778389194597 6.401522666243766e-05
1.3561780890445223 6.372674488890612e-05
1.3566783391695847 6.345101222414695e-05
1.3571785892946473 6.318803913877296e-05
1.35767883941971 6.293724349783353e-05
1.3581790895447723 6.269775250462473e-05
1.358679339669835 6.2469230295652e-05
1.3591795897948975 6.2251518246511e-05
1.3596798399199599 6.204452228355408e-05
1.3601800900450225 6.1848274801824e-05
1.3606803401700849 6.166280796841314e-05
1.3611805902951475 6.1488153719715e-05
1.36168084042021 6.132439078143286e-05
1.3621810905452727 6.117167157624984e-05
1.362681340670335 6.103010075958443e-05
1.3631815907953977 6.0899708510998244e-05
1.36368184092046 6.07805982599998e-05
1.3641820910455227 6.067301694451852e-05
1.3646823411705853 6.057713786914719e-05
1.365182591295648 6.049299080707685e-05
1.3656828414207103 6.042060604408688e-05
1.3661830915457729 6.036001438260551e-05
1.3666833416708353 6.031122170136731e-05
1.3671835917958979 6.0274194963526225e-05
1.3676838419209605 6.024892696272909e-05
1.368184092046023 6.0235450260391886e-05
1.3686843421710855 6.023373255298849e-05
1.369184592296148 6.0238814094780535e-05
1.3696848424212105 6.0245750136036786e-05
1.370185092546273 6.025451407303375e-05
1.3706853426713357 6.026511096429354e-05
1.3711855927963983 6.027754320501281e-05
1.3716858429214607 6.029165951222417e-05
1.3721860930465233 6.030740896427634e-05
1.3726863431715857 6.0324894530470036e-05
1.3731865932966483 6.034412123028682e-05
1.3736868434217109 6.036509881438818e-05
1.3741870935467735 6.038784591926536e-05
1.3746873436718359 6.0412376606899444e-05
1.3751875937968985 6.0438696202602926e-05
1.3756878439219609 6.046681008599489e-05
1.3761880940470235 6.0496723691431087e-05
1.376688344172086 6.0528315429798865e-05
1.3771885942971487 6.05612740136504e-05
1.377688844422211 6.059541371155893e-05
1.3781890945472737 6.06307371665238e-05
1.378689344672336 6.06671721367664e-05
1.3791895947973987 6.070450822856336e-05
1.3796898449224613 6.0742608753051374e-05
1.3801900950475237 6.078147417720859e-05
1.3806903451725863 6.0821104903904234e-05
1.3811905952976489 6.086150127155091e-05
1.3816908454227113 6.090281215108901e-05
1.3821910955477739 6.094516143890826e-05
1.3826913456728365 6.098718687857197e-05
1.3831915957978989 6.1027547701131176e-05
1.3836918459229615 6.106638374405032e-05
1.3841920960480238 6.110409552011176e-05
1.3846923461730865 6.114094106045892e-05
1.385192596298149 6.117693244011271e-05
1.3856928464232117 6.121222885329651e-05
1.386193096548274 6.12469768410594e-05
1.3866933466733367 6.128098769791344e-05
1.387193596798399 6.131380288413041e-05
1.3876938469234616 6.134515005864984e-05
1.3881940970485243 6.13750247966134e-05
1.3886943471735869 6.140335599032909e-05
1.3891945972986492 6.142995465972708e-05
1.3896948474237119 6.145469777187333e-05
1.3901950975487742 6.147757960003852e-05
1.3906953476738368 6.149859450945118e-05
1.3911955977988995 6.15177369582726e-05
1.391695847923962 6.153525067367051e-05
1.3921960980490244 6.155172868319405e-05
1.392696348174087 6.156751697154541e-05
1.3931965982991494 6.15826141686684e-05
1.393696848424212 6.159699276536229e-05
1.3941970985492746 6.161058014786763e-05
1.3946973486743373 6.162332949349636e-05
1.3951975987993996 6.163523877859647e-05
1.3956978489244622 6.164628856162445e-05
1.3961980990495246 6.16560894391689e-05
1.3966983491745872 6.166417159445612e-05
1.3971985992996498 6.167030208277204e-05
1.3976988494247125 6.16743434668615e-05
1.3981990995497748 6.16762898140463e-05
1.3986993496748374 6.167620891004937e-05
1.3991995997998998 6.167429318641141e-05
1.3996998499249624 6.167148865278257e-05
1.400200100050025 6.166874071156746e-05
1.4007003501750876 6.166617003530795e-05
1.40120060030015 6.166377709492471e-05
1.4017008504252126 6.166134906957417e-05
1.402201100550275 6.165838639860227e-05
1.4027013506753376 6.165460136029387e-05
1.4032016008004002 6.16499916713336e-05
1.4037018509254626 6.164454585818238e-05
1.4042021010505252 6.163823723055141e-05
1.4047023511755878 6.163104830780026e-05
1.4052026013006502 6.162297685946456e-05
1.4057028514257128 6.161402070454266e-05
1.4062031015507754 6.160417771196201e-05
1.4067033516758378 6.15935389815848e-05
1.4072036018009004 6.158231828112321e-05
1.407703851925963 6.157063669893225e-05
1.4082041020510254 6.155849314749881e-05
1.408704352176088 6.154589599741073e-05
1.4092046023011506 6.153286892596717e-05
1.409704852426213 6.152008824343977e-05
1.4102051025512756 6.150855057465756e-05
1.410705352676338 6.149859282815585e-05
1.4112056028014006 6.14902192238562e-05
1.4117058529264632 6.148386651875498e-05
1.4122061030515258 6.148052944082094e-05
1.4127063531765882 6.14807729928101e-05
1.4132066033016508 6.148460711540138e-05
1.4137068534267132 6.149232646737882e-05
1.4142071035517758 6.150469010428411e-05
1.4147073536768384 6.152217613717174e-05
1.415207603801901 6.154480178594968e-05
1.4157078539269634 6.157258510951394e-05
1.416208104052026 6.160554501470243e-05
1.4167083541770884 6.164299064544793e-05
1.417208604302151 6.168332994209076e-05
1.4177088544272136 6.172567261876269e-05
1.4182091045522762 6.177002176869236e-05
1.4187093546773386 6.181640890554138e-05
1.4192096048024012 6.1864910004041e-05
1.4197098549274636 6.19155724109928e-05
1.4202101050525262 6.196839874776137e-05
1.4207103551775888 6.20233913210036e-05
1.4212106053026514 6.208055212056838e-05
1.4217108554277138 6.214043518248838e-05
1.4222111055527764 6.220428162434357e-05
1.4227113556778388 6.22727875554885e-05
1.4232116058029014 6.234597181536562e-05
1.423711855927964 6.242402053219252e-05
1.4242121060530266 6.250700544970297e-05
1.424712356178089 6.259483101289251e-05
1.4252126063031516 6.268751367757639e-05
1.425712856428214 6.278507022013064e-05
1.4262131065532766 6.288751774054607e-05
1.4267133566783392 6.299448612308403e-05
1.4272136068034016 6.310513111797718e-05
1.4277138569284642 6.321898863026118e-05
1.4282141070535268 6.333524278960586e-05
1.4287143571785892 6.345268702844003e-05
1.4292146073036518 6.357115034941347e-05
1.4297148574287144 6.369085119872932e-05
1.4302151075537768 6.3811790528808e-05
1.4307153576788394 6.393396924374384e-05
1.431215607803902 6.405756729682249e-05
1.4317158579289644 6.418298008535314e-05
1.432216108054027 6.431042739897277e-05
1.4327163581790896 6.443991689238253e-05
1.433216608304152 6.457145631327157e-05
1.4337168584292146 6.470487946048219e-05
1.434217108554277 6.483976423095657e-05
1.4347173586793396 6.497585845426294e-05
1.4352176088044022 6.511316225823719e-05
1.4357178589294648 6.525167571343997e-05
1.4362181090545272 6.539136026888249e-05
1.4367183591795898 6.553213179493461e-05
1.4372186093046522 6.567392937057675e-05
1.4377188594297148 6.581657447718293e-05
1.4382191095547774 6.595990244196047e-05
1.43871935967984 6.610413451900133e-05
1.4392196098049024 6.624981473647274e-05
1.439719859929965 6.639726839298505e-05
1.4402201100550274 6.654650272781522e-05
1.44072036018009 6.66975250685042e-05
1.4412206103051526 6.685034283167697e-05
1.4417208604302152 6.700513296050995e-05
1.4422211105552776 6.716226845560073e-05
1.4427213606803402 6.732233906909473e-05
1.4432216108054026 6.748606779585682e-05
1.4437218609304652 6.76534955217225e-05
1.4442221110555278 6.782391294878399e-05
1.4447223611805904 6.799690505950764e-05
1.4452226113056528 6.817247689275795e-05
1.4457228614307154 6.835063343517944e-05
1.4462231115557778 6.853137962071572e-05
1.4467233616808404 6.871457319574658e-05
1.447223611805903 6.889990489353852e-05
1.4477238619309656 6.908720900127035e-05
1.448224112056028 6.927648325982298e-05
1.4487243621810906 6.946784493185374e-05
1.449224612306153 6.966157709162726e-05
1.4497248624312156 6.985784628398449e-05
1.4502251125562782 7.00566559547315e-05
1.4507253626813406 7.025800947635163e-05
1.4512256128064032 7.046191014749313e-05
1.4517258629314658 7.066738067365934e-05
1.4522261130565282 7.087323101683963e-05
1.4527263631815908 7.107924792882603e-05
1.4532266133066534 7.128542582161322e-05
1.4537268634317158 7.149203162736369e-05
1.4542271135567784 7.16997026962242e-05
1.454727363681841 7.190881134291583e-05
1.4552276138069034 7.211936631611482e-05
1.455727863931966 7.233137646485019e-05
1.4562281140570286 7.254485073965333e-05
1.456728364182091 7.276008329829872e-05
1.4572286143071536 7.29777101911003e-05
1.457728864432216 7.319822245571581e-05
1.4582291145572785 7.342177718257036e-05
1.4587293646823412 7.36482767969863e-05
1.4592296148074038 7.387746052915085e-05
1.4597298649324661 7.410918711775572e-05
1.4602301150575288 7.434347603748394e-05
1.4607303651825911 7.458034710207109e-05
1.4612306153076537 7.48198204694059e-05
1.4617308654327164 7.506132210480702e-05
1.462231115557779 7.530363990093353e-05
1.4627313656828413 7.554614040287507e-05
1.463231615807904 7.578881278480528e-05
1.4637318659329663 7.603105590032673e-05
1.464232116058029 7.627149658411611e-05
1.4647323661830915 7.650933457673465e-05
1.4652326163081542 7.674452594662052e-05
1.4657328664332165 7.697665678098267e-05
1.4662331165582791 7.72047117954629e-05
1.4667333666833415 7.742858978267145e-05
1.4672336168084041 7.764936226687259e-05
1.4677338669334667 7.786756843263152e-05
1.4682341170585294 7.808318798740936e-05
1.4687343671835917 7.829719464370056e-05
1.4692346173086543 7.851183190243134e-05
1.4697348674337167 7.872837346942434e-05
1.4702351175587793 7.894684581324452e-05
1.470735367683842 7.916727587949936e-05
1.4712356178089045 7.93896911019284e-05
1.471735867933967 7.961423554881118e-05
1.4722361180590295 7.984130672612673e-05
1.472736368184092 8.007130412178983e-05
1.4732366183091545 8.030437839108104e-05
1.4737368684342171 8.053978003057166e-05
1.4742371185592795 8.07757725594e-05
1.4747373686843421 8.101138504363344e-05
1.4752376188094047 8.124661416101827e-05
1.4757378689344671 8.148145658288511e-05
1.4762381190595297 8.171590897421816e-05
1.4767383691845923 8.194964469519717e-05
1.4772386193096547 8.218201067412126e-05
1.4777388694347173 8.241266979577414e-05
1.47823911955978 8.264160405972937e-05
1.4787393696848423 8.286935607960053e-05
1.479239619809905 8.309715738761968e-05
1.4797398699349675 8.332569319117886e-05
1.48024012006003 8.355587356261619e-05
1.4807403701850925 8.378919938204071e-05
1.481240620310155 8.402627544584247e-05
1.4817408704352175 8.426681135551483e-05
1.4822411205602801 8.451021086806848e-05
1.4827413706853427 8.475618023280893e-05
1.4832416208104051 8.500446329409493e-05
1.4837418709354677 8.525448791556587e-05
1.48424212106053 8.550593627832854e-05
1.4847423711855927 8.575879977766265e-05
1.4852426213106553 8.601306963238092e-05
1.485742871435718 8.626873688547397e-05
1.4862431215607803 8.652579240480456e-05
1.486743371685843 8.678452804343697e-05
1.4872436218109053 8.70455586650798e-05
1.487743871935968 8.730922583170272e-05
1.4882441220610305 8.757561169804684e-05
1.4887443721860931 8.784484465674984e-05
1.4892446223111555 8.811699778815014e-05
1.4897448724362181 8.83920783007342e-05
1.4902451225612805 8.867009341779972e-05
1.490745372686343 8.895105037747656e-05
1.4912456228114057 8.923495643274925e-05
1.4917458729364683 8.952205663465914e-05
1.4922461230615307 8.981282245801055e-05
1.4927463731865933 9.010749338582797e-05
1.4932466233116557 9.040608853363622e-05
1.4937468734367183 9.07083750481196e-05
1.494247123561781 9.101382724864768e-05
1.4947473736868435 9.132174421452127e-05
1.495247623811906 9.1631353480417e-05
1.4957478739369685 9.194230101149864e-05
1.496248124062031 9.225458842030067e-05
1.4967483741870935 9.256786314765444e-05
1.497248624312156 9.288144137766373e-05
1.4977488744372185 9.319498479953982e-05
1.498249124562281 9.350847741502787e-05
1.4987493746873437 9.382212400546895e-05
1.499249624812406 9.413638050082232e-05
1.4997498749374687 9.445148792514271e-05
1.5002501250625313 9.476744181404197e-05
1.500750375187594 9.508423765276856e-05
1.5012506253126563 9.540187087631344e-05
1.5017508754377187 9.572058427136366e-05
1.5022511255627813 9.604086120913597e-05
1.502751375687844 9.636296933646447e-05
1.5032516258129065 9.668694177291023e-05
1.503751875937969 9.701288970418208e-05
1.5042521260630315 9.734104031999126e-05
1.5047523761880939 9.767151984757256e-05
1.5052526263131565 9.80043414163598e-05
1.505752876438219 9.833951830308157e-05
1.5062531265632817 9.867706393335989e-05
1.506753376688344 9.901685732257196e-05
1.5072536268134067 9.935865662969346e-05
1.507753876938469 9.970235145463108e-05
1.5082541270635317 0.00010004794910255853
1.5087543771885943 0.00010039502476203082
1.509254627313657 0.00010074264727793705
1.5097548774387193 0.00010109015993084934
1.5102551275637819 0.0001014374002342541
1.5107553776888443 0.00010178435119356071
1.5112556278139069 0.00010213099578471165
1.5117558779389695 0.00010247739299099203
1.512256128064032 0.00010282366874674972
1.5127563781890945 0.00010316987464299234
1.513256628314157 0.00010351599706952467
1.5137568784392195 0.00010386292433417617
1.514257128564282 0.00010421251215070026
1.5147573786893447 0.00010456573754624825
1.5152576288144073 0.00010492263325964815
1.5157578789394697 0.00010528323263614455
1.5162581290645323 0.00010564756963746755
1.5167583791895947 0.00010601559644758266
1.5172586293146573 0.00010638719462072544
1.5177588794397199 0.00010676255271038162
1.5182591295647825 0.00010714198512223029
1.5187593796898449 0.00010752475242430336
1.5192596298149073 0.00010790918679585576
1.5197598799399699 0.00010829442656648272
1.5202601300650325 0.00010868046090956097
1.520760380190095 0.00010906727890339377
1.5212606303151577 0.00010945486953200616
1.52176088044022 0.00010984342696135356
1.5222611305652824 0.00011023331934862412
1.522761380690345 0.00011062471435507309
1.5232616308154077 0.00011101761067284385
1.5237618809404703 0.00011141182854456092
1.5242621310655329 0.00011180685753590033
1.5247623811905953 0.00011220223472236143
1.5252626313156576 0.00011259782228202016
1.5257628814407203 0.00011299360764833549
1.5262631315657829 0.00011338957819857617
1.5267633816908455 0.00011378570107195473
1.527263631815908 0.00011418192658734254
1.5277638819409705 0.00011457822473957451
1.5282641320660328 0.00011497458175183491
1.5287643821910955 0.00011537148267701628
1.529264632316158 0.00011576991719373784
1.5297648824412207 0.0001161703887199021
1.530265132566283 0.00011657290872072232
1.5307653826913457 0.000116977488765616
1.531265632816408 0.00011738414052925994
1.5317658829414706 0.00011779220829153395
1.5322661330665333 0.00011820049285760138
1.5327663831915959 0.0001186084477169801
1.5332666333166582 0.00011901624704843793
1.5337668834417209 0.00011942455530488084
1.5342671335667832 0.00011983431950165642
1.5347673836918458 0.00012024600875073084
1.5352676338169085 0.00012065962866537055
1.535767883941971 0.00012107518488716607
1.5362681340670334 0.00012149268308619604
1.536768384192096 0.00012191325475404866
1.5372686343171584 0.00012233893084439407
1.537768884442221 0.00012277064190810546
1.5382691345672836 0.0001232084471422405
1.5387693846923463 0.00012365193834591487
1.5392696348174086 0.00012410021834229927
1.5397698849424712 0.00012455282421425153
1.5402701350675336 0.0001250097713485422
1.5407703851925962 0.00012547109875539388
1.5412706353176588 0.00012593684610379106
1.5417708854427215 0.00012640624767138676
1.5422711355677838 0.0001268779057423457
1.5427713856928462 0.0001273512094474962
1.5432716358179088 0.00012782615925797364
1.5437718859429714 0.00012830238280821474
1.544272136068034 0.00012877915160345533
1.5447723861930966 0.00012925609976318896
1.545272636318159 0.0001297332070460928
1.5457728864432214 0.0001302104531166573
1.546273136568284 0.00013068781754768135
1.5467733866933466 0.00013116594324642032
1.5472736368184092 0.00013164598285121733
1.5477738869434718 0.00013212844078304745
1.5482741370685342 0.00013261332846355625
1.5487743871935966 0.00013310093519656286
1.5492746373186592 0.00013359199775032712
1.5497748874437218 0.0001340869893310994
1.5502751375687844 0.0001345859502692265
1.550775387693847 0.0001350889215163008
1.5512756378189094 0.00013559594465622048
1.5517758879439718 0.00013610604550139623
1.5522761380690344 0.00013661748360190186
1.552776388194097 0.00013712951081531186
1.5532766383191596 0.00013764211887315692
1.5537768884442222 0.0001381549078198032
1.5542771385692846 0.00013866710232608584
1.554777388694347 0.00013917827976466952
1.5552776388194096 0.00013968838184956882
1.5557778889444722 0.00014019737863259433
1.5562781390695348 0.00014070524016128423
1.5567783891945972 0.00014121371712846713
1.5572786393196598 0.00014172587469659433
1.5577788894447222 0.00014224303758279773
1.5582791395697848 0.00014276526124708895
1.5587793896948474 0.0001432928161091145
1.55927963981991 0.00014382616653065155
1.5597798899449724 0.0001443655698876817
1.560280140070035 0.00014491109804128384
1.5607803901950974 0.0001454628243486631
1.56128064032016 0.00014602082369518523
1.5617808904452226 0.000146582680372557
1.5622811405702852 0.0001471441688632354
1.5627813906953476 0.00014770349492859792
1.5632816408204102 0.00014826060665832082
1.5637818909454726 0.00014881533051865523
1.5642821410705352 0.00014936717903309572
1.5647823911955978 0.00014991534161188857
1.5652826413206604 0.00015045931626221502
1.5657828914457228 0.00015099904135434432
1.5662831415707852 0.0001515344557465914
1.5667833916958478 0.00015206616559877462
1.5672836418209104 0.00015259524999477152
1.567783891945973 0.00015312213558944752
1.5682841420710356 0.00015364679268447114
1.568784392196098 0.00015416932406328386
1.5692846423211604 0.0001546899470309228
1.569784892446223 0.00015520849995298976
1.5702851425712856 0.0001557246480934651
1.5707853926963482 0.00015623830577616917
1.5712856428214108 0.0001567494483436583
1.5717858929464732 0.00015725885102973447
1.5722861430715356 0.00015776784367130817
1.5727863931965982 0.00015827697178165978
1.5732866433216608 0.0001587862439600797
1.5737868934467234 0.00015929534004489635
1.574287143571786 0.00015980366162202426
1.5747873936968484 0.0001603109319255578
1.5752876438219108 0.00016081714484393486
1.5757878939469734 0.00016132229425721374
1.576288144072036 0.0001618263740371668
1.5767883941970986 0.00016232937804737572
1.5772886443221612 0.0001628313001433265
1.5777888944472236 0.00016333213417250628
1.578289144572286 0.0001638318739745005
1.5787893946973486 0.00016433054558273014
1.5792896448224112 0.00016482824083825743
1.5797898949474738 0.0001653250462927102
1.5802901450725362 0.00016582131822037098
1.5807903951975988 0.00016631768243469008
1.5812906453226612 0.00016681443225067448
1.5817908954477238 0.00016731156769647255
1.5822911455727864 0.00016780908879877694
1.582791395697849 0.00016830699558281688
1.5832916458229114 0.00016880528807235252
1.583791895947974 0.00016930502708407716
1.5842921460730364 0.00016980813509263667
1.584792396198099 0.00017031549539583098
1.5852926463231616 0.00017082693956593241
1.5857928964482242 0.00017134228821959332
1.5862931465732866 0.00017186157588164525
1.5867933966983492 0.0001723848486070219
1.5872936468234116 0.0001729121531631533
1.5877938969484742 0.0001734435370439125
1.5882941470735368 0.000173979048483893
1.5887943971985994 0.00017451695031689155
1.5892946473236618 0.00017505324382066414
1.5897948974487242 0.0001755851390236745
1.5902951475737868 0.0001761120511902673
1.5907953976988494 0.0001766339172251078
1.591295647823912 0.000177150674681827
1.5917958979489746 0.0001776622617851076
1.592296148074037 0.00017816861745259993
1.5927963981990994 0.00017866968131665238
1.593296648324162 0.0001791653937458427
1.5937968984492246 0.00017965696606843167
1.5942971485742872 0.00018014659980270146
1.5947973986993498 0.00018063524929885612
1.5952976488244122 0.00018112290435716186
1.5957978989494745 0.00018160955477542287
1.5962981490745372 0.00018209489400067137
1.5967983991995998 0.000182578217572761
1.5972986493246624 0.00018305911561925927
1.597798899449725 0.00018353757459120695
1.5982991495747874 0.00018401358097336985
1.5987993996998497 0.0001844860885434615
1.5992996498249124 0.00018495419754459101
1.599799899949975 0.00018541859859362808
1.6003001500750376 0.00018587983074629618
1.6008004002001002 0.00018633818391316666
1.6013006503251626 0.00018679403067890958
1.601800900450225 0.0001872474352042207
1.6023011505752875 0.0001876983801995463
1.6028014007003502 0.0001881468484543267
1.6033016508254128 0.00018859282283879218
1.6038019009504751 0.00018903784460185398
1.6043021510755378 0.00018948461752796604
1.6048024012006001 0.00018993431085240488
1.6053026513256627 0.0001903869578065721
1.6058029014507254 0.00019084259207332221
1.606303151575788 0.00019130124779536753
1.6068034017008503 0.00019176295958386283
1.607303651825913 0.00019222776252716725
1.6078039019509753 0.00019269569219979463
1.608304152076038 0.00019316678467155092
1.6088044022011005 0.00019363838694647778
1.6093046523261632 0.00019410590987765537
1.6098049024512255 0.00019456743036578008
1.6103051525762881 0.00019502291437081855
1.6108054027013505 0.00019547230966287458
1.6113056528264131 0.00019591556484136534
1.6118059029514757 0.00019635262935238865
1.6123061530765384 0.00019678345335417732
1.6128064032016007 0.00019720790942200656
1.6133066533266633 0.00019762587097208362
1.6138069034517257 0.00019804098583431286
1.6143071535767883 0.00019845954658956523
1.614807403701851 0.00019888420034480433
1.6153076538269135 0.00019931500625345515
1.615807903951976 0.00019975202497916368
1.6163081540770383 0.00020019554477620504
1.616808404202101 0.00020064633892675845
1.6173086543271635 0.00020110495845631593
1.6178089044522261 0.00020157147446960054
1.6183091545772887 0.0002020459600560157
1.6188094047023511 0.00020252751839819097
1.6193096548274135 0.0002030133062505728
1.6198099049524761 0.00020350072196716516
1.6203101550775387 0.00020398907635489868
1.6208104052026013 0.00020447837368282886
1.621310655327664 0.00020496861824292783
1.6218109054527263 0.0002054598143502431
1.6223111555777887 0.0002059519663430569
1.6228114057028513 0.00020644507858304787
1.623311655827914 0.00020693915545545342
1.6238119059529765 0.00020743304551702684
1.6243121560780391 0.0002079247996873159
1.6248124062031015 0.00020841360627959455
1.625312656328164 0.00020889943029272015
1.6258129064532265 0.00020938223690355126
1.6263131565782891 0.0002098619914740355
1.6268134067033517 0.00021033865955828846
1.6273136568284141 0.00021081220690966263
1.6278139069534767 0.00021128259948780402
1.628314157078539 0.00021174980346569275
1.6288144072036017 0.00021221376792354587
1.6293146573286643 0.0002126752508852956
1.629814907453727 0.0002131354924058448
1.6303151575787893 0.00021359493438717148
1.630815407703852 0.00021405356711379515
1.6313156578289143 0.0002145113250606711
1.631815907953977 0.0002149681054876957
1.6323161580790395 0.0002154234945395742
1.6328164082041021 0.00021587679154728469
1.6333166583291645 0.00021632766036226838
1.6338169084542271 0.00021677608629408224
1.6343171585792895 0.00021722205469920436
1.634817408704352 0.00021766555098217042
1.6353176588294147 0.0002181065605967143
1.6358179089544773 0.0002185450690469062
1.6363181590795397 0.0002189810618882941
1.6368184092046023 0.00021941452472904328
1.6373186593296647 0.00021984544323107815
1.6378189094547273 0.00022027380311122284
1.63831915957979 0.00022069959014234152
1.6388194097048525 0.00022112279015447985
1.639319659829915 0.00022154401269380836
1.6398199099549773 0.0002219641888406693
1.64032016008004 0.0002223836326411498
1.6408204102051025 0.00022280234489953444
1.641320660330165 0.00022322149009313685
1.6418209104552277 0.0002236429754963202
1.64232116058029 0.00022406755885140696
1.6428214107053525 0.00022449527172640536
1.643321660830415 0.0002249261461476908
1.6438219109554777 0.0002253602146079648
1.6443221610805403 0.00022579751007438466
1.644822411205603 0.0002262380659968718
1.6453226613306653 0.00022668171598099458
1.6458229114557277 0.00022712734457097352
1.6463231615807903 0.00022757403311220607
1.646823411705853 0.00022802181023400922
1.6473236618309155 0.0002284707048013758
1.647823911955978 0.00022892074592165013
1.6483241620810405 0.00022937228654391426
1.6488244122061029 0.000229826114776717
1.6493246623311655 0.0002302827431656322
1.649824912456228 0.00023074227447411654
1.6503251625812907 0.00023120476735829238
1.650825412706353 0.0002316702593040346
1.6513256628314157 0.00023213750610950182
1.651825912956478 0.0002326044759234642
1.6523261630815407 0.00023307040128216558
1.6528264132066033 0.000233535281592141
1.653326663331666 0.00023399911624337084
1.6538269134567283 0.0002344619046091709
1.6543271635817909 0.0002349236460460797
1.6548274137068533 0.00023538433989374642
1.6553276638319159 0.00023584398547481534
1.6558279139569785 0.00023630258209481034
1.656328164082041 0.00023676012904201734
1.6568284142071035 0.00023721662558736612
1.657328664332166 0.00023767207098430903
1.6578289144572285 0.00023812646446870096
1.658329164582291 0.0002385798052586743
1.6588294147073537 0.00023903209255451621
1.6593296648324163 0.000239481087996562
1.6598299149574787 0.00023992349302478762
1.6603301650825413 0.00024035822075512203
1.6608304152076037 0.00024078521152531818
1.6613306653326663 0.00024120436111211869
1.6618309154577289 0.00024161553949785195
1.6623311655827915 0.0002420170626923685
1.6628314157078539 0.00024240677842497053
1.6633316658329163 0.0002427841302927993
1.6638319159579789 0.00024314905115008245
1.6643321660830415 0.00024350147568147354
1.664832416208104 0.00024384142693951384
1.6653326663331667 0.0002441689298410866
1.665832916458229 0.00024448392450149184
1.6663331665832914 0.00024478635277137595
1.666833416708354 0.0002450761582596422
1.6673336668334167 0.0002453532863557938
1.6678339169584793 0.00024561768425169594
1.6683341670835419 0.00024586930096274053
1.6688344172086043 0.0002461080873483989
1.6693346673336666 0.0002463359492691874
1.6698349174587293 0.00024655566574536544
1.6703351675837919 0.0002467680750422061
1.6708354177088545 0.0002469731593664232
1.671335667833917 0.00024717260077639324
1.6718359179589795 0.00024736902840687055
1.6723361680840418 0.0002475633822708198
1.6728364182091044 0.00024775566821905724
1.673336668334167 0.00024794589189625337
1.6738369184592297 0.00024813405874116005
1.674337168584292 0.00024832017398678294
1.6748374187093547 0.00024850424266049817
1.675337668834417 0.00024868626958411536
1.6758379189594796 0.000248866259373883
1.6763381690845423 0.0002490442164404396
1.6768384192096049 0.0002492201449887078
1.6773386693346672 0.00024939404901773237
1.6778389194597298 0.0002495659323204598
1.6783391695847922 0.00024973579848346273
1.6788394197098548 0.0002499036059880446
1.6793396698349174 0.0002500668661543074
1.67983991995998 0.00025022286777243386
1.6803401700850424 0.0002503713383942286
1.680840420210105 0.00025051227870700354
1.6813406703351674 0.00025064462800771377
1.68184092046023 0.00025076670979017556
1.6823411705852926 0.0002508779011437406
1.6828414207103553 0.00025097816672557926
1.6833416708354176 0.00025106747119031355
1.6838419209604802 0.00025114577919079845
1.6843421710855426 0.00025121305537890656
1.6848424212106052 0.00025126926440631995
1.6853426713356678 0.00025131437092532543
1.6858429214607304 0.0002513483395896152
1.6863431715857928 0.00025137113505509305
1.6868434217108552 0.00025138272198068484
1.6873436718359178 0.0002513830650291549
1.6878439219609804 0.00025137212886792613
1.688344172086043 0.00025134987816990615
1.6888444222111056 0.00025131627761431865
1.689344672336168 0.0002512718722178437
1.6898449224612304 0.00025121744050363534
1.690345172586293 0.0002511531821470472
1.6908454227113556 0.0002510790652465007
1.6913456728364182 0.0002509942747180369
1.6918459229614808 0.00025089759847207385
1.6923461730865432 0.0002507886050527227
1.6928464232116056 0.0002506672571492584
1.6933466733366682 0.0002505335176787123
1.6938469234617308 0.0002503873497890003
1.6943471735867934 0.00025022871686205124
1.694847423711856 0.00025005758251693745
1.6953476738369184 0.0002498739106130057
1.6958479239619808 0.00024967766525300916
1.6963481740870434 0.00024947076567822526
1.696848424212106 0.0002492552551687994
1.6973486743371686 0.0002490314492912769
1.697848924462231 0.00024880060311178645
1.6983491745872936 0.00024856375401824
1.698849424712356 0.0002483208876332659
1.6993496748374186 0.0002480731919446803
1.6998499249624812 0.0002478223110944869
1.7003501750875438 0.0002475686868327301
1.7008504252126062 0.0002473123045868166
1.7013506753376688 0.00024705309578041627
1.7018509254627312 0.0002467909657196095
1.7023511755877938 0.0002465258733267932
1.7028514257128564 0.00024625780325241694
1.703351675837919 0.0002459867399473724
1.7038519259629814 0.0002457126676607587
1.704352176088044 0.0002454355704376127
1.7048524262131064 0.00024515543211659874
1.705352676338169 0.0002448722363276637
1.7058529264632316 0.00024458596648964826
1.7063531765882942 0.0002442966058078629
1.7068534267133566 0.00024400413727162024
1.7073536768384192 0.00024370854365172778
1.7078539269634816 0.0002434098074979378
1.7083541770885442 0.00024310791113635503
1.7088544272136068 0.00024280283666680157
1.7093546773386694 0.00024249137798479256
1.7098549274637318 0.00024216918119318055
1.7103551775887942 0.00024183508312005086
1.7108554277138568 0.00024148907224227377
1.7113556778389194 0.0002411336382235715
1.711855927963982 0.00024077241744337183
1.7123561780890446 0.00024040654326298747
1.712856428214107 0.00024003599849825702
1.7133566783391694 0.00023966091916455005
1.713856928464232 0.00023928158149266624
1.7143571785892946 0.00023889988336205407
1.7148574287143572 0.0002385181327924443
1.7153576788394198 0.00023813686981260498
1.7158579289644822 0.00023775609370883685
1.7163581790895446 0.00023737580377022647
1.7168584292146072 0.00023699599928864634
1.7173586793396698 0.00023661667955875653
1.7178589294647324 0.0002362378438780055
1.718359179589795 0.00023585949154663054
1.7188594297148574 0.00023548162186766015
1.7193596798399198 0.00023510532874661312
1.7198599299649824 0.00023473207901264652
1.720360180090045 0.00023436224334367806
1.7208604302151076 0.00023399581736279827
1.72136068034017 0.0002336307358540122
1.7218609304652326 0.0002332640323151449
1.722361180590295 0.00023289480445563265
1.7228614307153576 0.00023252305546860835
1.7233616808404202 0.00023214878872586682
1.7238619309654828 0.00023177200777852965
1.7243621810905452 0.00023139271635768484
1.7248624312156078 0.0002310109183750013
1.7253626813406702 0.0002306266179233179
1.7258629314657328 0.00023023981927720798
1.7263631815907954 0.00022985052689351642
1.726863431715858 0.00022945874541187162
1.7273636818409204 0.00022906447965516968
1.727863931965983 0.00022866773463003313
1.7283641820910454 0.00022826851552724056
1.728864432216108 0.00022786682772213082
1.7293646823411706 0.00022746307140322327
1.7298649324662332 0.00022705777368259297
1.7303651825912956 0.00022665106615190898
1.7308654327163582 0.00022624222403362255
1.7313656828414206 0.0002258329414767475
1.7318659329664832 0.0002254259021096677
1.7323661830915458 0.00022502136961951468
1.7328664332166084 0.00022461934999817157
1.7333666833416708 0.00022421984928183464
1.7338669334667332 0.00022382287355132021
1.7343671835917958 0.00022342842893237065
1.7348674337168584 0.00022303652159596623
1.735367683841921 0.00022264715775863834
1.7358679339669836 0.00022226034368278547
1.736368184092046 0.00022187608567699214
1.7368684342171083 0.0002214943900963515
1.737368684342171 0.00022111526334278996
1.7378689344672336 0.00022073871186539495
1.7383691845922962 0.00022036474216074618
1.7388694347173588 0.0002199933607732494
1.7393696848424212 0.00021962453449645813
1.7398699349674835 0.00021925821805545806
1.7403701850925462 0.00021889440609867676
1.7408704352176088 0.00021853310554818746
1.7413706853426714 0.00021817376022400208
1.741870935467734 0.00021781559090703487
1.7423711855927964 0.00021745838273604036
1.7428714357178587 0.00021710214553107831
1.7433716858429213 0.00021674688911586793
1.743871935967984 0.00021639262331717908
1.7443721860930466 0.00021603935796422096
1.744872436218109 0.00021568710288802682
1.7453726863431716 0.00021533586792083414
1.745872936468234 0.0002149856628954603
1.7463731865932965 0.00021463649764467662
1.7468734367183592 0.00021428838200057644
1.7473736868434218 0.0002139413257939401
1.7478739369684841 0.00021359533885359684
1.7483741870935467 0.00021324928655812225
1.7488744372186091 0.00021290246957037228
1.7493746873436717 0.000212555234736531
1.7498749374687343 0.00021220746197130614
1.750375187593797 0.00021185912922866955
1.7508754377188593 0.00021151024291281875
1.751375687843922 0.00021115966672605332
1.7518759379689843 0.00021080583460168095
1.752376188094047 0.0002104483265984989
1.7528764382191095 0.00021008715719906046
1.7533766883441722 0.0002097223414349563
1.7538769384692345 0.00020935389488578859
1.7543771885942971 0.0002089818336779526
1.7548774387193595 0.00020860617448322614
1.7553776888444221 0.0002082269345171668
1.7558779389694847 0.00020784413153731486
1.7563781890945473 0.00020745778384120335
1.7568784392196097 0.00020706791026417335
1.7573786893446721 0.00020667453017699866
1.7578789394697347 0.0002062776634833129
1.7583791895947973 0.00020587733061684798
1.75887943971986 0.00020547355253847663
1.7593796898449225 0.0002050663824902474
1.759879939969985 0.0002046558827328182
1.7603801900950473 0.00020424208413153392
1.76088044022011 0.00020382500933893285
1.7613806903451725 0.00020340764440113503
1.7618809404702351 0.00020299402401544216
1.7623811905952977 0.00020258520446244356
1.7628814407203601 0.00020218117239893826
1.7633816908454225 0.00020178191494562222
1.7638819409704851 0.0002013874196861571
1.7643821910955477 0.00020099767466635418
1.7648824412206103 0.0002006126683934759
1.765382691345673 0.0002002322206374034
1.7658829414707353 0.00019985593863962423
1.7663831915957977 0.00019948333698670447
1.7668834417208603 0.0001991141421880488
1.767383691845923 0.00019874834221496844
1.7678839419709855 0.0001983859253565946
1.768384192096048 0.0001980268802189846
1.7688844422211105 0.0001976711957243064
1.769384692346173 0.00019731907836709642
1.7698849424712355 0.000196970790054072
1.7703851925962981 0.00019662637518893275
1.7708854427213607 0.00019628582255610906
1.771385692846423 0.00019594811878482956
1.7718859429714857 0.00019561191094010614
1.772386193096548 0.0001952768516556905
1.7728864432216107 0.00019494293750595964
1.7733866933466733 0.00019461016509732335
1.773886943471736 0.0001942785310681481
1.7743871935967983 0.00019394803208868275
1.774887443721861 0.00019361866486098845
1.7753876938469233 0.00019329042611886948
1.775887943971986 0.00019296331262780845
1.7763881940970485 0.00019263732118490274
1.7768884442221111 0.00019231244861880482
1.7773886943471735 0.0001919886917896642
1.777888944472236 0.00019166604758907377
1.7783891945972985 0.00019134451294001612
1.778889444722361 0.00019102408479681595
1.7793896948474237 0.00019070591923984464
1.7798899449724863 0.00019039145012307202
1.7803901950975487 0.00019008095024814061
1.780890445222611 0.00018977441169084003
1.7813906953476737 0.00018947146693620574
1.7818909454727363 0.00018917163287342976
1.782391195597799 0.00018887478739348416
1.7828914457228615 0.00018858177854850093
1.783391695847924 0.00018829373003190818
1.7838919459729863 0.0001880116023714476
1.7843921960980489 0.00018773728589716415
1.7848924462231115 0.00018747199278383077
1.785392696348174 0.00018721574213316613
1.7858929464732367 0.00018696855405210417
1.786393196598299 0.00018673044966230974
1.7868934467233615 0.00018650145111002292
1.787393696848424 0.00018628158157623495
1.7878939469734867 0.0001860708652872049
1.7883941970985493 0.0001858693275253228
1.788894447223612 0.00018567699464032582
1.7893946973486743 0.00018549149821096963
1.7898949474737367 0.0001853099225628535
1.7903951975987993 0.0001851317452944271
1.7908954477238619 0.00018495698787458024
1.7913956978489245 0.00018478570842530377
1.791895947973987 0.00018461797625074435
1.7923961980990495 0.00018445382366081325
1.7928964482241119 0.0001842932714539243
1.7933966983491745 0.0001841363402244565
1.793896948474237 0.00018398305035849993
1.7943971985992997 0.00018383342202961584
1.794897448724362 0.00018368747519461023
1.7953976988494247 0.0001835452295893237
1.795897948974487 0.00018340670472443687
1.7963981990995497 0.00018327191988129572
1.7968984492246123 0.00018314089410775565
1.7973986993496749 0.00018301364621404694
1.7978989494747373 0.00018289019476866317
1.7983991995997999 0.00018277055809427355
1.7988994497248623 0.00018265475426366046
1.7993996998499249 0.00018254340698664625
1.7998999499749875 0.00018243726959826665
1.80040020010005 0.0001823353433968276
1.8009004502251125 0.00018223586795557625
1.801400700350175 0.00018213831690578017
1.8019009504752375 0.00018204251562184355
1.8024012006003 0.0001819468927203116
1.8029014507253627 0.00018185014578203347
1.8034017008504253 0.00018175227273548673
1.8039019509754877 0.0001816532715358149
1.80440220110055 0.00018155314016507707
1.8049024512256127 0.00018145187663249637
1.8054027013506753 0.00018134947897470804
1.8059029514757379 0.00018124594525600717
1.8064032016008005 0.0001811412735685954
1.8069034517258629 0.0001810354620328272
1.8074037018509252 0.0001809285087974552
1.8079039519759879 0.00018082041203987528
1.8084042021010505 0.0001807111699663705
1.808904452226113 0.00018060078081235422
1.8094047023511757 0.00018048982914805662
1.809904952476238 0.00018037901645711563
1.8104052026013004 0.0001802684585698299
1.810905452726363 0.0001801581554449205
1.8114057028514257 0.0001800480761130018
1.8119059529764883 0.00017993818108449485
1.8124062031015509 0.00017982846176370815
1.8129064532266133 0.00017971891802145282
1.8134067033516756 0.00017960954973016455
1.8139069534767382 0.0001795003567639094
1.8144072036018009 0.0001793913389983901
1.8149074537268635 0.00017928249631095138
1.815407703851926 0.00017917382858058682
1.8159079539769885 0.00017906533568794435
1.8164082041020508 0.00017895701751533262
1.8169084542271134 0.0001788488739467278
1.817408704352176 0.00017874090486777951
1.8179089544772387 0.00017863317543640998
1.818409204602301 0.00017852604310962042
1.8189094547273637 0.0001784198014724954
1.819409704852426 0.0001783140645717553
1.8199099549774886 0.0001782083744507327
1.8204102051025512 0.0001781029992853581
1.8209104552276139 0.00017799846219219165
1.8214107053526762 0.0001778947301394949
1.8219109554777388 0.00017779153125445523
1.8224112056028012 0.0001776888125169011
1.8229114557278638 0.0001775865773636728
1.8234117058529264 0.00017748482922809423
1.823911955977989 0.0001773835715397409
1.8244122061030514 0.00017728280772420665
1.824912456228114 0.00017718254120286945
1.8254127063531764 0.00017708277539265558
1.825912956478239 0.0001769835137058039
1.8264132066033016 0.00017688475954962768
1.8269134567283642 0.00017678651632627667
1.8274137068534266 0.00017668878743249729
1.8279139569784892 0.00017659157625939264
1.8284142071035516 0.0001764948861921806
1.8289144572286142 0.00017639872060995214
1.8294147073536768 0.00017630355466999976
1.8299149574787394 0.0001762099444372392
1.8304152076038018 0.00017611797476783434
1.8309154577288642 0.00017602765053747094
1.8314157078539268 0.00017593777739293852
1.8319159579789894 0.00017584686784266742
1.832416208104052 0.00017575463205499864
1.8329164582291146 0.0001756610709451011
1.833416708354177 0.00017556618556704827
1.8339169584792394 0.00017546997711428974
1.834417208604302 0.0001753724469200903
1.8349174587293646 0.00017527359645793522
1.8354177088544272 0.00017517342734190217
1.8359179589794898 0.00017507117306174506
1.8364182091045522 0.00017496472515365175
1.8369184592296146 0.00017485273808838539
1.8374187093546772 0.00017473520422534548
1.8379189594797398 0.0001746121164706775
1.8384192096048024 0.00017448346828065234
1.838919459729865 0.00017435186565608
1.8394197098549274 0.00017422228898827897
1.8399199599799898 0.00017409734402511063
1.8404202101050524 0.00017397727151671085
1.840920460230115 0.00017386208135012338
1.8414207103551776 0.00017375428216004972
1.84192096048024 0.00017365695223846606
1.8424212106053026 0.0001735706743175118
1.842921460730365 0.00017349546614668618
1.8434217108554276 0.00017343134805093897
1.8439219609804902 0.00017337834294957905
1.8444222111055528 0.0001733364763767603
1.8449224612306152 0.00017330577650357147
1.8454227113556778 0.00017328627416175784
1.8459229614807402 0.0001732780028691055
1.8464232116058028 0.0001732809988565201
1.8469234617308654 0.00017329530109683457
1.847423711855928 0.00017332095133538251
1.8479239619809904 0.00017335799412237515
1.848424212106053 0.00017340647684712415
1.8489244622311154 0.00017346644977415303
1.849424712356178 0.0001735341316365437
1.8499249624812406 0.00017360516606019897
