1.1000500250125063 0.00019693676002520945
1.1005502751375689 0.00019727592977666238
1.1010505252626313 0.0001976139945624282
1.1015507753876939 0.00019795157620107937
1.1020510255127565 0.00019828881693810546
1.1025512756378189 0.0001986253127220013
1.1030515257628815 0.00019896105647156944
1.103551775887944 0.00019929563740885467
1.1040520260130064 0.00019962889020913455
1.104552276138069 0.0001999631561318877
1.1050525262631314 0.00020030055257082142
1.105552776388194 0.00020064110728706413
1.1060530265132567 0.00020098496037127136
1.1065532766383193 0.0002013283262595807
1.1070535267633816 0.0002016672623738691
1.1075537768884443 0.00020200153784966424
1.1080540270135066 0.000202330272146451
1.1085542771385692 0.0002026527732389945
1.1090545272636319 0.00020296870679547432
1.1095547773886942 0.00020327573408594762
1.1100550275137568 0.0002035717901119182
1.1105552776388194 0.00020385702558311968
1.1110555277638818 0.00020413249125345934
1.1115557778889444 0.0002044064006106278
1.112056028014007 0.00020468603843949249
1.1125562781390694 0.00020497125912751773
1.113056528264132 0.00020526201175949404
1.1135567783891946 0.000205558333286635
1.114057028514257 0.0002058602477631533
1.1145572786393196 0.0002061676886281876
1.1150575287643822 0.0002064807021563931
1.1155577788894446 0.00020679950115201593
1.1160580290145072 0.00020712411689681625
1.1165582791395698 0.00020745429717466062
1.1170585292646322 0.00020779003260131676
1.1175587793896948 0.0002081315222647033
1.1180590295147574 0.0002084788027213223
1.1185592796398198 0.00020883191135490664
1.1190595297648824 0.00020919109711831064
1.119559779889945 0.00020955769916973754
1.1200600300150074 0.00020993263174823857
1.12056028014007 0.00021031572899877756
1.1210605302651326 0.00021070581196160849
1.121560780390195 0.00021109971255526603
1.1220610305152576 0.00021149548098004127
1.1225612806403202 0.00021189314019160504
1.1230615307653826 0.0002122927134112173
1.1235617808904452 0.0002126942241305209
1.1240620310155078 0.00021309647726781424
1.1245622811405702 0.0002134945222337357
1.1250625312656328 0.00021388485015956434
1.1255627813906954 0.000214268823315227
1.1260630315157578 0.00021464742251490034
1.1265632816408204 0.00021501946988365566
1.127063531765883 0.00021538389788402408
1.1275637818909454 0.00021574065205399385
1.128064032016008 0.00021608967886387748
1.1285642821410704 0.00021643137919511097
1.129064532266133 0.00021676764747676505
1.1295647823911956 0.00021710183202809058
1.1300650325162582 0.00021743600618866088
1.1305652826413206 0.00021777035612910098
1.1310655327663832 0.00021810490877342484
1.1315657828914456 0.00021843995066121805
1.1320660330165082 0.00021877573838361295
1.1325662831415708 0.0002191122705235807
1.1330665332666334 0.00021944956662096147
1.1335667833916958 0.0002197878218617928
1.1340670335167584 0.00022012700599559508
1.1345672836418208 0.00022046703080841353
1.1350675337668834 0.00022080801639496984
1.135567783891946 0.00022114996690129522
1.1360680340170084 0.0002214930137805855
1.136568284142071 0.00022183824730443873
1.1370685342671336 0.00022218664110992364
1.137568784392196 0.00022253821656258459
1.1380690345172586 0.00022289290217329108
1.1385692846423212 0.00022325111893461706
1.1390695347673836 0.00022361393062123502
1.1395697848924462 0.0002239825562789667
1.1400700350175088 0.00022435767682843808
1.1405702851425712 0.00022473933435242452
1.1410705352676338 0.0002251272172603425
1.1415707853926964 0.0002255184605011052
1.1420710355177588 0.00022591052233435379
1.1425712856428214 0.00022630321722367442
1.143071535767884 0.00022669570138896553
1.1435717858929464 0.00022708691031378717
1.144072036018009 0.00022747617423816155
1.1445722861430716 0.00022786187549635856
1.145072536268134 0.00022824263932401352
1.1455727863931966 0.00022861842435407086
1.1460730365182592 0.0002289895446009028
1.1465732866433216 0.00022935875592441774
1.1470735367683842 0.00022972928455662603
1.1475737868934468 0.00023010303767947012
1.1480740370185092 0.00023048097180432956
1.1485742871435718 0.00023086294297425516
1.1490745372686344 0.0002312486348083409
1.1495747873936968 0.00023163607248508303
1.1500750375187594 0.00023202359322992957
1.150575287643822 0.0002324111800503015
1.1510755377688844 0.0002327988329783722
1.151575787893947 0.00023318648506048754
1.1520760380190094 0.00023357086125016992
1.152576288144072 0.00023394866115619085
1.1530765382691346 0.00023431976960483638
1.1535767883941972 0.000234684151802565
1.1540770385192596 0.00023504259716243276
1.1545772886443222 0.00023539986583508515
1.1550775387693846 0.00023575993743585604
1.1555777888944472 0.00023612284928481504
1.1560780390195098 0.00023648838126082456
1.1565782891445724 0.00023685786521892256
1.1570785392696348 0.0002372343933989839
1.1575787893946974 0.00023761950922473524
1.1580790395197598 0.000238013253375953
1.1585792896448224 0.00023841566728409654
1.159079539769885 0.00023882620270683898
1.1595797898949474 0.00023924156122118008
1.16008004002001 0.00023965900037157991
1.1605802901450726 0.00024007850595978434
1.161080540270135 0.00024049957227037424
1.1615807903951976 0.00024092186595540903
1.1620810405202602 0.00024134556890283572
1.1625812906453226 0.0002417707038337109
1.1630815407703852 0.00024219729369117415
1.1635817908954478 0.00024262536164495224
1.1640820410205102 0.0002430551478787
1.1645822911455728 0.00024348786935391695
1.1650825412706354 0.00024392453942193663
1.1655827913956978 0.0002443647132257046
1.1660830415207604 0.0002448086868414881
1.166583291645823 0.00024525539156387377
1.1670835417708854 0.0002457029917430651
1.167583791895948 0.00024615149509299764
1.1680840420210106 0.0002466009093841547
1.168584292146073 0.0002470512424441762
1.1690845422711356 0.00024750180020454923
1.1695847923961982 0.0002479488239716782
1.1700850425212606 0.000248389192544946
1.1705852926463232 0.00024882284963431505
1.1710855427713858 0.00024924997983041597
1.1715857928964482 0.0002496701812025483
1.1720860430215108 0.00025008282927804206
1.1725862931465734 0.0002504878581130309
1.1730865432716358 0.0002508852029615353
1.1735867933966984 0.00025127480030319395
1.174087043521761 0.0002516579205760303
1.1745872936468233 0.00025204145285097546
1.175087543771886 0.00025243111819547333
1.1755877938969483 0.0002528287902729957
1.176088044022011 0.00025323629324646574
1.1765882941470736 0.0002536529380079583
1.1770885442721362 0.000254077984859979
1.1775887943971985 0.0002545114811345472
1.1780890445222612 0.0002549534751416001
1.1785892946473235 0.0002554040161818319
1.1790895447723861 0.0002558619377021534
1.1795897948974488 0.00025632128787478396
1.1800900450225114 0.0002567764990463871
1.1805902951475737 0.00025722516650738885
1.1810905452726363 0.00025766596418208527
1.1815907953976987 0.0002581007910444259
1.1820910455227613 0.000258531248026881
1.182591295647824 0.00025895729831325385
1.1830915457728866 0.00025937890541524077
1.183591795897949 0.0002597960331806953
1.1840920460230115 0.00026020838301929044
1.184592296148074 0.0002606165833332474
1.1850925462731365 0.0002610206829633551
1.1855927963981991 0.00026141955971480975
1.1860930465232615 0.00026181335826210364
1.1865932966483241 0.0002622045099965442
1.1870935467733867 0.0002625950608742986
1.1875937968984491 0.00026298503646777203
1.1880940470235117 0.00026337446237403097
1.1885942971485743 0.00026376355850854
1.1890945472736367 0.0002641555436430201
1.1895947973986993 0.00026455247891903896
1.190095047523762 0.00026495537085016057
1.1905952976488243 0.00026536620465651743
1.191095547773887 0.0002657840106422716
1.1915957978989495 0.000266202945959971
1.192096048024012 0.00026661811999226747
1.1925962981490745 0.00026702947860076515
1.1930965482741371 0.0002674369681715021
1.1935967983991995 0.00026783736764489336
1.1940970485242621 0.0002682260232693129
1.1945972986493247 0.0002686002860109112
1.1950975487743871 0.0002689579507269798
1.1955977988994497 0.00026929796174273915
1.1960980490245123 0.00026962095869609575
1.1965982991495747 0.0002699309470577881
1.1970985492746373 0.0002702312408149567
1.1975987993997 0.0002705218109277678
1.1980990495247623 0.0002708046557742061
1.198599299649825 0.0002710863824064791
1.1990995497748873 0.0002713718923622322
1.19959979989995 0.0002716637573908404
1.2001000500250125 0.0002719645610444507
1.2006003001500751 0.0002722746318986474
1.2011005502751375 0.0002725937346482446
1.2016008004002001 0.00027292045188692123
1.2021010505252625 0.0002732536186181543
1.2026013006503251 0.0002735932452214672
1.2031015507753877 0.0002739367509726733
1.2036018009004503 0.0002742811768066964
1.2041020510255127 0.0002746261975099735
1.2046023011505753 0.00027497096835385926
1.2051025512756377 0.00027531459603766657
1.2056028014007003 0.00027565707642264854
1.206103051525763 0.0002759992483071254
1.2066033016508255 0.00027634562342349425
1.207103551775888 0.000276699904834922
1.2076038019009505 0.0002770619121764323
1.208104052026013 0.0002774311241729822
1.2086043021510755 0.00027780725350149413
1.2091045522761381 0.00027819041677993185
1.2096048024012005 0.00027858063850165585
1.210105052526263 0.0002789778766595945
1.2106053026513257 0.00027938217975967704
1.211105552776388 0.0002797920046989629
1.2116058029014507 0.0002801990951787005
1.2121060530265133 0.0002805967124389238
1.2126063031515757 0.0002809829386999939
1.2131065532766383 0.0002813556465429824
1.213606803401701 0.0002817145512577001
1.2141070535267633 0.0002820596378031831
1.214607303651826 0.00028239119694261445
1.2151075537768885 0.0002827094622162553
1.215607803901951 0.0002830143687038609
1.2161080540270135 0.0002833072995440066
1.216608304152076 0.0002835955425244233
1.2171085542771385 0.0002838859204149877
1.217608804402201 0.0002841810774074023
1.2181090545272637 0.00028448273191947036
1.218609304652326 0.00028479091605312885
1.2191095547773887 0.00028510735367203723
1.2196098049024513 0.00028543486464848
1.2201100550275137 0.00028577458598203945
1.2206103051525763 0.0002861265688342203
1.221110555277639 0.0002864901564841719
1.2216108054027013 0.00028686188775886405
1.222111055527764 0.0002872399066283398
1.2226113056528263 0.0002876254182841927
1.2231115557778889 0.0002880187072623202
1.2236118059029515 0.00028841978757894855
1.224112056028014 0.00028882443572162694
1.2246123061530765 0.0002892264248149767
1.225112556278139 0.0002896237481152107
1.2256128064032015 0.00029001638170532364
1.226113056528264 0.00029040470894123825
1.2266133066533267 0.00029079030030650116
1.2271135567783893 0.0002911722499293095
1.2276138069034517 0.0002915484674006756
1.2281140570285143 0.0002919189419804707
1.2286143071535767 0.00029228366275881534
1.2291145572786393 0.00029264683743672823
1.2296148074037019 0.0002930144343811017
1.2301150575287645 0.0002933882209727002
1.2306153076538269 0.0002937682251269772
1.2311155577788895 0.0002941545412069904
1.2316158079039519 0.00029454851632483017
1.2321160580290145 0.00029495247452908954
1.232616308154077 0.0002953674959851811
1.2331165582791395 0.0002957936277932762
1.233616808404202 0.00029623091803818825
1.2341170585292647 0.00029667559519526866
1.234617308654327 0.0002971229252369522
1.2351175587793897 0.0002975719829956361
1.2356178089044523 0.00029802278910757085
1.2361180590295147 0.00029847500799497955
1.2366183091545773 0.0002989257651817103
1.2371185592796399 0.000299372199640848
1.2376188094047023 0.0002998139750713467
1.2381190595297649 0.00030025107708437726
1.2386193096548275 0.0003006834912190428
1.2391195597798899 0.00030111296032785237
1.2396198099049525 0.00030154122455380497
1.240120060030015 0.000301968267101782
1.2406203101550775 0.0003023940789645869
1.24112056028014 0.00030281858475009925
1.2416208104052027 0.0003032426100038882
1.242121060530265 0.00030366704679424706
1.2426213106553277 0.0003040918854076945
1.2431215607803903 0.0003045171160693805
1.2436218109054527 0.0003049427289436128
1.2441220610305153 0.00030536804718632595
1.2446223111555779 0.0003057924580268633
1.2451225612806402 0.00030621601670135693
1.2456228114057029 0.0003066387133171141
1.2461230615307652 0.0003070605043485022
1.2466233116558278 0.00030748155640800427
1.2471235617808905 0.0003079020777934524
1.247623811905953 0.0003083220719976088
1.2481240620310154 0.00030874154251451743
1.248624312156078 0.00030916049283965337
1.2491245622811404 0.0003095794034701012
1.249624812406203 0.0003099983361952516
1.2501250625312657 0.00031041686977857565
1.2506253126563283 0.00031083499890890943
1.2511255627813906 0.0003112526389492625
1.2516258129064533 0.0003116693407123684
1.2521260630315156 0.0003120847301219156
1.2526263131565782 0.00031249879479653114
1.2531265632816408 0.0003129115223589248
1.2536268134067035 0.00031332290043674626
1.2541270635317658 0.00031373315025105244
1.2546273136568284 0.00031414360252189177
1.2551275637818908 0.000314555367600435
1.2556278139069534 0.00031496845568414265
1.256128064032016 0.00031538105813776147
1.2566283141570787 0.0003157901845293209
1.257128564282141 0.0003161946546652024
1.2576288144072036 0.000316594460216965
1.258129064532266 0.00031698959268683705
1.2586293146573286 0.000317380043406439
1.2591295647823912 0.000317769374930558
1.2596298149074536 0.00031817048790933625
1.2601300650325162 0.00031859281861246094
1.2606303151575788 0.0003190365516308687
1.2611305652826412 0.0003195064622816605
1.2616308154077038 0.00032000955187174953
1.2621310655327664 0.0003205482896327645
1.2626313156578288 0.00032112298712335064
1.2631315657828914 0.0003217339773388514
1.263631815907954 0.00032238161518872586
1.2641320660330164 0.0003230584405585168
1.264632316158079 0.00032373751128250976
1.2651325662831416 0.0003243993465054081
1.265632816408204 0.00032504368433078265
1.2661330665332666 0.0003256656604431096
1.266633316658329 0.00032625840953413155
1.2671335667833916 0.00032681965460650014
1.2676338169084542 0.0003273491027487085
1.2681340670335168 0.0003278464769606342
1.2686343171585792 0.0003283115165181022
1.2691345672836418 0.00032874789244762844
1.2696348174087042 0.0003291680841899895
1.2701350675337668 0.000329580632980747
1.2706353176588294 0.0003299853674442883
1.271135567783892 0.00033038641618211433
1.2716358179089544 0.0003307889676977337
1.272136068034017 0.0003311940591441685
1.2726363181590794 0.0003316016877603447
1.273136568284142 0.00033201185064070024
1.2736368184092046 0.00033242454473469794
1.2741370685342672 0.000332839699951669
1.2746373186593296 0.00033325688177780267
1.2751375687843922 0.00033367557477308543
1.2756378189094546 0.00033409562535056703
1.2761380690345172 0.0003345151318047998
1.2766383191595798 0.0003349322549105264
1.2771385692846424 0.00033534704838624976
1.2776388194097048 0.0003357594987794608
1.2781390695347674 0.00033616959266323125
1.2786393196598298 0.0003365773166370688
1.2791395697848924 0.0003369832206181217
1.279639819909955 0.00033738919638865475
1.2801400700350176 0.00033779659832379347
1.28064032016008 0.0003382054495945199
1.2811405702851426 0.00033861647294421826
1.281640820410205 0.00033903028229068615
1.2821410705352676 0.0003394467788210671
1.2826413206603302 0.0003398659736028043
1.2831415707853926 0.00034028787778866607
1.2836418209104552 0.00034071250261745114
1.2841420710355178 0.0003411392434955385
1.2846423211605802 0.00034156606692408017
1.2851425712856428 0.00034199215370911944
1.2856428214107054 0.00034241820018138025
1.2861430715357678 0.0003428438070768049
1.2866433216608304 0.0003432690314749981
1.287143571785893 0.0003436944207702916
1.2876438219109554 0.0003441199736137532
1.288144072036018 0.0003445456886499379
1.2886443221610806 0.000344971564516878
1.289144572286143 0.00034539843016431575
1.2896448224112056 0.0003458289958999925
1.290145072536268 0.00034626489085916296
1.2906453226613306 0.0003467055382920667
1.2911455727863932 0.0003471503188186797
1.2916458229114558 0.00034759758919983145
1.2921460730365182 0.0003480460028661708
1.2926463231615808 0.00034849556514693504
1.2931465732866432 0.0003489462814024963
1.2936468234117058 0.0003493981570245934
1.2941470735367684 0.00034985078111937406
1.294647323661831 0.00035030282095068946
1.2951475737868934 0.00035075334970791734
1.295647823911956 0.00035120271187384704
1.2961480740370184 0.0003516469680067038
1.296648324162081 0.0003520706006874715
1.2971485742871436 0.0003524622687389593
1.2976488244122062 0.0003528217817917486
1.2981490745372686 0.0003531489670117236
1.2986493246623312 0.0003534436693276025
1.2991495747873936 0.000353704990070939
1.2996498249124562 0.0003539304070326567
1.3001500750375188 0.00035411817245454376
1.3006503251625814 0.0003542686861575695
1.3011505752876438 0.0003543921694958994
1.3016508254127064 0.0003545212643606502
1.3021510755377688 0.0003546788676755034
1.3026513256628314 0.00035486503041379653
1.303151575787894 0.00035507981738219086
1.3036518259129566 0.0003553233072888914
1.304152076038019 0.00035559669592880126
1.3046523261630816 0.0003559035198896674
1.305152576288144 0.00035624624665992014
1.3056528264132066 0.00035662505135145153
1.3061530765382692 0.0003570363057580565
1.3066533266633318 0.00035746620803090687
1.3071535767883942 0.0003579048265239238
1.3076538269134568 0.00035835234482213275
1.3081540770385192 0.00035880880376644875
1.3086543271635818 0.0003592742449914244
1.3091545772886444 0.00035974793162855446
1.3096548274137068 0.0003602275149198013
1.3101550775387694 0.00036071140741116117
1.310655327663832 0.0003611996197723199
1.3111555777888944 0.00036169491187633364
1.311655827913957 0.0003622055648771126
1.3121560780390196 0.00036273729311753667
1.312656328164082 0.0003632903127768349
1.3131565782891446 0.0003638646862448455
1.313656828414207 0.0003644604761766045
1.3141570785392696 0.00036507815785836783
1.3146573286643322 0.0003657190413018912
1.3151575787893948 0.00036638403622926615
1.3156578289144572 0.00036707322822165836
1.3161580790395198 0.0003677860501881391
1.3166583291645821 0.0003685145736591023
1.3171585792896447 0.0003692491287021602
1.3176588294147074 0.00036998736983552875
1.31815907953977 0.00037072929705271357
1.3186593296648323 0.00037147491023693395
1.319159579789895 0.00037222369523753863
1.3196598299149573 0.0003729741189303927
1.32016008004002 0.00037372514679217124
1.3206603301650826 0.0003744767507919388
1.3211605802901452 0.0003752296235754319
1.3216608304152075 0.00037598614057412176
1.3221610805402702 0.00037674750398101754
1.3226613306653325 0.0003775131474098669
1.3231615807903951 0.00037828297940343863
1.3236618309154577 0.00037905701050230576
1.3241620810405204 0.00037983570615395695
1.3246623311655827 0.00038062041293653753
1.3251625812906453 0.0003814120359731735
1.3256628314157077 0.00038221061037313665
1.3261630815407703 0.0003830151920675966
1.326663331665833 0.0003838226123724057
1.3271635817908956 0.0003846301729304494
1.327663831915958 0.0003854361372491437
1.3281640820410205 0.0003862392394450464
1.328664332166083 0.0003870394469627109
1.3291645822911455 0.0003878367194530871
1.3296648324162081 0.0003886310017396611
1.3301650825412707 0.00038942224634088557
1.3306653326663331 0.00039021042055363856
1.3311655827913957 0.000390995986344084
1.3316658329164581 0.0003917805026717103
1.3321660830415207 0.0003925650492762902
1.3326663331665833 0.0003933502853783331
1.3331665832916457 0.00039413766925715883
1.3336668334167083 0.00039492799859661165
1.334167083541771 0.0003957218084368999
1.3346673336668333 0.0003965206210824425
1.335167583791896 0.0003973254405217422
1.3356678339169585 0.00039813629550149946
1.336168084042021 0.0003989541286606177
1.3366683341670835 0.000399781863402679
1.337168584292146 0.00040062153923737154
1.3376688344172085 0.0004014727189016285
1.3381690845422711 0.000402331961213258
1.3386693346673337 0.00040319557965831307
1.3391695847923961 0.0004040617491952608
1.3396698349174587 0.0004049273399674393
1.340170085042521 0.0004057903236626619
1.3406703351675837 0.0004066507032499694
1.3411705852926463 0.00040750712716621407
1.341670835417709 0.0004083553728034698
1.3421710855427713 0.0004091925284003412
1.342671335667834 0.000410018519263181
1.3431715857928963 0.00041083251962228896
1.343671835917959 0.000411633446209819
1.3441720860430215 0.00041242153414440877
1.3446723361680841 0.00041319831468425097
1.3451725862931465 0.0004139647666729267
1.3456728364182091 0.00041472084149819674
1.3461730865432715 0.00041546745628573336
1.346673336668334 0.00041620752845374206
1.3471735867933967 0.00041694303666315404
1.3476738369184593 0.0004176739805495746
1.3481740870435217 0.0004183974941555325
1.3486743371685843 0.00041910528513437555
1.3491745872936467 0.00041979419511717483
1.3496748374187093 0.00042046696614740956
1.350175087543772 0.00042112405484992564
1.3506753376688345 0.0004217654339522419
1.351175587793897 0.0004223905635712952
1.3516758379189595 0.0004229978684166554
1.352176088044022 0.0004235862716063235
1.3526763381690845 0.000424155720228869
1.353176588294147 0.0004247061609375119
1.3536768384192097 0.0004252437613704365
1.354177088544272 0.00042577620127536985
1.3546773386693347 0.0004263014315547005
1.355177588794397 0.0004268158961208455
1.3556778389194597 0.00042731955073382216
1.3561780890445223 0.00042781298491968673
1.3566783391695847 0.00042829804096776463
1.3571785892946473 0.00042877594102066894
1.35767883941971 0.00042924666529056747
1.3581790895447723 0.00042971019387260843
1.358679339669835 0.00043016649887607316
1.3591795897948975 0.0004306155162045317
1.3596798399199599 0.00043105787156216124
1.3601800900450225 0.0004314972891092913
1.3606803401700849 0.0004319368253767494
1.3611805902951475 0.0004323759288837505
1.36168084042021 0.0004328129753126826
1.3621810905452727 0.00043324688505613833
1.362681340670335 0.0004336776425933669
1.3631815907953977 0.00043410523243074794
1.36368184092046 0.00043452963910265666
1.3641820910455227 0.0004349515286070179
1.3646823411705853 0.0004353730575291283
1.365182591295648 0.0004357956155422788
1.3656828414207103 0.0004362183111999662
1.3661830915457729 0.0004366403507317734
1.3666833416708353 0.00043706175150451187
1.3671835917958979 0.0004374825215592201
1.3676838419209605 0.00043790265113248197
1.368184092046023 0.00043832213044808614
1.3686843421710855 0.00043874094971758324
1.369184592296148 0.00043915964371292503
1.3696848424212105 0.00043957849261815627
1.370185092546273 0.0004399963733267385
1.3706853426713357 0.0004404124661162474
1.3711855927963983 0.00044082730700230577
1.3716858429214607 0.0004412402120640311
1.3721860930465233 0.00044164999428108163
1.3726863431715857 0.0004420566350242508
1.3731865932966483 0.00044246011574982475
1.3736868434217109 0.0004428604180014856
1.3741870935467735 0.0004432572177856526
1.3746873436718359 0.0004436497149921908
1.3751875937968985 0.000444040025607001
1.3756878439219609 0.00044443155746159274
1.3761880940470235 0.0004448264515210773
1.376688344172086 0.00044522801477176523
1.3771885942971487 0.00044563820085826675
1.377688844422211 0.0004460570055179464
1.3781890945472737 0.0004464844574922443
1.378689344672336 0.0004469205858893805
1.3791895947973987 0.0004473660135833733
1.3796898449224613 0.0004478222697677027
1.3801900950475237 0.00044829030004550586
1.3806903451725863 0.00044877036795806194
1.3811905952976489 0.00044926207366516405
1.3816908454227113 0.0004497635916915169
1.3821910955477739 0.0004502719501427248
1.3826913456728365 0.00045078486307561377
1.3831915957978989 0.0004513018390486243
1.3836918459229615 0.0004518228950221147
1.3841920960480238 0.00045234685914085287
1.3846923461730865 0.0004528707804027565
1.385192596298149 0.00045339287685270654
1.3856928464232117 0.0004539130608787241
1.386193096548274 0.000454428758549453
1.3866933466733367 0.0004549368894462411
1.387193596798399 0.00045543684972886353
1.3876938469234616 0.00045593111563060445
1.3881940970485243 0.0004564239777063324
1.3886943471735869 0.0004569172187722733
1.3891945972986492 0.00045741226886383357
1.3896948474237119 0.00045791268073898085
1.3901950975487742 0.00045842057986122584
1.3906953476738368 0.0004589359883304641
1.3911955977988995 0.0004594600861461423
1.391695847923962 0.00045999794521904883
1.3921960980490244 0.0004605535050704903
1.392696348174087 0.0004611268333626938
1.3931965982991494 0.0004617170696680607
1.393696848424212 0.00046232155394302136
1.3941970985492746 0.0004629367043441102
1.3946973486743373 0.0004635580841945513
1.3951975987993996 0.00046418306931122566
1.3956978489244622 0.00046481165696987914
1.3961980990495246 0.00046544366651684243
1.3966983491745872 0.0004660781639519509
1.3971985992996498 0.00046671111446422924
1.3976988494247125 0.00046733922089277645
1.3981990995497748 0.00046796245364879544
1.3986993496748374 0.00046858071831849384
1.3991995997998998 0.00046919523422429257
1.3996998499249624 0.000469810720443432
1.400200100050025 0.0004704306208907114
1.4007003501750876 0.0004710549774380893
1.40120060030015 0.0004716839939238131
1.4017008504252126 0.0004723181375051103
1.402201100550275 0.00047295781558780533
1.4027013506753376 0.00047360402652076684
1.4032016008004002 0.00047425767525010167
1.4037018509254626 0.00047491881956972053
1.4042021010505252 0.0004755865251052469
1.4047023511755878 0.00047625913874672557
1.4052026013006502 0.0004769362358313835
1.4057028514257128 0.00047761809773922786
1.4062031015507754 0.0004783041218864287
1.4067033516758378 0.00047899269348961434
1.4072036018009004 0.0004796828192815752
1.407703851925963 0.00048037445705483337
1.4082041020510254 0.00048106635282548936
1.408704352176088 0.00048175729731035296
1.4092046023011506 0.0004824451561148441
1.409704852426213 0.00048312490810659516
1.4102051025512756 0.0004837934159023331
1.410705352676338 0.00048444999230120054
1.4112056028014006 0.00048509451890337257
1.4117058529264632 0.00048572783804933726
1.4122061030515258 0.00048635044134202307
1.4127063531765882 0.00048696226740188505
1.4132066033016508 0.0004875632556229485
1.4137068534267132 0.00048815382549162765
1.4142071035517758 0.0004887354033814883
1.4147073536768384 0.0004893102207533153
1.415207603801901 0.0004898795200063438
1.4157078539269634 0.0004904432745516266
1.416208104052026 0.0004910000046518564
1.4167083541770884 0.0004915470977816782
1.417208604302151 0.0004920833821166659
1.4177088544272136 0.0004926088066378091
1.4182091045522762 0.0004931233210461106
1.4187093546773386 0.0004936268757726929
1.4192096048024012 0.0004941260281536621
1.4197098549274636 0.0004946339466836325
1.4202101050525262 0.0004951572623512293
1.4207103551775888 0.0004956960627739737
1.4212106053026514 0.0004962518372458124
1.4217108554277138 0.000496828017268172
1.4222111055527764 0.0004974264786234665
1.4227113556778388 0.0004980471841182563
1.4232116058029014 0.0004986902877672386
1.423711855927964 0.0004993559501525992
1.4242121060530266 0.0005000364707233658
1.424712356178089 0.0005007114305691772
1.4252126063031516 0.0005013661859120022
1.425712856428214 0.0005019986707240067
1.4262131065532766 0.0005026070448864083
1.4267133566783392 0.000503186961561462
1.4272136068034016 0.0005037357604090724
1.4277138569284642 0.0005042542381789865
1.4282141070535268 0.000504743264211624
1.4287143571785892 0.000505202750694989
1.4292146073036518 0.0005056387208157321
1.4297148574287144 0.0005060648696264813
1.4302151075537768 0.0005064898017590821
1.4307153576788394 0.0005069164608128136
1.431215607803902 0.0005073489731707373
1.4317158579289644 0.0005077926533710185
1.432216108054027 0.0005082506738106694
1.4327163581790896 0.0005087231187171951
1.433216608304152 0.0005092094124486241
1.4337168584292146 0.000509707897768667
1.434217108554277 0.0005102132565361527
1.4347173586793396 0.0005107159780287466
1.4352176088044022 0.0005112108108673568
1.4357178589294648 0.0005116977898586423
1.4362181090545272 0.0005121752944035234
1.4367183591795898 0.0005126376003441086
1.4372186093046522 0.0005130806007602217
1.4377188594297148 0.0005135041925868352
1.4382191095547774 0.0005139082762305963
1.43871935967984 0.0005142947463177219
1.4392196098049024 0.0005146703925278206
1.439719859929965 0.0005150407810924108
1.4402201100550274 0.0005154066148979909
1.44072036018009 0.0005157678639543775
1.4412206103051526 0.0005161256589577012
1.4417208604302152 0.0005164820257819418
1.4422211105552776 0.0005168375717235767
1.4427213606803402 0.0005171920190504884
1.4432216108054026 0.0005175453587940093
1.4437218609304652 0.0005178971476576545
1.4442221110555278 0.000518246433197099
1.4447223611805904 0.0005185925857658202
1.4452226113056528 0.0005189346988725449
1.4457228614307154 0.0005192719708876608
1.4462231115557778 0.000519606848288586
1.4467233616808404 0.0005199451008997851
1.447223611805903 0.0005202902839124947
1.4477238619309656 0.000520643083832436
1.448224112056028 0.0005210039627689878
1.4487243621810906 0.0005213729543161269
1.449224612306153 0.0005217518355149723
1.4497248624312156 0.0005221443850393014
1.4502251125562782 0.0005225526590876723
1.4507253626813406 0.0005229760068837939
1.4512256128064032 0.0005234116662760361
1.4517258629314658 0.0005238561281316877
1.4522261130565282 0.0005243079796964701
1.4527263631815908 0.0005247672664989173
1.4532266133066534 0.0005252348441473218
1.4537268634317158 0.000525711640261425
1.4542271135567784 0.0005261963596178804
1.454727363681841 0.0005266860447409548
1.4552276138069034 0.000527179137194288
1.455727863931966 0.0005276756569343737
1.4562281140570286 0.0005281702580642486
1.456728364182091 0.0005286510489645242
1.4572286143071536 0.0005291116288857045
1.457728864432216 0.0005295520779298535
1.4582291145572785 0.0005299722832191389
1.4587293646823412 0.0005303723019002314
1.4592296148074038 0.0005307516178361628
1.4597298649324661 0.0005311086979942164
1.4602301150575288 0.0005314425860724199
1.4607303651825911 0.0005317531815785597
1.4612306153076537 0.0005320493634685549
1.4617308654327164 0.0005323513782980178
1.462231115557779 0.0005326705797765619
1.4627313656828413 0.0005330074825707083
1.463231615807904 0.0005333626662897092
1.4637318659329663 0.0005337362660115474
1.464232116058029 0.000534131183994819
1.4647323661830915 0.0005345523438448065
1.4652326163081542 0.0005350018124203167
1.4657328664332165 0.0005354796747307879
1.4662331165582791 0.0005359790991273262
1.4667333666833415 0.0005364845569286549
1.4672336168084041 0.0005369874157395648
1.4677338669334667 0.0005374876571280845
1.4682341170585294 0.0005379852326428032
1.4687343671835917 0.00053847939371426
1.4692346173086543 0.0005389637548512758
1.4697348674337167 0.0005394266173942484
1.4702351175587793 0.0005398625943443575
1.470735367683842 0.0005402734132981585
1.4712356178089045 0.0005406650041999236
1.471735867933967 0.0005410481133565863
1.4722361180590295 0.0005414286410298136
1.472736368184092 0.0005418065694168836
1.4732366183091545 0.0005421818808148117
1.4737368684342171 0.0005425545576225382
1.4742371185592795 0.0005429296130009462
1.4747373686843421 0.000543317298742531
1.4752376188094047 0.0005437228833615314
1.4757378689344671 0.0005441441954964928
1.4762381190595297 0.0005445736942880645
1.4767383691845923 0.0005450052708243119
1.4772386193096547 0.0005454381577329957
1.4777388694347173 0.0005458723708801281
1.47823911955978 0.0005463079262644583
1.4787393696848423 0.0005467448400195959
1.479239619809905 0.0005471841603713682
1.4797398699349675 0.0005476279866034622
1.48024012006003 0.0005480773678951365
1.4807403701850925 0.0005485326996313878
1.481240620310155 0.0005489949843139877
1.4817408704352175 0.0005494649603565068
1.4822411205602801 0.0005499436323466796
1.4827413706853427 0.0005504318951568623
1.4832416208104051 0.0005509298107479085
1.4837418709354677 0.0005514374425775449
1.48424212106053 0.0005519520485637461
1.4847423711855927 0.000552468078340566
1.4852426213106553 0.0005529827541446301
1.485742871435718 0.0005534960728147759
1.4862431215607803 0.0005540062210104077
1.486743371685843 0.0005545096715715725
1.4872436218109053 0.0005550046839086433
1.487743871935968 0.000555491987658324
1.4882441220610305 0.0005559733884199702
1.4887443721860931 0.000556449919049732
1.4892446223111555 0.0005569187915618284
1.4897448724362181 0.0005573745238571674
1.4902451225612805 0.0005578143565568045
1.490745372686343 0.0005582381967143351
1.4912456228114057 0.0005586475686933393
1.4917458729364683 0.0005590458150366334
1.4922461230615307 0.0005594344695387539
1.4927463731865933 0.0005598124337622182
1.4932466233116557 0.0005601788203316871
1.4937468734367183 0.0005605331353872917
1.494247123561781 0.0005608772884718922
1.4947473736868435 0.0005612161362056608
1.495247623811906 0.0005615521532965074
1.4957478739369685 0.0005618853291106289
1.496248124062031 0.0005622165351367802
1.4967483741870935 0.0005625476149786573
1.497248624312156 0.0005628795379850283
1.4977488744372185 0.0005632123090254075
1.498249124562281 0.0005635459514958076
1.4987493746873437 0.0005638806189340503
1.499249624812406 0.0005642184071523624
1.4997498749374687 0.0005645626414653926
1.5002501250625313 0.0005649146373174517
1.500750375187594 0.0005652743671955357
1.5012506253126563 0.000565638662550599
1.5017508754377187 0.0005660008926885321
1.5022511255627813 0.0005663576026390875
1.502751375687844 0.0005667087701554783
1.5032516258129065 0.0005670543731522503
1.503751875937969 0.0005673943897075765
1.5042521260630315 0.0005677259713006098
1.5047523761880939 0.0005680441521791394
1.5052526263131565 0.0005683468074138118
1.505752876438219 0.0005686346588210905
1.5062531265632817 0.0005689147981424551
1.506753376688344 0.0005692003415073732
1.5072536268134067 0.0005694980565851671
1.507753876938469 0.0005698079899536605
1.5082541270635317 0.0005701301897964475
1.5087543771885943 0.0005704647059189876
1.509254627313657 0.0005708134647477242
1.5097548774387193 0.0005711800883938474
1.5102551275637819 0.000571566343081984
1.5107553776888443 0.0005719725726174943
1.5112556278139069 0.0005723935026385849
1.5117558779389695 0.0005728176924804328
1.512256128064032 0.0005732392650581499
1.5127563781890945 0.0005736582026976784
1.513256628314157 0.0005740744877785754
1.5137568784392195 0.0005744881027356544
1.514257128564282 0.0005748980322533391
1.5147573786893447 0.0005753023767765988
1.5152576288144073 0.0005757002256784852
1.5157578789394697 0.0005760915434980247
1.5162581290645323 0.0005764751302898114
1.5167583791895947 0.0005768484339912427
1.5172586293146573 0.0005772099751399555
1.5177588794397199 0.0005775597303731278
1.5182591295647825 0.000577897759774318
1.5187593796898449 0.0005782240114295105
1.5192596298149073 0.0005785390724484061
1.5197598799399699 0.0005788440841011731
1.5202601300650325 0.0005791395556919184
1.520760380190095 0.0005794254494655944
1.5212606303151577 0.0005797048797278934
1.52176088044022 0.0005799841013421191
1.5222611305652824 0.0005802662405534377
1.522761380690345 0.0005805510044043775
1.5232616308154077 0.0005808372794990065
1.5237618809404703 0.0005811236452559342
1.5242621310655329 0.0005814086972200609
1.5247623811905953 0.00058169095630646
1.5252626313156576 0.0005819697387969365
1.5257628814407203 0.0005822450354296827
1.5262631315657829 0.0005825199006961815
1.5267633816908455 0.000582800379012397
1.527263631815908 0.0005830894733090447
1.5277638819409705 0.000583387219524348
1.5282641320660328 0.0005836936546810474
1.5287643821910955 0.0005840088169466936
1.529264632316158 0.0005843353672167107
1.5297648824412207 0.0005846780588301208
1.530265132566283 0.0005850390419730656
1.5307653826913457 0.0005854183960474267
1.531265632816408 0.0005858132978320337
1.5317658829414706 0.0005862181381305418
1.5322661330665333 0.000586630187301782
1.5327663831915959 0.0005870494769719097
1.5332666333166582 0.0005874760392629466
1.5337668834417209 0.0005879099067979738
1.5342671335667832 0.0005883511494660373
1.5347673836918458 0.000588799867759209
1.5352676338169085 0.0005892561258013693
1.535767883941971 0.0005897198313514117
1.5362681340670334 0.0005901887071834658
1.536768384192096 0.000590658547088709
1.5372686343171584 0.0005911273073313703
1.537768884442221 0.0005915949768301223
1.5382691345672836 0.0005920615444934111
1.5387693846923463 0.0005925269992200128
1.5392696348174086 0.0005929867649653797
1.5397698849424712 0.0005934326034794665
1.5402701350675336 0.0005938608013498332
1.5407703851925962 0.0005942712651979692
1.5412706353176588 0.00059466698446254
1.5417708854427215 0.0005950530361728764
1.5422711355677838 0.0005954314418781729
1.5427713856928462 0.0005958021654410374
1.5432716358179088 0.0005961651727076962
1.5437718859429714 0.0005965204300076316
1.544272136068034 0.0005968752125198375
1.5447723861930966 0.0005972425354227012
1.545272636318159 0.0005976281610158385
1.5457728864432214 0.0005980321734483065
1.546273136568284 0.000598452561331115
1.5467733866933466 0.0005988854186395315
1.5472736368184092 0.0005993289210078367
1.5477738869434718 0.0005997831206235028
1.5482741370685342 0.0006002481081656585
1.5487743871935966 0.0006007239783359674
1.5492746373186592 0.000601206032659398
1.5497748874437218 0.0006016859059459395
1.5502751375687844 0.0006021599461358031
1.550775387693847 0.0006026281202303188
1.5512756378189094 0.0006030915138200601
1.5517758879439718 0.0006035522044853231
1.5522761380690344 0.0006040111624929726
1.552776388194097 0.0006044683777863371
1.5532766383191596 0.0006049238403041929
1.5537768884442222 0.0006053776281445464
1.5542771385692846 0.0006058328513365278
1.554777388694347 0.0006062949801539467
1.5552776388194096 0.0006067664820388903
1.5557778889444722 0.0006072474078488794
1.5562781390695348 0.0006077370928172182
1.5567783891945972 0.0006082342498084193
1.5572786393196598 0.000608738301778618
1.5577788894447222 0.0006092492879627929
1.5582791395697848 0.000609767248224702
1.5587793896948474 0.0006102922230647428
1.55927963981991 0.0006108188333024689
1.5597798899449724 0.0006113380076866829
1.560280140070035 0.0006118469311262323
1.5607803901950974 0.0006123465423008114
1.56128064032016 0.0006128378025411065
1.5617808904452226 0.0006133223319935284
1.5622811405702852 0.000613800853898037
1.5627813906953476 0.0006142733287361211
1.5632816408204102 0.0006147397173496748
1.5637818909454726 0.0006151999809485162
1.5642821410705352 0.0006156646512344313
1.5647823911955978 0.0006161519231952436
1.5652826413206604 0.0006166695177720627
1.5657828914457228 0.0006172176029237482
1.5662831415707852 0.0006177936940146286
1.5667833916958478 0.0006183942681631219
1.5672836418209104 0.0006190184510215873
1.567783891945973 0.000619666396847886
1.5682841420710356 0.0006203382656931772
1.568784392196098 0.0006210342234955642
1.5692846423211604 0.000621739543397038
1.569784892446223 0.0006224288573192858
1.5702851425712856 0.0006230915198623457
1.5707853926963482 0.0006237273344394157
1.5712856428214108 0.0006243360688008908
1.5717858929464732 0.0006249174627490719
1.5722861430715356 0.0006254712838033506
1.5727863931965982 0.0006259971992969072
1.5732866433216608 0.0006264946641819543
1.5737868934467234 0.0006269632805760716
1.574287143571786 0.0006274069089464604
1.5747873936968484 0.0006278322053019451
1.5752876438219108 0.0006282418482574934
1.5757878939469734 0.0006286357646254679
1.576288144072036 0.0006290191146206949
1.5767883941970986 0.0006294012485740846
1.5772886443221612 0.000629786325048919
1.5777888944472236 0.0006301743563892939
1.578289144572286 0.000630565441718773
1.5787893946973486 0.0006309600137477985
1.5792896448224112 0.000631363037918721
1.5797898949474738 0.000631782288155581
1.5802901450725362 0.0006322209557201997
1.5807903951975988 0.0006326791322136585
1.5812906453226612 0.0006331485372377281
1.5817908954477238 0.0006336143031951858
1.5822911455727864 0.0006340698651824347
1.582791395697849 0.0006345151686181883
1.5832916458229114 0.000634950159864208
1.583791895947974 0.000635374786239724
1.5842921460730364 0.0006357889960356681
1.584792396198099 0.000636192451810464
1.5852926463231616 0.0006365847129014754
1.5857928964482242 0.0006369658429454491
1.5862931465732866 0.0006373414920264882
1.5867933966983492 0.0006377214696038646
1.5872936468234116 0.0006381102680482357
1.5877938969484742 0.0006385080482217976
1.5882941470735368 0.0006389148477177929
1.5887943971985994 0.0006393307049280517
1.5892946473236618 0.0006397556590511888
1.5897948974487242 0.0006401897501009927
1.5902951475737868 0.0006406330189150125
1.5907953976988494 0.000641085605082566
1.591295647823912 0.0006415443060229688
1.5917958979489746 0.0006420030216715044
1.592296148074037 0.0006424586986091405
1.5927963981990994 0.0006429110505687816
1.593296648324162 0.000643360057879834
1.5937968984492246 0.0006438057009554079
1.5942971485742872 0.000644247960294218
1.5947973986993498 0.0006446868164824865
1.5952976488244122 0.0006451222501958466
1.5957978989494745 0.000645554242201244
1.5962981490745372 0.0006459889411401713
1.5967983991995998 0.000646432424331033
1.5972986493246624 0.0006468814953291522
1.597798899449725 0.0006473329245952497
1.5982991495747874 0.0006477866401003715
1.5987993996998497 0.0006482429285224702
1.5992996498249124 0.0006487020349957969
1.599799899949975 0.0006491639699878116
1.6003001500750376 0.0006496287440384352
1.6008004002001002 0.0006500963677605926
1.6013006503251626 0.0006505548516617705
1.601800900450225 0.0006509835171470637
1.6023011505752875 0.0006513736012465459
1.6028014007003502 0.0006517249401994065
1.6033016508254128 0.0006520373761439727
1.6038019009504751 0.0006523104100058982
1.6043021510755378 0.0006525435638893012
1.6048024012006001 0.0006527367068175078
1.6053026513256627 0.0006528896461994278
1.6058029014507254 0.0006530022261869847
1.606303151575788 0.0006530910875470701
1.6068034017008503 0.0006531896094405657
1.607303651825913 0.0006533174893698678
1.6078039019509753 0.0006534777554525828
1.608304152076038 0.0006536704743088456
1.6088044022011005 0.0006538957223839805
1.6093046523261632 0.0006541535860106632
1.6098049024512255 0.0006544442982963871
1.6103051525762881 0.0006547683571951297
1.6108054027013505 0.0006551261349680561
1.6113056528264131 0.0006555132803332508
1.6118059029514757 0.0006559222676963042
1.6123061530765384 0.0006563500263850032
1.6128064032016007 0.0006567966388455313
1.6133066533266633 0.0006572621908824578
1.6138069034517257 0.0006577467716967564
1.6143071535767883 0.0006582504739254187
1.614807403701851 0.0006587733936826847
1.6153076538269135 0.0006593156306029348
1.615807903951976 0.0006598772878852708
1.6163081540770383 0.0006604533442532033
1.616808404202101 0.0006610354304801523
1.6173086543271635 0.0006616203454648858
1.6178089044522261 0.0006622082321997672
1.6183091545772887 0.0006627993133799097
1.6188094047023511 0.0006633937675944064
1.6193096548274135 0.0006639916101263928
1.6198099049524761 0.0006645928563745611
1.6203101550775387 0.0006651975218541626
1.6208104052026013 0.0006658056221980198
1.621310655327664 0.0006664171731575507
1.6218109054527263 0.0006670321906038028
1.6223111555777887 0.0006676506905284994
1.6228114057028513 0.0006682724576358216
1.623311655827914 0.0006688972360355657
1.6238119059529765 0.0006695247878716143
1.6243121560780391 0.0006701547737892571
1.6248124062031015 0.0006707870639579895
1.625312656328164 0.0006714216674770729
1.6258129064532265 0.0006720585948334577
1.6263131565782891 0.0006726978565809696
1.6268134067033517 0.0006733331021656049
1.6273136568284141 0.000673954420852556
1.6278139069534767 0.0006745582094368943
1.628314157078539 0.0006751443604139365
1.6288144072036017 0.000675712777343072
1.6293146573286643 0.0006762636514510604
1.629814907453727 0.0006767971691198383
1.6303151575787893 0.000677313234762215
1.630815407703852 0.000677811755369533
1.6313156578289143 0.0006782926558589016
1.631815907953977 0.000678755863897826
1.6323161580790395 0.0006792012945587527
1.6328164082041021 0.0006796288655925859
1.6333166583291645 0.00068003849750644
1.6338169084542271 0.0006804353140081079
1.6343171585792895 0.0006808277287293484
1.634817408704352 0.0006812189865317148
1.6353176588294147 0.0006816090354216411
1.6358179089544773 0.0006819975724155533
1.6363181590795397 0.0006823843391069824
1.6368184092046023 0.0006827735250348143
1.6373186593296647 0.0006831715550979173
1.6378189094547273 0.0006835807179910478
1.63831915957979 0.0006840011051836176
1.6388194097048525 0.0006844327715801906
1.639319659829915 0.0006848757643608323
1.6398199099549773 0.0006853301319068736
1.64032016008004 0.0006857959238133136
1.6408204102051025 0.0006862731909015607
1.641320660330165 0.0006867619852325261
1.6418209104552277 0.0006872623838234366
1.64232116058029 0.000687774546343998
1.6428214107053525 0.0006882986103922959
1.643321660830415 0.0006888346337325695
1.6438219109554777 0.0006893770816515674
1.6443221610805403 0.0006899169339069883
1.644822411205603 0.0006904506562522396
1.6453226613306653 0.0006909781497985471
1.6458229114557277 0.0006914993804895483
1.6463231615807903 0.0006920143145359733
1.646823411705853 0.0006925258127174576
1.6473236618309155 0.0006930382149536066
1.647823911955978 0.0006935529860305616
1.6483241620810405 0.0006940701691213381
1.6488244122061029 0.0006945899097961717
1.6493246623311655 0.0006951123206700274
1.649824912456228 0.0006956374124089474
1.6503251625812907 0.00069616519575204
1.650825412706353 0.0006966956814999157
1.6513256628314157 0.0006972288804952902
1.651825912956478 0.000697764803667632
1.6523261630815407 0.0006983034620537451
1.6528264132066033 0.0006988448667663671
1.653326663331666 0.0006993890289947607
1.6538269134567283 0.0006999357929467403
1.6543271635817909 0.0007004849055621176
1.6548274137068533 0.0007010362313723615
1.6553276638319159 0.0007015895550030098
1.6558279139569785 0.0007021447086457411
1.656328164082041 0.0007027016998256231
1.6568284142071035 0.0007032607208000565
1.657328664332166 0.000703822054312733
1.6578289144572285 0.0007043859054825381
1.658329164582291 0.0007049523993226993
1.6588294147073537 0.0007055215554373231
1.6593296648324163 0.0007060933852880591
1.6598299149574787 0.0007066679004158762
1.6603301650825413 0.0007072451124416991
1.6608304152076037 0.0007078250330670533
1.6613306653326663 0.0007084076742913333
1.6618309154577289 0.0007089930496144339
1.6623311655827915 0.0007095811724082902
1.6628314157078539 0.0007101720547132341
1.6633316658329163 0.0007107657086535929
1.6638319159579789 0.0007113693372981939
1.6643321660830415 0.000711994391429681
1.664832416208104 0.0007126453975601245
1.6653326663331667 0.0007133227108794127
1.665832916458229 0.0007140264878891931
1.6663331665832914 0.0007147568911517564
1.666833416708354 0.0007155042171387123
1.6673336668334167 0.0007162541246721749
1.6678339169584793 0.0007170020598004229
1.6683341670835419 0.000717747984233581
1.6688344172086043 0.0007184918595307615
1.6693346673336666 0.0007192336635908148
1.6698349174587293 0.0007199733743357112
1.6703351675837919 0.0007207109696656374
1.6708354177088545 0.000721446426350089
1.671335667833917 0.0007221797071445889
1.6718359179589795 0.000722910775829633
1.6723361680840418 0.0007236396101270913
1.6728364182091044 0.000724366187744559
1.673336668334167 0.0007250904863767557
1.6738369184592297 0.0007258076819203756
1.674337168584292 0.0007265103759939439
1.6748374187093547 0.0007271958911467644
1.675337668834417 0.0007278640655730658
1.6758379189594796 0.0007285147803983197
1.6763381690845423 0.0007291479287145993
1.6768384192096049 0.0007297716763433953
1.6773386693346672 0.0007303978893826975
1.6778389194597298 0.0007310302057722838
1.6783391695847922 0.000731668627363808
1.6788394197098548 0.0007323131715869459
1.6793396698349174 0.0007329638679467677
1.67983991995998 0.0007336207462760707
1.6803401700850424 0.0007342838367387305
1.680840420210105 0.0007349531698331059
1.6813406703351674 0.0007356288682253667
1.68184092046023 0.0007363111251091897
1.6823411705852926 0.0007370000426898584
1.6828414207103553 0.0007376956538844089
1.6833416708354176 0.0007383979919776527
1.6838419209604802 0.000739103755847111
1.6843421710855426 0.0007398079375602481
1.6848424212106052 0.0007405095163879908
1.6853426713356678 0.000741209147618544
1.6858429214607304 0.0007419068084038348
1.6863431715857928 0.0007426024758930561
1.6868434217108552 0.0007432938669985871
1.6873436718359178 0.000743977732969077
1.6878439219609804 0.0007446530694604163
1.688344172086043 0.0007453198170709149
1.6888444222111056 0.0007459779170060477
1.689344672336168 0.0007466273110697059
1.6898449224612304 0.0007472679417115528
1.690345172586293 0.0007478997520397328
1.6908454227113556 0.0007485226858334849
1.6913456728364182 0.0007491370892416722
1.6918459229614808 0.0007497439441849719
1.6923461730865432 0.0007503438344461374
1.6928464232116056 0.0007509367117985346
1.6933466733366682 0.000751522528556344
1.6938469234617308 0.0007521010242612657
1.6943471735867934 0.0007526718347479189
1.694847423711856 0.0007532346943536444
1.6953476738369184 0.0007537894314676927
1.6958479239619808 0.0007543359891274844
1.6963481740870434 0.0007548743199713666
1.696848424212106 0.0007554067153807787
1.6973486743371686 0.0007559364140872038
1.697848924462231 0.0007564643288592664
1.6983491745872936 0.0007569891387166222
1.698849424712356 0.0007575090064458393
1.6993496748374186 0.0007580233947059421
1.6998499249624812 0.0007585322784229623
1.7003501750875438 0.0007590356327564666
1.7008504252126062 0.0007595334331025938
1.7013506753376688 0.0007600254091250384
1.7018509254627312 0.0007605110696445021
1.7023511755877938 0.0007609901688628169
1.7028514257128564 0.0007614626814664589
1.703351675837919 0.0007619285824405143
1.7038519259629814 0.0007623991292914496
1.704352176088044 0.0007628908328481426
1.7048524262131064 0.0007634089785976359
1.705352676338169 0.0007639544712866874
1.7058529264632316 0.0007645282297125858
1.7063531765882942 0.0007651303814286715
1.7068534267133566 0.0007657669081135134
1.7073536768384192 0.0007664460630647013
1.7078539269634816 0.0007671702948143111
1.7083541770885442 0.0007679398653476231
1.7088544272136068 0.0007687550515670373
1.7093546773386694 0.0007696161317265863
1.7098549274637318 0.0007705234005944
1.7103551775887942 0.0007714771697076211
1.7108554277138568 0.0007724777676430721
1.7113556778389194 0.0007735255403041286
1.711855927963982 0.0007746209325454304
1.7123561780890446 0.0007757647093073845
1.712856428214107 0.0007769575745851174
1.7133566783391694 0.0007781999504822724
1.713856928464232 0.000779482813325051
1.7143571785892946 0.0007807928622436347
1.7148574287143572 0.0007821261686449492
1.7153576788394198 0.0007834829632194889
1.7158579289644822 0.0007848634647218581
1.7163581790895446 0.0007862678837682906
1.7168584292146072 0.0007876806208632888
1.7173586793396698 0.0007890801329668068
1.7178589294647324 0.0007904605009782611
1.718359179589795 0.0007918214904861612
1.7188594297148574 0.000793162832818149
1.7193596798399198 0.0007944842010576007
1.7198599299649824 0.0007957853068703605
1.720360180090045 0.0007970659247715624
1.7208604302151076 0.0007983258320007207
1.72136068034017 0.000799564805549161
1.7218609304652326 0.0008007818904363415
1.722361180590295 0.0008019761336311903
1.7228614307153576 0.0008031473182137169
1.7233616808404202 0.0008042952307276934
1.7238619309654828 0.0008054223129122779
1.7243621810905452 0.0008065321512586278
1.7248624312156078 0.0008076257088786158
1.7253626813406702 0.000808702843536966
1.7258629314657328 0.0008097627823078042
1.7263631815907954 0.0008108040838696812
1.726863431715858 0.0008118317181305614
1.7273636818409204 0.0008128533646269864
1.727863931965983 0.0008138709690333091
1.7283641820910454 0.0008148840644569048
1.728864432216108 0.0008158914941922926
1.7293646823411706 0.0008168925332273815
1.7298649324662332 0.0008178871427747053
1.7303651825912956 0.0008188752840818888
1.7308654327163582 0.000819856918434002
1.7313656828414206 0.0008208320071559296
1.7318659329664832 0.0008218005116147502
1.7323661830915458 0.0008227623932221317
1.7328664332166084 0.0008237189612081418
1.7333666833416708 0.0008246726761987199
1.7338669334667332 0.0008256218760157602
1.7343671835917958 0.0008265626183923743
1.7348674337168584 0.0008274937220335304
1.735367683841921 0.000828416534109155
1.7358679339669836 0.0008293329676737633
1.736368184092046 0.0008302435208425123
1.7368684342171083 0.0008311503560028725
1.737368684342171 0.0008320563771237076
1.7378689344672336 0.0008329622815444156
1.7383691845922962 0.0008338680469993384
1.7388694347173588 0.0008347736511391204
1.7393696848424212 0.0008356790715320909
1.7398699349674835 0.0008365836640275992
1.7403701850925462 0.0008374862498505
1.7408704352176088 0.0008383862685248199
1.7413706853426714 0.0008392836906404745
1.741870935467734 0.000840178486799425
1.7423711855927964 0.0008410697525753306
1.7428714357178587 0.0008419565737216113
1.7433716858429213 0.0008428389094240157
1.743871935967984 0.0008437096539428846
1.7443721860930466 0.0008445589588632955
1.744872436218109 0.000845384001831229
1.7453726863431716 0.0008461846422202172
1.745872936468234 0.0008469607435191874
1.7463731865932965 0.0008477121733925307
1.7468734367183592 0.0008484380061069548
1.7473736868434218 0.0008491366942516913
1.7478739369684841 0.0008498074890625724
1.7483741870935467 0.0008504502684700526
1.7488744372186091 0.0008510648267048698
1.7493746873436717 0.000851650633730566
1.7498749374687343 0.0008522072527806925
1.750375187593797 0.0008527345813927209
1.7508754377188593 0.0008532325226021082
1.751375687843922 0.0008537009849880972
1.7518759379689843 0.0008541398827169441
1.752376188094047 0.0008545491355825412
1.7528764382191095 0.0008549286690443925
1.7533766883441722 0.0008552784142629148
1.7538769384692345 0.0008556177560464434
1.7543771885942971 0.0008559743864026313
1.7548774387193595 0.0008563565994587345
1.7553776888444221 0.0008567644529470141
1.7558779389694847 0.0008571980480195688
1.7563781890945473 0.0008576575548773359
1.7568784392196097 0.0008581427146181779
1.7573786893446721 0.0008586530916003324
1.7578789394697347 0.0008591886470878414
1.7583791895947973 0.000859749460612304
1.75887943971986 0.0008603356157082051
1.7593796898449225 0.0008609471999448944
1.759879939969985 0.0008615843049601995
1.7603801900950473 0.0008622470264957083
1.76088044022011 0.0008629349165588818
1.7613806903451725 0.0008636452893171163
1.7618809404702351 0.0008643760036838836
1.7623811905952977 0.0008651271593943569
1.7628814407203601 0.0008658995313130475
1.7633816908454225 0.0008666946082310305
1.7638819409704851 0.0008675066570060131
1.7643821910955477 0.000868326942711052
1.7648824412206103 0.0008691532495786577
1.765382691345673 0.0008699856055290238
1.7658829414707353 0.0008708240387645064
1.7663831915957977 0.0008716685777722751
1.7668834417208603 0.0008725193141344331
1.767383691845923 0.000873376357413579
1.7678839419709855 0.0008742397550263451
1.768384192096048 0.000875111401288606
1.7688844422211105 0.000875993256308943
1.769384692346173 0.0008768854203664946
1.7698849424712355 0.0008777865098614271
1.7703851925962981 0.0008786939254223978
1.7708854427213607 0.0008796064866786577
1.771385692846423 0.0008805242224993211
1.7718859429714857 0.0008814471620275006
1.772386193096548 0.0008823753346831444
1.7728864432216107 0.0008833087701659141
1.7733866933466733 0.0008842474984580986
1.773886943471736 0.0008851890498058694
1.7743871935967983 0.0008861301217564093
1.774887443721861 0.0008870698953703528
1.7753876938469233 0.0008880058652122634
1.775887943971986 0.000888934368956383
1.7763881940970485 0.0008898542313727918
1.7768884442221111 0.0008907675560289899
1.7773886943471735 0.0008916774037330279
1.777888944472236 0.0008925847139108747
1.7783891945972985 0.0008934894852394129
1.778889444722361 0.0008943917163577729
1.7793896948474237 0.0008952914058671248
1.7798899449724863 0.0008961885523304673
1.7803901950975487 0.0008970831542724153
1.780890445222611 0.0008979752101789857
1.7813906953476737 0.0008988647184973781
1.7818909454727363 0.0008997516776357561
1.782391195597799 0.0009006376621884314
1.7828914457228615 0.0009015272615815252
1.783391695847924 0.000902423503830349
1.7838919459729863 0.000903327278269915
1.7843921960980489 0.0009042401439722482
1.7848924462231115 0.0009051628016705737
1.785392696348174 0.0009060952891918255
1.7858929464732367 0.0009070376447007882
1.786393196598299 0.0009079899067029909
1.7868934467233615 0.0009089607103129588
1.787393696848424 0.0009099608519990916
1.7878939469734867 0.0009109925897784348
1.7883941970985493 0.000912056107708463
1.788894447223612 0.0009131515957554131
1.7893946973486743 0.0009142792498776704
1.7898949474737367 0.0009154335919117826
1.7903951975987993 0.0009166087938447553
1.7908954477238619 0.0009178037339745882
1.7913956978489245 0.000919015955058847
1.791895947973987 0.0009202439561014886
1.7923961980990495 0.000921487897992454
1.7928964482241119 0.0009227479450543939
1.7933966983491745 0.0009240242651099687
1.793896948474237 0.0009253174849305783
1.7943971985992997 0.0009266283726787921
1.794897448724362 0.0009279572492177307
1.7953976988494247 0.0009293043077937683
1.795897948974487 0.0009306697459231442
1.7963981990995497 0.0009320537654806616
1.7968984492246123 0.0009334390563293798
1.7973986993496749 0.0009348050739372034
1.7978989494747373 0.0009361492278474056
1.7983991995997999 0.0009374743465299547
1.7988994497248623 0.0009387826849912842
1.7993996998499249 0.0009400740862431925
1.7998999499749875 0.0009413483944592273
1.80040020010005 0.000942605455015639
1.8009004502251125 0.0009438451145323271
1.801400700350175 0.0009450672209137617
1.8019009504752375 0.000946271623389851
1.8024012006003 0.0009474581725567514
1.8029014507253627 0.0009486267204175918
1.8034017008504253 0.0009497771204230945
1.8039019509754877 0.0009509091530705557
1.80440220110055 0.0009520244015836925
1.8049024512256127 0.0009531245805367339
1.8054027013506753 0.0009542075793388237
1.8059029514757379 0.0009552711679988026
1.8064032016008005 0.0009563151422102486
1.8069034517258629 0.000957344356960877
1.8074037018509252 0.0009583647762619552
1.8079039519759879 0.0009593774033222213
1.8084042021010505 0.0009603821839840828
1.808904452226113 0.0009613790642413212
1.8094047023511757 0.000962367990244681
1.809904952476238 0.0009633489083074775
1.8104052026013004 0.0009643217649112233
1.810905452726363 0.0009652865067112711
1.8114057028514257 0.0009662417159139365
1.8119059529764883 0.0009671839450361208
1.8124062031015509 0.0009681138269519359
1.8129064532266133 0.0009690352804808385
1.8134067033516756 0.0009699495087542349
1.8139069534767382 0.0009708547036023252
1.8144072036018009 0.0009717485883189644
1.8149074537268635 0.0009726306359886652
1.815407703851926 0.000973500773018296
1.8159079539769885 0.0009743589264570707
1.8164082041020508 0.0009752050240097482
1.8169084542271134 0.0009760436240568161
1.817408704352176 0.0009768802374342978
1.8179089544772387 0.0009777157693467893
1.818409204602301 0.0009785502112815122
1.8189094547273637 0.000979388151815222
1.819409704852426 0.0009802338275523932
1.8199099549774886 0.0009810835929161144
1.8204102051025512 0.000981934158868841
1.8209104552276139 0.0009827855225685855
1.8214107053526762 0.0009836376811517844
1.8219109554777388 0.0009844906317332486
1.8224112056028012 0.0009853443714061135
1.8229114557278638 0.0009861988972417884
1.8234117058529264 0.0009870542062899083
1.823911955977989 0.0009879000678696278
1.8244122061030514 0.0009887236914738519
1.824912456228114 0.0009895224605588771
1.8254127063531764 0.0009902962371791822
1.825912956478239 0.0009910445736530681
1.8264132066033016 0.000991763591746333
1.8269134567283642 0.0009924532317323919
1.8274137068534266 0.000993116733697108
1.8279139569784892 0.000993753829618858
1.8284142071035516 0.000994364392203133
1.8289144572286142 0.0009949482992624983
1.8294147073536768 0.0009955054337777187
1.8299149574787394 0.0009960356839564687
1.8304152076038018 0.0009965389432895775
1.8309154577288642 0.0009970151106047536
1.8314157078539268 0.0009974640901177375
1.8319159579789894 0.0009978857914808399
1.832416208104052 0.0009982801298288127
1.8329164582291146 0.0009986470258220143
1.833416708354177 0.0009989884143688434
1.8339169584792394 0.0009993305735262249
1.834417208604302 0.0009997014185420116
1.8349174587293646 0.00100010457789365
1.8354177088544272 0.0010005401144683689
1.8359179589794898 0.0010010080948605895
1.8364182091045522 0.0010015085893923643
1.8369184592296146 0.0010020451532302074
1.8374187093546772 0.0010026219516348306
1.8379189594797398 0.0010032396847461968
1.8384192096048024 0.0010038984695666198
1.838919459729865 0.001004598429947142
1.8394197098549274 0.0010053396966404234
1.8399199599799898 0.0010061224073565913
1.8404202101050524 0.0010069467068220925
1.840920460230115 0.0010078053122788914
1.8414207103551776 0.0010086823677226105
1.84192096048024 0.0010095693701322496
1.8424212106053026 0.0010104663642053842
1.842921460730365 0.0010113734461376144
1.8434217108554276 0.0010122907140649223
1.8439219609804902 0.0010132126404650884
1.8444222111055528 0.0010141324623039539
1.8449224612306152 0.0010150490156431938
1.8454227113556778 0.0010159623287757074
1.8459229614807402 0.0010168724298345244
1.8464232116058028 0.0010177793467958808
1.8469234617308654 0.0010186966370816781
1.847423711855928 0.0010196400767317705
1.8479239619809904 0.001020611985423537
1.848424212106053 0.0010216190870447797
1.8489244622311154 0.0010226728608029882
1.849424712356178 0.0010237783312930545
1.8499249624812406 0.001024935832328836
