1.1000500250125063 0.000245109784976788
1.1005502751375689 0.00024533272711237597
1.1010505252626313 0.00024554994038585964
1.1015507753876939 0.000245761550903585
1.1020510255127565 0.00024597034581213287
1.1025512756378189 0.0002461789312815645
1.1030515257628815 0.0002463873055883117
1.103551775887944 0.0002465959437574138
1.1040520260130064 0.00024680878775454313
1.104552276138069 0.000247029331329667
1.1050525262631314 0.0002472576167458182
1.105552776388194 0.00024749376467804934
1.1060530265132567 0.0002477379548723218
1.1065532766383193 0.0002479899591395848
1.1070535267633816 0.0002482460603926241
1.1075537768884443 0.00024850284275738146
1.1080540270135066 0.00024876051321326805
1.1085542771385692 0.00024901946029952404
1.1090545272636319 0.00024927629340672767
1.1095547773886942 0.00024952741287825273
1.1100550275137568 0.00024977107059855866
1.1105552776388194 0.0002500043617589984
1.1110555277638818 0.00025022608476378376
1.1115557778889444 0.0002504366813249045
1.112056028014007 0.00025064143148485415
1.1125562781390694 0.00025084502840820263
1.113056528264132 0.0002510472278545639
1.1135567783891946 0.00025124794958884827
1.114057028514257 0.0002514474696253859
1.1145572786393196 0.0002516481940736963
1.1150575287643822 0.0002518539218944255
1.1155577788894446 0.0002520662960818987
1.1160580290145072 0.00025228533986054426
1.1165582791395698 0.0002525112403839374
1.1170585292646322 0.0002527460158051856
1.1175587793896948 0.0002529916243575581
1.1180590295147574 0.0002532482028215339
1.1185592796398198 0.0002535161190849141
1.1190595297648824 0.0002537971350002002
1.119559779889945 0.00025409211579827503
1.1200600300150074 0.0002544005456737994
1.12056028014007 0.0002547225069335393
1.1210605302651326 0.0002550580854686547
1.121560780390195 0.0002554067411349969
1.1220610305152576 0.00025576509782715857
1.1225612806403202 0.000256130379954205
1.1230615307653826 0.00025650263353432464
1.1235617808904452 0.00025688112078833304
1.1240620310155078 0.00025726025702752696
1.1245622811405702 0.00025763518502053474
1.1250625312656328 0.0002580058602321568
1.1255627813906954 0.0002583723185506194
1.1260630315157578 0.000258734940583445
1.1265632816408204 0.000259093872825275
1.127063531765883 0.00025944761748924187
1.1275637818909454 0.0002597948201141177
1.128064032016008 0.0002601352044031817
1.1285642821410704 0.0002604685747728672
1.129064532266133 0.0002607986895599023
1.1295647823911956 0.0002611292627689806
1.1300650325162582 0.00026146002787158805
1.1305652826413206 0.0002617902073463428
1.1310655327663832 0.00026211928549040443
1.1315657828914456 0.0002624472633684086
1.1320660330165082 0.0002627742041843531
1.1325662831415708 0.0002631002295726401
1.1330665332666334 0.0002634259493687031
1.1335667833916958 0.00026375205833513026
1.1340670335167584 0.0002640795305948043
1.1345672836418208 0.00026440893938873433
1.1350675337668834 0.00026473972659129836
1.135567783891946 0.00026507159293786317
1.1360680340170084 0.0002654045459591935
1.136568284142071 0.0002657387829648646
1.1370685342671336 0.00026607592977029103
1.137568784392196 0.00026641773915259657
1.1380690345172586 0.00026676457936982085
1.1385692846423212 0.00026711655695755464
1.1390695347673836 0.0002674740034818191
1.1395697848924462 0.00026783725320453486
1.1400700350175088 0.0002682063846164647
1.1405702851425712 0.00026858143807380054
1.1410705352676338 0.00026896245477486857
1.1415707853926964 0.0002693489157599142
1.1420710355177588 0.0002697356943513487
1.1425712856428214 0.00027011787723630866
1.143071535767884 0.000270495130053155
1.1435717858929464 0.0002708670160306073
1.144072036018009 0.0002712314086726232
1.1445722861430716 0.0002715865662620218
1.145072536268134 0.0002719324267638211
1.1455727863931966 0.0002722689295479489
1.1460730365182592 0.0002725960154148741
1.1465732866433216 0.00027291426166813933
1.1470735367683842 0.00027322851247751836
1.1475737868934468 0.00027354301598022025
1.1480740370185092 0.00027385962273421976
1.1485742871435718 0.00027418092470198735
1.1490745372686344 0.0002745051297473485
1.1495747873936968 0.0002748296899125117
1.1500750375187594 0.00027515458980876737
1.150575287643822 0.00027547981395439154
1.1510755377688844 0.00027580533977811033
1.151575787893947 0.00027613098104557944
1.1520760380190094 0.0002764562751509284
1.152576288144072 0.000276778578734007
1.1530765382691346 0.0002770937664975261
1.1535767883941972 0.00027740124397058536
1.1540770385192596 0.0002777079410603203
1.1545772886443222 0.0002780196385493861
1.1550775387693846 0.00027833637833492704
1.1555777888944472 0.0002786582033970748
1.1560780390195098 0.00027898545581059824
1.1565782891445724 0.0002793182276154777
1.1570785392696348 0.00027965458673468824
1.1575787893946974 0.0002799934786268633
1.1580790395197598 0.0002803355674786464
1.1585792896448224 0.0002806801940863094
1.159079539769885 0.0002810235317639696
1.1595797898949474 0.000281362402781841
1.16008004002001 0.0002816967768408039
1.1605802901450726 0.0002820268395737922
1.161080540270135 0.00028235326732442106
1.1615807903951976 0.00028267745930493025
1.1620810405202602 0.000283006088948146
1.1625812906453226 0.00028334494762966624
1.1630815407703852 0.0002836940986334439
1.1635817908954478 0.0002840537321292469
1.1640820410205102 0.0002844246016019472
1.1645822911455728 0.0002848073444183903
1.1650825412706354 0.00028520204370820765
1.1655827913956978 0.00028560875535199565
1.1660830415207604 0.0002860277677149254
1.166583291645823 0.00028645924735791283
1.1670835417708854 0.0002868986903157149
1.167583791895948 0.00028734169723594507
1.1680840420210106 0.0002877882828225781
1.168584292146073 0.00028823740310358436
1.1690845422711356 0.0002886833935961085
1.1695847923961982 0.0002891215901400698
1.1700850425212606 0.0002895512719546641
1.1705852926463232 0.00028997071097604504
1.1710855427713858 0.0002903782188924785
1.1715857928964482 0.00029077293297856654
1.1720860430215108 0.00029115359777857625
1.1725862931465734 0.00029151912787939854
1.1730865432716358 0.00029186942474213447
1.1735867933966984 0.00029220664082978484
1.174087043521761 0.00029254239559360233
1.1745872936468233 0.00029288615052316404
1.175087543771886 0.0002932397315449339
1.1755877938969483 0.0002936048418613352
1.176088044022011 0.0002939813846711188
1.1765882941470736 0.00029436935004420933
1.1770885442721362 0.00029476851374239123
1.1775887943971985 0.0002951786984556468
1.1780890445222612 0.0002955999811350866
1.1785892946473235 0.00029603034360925435
1.1790895447723861 0.00029645918929534383
1.1795897948974488 0.0002968773019271745
1.1800900450225114 0.00029728347830137915
1.1805902951475737 0.0002976774542970488
1.1810905452726363 0.000298059466400727
1.1815907953976987 0.000298429804470957
1.1820910455227613 0.00029879070383734274
1.182591295647824 0.0002991440450768492
1.1830915457728866 0.0002994897788067824
1.183591795897949 0.0002998289577143735
1.1840920460230115 0.00030016698876977893
1.184592296148074 0.00030050892728689685
1.1850925462731365 0.0003008556840911319
1.1855927963981991 0.00030120746322731496
1.1860930465232615 0.00030156429016575664
1.1865932966483241 0.0003019267997371018
1.1870935467733867 0.0003022986667064471
1.1875937968984491 0.0003026829879288558
1.1880940470235117 0.0003030798423499484
1.1885942971485743 0.00030348860713957915
1.1890945472736367 0.0003039059030476301
1.1895947973986993 0.0003043288110765278
1.190095047523762 0.00030475715055763245
1.1905952976488243 0.0003051909563703289
1.191095547773887 0.00030563026396463605
1.1915957978989495 0.0003060736737370294
1.192096048024012 0.00030651286491269625
1.1925962981490745 0.00030694087295042555
1.1930965482741371 0.0003073576055538925
1.1935967983991995 0.00030776283050759764
1.1940970485242621 0.00030815564515830927
1.1945972986493247 0.00030853533259540974
1.1950975487743871 0.00030890184825390976
1.1955977988994497 0.0003092551043825808
1.1960980490245123 0.00030959501663043625
1.1965982991495747 0.000309922320133698
1.1970985492746373 0.0003102415478200869
1.1975987993997 0.0003105564484592712
1.1980990495247623 0.00031086699626347734
1.198599299649825 0.00031117355877726104
1.1990995497748873 0.0003114779930145796
1.19959979989995 0.0003117817155705064
1.2001000500250125 0.000312084663794077
1.2006003001500751 0.0003123868373100503
1.2011005502751375 0.00031268823573561775
1.2016008004002001 0.0003129887099625739
1.2021010505252625 0.0003132874425513246
1.2026013006503251 0.00031358375983888336
1.2031015507753877 0.00031387765329432874
1.2036018009004503 0.00031416926759365
1.2041020510255127 0.00031445915885989036
1.2046023011505753 0.00031474773321352666
1.2051025512756377 0.0003150349875933539
1.2056028014007003 0.00031532091893220454
1.206103051525763 0.00031560552415693747
1.2066033016508255 0.00031589004939564565
1.207103551775888 0.00031618117940506406
1.2076038019009505 0.00031648439034334805
1.208104052026013 0.0003168004363287521
1.2086043021510755 0.00031713082396921105
1.2091045522761381 0.00031747549490923556
1.2096048024012005 0.0003178336411860777
1.210105052526263 0.00031820533785111965
1.2106053026513257 0.00031859066306884836
1.211105552776388 0.0003189896981591637
1.2116058029014507 0.00031939988908554075
1.2121060530265133 0.0003198075658456228
1.2126063031515757 0.0003202015820686257
1.2131065532766383 0.00032057993604074994
1.213606803401701 0.00032094035331215793
1.2141070535267633 0.00032128231417089426
1.214607303651826 0.0003216055723766889
1.2151075537768885 0.00032191003239542246
1.215607803901951 0.00032219560429623653
1.2161080540270135 0.00032246220381955697
1.216608304152076 0.0003227122021368708
1.2171085542771385 0.0003229579695486326
1.217608804402201 0.00032321014685715875
1.2181090545272637 0.0003234706148609936
1.218609304652326 0.00032374063670044035
1.2191095547773887 0.0003240207986654144
1.2196098049024513 0.0003243116572854426
1.2201100550275137 0.0003246132617705574
1.2206103051525763 0.00032492566338941686
1.221110555277639 0.0003252489154923294
1.2216108054027013 0.00032558179696059
1.222111055527764 0.0003259180428203528
1.2226113056528263 0.0003262518434699168
1.2231115557778889 0.00032658217535946345
1.2236118059029515 0.00032690879079888085
1.224112056028014 0.00032723069286457954
1.2246123061530765 0.00032754687797415595
1.225112556278139 0.0003278573153646609
1.2256128064032015 0.0003281619747998047
1.226113056528264 0.00032846082657747545
1.2266133066533267 0.0003287546549817548
1.2271135567783893 0.0003290474272778099
1.2276138069034517 0.00032934268871928396
1.2281140570285143 0.00032964081855965465
1.2286143071535767 0.00032994218668931896
1.2291145572786393 0.00033024867962525814
1.2296148074037019 0.00033056183769551804
1.2301150575287645 0.0003308816936421423
1.2306153076538269 0.00033120828104655527
1.2311155577788895 0.0003315416343390631
1.2316158079039519 0.0003318819517825189
1.2321160580290145 0.00033222984679339676
1.232616308154077 0.0003325855779565001
1.2331165582791395 0.00033294899332690365
1.233616808404202 0.0003333194706432543
1.2341170585292647 0.0003336955434196357
1.234617308654327 0.0003340764063091672
1.2351175587793897 0.00033446209304364397
1.2356178089044523 0.0003348526379854118
1.2361180590295147 0.00033524807613643213
1.2366183091545773 0.00033564772437104915
1.2371185592796399 0.00033604855985616575
1.2376188094047023 0.00033644831962015753
1.2381190595297649 0.00033684706365270836
1.2386193096548275 0.0003372446847649201
1.2391195597798899 0.0003376405388778161
1.2396198099049525 0.0003380340773316601
1.240120060030015 0.0003384252846032206
1.2406203101550775 0.0003388141452021678
1.24112056028014 0.00033920064367232996
1.2416208104052027 0.00033958462557452136
1.242121060530265 0.00033996546531104253
1.2426213106553277 0.0003403426716731631
1.2431215607803903 0.0003407162215294289
1.2436218109054527 0.00034108652145592433
1.2441220610305153 0.00034145529407691587
1.2446223111555779 0.0003418238452274263
1.2451225612806402 0.0003421921739783921
1.2456228114057029 0.0003425602793974189
1.2461230615307652 0.00034292816054876763
1.2466233116558278 0.00034329611530801226
1.2471235617808905 0.0003436654688711382
1.247623811905953 0.00034403725749992443
1.2481240620310154 0.0003444114970825046
1.248624312156078 0.00034478733817287424
1.2491245622811404 0.00034516161389019527
1.249624812406203 0.0003455320000005969
1.2501250625312657 0.00034589847312696016
1.2506253126563283 0.000346261010044809
1.2511255627813906 0.0003466195876855113
1.2516258129064533 0.00034697424955399515
1.2521260630315156 0.000347325205926342
1.2526263131565782 0.0003476726022149684
1.2531265632816408 0.0003480164183712342
1.2536268134067035 0.00034835724993020927
1.2541270635317658 0.0003486972086002135
1.2546273136568284 0.0003490378040956121
1.2551275637818908 0.000349379040088555
1.2556278139069534 0.0003497209202720554
1.256128064032016 0.00035006344836015587
1.2566283141570787 0.0003504065734401469
1.257128564282141 0.0003507496415924002
1.2576288144072036 0.00035109204798164904
1.258129064532266 0.0003514337872079595
1.2586293146573286 0.00035177909660805715
1.2591295647823912 0.000352143381070725
1.2596298149074536 0.00035253791513541714
1.2601300650325162 0.0003529628990245577
1.2606303151575788 0.00035341854951265157
1.2611305652826412 0.0003539051002097659
1.2616308154077038 0.00035442283549715363
1.2621310655327664 0.0003549732123476997
1.2626313156578288 0.0003555576897664413
1.2631315657828914 0.0003561766033698215
1.263631815907954 0.0003568216909421929
1.2641320660330164 0.0003574627564783629
1.264632316158079 0.00035807785044835106
1.2651325662831416 0.0003586666985249537
1.265632816408204 0.0003592290364781516
1.2661330665332666 0.0003597646104595401
1.266633316658329 0.0003602727373926759
1.2671335667833916 0.00036075094018403437
1.2676338169084542 0.0003611971724036759
1.2681340670335168 0.0003616111928517513
1.2686343171585792 0.00036199690375190465
1.2691345672836418 0.00036236833042909897
1.2696348174087042 0.00036273545396819527
1.2701350675337668 0.00036309822417294454
1.2706353176588294 0.0003634566157272297
1.271135567783892 0.00036381060349598675
1.2716358179089544 0.0003641609153232602
1.272136068034017 0.0003645092741177596
1.2726363181590794 0.00036485665947513535
1.273136568284142 0.0003652030639179098
1.2736368184092046 0.00036554792496389625
1.2741370685342672 0.00036588936267029006
1.2746373186593296 0.00036622606301456285
1.2751375687843922 0.000366558020455238
1.2756378189094546 0.00036688520670900257
1.2761380690345172 0.00036720759381063503
1.2766383191595798 0.0003675252827280775
1.2771385692846424 0.0003678390124392881
1.2776388194097048 0.0003681493987093823
1.2781390695347674 0.00036845642327634255
1.2786393196598298 0.000368761547093151
1.2791395697848924 0.00036906976225984365
1.279639819909955 0.00036938467918093355
1.2801400700350176 0.00036970640018395414
1.28064032016008 0.0003700349603861026
1.2811405702851426 0.0003703703957321151
1.281640820410205 0.0003707122321067118
1.2821410705352676 0.00037105844228523546
1.2826413206603302 0.0003714074964805971
1.2831415707853926 0.0003717594089821591
1.2836418209104552 0.00037211256459623014
1.2841420710355178 0.0003724615703668714
1.2846423211605802 0.00037280210127628964
1.2851425712856428 0.00037313349945086954
1.2856428214107054 0.00037345563340754584
1.2861430715357678 0.0003737684550159613
1.2866433216608304 0.00037407293387132584
1.287143571785893 0.0003743727656277058
1.2876438219109554 0.0003746706511537563
1.288144072036018 0.0003749665820271204
1.2886443221610806 0.00037526226804856063
1.289144572286143 0.0003755633064228552
1.2896448224112056 0.00037587363628131245
1.290145072536268 0.0003761933703539328
1.2906453226613306 0.00037652259508147635
1.2911455727863932 0.00037686136344355843
1.2916458229114558 0.00037720901407035457
1.2921460730365182 0.0003775631124589808
1.2926463231615808 0.0003779219249969446
1.2931465732866432 0.000378285481334211
1.2936468234117058 0.000378652941429582
1.2941470735367684 0.00037902154018611914
1.294647323661831 0.0003793893636278887
1.2951475737868934 0.00037975654727763047
1.295647823911956 0.00038012322978523067
1.2961480740370184 0.00038048941114019044
1.296648324162081 0.00038085009204974604
1.2971485742871436 0.000381187127080387
1.2976488244122062 0.00038148725375029136
1.2981490745372686 0.00038175028407895105
1.2986493246623312 0.00038197509348728877
1.2991495747873936 0.00038215851376532895
1.2996498249124562 0.00038229834832140844
1.3001500750375188 0.0003823940460029635
1.3006503251625814 0.0003824446044184547
1.3011505752876438 0.0003824494905483938
1.3016508254127064 0.0003824186320434679
1.3021510755377688 0.0003823870874030387
1.3026513256628314 0.0003823799677883053
1.303151575787894 0.00038239728169521845
1.3036518259129566 0.00038244082308189274
1.304152076038019 0.0003825161308833649
1.3046523261630816 0.00038262699474337145
1.305152576288144 0.0003827734986468857
1.3056528264132066 0.0003829536950278759
1.3061530765382692 0.0003831655015875669
1.3066533266633318 0.0003834042458974715
1.3071535767883942 0.0003836540148360516
1.3076538269134568 0.00038390350224519015
1.3081540770385192 0.0003841527456524058
1.3086543271635818 0.00038440019693340835
1.3091545772886444 0.0003846410877601851
1.3096548274137068 0.00038487218372380014
1.3101550775387694 0.0003850934506858672
1.310655327663832 0.00038530112621847854
1.3111555777888944 0.00038548430582064497
1.311655827913957 0.0003856364048477612
1.3121560780390196 0.0003857594349187431
1.312656328164082 0.00038585476869520356
1.3131565782891446 0.0003859223054284222
1.313656828414207 0.0003859628712347597
1.3141570785392696 0.0003859791092449442
1.3146573286643322 0.00038597276696812594
1.3151575787893948 0.00038594377895474264
1.3156578289144572 0.00038589207728822523
1.3161580790395198 0.00038582713094206344
1.3166583291645821 0.00038576064051112533
1.3171585792896447 0.00038569087565320007
1.3176588294147074 0.0003856138303782378
1.31815907953977 0.00038552941270932794
1.3186593296648323 0.0003854366359747208
1.319159579789895 0.0003853326087936928
1.3196598299149573 0.0003852154019101834
1.32016008004002 0.0003850849877906329
1.3206603301650826 0.00038494134097488204
1.3211605802901452 0.00038478437871194494
1.3216608304152075 0.00038461438338641514
1.3221610805402702 0.00038443583667906964
1.3226613306653325 0.00038425342382089
1.3231615807903951 0.00038406778248488026
1.3236618309154577 0.0003838798940082108
1.3241620810405204 0.0003836923879856267
1.3246623311655827 0.00038350699367299625
1.3251625812906453 0.000383323707088412
1.3256628314157077 0.00038314252445294174
1.3261630815407703 0.0003829634421908889
1.326663331665833 0.00038278546259410545
1.3271635817908956 0.0003826052033397643
1.327663831915958 0.00038242024532366006
1.3281640820410205 0.0003822305160547864
1.328664332166083 0.00038203579950840693
1.3291645822911455 0.00038183559073462085
1.3296648324162081 0.00038162955837255135
1.3301650825412707 0.00038141769791475886
1.3306653326663331 0.0003812000054417422
1.3311655827913957 0.00038097647762512103
1.3316658329164581 0.0003807480428407697
1.3321660830415207 0.0003805164620362617
1.3326663331665833 0.0003802816263877667
1.3331665832916457 0.00038004244387392755
1.3336668334167083 0.00037979978626169513
1.334167083541771 0.00037955656791294434
1.3346673336668333 0.00037931467587172047
1.335167583791896 0.0003790741033906604
1.3356678339169585 0.0003788348438093926
1.336168084042021 0.0003785968905539797
1.3366683341670835 0.0003783612448998091
1.337168584292146 0.0003781310761706465
1.3376688344172085 0.0003779100349237808
1.3381690845422711 0.0003777005413388944
1.3386693346673337 0.0003775023679793267
1.3391695847923961 0.00037731133831924596
1.3396698349174587 0.0003771244409272643
1.340170085042521 0.0003769416851852546
1.3406703351675837 0.00037676308065846646
1.3411705852926463 0.0003765886370970269
1.341670835417709 0.0003764164946869897
1.3421710855427713 0.00037624085952679475
1.342671335667834 0.0003760577966549917
1.3431715857928963 0.00037586901431811665
1.343671835917959 0.0003756792169226546
1.3441720860430215 0.0003754926844789692
1.3446723361680841 0.0003753107159523326
1.3451725862931465 0.0003751333326342049
1.3456728364182091 0.00037496055545996717
1.3461730865432715 0.0003747924050039889
1.346673336668334 0.0003746305309855762
1.3471735867933967 0.0003744799364556208
1.3476738369184593 0.00037434400271545143
1.3481740870435217 0.00037422267234265015
1.3486743371685843 0.00037411698567336283
1.3491745872936467 0.0003740357972193162
1.3496748374187093 0.0003739868963879844
1.350175087543772 0.00037397037181127144
1.3506753376688345 0.00037398631468450814
1.351175587793897 0.0003740348187890545
1.3516758379189595 0.0003741150421064892
1.352176088044022 0.0003742242544527987
1.3526763381690845 0.0003743606532201796
1.353176588294147 0.0003745243168146503
1.3536768384192097 0.00037471537474635544
1.354177088544272 0.00037492667265760045
1.3546773386693347 0.00037514685391871436
1.355177588794397 0.00037537181398198804
1.3556778389194597 0.0003756015608540092
1.3561780890445223 0.00037583610233122975
1.3566783391695847 0.00037607645795105927
1.3571785892946473 0.0003763256447227158
1.35767883941971 0.00037658568369609006
1.3581790895447723 0.0003768566115348668
1.358679339669835 0.00037713834341048154
1.3591795897948975 0.00037743023559432155
1.3596798399199599 0.0003777302910443488
1.3601800900450225 0.0003780370647164424
1.3606803401700849 0.0003783505818404986
1.3611805902951475 0.00037867086798522347
1.36168084042021 0.0003789969920775651
1.3621810905452727 0.0003793261760880818
1.362681340670335 0.00037965658172008906
1.3631815907953977 0.00037998820382913076
1.36368184092046 0.00038032103589863897
1.3641820910455227 0.0003806550692349124
1.3646823411705853 0.0003809893045927497
1.365182591295648 0.00038132030679970043
1.3656828414207103 0.0003816456213556293
1.3661830915457729 0.0003819652234932261
1.3666833416708353 0.00038227927521650385
1.3671835917958979 0.000382588291203651
1.3676838419209605 0.000382892602801485
1.368184092046023 0.00038319219150740664
1.3686843421710855 0.0003834875552512879
1.369184592296148 0.0003837800133135842
1.3696848424212105 0.0003840703758292696
1.370185092546273 0.00038435992591873754
1.3706853426713357 0.00038465048878779274
1.3711855927963983 0.00038494260583368903
1.3716858429214607 0.0003852351580106904
1.3721860930465233 0.0003855249513820763
1.3726863431715857 0.00038580989870303455
1.3731865932966483 0.00038608997361810654
1.3736868434217109 0.00038636479990916683
1.3741870935467735 0.0003866334564759412
1.3746873436718359 0.00038689536858805916
1.3751875937968985 0.0003871505036570971
1.3756878439219609 0.00038739723452339603
1.3761880940470235 0.00038763350363870823
1.376688344172086 0.00038786070658549976
1.3771885942971487 0.0003880840131994934
1.377688844422211 0.0003883067555068216
1.3781890945472737 0.0003885289364315604
1.378689344672336 0.00038875159892547503
1.3791895947973987 0.00038897737057408605
1.3796898449224613 0.00038920785053488273
1.3801900950475237 0.0003894430637790187
1.3806903451725863 0.0003896830359208447
1.3811905952976489 0.0003899259538327464
1.3816908454227113 0.0003901712201695861
1.3821910955477739 0.00039041942348105115
1.3826913456728365 0.00039066992679856477
1.3831915957978989 0.0003909227437788818
1.3836918459229615 0.000391176069367366
1.3841920960480238 0.0003914253821458264
1.3846923461730865 0.0003916679571787864
1.385192596298149 0.0003919037665547541
1.3856928464232117 0.0003921327828010632
1.386193096548274 0.00039235507736874286
1.3866933466733367 0.00039257382689153784
1.387193596798399 0.0003927891948706107
1.3876938469234616 0.00039299619998847435
1.3881940970485243 0.0003931927753075896
1.3886943471735869 0.0003933809049815344
1.3891945972986492 0.00039356552240747407
1.3896948474237119 0.0003937495632897112
1.3901950975487742 0.0003939330323794472
1.3906953476738368 0.0003941159344052282
1.3911955977988995 0.00039429827407338
1.391695847923962 0.00039448001975464123
1.3921960980490244 0.00039465802167405154
1.392696348174087 0.00039482983928621526
1.3931965982991494 0.00039499746796841035
1.393696848424212 0.0003951595695664367
1.3941970985492746 0.0003953096844579166
1.3946973486743373 0.0003954439826647656
1.3951975987993996 0.0003955624144990524
1.3956978489244622 0.0003956649316472115
1.3961980990495246 0.000395751487184076
1.3966983491745872 0.00039582217264151214
1.3971985992996498 0.000395877757388523
1.3976988494247125 0.00039592209261170915
1.3981990995497748 0.00039595852428112634
1.3986993496748374 0.00039599325805373883
1.3991995997998998 0.00039603700121064434
1.3996998499249624 0.0003960944207394303
1.400200100050025 0.000396165555529368
1.4007003501750876 0.0003962504467180187
1.40120060030015 0.0003963491377115688
1.4017008504252126 0.0003964616756389949
1.402201100550275 0.0003965881122661122
1.4027013506753376 0.00039672855905317306
1.4032016008004002 0.0003968836384004844
1.4037018509254626 0.00039705298375460795
1.4042021010505252 0.0003972332290258391
1.4047023511755878 0.0003974214651745736
1.4052026013006502 0.0003976172623843467
1.4057028514257128 0.0003978206543565174
1.4062031015507754 0.00039803167561728935
1.4067033516758378 0.00039824978814942494
1.4072036018009004 0.00039847354257822697
1.407703851925963 0.0003987020552403224
1.4082041020510254 0.0003989353686541476
1.408704352176088 0.0003991709708591469
1.4092046023011506 0.00039940220908631357
1.409704852426213 0.00039962516696589995
1.4102051025512756 0.00039984043295394526
1.410705352676338 0.00040004837956643586
1.4112056028014006 0.0004002489652654643
1.4117058529264632 0.0004004425386446318
1.4122061030515258 0.00040063005493494225
1.4127063531765882 0.00040081208587817546
1.4132066033016508 0.00040098860241313995
1.4137068534267132 0.0004011608035493602
1.4142071035517758 0.00040133143531310853
1.4147073536768384 0.00040150202293715134
1.415207603801901 0.00040167255604574287
1.4157078539269634 0.0004018442397714945
1.416208104052026 0.0004020183846988412
1.4167083541770884 0.00040219393858134775
1.417208604302151 0.00040236798846200094
1.4177088544272136 0.00040253876440663096
1.4182091045522762 0.00040270624585029495
1.4187093546773386 0.000402876006264399
1.4192096048024012 0.0004030608474932218
1.4197098549274636 0.0004032657850715214
1.4202101050525262 0.00040348801362666026
1.4207103551775888 0.00040372697068224794
1.4212106053026514 0.00040398269787128035
1.4217108554277138 0.0004042572182834558
1.4222111055527764 0.00040455561002021226
1.4227113556778388 0.0004048810103779464
1.4232116058029014 0.000405233575973017
1.423711855927964 0.00040560462998036383
1.4242121060530266 0.0004059742587506619
1.424712356178089 0.00040633125902857757
1.4252126063031516 0.0004066786049167117
1.425712856428214 0.00040702147849966007
1.4262131065532766 0.00040736202315117963
1.4267133566783392 0.00040769794341903354
1.4272136068034016 0.0004080225753254045
1.4277138569284642 0.0004083314051929464
1.4282141070535268 0.00040862426180651934
1.4287143571785892 0.00040890769052164336
1.4292146073036518 0.00040919649604351455
1.4297148574287144 0.00040949891220967434
1.4302151075537768 0.0004098149849385211
1.4307153576788394 0.0004101440254089308
1.431215607803902 0.0004104839202958567
1.4317158579289644 0.00041083626279658965
1.432216108054027 0.0004112083367653882
1.4327163581790896 0.00041160536010508583
1.433216608304152 0.0004120297395620735
1.4337168584292146 0.0004124782554442919
1.434217108554277 0.0004129404521320819
1.4347173586793396 0.00041341058169362893
1.4352176088044022 0.0004138886638289953
1.4357178589294648 0.00041437471809990713
1.4362181090545272 0.00041486859333166867
1.4367183591795898 0.00041536340789453014
1.4372186093046522 0.0004158471412835055
1.4377188594297148 0.00041631443387810373
1.4382191095547774 0.0004167676625732503
1.43871935967984 0.0004172084739492857
1.4392196098049024 0.00041763495248801327
1.439719859929965 0.0004180459395285083
1.4402201100550274 0.0004184413663720857
1.44072036018009 0.00041882116614956085
1.4412206103051526 0.0004191852738440501
1.4417208604302152 0.00041953469292284974
1.4422211105552776 0.0004198731987108169
1.4427213606803402 0.0004202040182700062
1.4432216108054026 0.0004205268880150766
1.4437218609304652 0.0004208401819845324
1.4442221110555278 0.00042114319845596766
1.4447223611805904 0.00042143751183741803
1.4452226113056528 0.0004217245070297293
1.4457228614307154 0.00042200415317403907
1.4462231115557778 0.0004222764201131964
1.4467233616808404 0.0004225447582291195
1.447223611805903 0.00042281730290149086
1.4477238619309656 0.0004230985076779261
1.448224112056028 0.00042338772524368683
1.4487243621810906 0.0004236868127276157
1.449224612306153 0.00042400067854522
1.4497248624312156 0.0004243319872570841
1.4502251125562782 0.00042468166636066234
1.4507253626813406 0.00042505180755834324
1.4512256128064032 0.0004254436728654596
1.4517258629314658 0.00042585597814986877
1.4522261130565282 0.00042628559566407843
1.4527263631815908 0.0004267307794962171
1.4532266133066534 0.000427191617708976
1.4537268634317158 0.00042766506649645107
1.4542271135567784 0.00042814590049249687
1.454727363681841 0.0004286320004085598
1.4552276138069034 0.0004291233999444474
1.455727863931966 0.00042962013329552926
1.4562281140570286 0.00043012190294276255
1.456728364182091 0.00043062181817766425
1.4572286143071536 0.00043110497056846
1.457728864432216 0.0004315629406596539
1.4582291145572785 0.0004319955669960333
1.4587293646823412 0.00043240187084234
1.4592296148074038 0.0004327800071052811
1.4597298649324661 0.00043312900054533866
1.4602301150575288 0.0004334487524786966
1.4607303651825911 0.00043373913136049463
1.4612306153076537 0.0004340000168959947
1.4617308654327164 0.0004342414703567776
1.462231115557779 0.0004344858453876015
1.4627313656828413 0.00043474532960285353
1.463231615807904 0.0004350199044639692
1.4637318659329663 0.0004353128643088256
1.464232116058029 0.0004356309951097487
1.4647323661830915 0.0004359778919451426
1.4652326163081542 0.0004363548501764956
1.4657328664332165 0.0004367632553502113
1.4662331165582791 0.000437203363556119
1.4667333666833415 0.0004376677522841589
1.4672336168084041 0.00043813951344321567
1.4677338669334667 0.0004386092675668348
1.4682341170585294 0.0004390775747851185
1.4687343671835917 0.00043953791838746546
1.4692346173086543 0.0004399757319427862
1.4697348674337167 0.0004403834175971434
1.4702351175587793 0.0004407607952611039
1.470735367683842 0.0004411067703208487
1.4712356178089045 0.0004414187453796472
1.471735867933967 0.0004417005435541332
1.4722361180590295 0.0004419641853441669
1.472736368184092 0.0004422162600064695
1.4732366183091545 0.00044245673021586643
1.4737368684342171 0.0004426920896526005
1.4742371185592795 0.00044293582336639263
1.4747373686843421 0.00044319493665164036
1.4752376188094047 0.0004434694951273429
1.4757378689344671 0.0004437595684411096
1.4762381190595297 0.00044406238991714155
1.4767383691845923 0.0004443757783407943
1.4772386193096547 0.0004447015436737521
1.4777388694347173 0.00044504089794926075
1.47823911955978 0.00044539389137890275
1.4787393696848423 0.00044576190513942807
1.479239619809905 0.00044614767615332407
1.4797398699349675 0.0004465527029332425
1.48024012006003 0.000446977414781818
1.4807403701850925 0.0004474221711327497
1.481240620310155 0.0004478879070458381
1.4817408704352175 0.0004483765475746415
1.4822411205602801 0.00044888898690764907
1.4827413706853427 0.0004494236290784315
1.4832416208104051 0.0004499790843627453
1.4837418709354677 0.0004505517220963217
1.48424212106053 0.0004511341422695306
1.4847423711855927 0.0004517226516543401
1.4852426213106553 0.0004523172739823204
1.485742871435718 0.00045291771535402005
1.4862431215607803 0.0004535226438291803
1.486743371685843 0.00045412842265716457
1.4872436218109053 0.0004547294318548568
1.487743871935968 0.00045532262450956724
1.4882441220610305 0.0004559070237837939
1.4887443721860931 0.0004564774814437607
1.4892446223111555 0.00045702687990237435
1.4897448724362181 0.0004575522306494965
1.4902451225612805 0.0004580533792535342
1.490745372686343 0.0004585301778399066
1.4912456228114057 0.0004589824851975542
1.4917458729364683 0.00045941256508448536
1.4922461230615307 0.0004598261516677685
1.4927463731865933 0.0004602266128646101
1.4932466233116557 0.00046061388076520194
1.4937468734367183 0.00046099056604536216
1.494247123561781 0.0004613622056809452
1.4947473736868435 0.0004617318580612959
1.495247623811906 0.000462099682684215
1.4957478739369685 0.00046246566725627097
1.496248124062031 0.00046282979953186085
1.4967483741870935 0.00046319301600509046
1.497248624312156 0.00046355729915863815
1.4977488744372185 0.0004639236413628331
1.498249124562281 0.0004642916430588871
1.4987493746873437 0.0004646636857896023
1.499249624812406 0.000465045071245274
1.4997498749374687 0.00046543839439317717
1.5002501250625313 0.00046584434314463183
1.500750375187594 0.0004662636943138077
1.5012506253126563 0.0004666965954078914
1.5017508754377187 0.0004671393905415298
1.5022511255627813 0.00046758440216724607
1.502751375687844 0.0004680276315593947
1.5032516258129065 0.0004684690620309294
1.503751875937969 0.0004689046657469142
1.5042521260630315 0.0004693261533203861
1.5047523761880939 0.0004697292066047994
1.5052526263131565 0.00047011373225327524
1.505752876438219 0.00047047961753505927
1.5062531265632817 0.00047082616209586286
1.506753376688344 0.0004711607874325831
1.5072536268134067 0.00047150007554728053
1.507753876938469 0.0004718525815539231
1.5082541270635317 0.0004722183605088143
1.5087543771885943 0.00047260055524481475
1.509254627313657 0.00047300509919543483
1.5097548774387193 0.0004734348732541623
1.5102551275637819 0.00047388983375314434
1.5107553776888443 0.0004743699072831416
1.5112556278139069 0.000474875201267291
1.5117558779389695 0.0004753983710721698
1.512256128064032 0.00047592403347660535
1.5127563781890945 0.0004764442072935443
1.513256628314157 0.00047695886029354634
1.5137568784392195 0.0004774663471392945
1.514257128564282 0.0004779635901803404
1.5147573786893447 0.00047844910805286894
1.5152576288144073 0.0004789228345709312
1.5157578789394697 0.00047938470492696366
1.5162581290645323 0.0004798346606436259
1.5167583791895947 0.0004802711137617461
1.5172586293146573 0.0004806909108469424
1.5177588794397199 0.00048109233661657865
1.5182591295647825 0.00048147493935377436
1.5187593796898449 0.00048183902982616776
1.5192596298149073 0.0004821857981798812
1.5197598799399699 0.0004825157630601808
1.5202601300650325 0.0004828288616700729
1.520760380190095 0.00048312503416642196
1.5212606303151577 0.0004834042236874017
1.52176088044022 0.0004836706830714615
1.5222611305652824 0.00048393348587107257
1.522761380690345 0.0004841985400263115
1.5232616308154077 0.00048446696548821983
1.5237618809404703 0.00048473905282121185
1.5242621310655329 0.00048501614704651164
1.5247623811905953 0.0004852993143761131
1.5252626313156576 0.0004855885684375381
1.5257628814407203 0.0004858839230438945
1.5262631315657829 0.0004861853921949791
1.5267633816908455 0.0004864962893511549
1.527263631815908 0.00048682314861418156
1.5277638819409705 0.0004871692310657478
1.5282641320660328 0.0004875346052544227
1.5287643821910955 0.00048791976989414764
1.529264632316158 0.0004883265944767324
1.5297648824412207 0.0004887562486517504
1.530265132566283 0.000489207415813806
1.5307653826913457 0.000489679071635563
1.531265632816408 0.0004901713312712035
1.5317658829414706 0.000490681302056894
1.5322661330665333 0.0004912031986374478
1.5327663831915959 0.0004917342164739076
1.5332666333166582 0.0004922744142953655
1.5337668834417209 0.0004928227764313698
1.5342671335667832 0.0004933774058734525
1.5347673836918458 0.000493937204397862
1.5352676338169085 0.0004945017852520954
1.535767883941971 0.0004950710799206728
1.5362681340670334 0.0004956455538936971
1.536768384192096 0.0004962225249526834
1.5372686343171584 0.000496796015768668
1.537768884442221 0.0004973631053459592
1.5382691345672836 0.000497923751708425
1.5387693846923463 0.0004984730623549859
1.5392696348174086 0.0004990022453002468
1.5397698849424712 0.0004995073096422339
1.5402701350675336 0.0004999881126804983
1.5407703851925962 0.0005004447215871342
1.5412706353176588 0.0005008779930695319
1.5417708854427215 0.0005012931491056496
1.5422711355677838 0.0005016994361050774
1.5427713856928462 0.0005021015875943225
1.5432716358179088 0.0005024995804580762
1.5437718859429714 0.0005029026204126711
1.544272136068034 0.0005033271691382994
1.5447723861930966 0.0005037805380062212
1.545272636318159 0.0005042628728736168
1.5457728864432214 0.0005047743292885197
1.546273136568284 0.0005053150726161986
1.5467733866933466 0.0005058817593738914
1.5472736368184092 0.0005064672758922173
1.5477738869434718 0.0005070677740997662
1.5482741370685342 0.0005076833247119168
1.5487743871935966 0.0005083058161925089
1.5492746373186592 0.0005089204289634854
1.5497748874437218 0.000509520640315545
1.5502751375687844 0.0005101063443834269
1.550775387693847 0.0005106774376193448
1.5512756378189094 0.0005112338188387626
1.5517758879439718 0.0005117772349204495
1.5522761380690344 0.0005123110739973925
1.552776388194097 0.0005128369004404335
1.5532766383191596 0.0005133548910088678
1.5537768884442222 0.0005138756185756844
1.5542771385692846 0.0005144166482490002
1.554777388694347 0.000514985246835521
1.5552776388194096 0.0005155815747990993
1.5557778889444722 0.0005162058045973657
1.5562781390695348 0.0005168581172482412
1.5567783891945972 0.000517537921382151
1.5572786393196598 0.0005182439522611553
1.5577788894447222 0.0005189757230260164
1.5582791395697848 0.0005197334246468768
1.5587793896948474 0.0005205064059938498
1.55927963981991 0.0005212759375356134
1.5597798899449724 0.0005220333248227138
1.560280140070035 0.0005227768475299982
1.5607803901950974 0.0005235042474173634
1.56128064032016 0.0005242141977229078
1.5617808904452226 0.0005249066334272747
1.5622811405702852 0.0005255815485867426
1.5627813906953476 0.0005262388748209486
1.5632816408204102 0.0005268784909239749
1.5637818909454726 0.0005275122512068186
1.5642821410705352 0.0005281607219100064
1.5647823911955978 0.0005288326351621395
1.5652826413206604 0.0005295281699958347
1.5657828914457228 0.0005302475011874832
1.5662831415707852 0.000530990278505087
1.5667833916958478 0.00053175554628766
1.5672836418209104 0.000532541263893589
1.567783891945973 0.0005333459928172483
1.5682841420710356 0.0005341698990442661
1.568784392196098 0.000534999472887409
1.5692846423211604 0.000535811397986828
1.569784892446223 0.0005365958417021543
1.5702851425712856 0.0005373525620279104
1.5707853926963482 0.000538081324428254
1.5712856428214108 0.0005387819020128536
1.5717858929464732 0.000539455358096246
1.5722861430715356 0.000540104170746998
1.5727863931965982 0.0005407305065427607
1.5732866433216608 0.0005413353243647101
1.5737868934467234 0.0005419201722977968
1.574287143571786 0.0005424874977270488
1.5747873936968484 0.000543038238950212
1.5752876438219108 0.0005435722889941581
1.5757878939469734 0.0005440895440194038
1.576288144072036 0.0005445899033716518
1.5767883941970986 0.000545079041257201
1.5772886443221612 0.0005455672633977248
1.5777888944472236 0.0005460591561085886
1.578289144572286 0.0005465547324614269
1.5787893946973486 0.0005470593247022173
1.5792896448224112 0.0005475812184645887
1.5797898949474738 0.0005481234284124741
1.5802901450725362 0.0005486860737070606
1.5807903951975988 0.0005492692786589489
1.5812906453226612 0.0005498731728008906
1.5817908954477238 0.0005504868879015565
1.5822911455727864 0.0005510908776922923
1.582791395697849 0.0005516764776523272
1.5832916458229114 0.0005522435736169582
1.583791895947974 0.0005527920546091765
1.5842921460730364 0.0005533218128919974
1.584792396198099 0.0005538327440194927
1.5852926463231616 0.0005543248349156846
1.5857928964482242 0.0005547982121269549
1.5862931465732866 0.000555252630043943
1.5867933966983492 0.0005556975546782038
1.5872936468234116 0.0005561504624860258
1.5877938969484742 0.000556619065229328
1.5882941470735368 0.0005571034426210757
1.5887943971985994 0.0005576036773869558
1.5892946473236618 0.0005581198553023155
1.5897948974487242 0.0005586520652306236
1.5902951475737868 0.0005592003991634875
1.5907953976988494 0.0005597649522622586
1.591295647823912 0.0005603455969639943
1.5917958979489746 0.000560930727393982
1.592296148074037 0.0005615003888102012
1.5927963981990994 0.000562045991701812
1.593296648324162 0.0005625673971817269
1.5937968984492246 0.0005630644718658592
1.5942971485742872 0.0005635370879545611
1.5947973986993498 0.0005639851233110259
1.5952976488244122 0.0005644084615365614
1.5957978989494745 0.0005648069920426534
1.5962981490745372 0.0005651772975847562
1.5967983991995998 0.000565526640494622
1.5972986493246624 0.000565874997717654
1.597798899449725 0.0005662323401222274
1.5982991495747874 0.0005665991129473005
1.5987993996998497 0.000566975153962581
1.5992996498249124 0.0005673605025234196
1.599799899949975 0.000567755199070319
1.6003001500750376 0.0005681592851399306
1.6008004002001002 0.0005685728033763849
1.6013006503251626 0.0005689957975429617
1.601800900450225 0.0005694143823753789
1.6023011505752875 0.0005698045910843137
1.6028014007003502 0.0005701562929393724
1.6033016508254128 0.0005704693391985221
1.6038019009504751 0.0005707436089330994
1.6043021510755378 0.0005709796087531339
1.6048024012006001 0.0005711779856970817
1.6053026513256627 0.0005713387902765293
1.6058029014507254 0.0005714619512556316
1.606303151575788 0.0005715511739651056
1.6068034017008503 0.0005716280539298673
1.607303651825913 0.0005717214322044068
1.6078039019509753 0.0005718423089625201
1.608304152076038 0.0005719907238151934
1.6088044022011005 0.0005721667242370396
1.6093046523261632 0.0005723703656013421
1.6098049024512255 0.0005726017112207812
1.6103051525762881 0.0005728604573769495
1.6108054027013505 0.0005731456813247409
1.6113056528264131 0.0005734570583950865
1.6118059029514757 0.0005737931834479429
1.6123061530765384 0.0005741512529882836
1.6128064032016007 0.0005745301730239396
1.6133066533266633 0.0005749300316949883
1.6138069034517257 0.000575350922114868
1.6143071535767883 0.0005757929424243894
1.614807403701851 0.0005762561958488325
1.6153076538269135 0.0005767407907581935
1.615807903951976 0.0005772468407306465
1.6163081540770383 0.0005777744637870732
1.616808404202101 0.0005783175620469642
1.6173086543271635 0.0005788656791561207
1.6178089044522261 0.000579414202194713
1.6183091545772887 0.000579962812834535
1.6188094047023511 0.0005805115113328851
1.6193096548274135 0.0005810602979481232
1.6198099049524761 0.0005816091729396762
1.6203101550775387 0.0005821581365680441
1.6208104052026013 0.0005827071890948052
1.621310655327664 0.0005832563307826218
1.6218109054527263 0.0005838055618952455
1.6223111555777887 0.0005843548826975233
1.6228114057028513 0.0005849042934554028
1.623311655827914 0.0005854543801105239
1.6238119059529765 0.0005860057897141604
1.6243121560780391 0.0005865586345605761
1.6248124062031015 0.0005871131810738978
1.625312656328164 0.0005876696486812285
1.6258129064532265 0.0005882280464897557
1.6263131565782891 0.0005887837694218877
1.6268134067033517 0.0005893296314792116
1.6273136568284141 0.0005898630231766347
1.6278139069534767 0.0005903838705163409
1.628314157078539 0.0005908921009024183
1.6288144072036017 0.0005913876431642203
1.6293146573286643 0.0005918704031140349
1.629814907453727 0.0005923394730250754
1.6303151575787893 0.0005927939682136495
1.630815407703852 0.0005932338912643393
1.6313156578289143 0.0005936592469583951
1.631815907953977 0.000594069969850809
1.6323161580790395 0.0005944659960713136
1.6328164082041021 0.0005948472635494359
1.6333166583291645 0.0005952137120357851
1.6338169084542271 0.0005955652831228177
1.6343171585792895 0.0005959056258940484
1.634817408704352 0.0005962407326421452
1.6353176588294147 0.000596572911613331
1.6358179089544773 0.0005969022690300176
1.6363181590795397 0.0005972324357069963
1.6368184092046023 0.0005975684670720254
1.6373186593296647 0.0005979117516148108
1.6378189094547273 0.0005982621212214841
1.63831915957979 0.000598619566948446
1.6388194097048525 0.000598984117903847
1.639319659829915 0.0005993558038062338
1.6398199099549773 0.0005997346549905324
1.64032016008004 0.0006001207024141688
1.6408204102051025 0.0006005139776633357
1.641320660330165 0.0006009145129594035
1.6418209104552277 0.0006013223411654799
1.64232116058029 0.0006017374534042002
1.6428214107053525 0.0006021596959259731
1.643321660830415 0.0006025889574405143
1.6438219109554777 0.0006030253978375793
1.6443221610805403 0.0006034650448590806
1.644822411205603 0.0006039012329474837
1.6453226613306653 0.0006043313997921736
1.6458229114557277 0.0006047555163181217
1.6463231615807903 0.00060517623580445
1.646823411705853 0.0006055975812571705
1.6473236618309155 0.0006060209104922168
1.647823911955978 0.0006064462328379077
1.6483241620810405 0.0006068735576940577
1.6488244122061029 0.0006073028185016254
1.6493246623311655 0.0006077337162656327
1.649824912456228 0.0006081660271212999
1.6503251625812907 0.0006085997466669544
1.650825412706353 0.0006090348376992919
1.6513256628314157 0.0006094712753449733
1.651825912956478 0.0006099090675394504
1.6523261630815407 0.0006103482222736109
1.6528264132066033 0.0006107887475942939
1.653326663331666 0.0006112306516048082
1.6538269134567283 0.0006116739424654594
1.6543271635817909 0.0006121186293383025
1.6548274137068533 0.0006125647219933641
1.6553276638319159 0.000613012323286619
1.6558279139569785 0.0006134618777460202
1.656328164082041 0.0006139136385731655
1.6568284142071035 0.0006143674695000266
1.657328664332166 0.0006148229330030262
1.6578289144572285 0.0006152796065303957
1.658329164582291 0.0006157374662748143
1.6588294147073537 0.000616196519549122
1.6593296648324163 0.0006166567737147269
1.6598299149574787 0.0006171182361820512
1.6603301650825413 0.0006175809144109776
1.6608304152076037 0.0006180448159113047
1.6613306653326663 0.0006185099482432032
1.6618309154577289 0.0006189763637014169
1.6623311655827915 0.0006194444072567439
1.6628314157078539 0.0006199143805102146
1.6633316658329163 0.0006203862932695604
1.6638319159579789 0.0006208596864952195
1.6643321660830415 0.0006213388868147809
1.664832416208104 0.0006218315959870346
1.6653326663331667 0.0006223407689915956
1.665832916458229 0.0006228665032446247
1.6663331665832914 0.0006234007706036105
1.666833416708354 0.0006239317328102342
1.6673336668334167 0.0006244556188314841
1.6678339169584793 0.0006249723906172824
1.6683341670835419 0.0006254820103391877
1.6688344172086043 0.0006259843631672532
1.6693346673336666 0.0006264793339501572
1.6698349174587293 0.0006269668848368251
1.6703351675837919 0.0006274469726603173
1.6708354177088545 0.000627919481652828
1.671335667833917 0.0006283843017655885
1.6718359179589795 0.0006288413958911971
1.6723361680840418 0.0006292907271948681
1.6728364182091044 0.000629732259119262
1.673336668334167 0.0006301659553893041
1.6738369184592297 0.0006305917800169948
1.674337168584292 0.0006310064179380034
1.6748374187093547 0.000631404803407721
1.675337668834417 0.0006317853005644947
1.6758379189594796 0.0006321480409126262
1.6763381690845423 0.0006325011011507316
1.6768384192096049 0.0006328561341579416
1.6773386693346672 0.0006332168320926746
1.6778389194597298 0.0006335834134195176
1.6783391695847922 0.0006339559902671397
1.6788394197098548 0.0006343345930158392
1.6793396698349174 0.0006347192525882097
1.67983991995998 0.0006351100004554156
1.6803401700850424 0.0006355068686436027
1.680840420210105 0.0006359098897404437
1.6813406703351674 0.0006363190969018239
1.68184092046023 0.0006367343887683316
1.6823411705852926 0.0006371555613081103
1.6828414207103553 0.0006375825454238253
1.6833416708354176 0.0006380153750389329
1.6838419209604802 0.0006384540801254145
1.6843421710855426 0.0006388945572009534
1.6848424212106052 0.0006393311405998804
1.6853426713356678 0.0006397622742288455
1.6858429214607304 0.0006401879367109801
1.6863431715857928 0.0006406045420068158
1.6868434217108552 0.0006410069845570463
1.6873436718359178 0.0006413937016236027
1.6878439219609804 0.0006417646214699965
1.688344172086043 0.0006421196872042535
1.6888444222111056 0.0006424588788855771
1.689344672336168 0.0006427821648098188
1.6898449224612304 0.0006430894793937617
1.690345172586293 0.0006433807585615183
1.6908454227113556 0.0006436551058064433
1.6913456728364182 0.0006439103074296917
1.6918459229614808 0.0006441449790356901
1.6923461730865432 0.0006443590514223855
1.6928464232116056 0.0006445524574276399
1.6933466733366682 0.0006447251319508142
1.6938469234617308 0.0006448770119738928
1.6943471735867934 0.0006450081487891429
1.694847423711856 0.0006451186503637855
1.6953476738369184 0.0006452089462952204
1.6958479239619808 0.0006452794491661363
1.6963481740870434 0.0006453334411348962
1.696848424212106 0.0006453754994893864
1.6973486743371686 0.0006454069137333131
1.697848924462231 0.0006454304328703597
1.6983491745872936 0.0006454499057927301
1.698849424712356 0.0006454664155448872
1.6993496748374186 0.0006454799553614624
1.6998499249624812 0.0006454905185255116
1.7003501750875438 0.0006454980983689522
1.7008504252126062 0.0006455026882729982
1.7013506753376688 0.0006455042816685948
1.7018509254627312 0.0006455033765964379
1.7023511755877938 0.0006455009248755493
1.7028514257128564 0.0006454973758151395
1.703351675837919 0.0006454927271087787
1.7038519259629814 0.000645486976468944
1.704352176088044 0.000645489161584522
1.7048524262131064 0.0006455112860010777
1.705352676338169 0.000645556329469985
1.7058529264632316 0.0006456243419209344
1.7063531765882942 0.000645718330842095
1.7068534267133566 0.0006458424397744897
1.7073536768384192 0.0006459978885430252
1.7078539269634816 0.0006461847912338795
1.7083541770885442 0.0006464032780068036
1.7088544272136068 0.0006466535671399184
1.7093546773386694 0.0006469358812023164
1.7098549274637318 0.00064725037511973
1.7103551775887942 0.0006475972142457384
1.7108554277138568 0.000647976574508655
1.7113556778389194 0.0006483883959398664
1.711855927963982 0.0006488317131848765
1.7123561780890446 0.0006493058123393166
1.712856428214107 0.0006498109022983347
1.7133566783391694 0.0006503472026297832
1.713856928464232 0.0006509149437676629
1.7143571785892946 0.0006515053617876748
1.7148574287143572 0.0006521056432905888
1.7153576788394198 0.0006527117788211521
1.7158579289644822 0.0006533236135077378
1.7163581790895446 0.0006539301483312178
1.7168584292146072 0.0006545163948098421
1.7173586793396698 0.0006550782267163704
1.7178589294647324 0.0006556154631533299
1.718359179589795 0.0006561285803241095
1.7188594297148574 0.000656619141682639
1.7193596798399198 0.0006570880701548678
1.7198599299649824 0.0006575352165492598
1.720360180090045 0.0006579604353350877
1.7208604302151076 0.0006583635847210753
1.72136068034017 0.0006587445267327764
1.7218609304652326 0.0006591031321953813
1.722361180590295 0.0006594404510492986
1.7228614307153576 0.0006597575385290795
1.7233616808404202 0.0006600542815948489
1.7238619309654828 0.0006603305709320408
1.7243621810905452 0.0006605902996964727
1.7248624312156078 0.0006608390661751576
1.7253626813406702 0.0006610784680971452
1.7258629314657328 0.0006613084045916758
1.7263631815907954 0.0006615327588892788
1.726863431715858 0.0006617568243528202
1.7273636818409204 0.0006619819572986285
1.727863931965983 0.0006622081599061428
1.7283641820910454 0.0006624354343506045
1.728864432216108 0.0006626646911491249
1.7293646823411706 0.000662898278260644
1.7298649324662332 0.000663137643909822
1.7303651825912956 0.000663382806296904
1.7308654327163582 0.0006636337836279193
1.7313656828414206 0.0006638905941143094
1.7318659329664832 0.0006641532559725521
1.7323661830915458 0.000664420388378452
1.7328664332166084 0.0006646894152588121
1.7333666833416708 0.0006649591510164262
1.7338669334667332 0.0006652295962535487
1.7343671835917958 0.000665497034923229
1.7348674337168584 0.0006657562441596468
1.735367683841921 0.0006660056979403417
1.7358679339669836 0.0006662423171068806
1.736368184092046 0.0006664632201942456
1.7368684342171083 0.0006666690130689029
1.737368684342171 0.0006668600967399768
1.7378689344672336 0.0006670364181233178
1.7383691845922962 0.0006671979250141555
1.7388694347173588 0.0006673445660981208
1.7393696848424212 0.0006674773193933267
1.7398699349674835 0.0006675980481848653
1.7403701850925462 0.000667707593599083
1.7408704352176088 0.0006678059188845333
1.7413706853426714 0.0006678929879880859
1.741870935467734 0.0006679687655627961
1.7423711855927964 0.0006680332169756824
1.7428714357178587 0.0006680876513610081
1.7433716858429213 0.0006681333934470741
1.743871935967984 0.0006681704279811578
1.7443721860930466 0.0006681953857732305
1.744872436218109 0.000668203616412883
1.7453726863431716 0.0006681938055638736
1.745872936468234 0.0006681659093388206
1.7463731865932965 0.0006681203984586911
1.7468734367183592 0.0006680579778771367
1.7473736868434218 0.0006679788445147741
1.7478739369684841 0.0006678829679076727
1.7483741870935467 0.0006677703200049967
1.7488744372186091 0.0006676408751844545
1.7493746873436717 0.0006674948799991237
1.7498749374687343 0.0006673335838624344
1.750375187593797 0.0006671579715027584
1.7508754377188593 0.0006669680312347998
1.751375687843922 0.0006667637534937696
1.7518759379689843 0.0006665451308436485
1.752376188094047 0.000666312157984678
1.7528764382191095 0.0006660648317600722
1.7533766883441722 0.000665802420814588
1.7538769384692345 0.0006655229352422189
1.7543771885942971 0.0006652371718437848
1.7548774387193595 0.0006649615330665585
1.7553776888444221 0.0006647003646793571
1.7558779389694847 0.0006644536667583393
1.7563781890945473 0.0006642195381423603
1.7568784392196097 0.0006639945688707163
1.7573786893446721 0.0006637772499715865
1.7578789394697347 0.0006635675807319451
1.7583791895947973 0.0006633655613414586
1.75887943971986 0.0006631711928949993
1.7593796898449225 0.0006629844773954348
1.759879939969985 0.000662805417756696
1.7603801900950473 0.0006626346065070789
1.76088044022011 0.0006624750460532102
1.7613806903451725 0.00066232915855319
1.7618809404702351 0.0006621969636185783
1.7623811905952977 0.0006620784825428981
1.7628814407203601 0.0006619737383118273
1.7633816908454225 0.0006618827839425682
1.7638819409704851 0.0006618057041285713
1.7643821910955477 0.0006617383430342743
1.7648824412206103 0.000661675058999441
1.765382691345673 0.0006616144146499094
1.7658829414707353 0.0006615564159310695
1.7663831915957977 0.0006615017149687381
1.7668834417208603 0.0006614511429090558
1.767383691845923 0.0006614048864094
1.7678839419709855 0.000661361285097877
1.768384192096048 0.0006613186203193764
1.7688844422211105 0.0006612768409231794
1.769384692346173 0.0006612359485093458
1.7698849424712355 0.000661195944711583
1.7703851925962981 0.0006611583152848479
1.7708854427213607 0.0006611258120578856
1.771385692846423 0.000661099709942089
1.7718859429714857 0.000661080025464282
1.772386193096548 0.0006610667754145848
1.7728864432216107 0.0006610599768484772
1.7733866933466733 0.0006610596470888959
1.773886943471736 0.0006610658037283629
1.7743871935967983 0.0006610769897825421
1.774887443721861 0.0006610931289632319
1.7753876938469233 0.0006611164795758903
1.775887943971986 0.000661147919626595
1.7763881940970485 0.0006611886427019255
1.7768884442221111 0.0006612401492977532
1.7773886943471735 0.0006613016839469587
1.777888944472236 0.0006613712542975458
1.7783891945972985 0.000661447951207183
1.778889444722361 0.0006615317956502156
1.7793896948474237 0.0006616228088473878
1.7798899449724863 0.0006617210122678341
1.7803901950975487 0.0006618264276310986
1.780890445222611 0.0006619390769091807
1.7813906953476737 0.0006620589823286052
1.7818909454727363 0.0006621847127289029
1.782391195597799 0.0006623120567580337
1.7828914457228615 0.0006624382431559434
1.783391695847924 0.0006625632699988275
1.7838919459729863 0.0006626871353279037
1.7843921960980489 0.0006628092984151129
1.7848924462231115 0.0006629289732416259
1.785392696348174 0.0006630459101627227
1.7858929464732367 0.0006631601017142092
1.786393196598299 0.0006632760083787778
1.7868934467233615 0.0006633991965153257
1.787393696848424 0.0006635307810709302
1.7878939469734867 0.0006636707961338043
1.7883941970985493 0.0006638192769005513
1.788894447223612 0.0006639762596888412
1.7893946973486743 0.0006641480270480305
1.7898949474737367 0.0006643412527991149
1.7903951975987993 0.000664556384186849
1.7908954477238619 0.0006647935109457015
1.7913956978489245 0.0006650535048867204
1.791895947973987 0.0006653385894234387
1.7923961980990495 0.0006656502207345644
1.7928964482241119 0.0006659885171811989
1.7933966983491745 0.0006663536008094885
1.793896948474237 0.0006667455973978127
1.7943971985992997 0.0006671659293335118
1.794897448724362 0.0006676164093838176
1.7953976988494247 0.0006680975706411612
1.795897948974487 0.0006686095770778906
1.7963981990995497 0.000669140797856401
1.7968984492246123 0.0006696753787518477
1.7973986993496749 0.0006702091852227794
1.7978989494747373 0.000670742194086131
1.7983991995997999 0.0006712737466404809
1.7988994497248623 0.0006718005801824115
1.7993996998499249 0.0006723200513737911
1.7998999499749875 0.0006728321103425853
1.80040020010005 0.000673336707499021
1.8009004502251125 0.0006738337935437271
1.801400700350175 0.0006743233194758851
1.8019009504752375 0.0006748052366013919
1.8024012006003 0.0006752794965410285
1.8029014507253627 0.0006757460512386363
1.8034017008504253 0.0006762048529692948
1.8039019509754877 0.0006766559213093155
1.80440220110055 0.0006770985595383851
1.8049024512256127 0.0006775318019153341
1.8054027013506753 0.000677955395985544
1.8059029514757379 0.000678371103767976
1.8064032016008005 0.0006787827592391225
1.8069034517258629 0.000679192824816965
1.8074037018509252 0.0006796017109270713
1.8079039519759879 0.0006800094031606134
1.8084042021010505 0.0006804158870991044
1.808904452226113 0.00068082114831554
1.8094047023511757 0.0006812251723755466
1.809904952476238 0.0006816279448385371
1.8104052026013004 0.0006820294512588796
1.810905452726363 0.0006824301676815668
1.8114057028514257 0.0006828312997932595
1.8119059529764883 0.0006832335671891588
1.8124062031015509 0.0006836369636457958
1.8129064532266133 0.0006840394455772095
1.8134067033516756 0.000684438023452522
1.8139069534767382 0.0006848317363436674
1.8144072036018009 0.0006852192313278031
1.8149074537268635 0.0006855988043501065
1.815407703851926 0.0006859700718862638
1.8159079539769885 0.0006863329922742624
1.8164082041020508 0.0006866912728321568
1.8169084542271134 0.0006870493870661392
1.817408704352176 0.0006874080764845493
1.8179089544772387 0.000687767342635292
1.818409204602301 0.0006881227165355366
1.8189094547273637 0.0006884683932464709
1.819409704852426 0.0006888030232280423
1.8199099549774886 0.0006891281618510032
1.8204102051025512 0.0006894484079893777
1.8209104552276139 0.0006897667858886191
1.8214107053526762 0.0006900832893342166
1.8219109554777388 0.0006903979120881092
1.8224112056028012 0.0006907106478885763
1.8229114557278638 0.000691021490450128
1.8234117058529264 0.0006913304334633944
1.823911955977989 0.0006916374705950148
1.8244122061030514 0.0006919374912660373
1.824912456228114 0.0006922241152399424
1.8254127063531764 0.0006924965007979237
1.825912956478239 0.0006927600398729956
1.8264132066033016 0.0006930163920109481
1.8269134567283642 0.0006932616087710352
1.8274137068534266 0.0006934881946749997
1.8279139569784892 0.0006936888407107258
1.8284142071035516 0.000693863062885353
1.8289144572286142 0.0006940107762169076
1.8294147073536768 0.0006941319002178818
1.8299149574787394 0.0006942263589384653
1.8304152076038018 0.0006942940810079406
1.8309154577288642 0.0006943349996742069
1.8314157078539268 0.0006943490528413932
1.8319159579789894 0.000694336183105532
1.832416208104052 0.0006942963377882552
1.8329164582291146 0.0006942271077165448
1.833416708354177 0.0006941214151750336
1.8339169584792394 0.0006939745362135318
1.834417208604302 0.0006937996280740121
1.8349174587293646 0.0006936144334402919
1.8354177088544272 0.0006934234988428628
1.8359179589794898 0.0006932268092616073
1.8364182091045522 0.0006930284091425447
1.8369184592296146 0.0006928330363145406
1.8374187093546772 0.0006926413722370074
1.8379189594797398 0.0006924534103464081
1.8384192096048024 0.0006922691445838811
1.838919459729865 0.0006920885693954486
1.8394197098549274 0.0006919116797324037
1.8399199599799898 0.0006917384710518776
1.8404202101050524 0.0006915763161462057
1.840920460230115 0.0006914391743838099
1.8414207103551776 0.0006913336634837634
1.84192096048024 0.0006912597813262115
1.8424212106053026 0.0006912175284279246
1.842921460730365 0.0006912069818764024
1.8434217108554276 0.0006912282253712699
1.8439219609804902 0.0006912813474304517
1.8444222111055528 0.0006913642504378937
1.8449224612306152 0.000691474366055721
1.8454227113556778 0.0006916113133473583
1.8459229614807402 0.0006917751788535252
1.8464232116058028 0.0006919723005277086
1.8469234617308654 0.0006922100306799045
1.847423711855928 0.0006924895036883151
1.8479239619809904 0.0006928064191729617
1.848424212106053 0.0006931541957431609
1.8489244622311154 0.0006935301837799366
1.849424712356178 0.0006939332228859363
1.8499249624812406 0.0006943626800489215
