1.1000500250125063 0.0003753029301808504
1.1005502751375689 0.00037555601914984955
1.1010505252626313 0.0003758112108904708
1.1015507753876939 0.0003760688120766297
1.1020510255127565 0.0003763277306463837
1.1025512756378189 0.00037658670734325465
1.1030515257628815 0.00037684573703863824
1.103551775887944 0.000377102514919863
1.1040520260130064 0.00037735514867328766
1.104552276138069 0.0003776089230727048
1.1050525262631314 0.0003778687350537953
1.105552776388194 0.000378134619760978
1.1060530265132567 0.0003784067921353551
1.1065532766383193 0.0003786750072926011
1.1070535267633816 0.00037892876695687155
1.1075537768884443 0.00037916790932237095
1.1080540270135066 0.0003793919769479962
1.1085542771385692 0.00037960060237479914
1.1090545272636319 0.00037979305243318417
1.1095547773886942 0.00037996401486896207
1.1100550275137568 0.00038010882829579414
1.1105552776388194 0.0003802259900077899
1.1110555277638818 0.0003803150444388827
1.1115557778889444 0.00038039661868651133
1.112056028014007 0.00038048855323990225
1.1125562781390694 0.0003805873918967177
1.113056528264132 0.0003806914846712489
1.1135567783891946 0.0003808008550632159
1.114057028514257 0.00038091539887348037
1.1145572786393196 0.00038103416746923166
1.1150575287643822 0.0003811629354323733
1.1155577788894446 0.00038131328947937584
1.1160580290145072 0.00038148999483471064
1.1165582791395698 0.00038169404841219257
1.1170585292646322 0.000381927720080996
1.1175587793896948 0.000382192123701995
1.1180590295147574 0.0003824873674835488
1.1185592796398198 0.0003828135645543566
1.1190595297648824 0.0003831713843077061
1.119559779889945 0.0003835598960481253
1.1200600300150074 0.00038397275010585975
1.12056028014007 0.0003844051912597538
1.1210605302651326 0.0003848518187612628
1.121560780390195 0.0003853021059263188
1.1220610305152576 0.00038575098810027177
1.1225612806403202 0.00038619848156013436
1.1230615307653826 0.00038664460253212424
1.1235617808904452 0.00038708936719395056
1.1240620310155078 0.00038752809155750436
1.1245622811405702 0.000387944793185385
1.1250625312656328 0.0003883291137216502
1.1255627813906954 0.00038868633345218867
1.1260630315157578 0.00038902050180494
1.1265632816408204 0.00038932932496950985
1.127063531765883 0.0003896107298007234
1.1275637818909454 0.0003898645893031019
1.128064032016008 0.00039009078102133365
1.1285642821410704 0.000390290869565918
1.129064532266133 0.0003904715096172509
1.1295647823911956 0.00039064217095064553
1.1300650325162582 0.0003908081093537717
1.1305652826413206 0.0003909701310600942
1.1310655327663832 0.0003911282977124811
1.1315657828914456 0.00039128328660421364
1.1320660330165082 0.0003914357011686515
1.1325662831415708 0.0003915855315556973
1.1330665332666334 0.0003917333880090045
1.1335667833916958 0.0003918850733534541
1.1340670335167584 0.0003920442666196208
1.1345672836418208 0.00039220842576301237
1.1350675337668834 0.0003923765298830022
1.135567783891946 0.000392548592702133
1.1360680340170084 0.0003927248576180982
1.136568284142071 0.000392907294613163
1.1370685342671336 0.0003930976557388184
1.137568784392196 0.00039329597395593407
1.1380690345172586 0.00039350039834678603
1.1385692846423212 0.00039371045164215745
1.1390695347673836 0.00039392915159986157
1.1395697848924462 0.00039415950830149724
1.1400700350175088 0.00039440293871317167
1.1405702851425712 0.00039465950442301974
1.1410705352676338 0.00039492850236807337
1.1415707853926964 0.0003952037172452125
1.1420710355177588 0.0003954796556418931
1.1425712856428214 0.0003957552145875698
1.143071535767884 0.00039602734053184444
1.1435717858929464 0.0003962931017229062
1.144072036018009 0.000396551064697539
1.1445722861430716 0.00039679849175866446
1.145072536268134 0.00039703306615307784
1.1455727863931966 0.00039725472633534537
1.1460730365182592 0.0003974641679953647
1.1465732866433216 0.0003976672773572415
1.1470735367683842 0.00039787102058249626
1.1475737868934468 0.0003980817639384315
1.1480740370185092 0.0003983051363394752
1.1485742871435718 0.0003985422220507737
1.1490745372686344 0.0003987921934985752
1.1495747873936968 0.00039904984985593666
1.1500750375187594 0.00039931083345160813
1.150575287643822 0.0003995751384478705
1.1510755377688844 0.0003998429057981449
1.151575787893947 0.0004001150786029896
1.1520760380190094 0.00040038248412210836
1.152576288144072 0.00040062973456969804
1.1530765382691346 0.0004008513762766173
1.1535767883941972 0.00040104732280186247
1.1540770385192596 0.0004012192691380011
1.1545772886443222 0.0004013774706223812
1.1550775387693846 0.00040153045449547396
1.1555777888944472 0.0004016782212354693
1.1560780390195098 0.0004018201415690296
1.1565782891445724 0.00040196098650443135
1.1570785392696348 0.0004021131343628585
1.1575787893946974 0.00040228359965454604
1.1580790395197598 0.0004024724515623493
1.1585792896448224 0.0004026797610165499
1.159079539769885 0.00040290434399202057
1.1595797898949474 0.0004031391747938027
1.16008004002001 0.0004033784393843708
1.1605802901450726 0.00040362213710575553
1.161080540270135 0.0004038721767714482
1.1615807903951976 0.0004041356270029988
1.1620810405202602 0.000404417692326421
1.1625812906453226 0.0004047184500563689
1.1630815407703852 0.00040503797973833974
1.1635817908954478 0.0004053763631748419
1.1640820410205102 0.00040573422011669634
1.1645822911455728 0.00040611458206961447
1.1650825412706354 0.000406519971463219
1.1655827913956978 0.0004069486944669709
1.1660830415207604 0.00040739455249059136
1.166583291645823 0.0004078487137423637
1.1670835417708854 0.00040830679079663097
1.167583791895948 0.0004087688065971033
1.1680840420210106 0.0004092347843333149
1.168584292146073 0.0004097047474434901
1.1690845422711356 0.000410177274875515
1.1695847923961982 0.00041064464501074777
1.1700850425212606 0.0004110998360831421
1.1705852926463232 0.0004115373125186728
1.1710855427713858 0.0004119532824089207
1.1715857928964482 0.0004123476035047649
1.1720860430215108 0.0004127190375090834
1.1725862931465734 0.0004130674585788228
1.1730865432716358 0.00041339274568909603
1.1735867933966984 0.00041369478270863357
1.174087043521761 0.0004139758825591209
1.1745872936468233 0.00041424856422613796
1.175087543771886 0.0004145250547323135
1.1755877938969483 0.00041481574572604316
1.176088044022011 0.00041512962134523555
1.1765882941470736 0.00041546581895975717
1.1770885442721362 0.0004158228642420951
1.1775887943971985 0.0004162008427358928
1.1780890445222612 0.00041659984198645834
1.1785892946473235 0.0004170199515636282
1.1790895447723861 0.00041745922278885894
1.1795897948974488 0.0004179085635951343
1.1800900450225114 0.0004183575448947247
1.1805902951475737 0.0004187956972998277
1.1810905452726363 0.0004192163160442762
1.1815907953976987 0.000419622408394888
1.1820910455227613 0.00042001650314025526
1.182591295647824 0.0004203985369565107
1.1830915457728866 0.00042076844786653105
1.183591795897949 0.0004211261752605094
1.1840920460230115 0.0004214707789528498
1.184592296148074 0.00042180228035523467
1.1850925462731365 0.00042212160357498916
1.1855927963981991 0.0004224287220930726
1.1860930465232615 0.0004227246158929811
1.1865932966483241 0.0004230153037332441
1.1870935467733867 0.0004233058297724498
1.1875937968984491 0.00042359622112288453
1.1880940470235117 0.00042388650498261134
1.1885942971485743 0.00042417688581380914
1.1890945472736367 0.000424470018416118
1.1895947973986993 0.0004247667175321217
1.190095047523762 0.0004250688067920378
1.1905952976488243 0.00042537979305756144
1.191095547773887 0.00042569767093914425
1.1915957978989495 0.0004260105425836368
1.192096048024012 0.00042630848046690105
1.1925962981490745 0.00042659139832511815
1.1930965482741371 0.000426859212912886
1.1935967983991995 0.0004271076681347965
1.1940970485242621 0.00042733054671481753
1.1945972986493247 0.0004275233895222374
1.1950975487743871 0.0004276817686031608
1.1955977988994497 0.0004278036571971866
1.1960980490245123 0.0004278903929661179
1.1965982991495747 0.000427950061533448
1.1970985492746373 0.0004279893308253287
1.1975987993997 0.0004280081487930914
1.1980990495247623 0.00042800998479239366
1.198599299649825 0.000428006313527217
1.1990995497748873 0.0004280056657446729
1.19959979989995 0.0004280139263329126
1.2001000500250125 0.0004280373249443745
1.2006003001500751 0.0004280767716494586
1.2011005502751375 0.0004281316959134041
1.2016008004002001 0.00042819877721743784
1.2021010505252625 0.0004282752957584159
1.2026013006503251 0.0004283612742406015
1.2031015507753877 0.0004284556009416671
1.2036018009004503 0.000428556998149312
1.2041020510255127 0.0004286651222592338
1.2046023011505753 0.0004287753553159064
1.2051025512756377 0.00042888326189890054
1.2056028014007003 0.0004289888345814594
1.206103051525763 0.0004290936967570121
1.2066033016508255 0.00042920656421983975
1.207103551775888 0.0004293345573131956
1.2076038019009505 0.0004294767760542921
1.208104052026013 0.00042963092823263606
1.2086043021510755 0.00042979567084443297
1.2091045522761381 0.00042997207104359037
1.2096048024012005 0.0004301635507738505
1.210105052526263 0.0004303725267894345
1.2106053026513257 0.00043059907484751413
1.211105552776388 0.0004308405577931021
1.2116058029014507 0.0004310829091454113
1.2121060530265133 0.0004313146929210893
1.2126063031515757 0.0004315271535371813
1.2131065532766383 0.0004317105379876677
1.213606803401701 0.00043186377217333216
1.2141070535267633 0.0004319866657763925
1.214607303651826 0.00043207894251839576
1.2151075537768885 0.00043214041565905613
1.215607803901951 0.00043217099628386195
1.2161080540270135 0.0004321728724750312
1.216608304152076 0.00043215749158733997
1.2171085542771385 0.0004321382851402361
1.217608804402201 0.0004321271098420054
1.2181090545272637 0.0004321316358674048
1.218609304652326 0.0004321519047773936
1.2191095547773887 0.0004321941356380452
1.2196098049024513 0.00043226856029435294
1.2201100550275137 0.0004323792646200497
1.2206103051525763 0.00043252635832208676
1.221110555277639 0.00043270876872384344
1.2216108054027013 0.0004329207403590982
1.222111055527764 0.0004331576708612608
1.2226113056528263 0.0004334196220269168
1.2231115557778889 0.00043370665887628026
1.2236118059029515 0.00043401884661760896
1.224112056028014 0.00043434327079153585
1.2246123061530765 0.0004346616780652449
1.225112556278139 0.0004349687483117601
1.2256128064032015 0.0004352644401544398
1.226113056528264 0.00043554937349991267
1.2266133066533267 0.0004358260316094852
1.2271135567783893 0.0004360925349220539
1.2276138069034517 0.00043634513782571637
1.2281140570285143 0.0004365838049243954
1.2286143071535767 0.00043680850034370983
1.2291145572786393 0.00043702863203712186
1.2296148074037019 0.00043725713319573914
1.2301150575287645 0.0004374975264513243
1.2306153076538269 0.0004377498535389498
1.2311155577788895 0.00043801432033668803
1.2316158079039519 0.000438293725311759
1.2321160580290145 0.00043859276007048937
1.232616308154077 0.00043891354157312465
1.2331165582791395 0.00043925615022231664
1.233616808404202 0.00043962066858139386
1.2341170585292647 0.00044000034310775045
1.234617308654327 0.00044038675002936974
1.2351175587793897 0.0004407782826446546
1.2356178089044523 0.00044117497375627284
1.2361180590295147 0.000441576254128186
1.2366183091545773 0.00044197576005881243
1.2371185592796399 0.00044236676007755984
1.2376188094047023 0.00044274829129214305
1.2381190595297649 0.0004431203223999395
1.2386193096548275 0.000443482821899216
1.2391195597798899 0.00044383858443861957
1.2396198099049525 0.0004441898793932006
1.240120060030015 0.00044453614876744605
1.2406203101550775 0.0004448773678664473
1.24112056028014 0.0004452137202474079
1.2416208104052027 0.0004455501481619505
1.242121060530265 0.0004458914061206206
1.2426213106553277 0.0004462375004932723
1.2431215607803903 0.0004465884374020794
1.2436218109054527 0.0004469442227195867
1.2441220610305153 0.000447301629451124
1.2446223111555779 0.00044765702354172707
1.2451225612806402 0.00044800999786162067
1.2456228114057029 0.0004483605395970395
1.2461230615307652 0.0004487075516407961
1.2466233116558278 0.000449047447210999
1.2471235617808905 0.0004493777147076341
1.247623811905953 0.0004496983247868803
1.2481240620310154 0.00045000924789669907
1.248624312156078 0.00045031045427529874
1.2491245622811404 0.0004506058171725839
1.249624812406203 0.0004509003737756856
1.2501250625312657 0.00045119526785091657
1.2506253126563283 0.00045149049573483814
1.2511255627813906 0.00045178614402913093
1.2516258129064533 0.00045208239827384275
1.2521260630315156 0.0004523793542732518
1.2526263131565782 0.0004526770094082334
1.2531265632816408 0.00045297536102588767
1.2536268134067035 0.0004532744064395058
1.2541270635317658 0.0004535731845550527
1.2546273136568284 0.00045387146229217465
1.2551275637818908 0.00045416997361762547
1.2556278139069534 0.0004544687276759885
1.256128064032016 0.00045476106322061785
1.2566283141570787 0.0004550359767851282
1.257128564282141 0.000455289101083339
1.2576288144072036 0.0004555203712858345
1.258129064532266 0.000455729721140194
1.2586293146573286 0.0004559170829573813
1.2591295647823912 0.0004560893436639378
1.2596298149074536 0.0004562708474088891
1.2601300650325162 0.0004564791139687297
1.2606303151575788 0.00045671431401358585
1.2611305652826412 0.0004569906894604779
1.2616308154077038 0.00045732833624268827
1.2621310655327664 0.000457733416331391
1.2626313156578288 0.00045820641229905277
1.2631315657828914 0.0004587478534231881
1.263631815907954 0.0004593583166839155
1.2641320660330164 0.0004600250926306468
1.264632316158079 0.00046070250446988135
1.2651325662831416 0.00046135763692193633
1.265632816408204 0.00046199014997054636
1.2661330665332666 0.00046258936681175687
1.266633316658329 0.00046314066448189313
1.2671335667833916 0.0004636397227864329
1.2676338169084542 0.00046408612098996333
1.2681340670335168 0.00046447947089255
1.2686343171585792 0.0004648194175090151
1.2691345672836418 0.0004651122106808705
1.2696348174087042 0.0004653771315412704
1.2701350675337668 0.0004656265557262489
1.2706353176588294 0.0004658599521902648
1.271135567783892 0.00046608476054454354
1.2716358179089544 0.0004663102618745233
1.272136068034017 0.00046653825901672426
1.2726363181590794 0.00046676875134934553
1.273136568284142 0.00046700173805524846
1.2736368184092046 0.0004672372181210065
1.2741370685342672 0.00046747519056813014
1.2746373186593296 0.00046771406612435766
1.2751375687843922 0.00046795110423917565
1.2756378189094546 0.00046818514456640526
1.2761380690345172 0.0004684130994612499
1.2766383191595798 0.000468632540152894
1.2771385692846424 0.0004688441076569558
1.2776388194097048 0.00046904777611698047
1.2781390695347674 0.0004692435197621929
1.2786393196598298 0.00046943131290894395
1.2791395697848924 0.00046961200839668244
1.279639819909955 0.00046978907003051966
1.2801400700350176 0.0004699667400702053
1.28064032016008 0.0004701466678064314
1.2811405702851426 0.000470332387811038
1.281640820410205 0.00047052783577393974
1.2821410705352676 0.00047073343164454984
1.2826413206603302 0.0004709492086656092
1.2831415707853926 0.00047117520042589105
1.2836418209104552 0.0004714114408631328
1.2841420710355178 0.0004716569937582803
1.2846423211605802 0.00047190867560244437
1.2851425712856428 0.000472165975267526
1.2856428214107054 0.0004724308918118919
1.2861430715357678 0.00047269946025479693
1.2866433216608304 0.00047296623439265444
1.287143571785893 0.00047323000739518835
1.2876438219109554 0.00047349076803735823
1.288144072036018 0.0004737485050997293
1.2886443221610806 0.00047400320736881707
1.289144572286143 0.0004742560611707495
1.2896448224112056 0.00047451096129221443
1.290145072536268 0.00047476877605398955
1.2906453226613306 0.0004750253582184576
1.2911455727863932 0.00047527939698096915
1.2916458229114558 0.00047553096827690803
1.2921460730365182 0.0004757791386979143
1.2926463231615808 0.00047602389564996663
1.2931465732866432 0.0004762652265377707
1.2936468234117058 0.00047650311876506915
1.2941470735367684 0.0004767371197427562
1.294647323661831 0.0004769658047451941
1.2951475737868934 0.000477188181902894
1.295647823911956 0.00047740649953467213
1.2961480740370184 0.0004776151441865836
1.296648324162081 0.0004777863502888616
1.2971485742871436 0.000477900114221452
1.2976488244122062 0.0004779562570072995
1.2981490745372686 0.00047795463780283143
1.2986493246623312 0.0004778951541902362
1.2991495747873936 0.00047777660300287296
1.2996498249124562 0.0004775953715792521
1.3001500750375188 0.00047734903202057365
1.3006503251625814 0.00047703943512340336
1.3011505752876438 0.00047668534990010425
1.3016508254127064 0.00047634034559404276
1.3021510755377688 0.00047604097743261976
1.3026513256628314 0.0004757871583094586
1.303151575787894 0.0004755788282069989
1.3036518259129566 0.00047541595415232933
1.304152076038019 0.0004753000049762819
1.3046523261630816 0.0004752355778394073
1.305152576288144 0.000475225833570334
1.3056528264132066 0.000475270874729599
1.3061530765382692 0.0004753637075137538
1.3066533266633318 0.00047548316325149014
1.3071535767883942 0.0004756156360975887
1.3076538269134568 0.0004757616667968873
1.3081540770385192 0.0004759213003037637
1.3086543271635818 0.0004760945829019416
1.3091545772886444 0.00047628051579366997
1.3096548274137068 0.0004764759417084666
1.3101550775387694 0.00047667873535880604
1.310655327663832 0.0004768889194007841
1.3111555777888944 0.0004771096513299223
1.311655827913957 0.00047735178563143647
1.3121560780390196 0.0004776242975838202
1.312656328164082 0.00047792849912545995
1.3131565782891446 0.0004782644872517341
1.313656828414207 0.00047863235949698117
1.3141570785392696 0.000479032799124546
1.3146573286643322 0.00047946767129193894
1.3151575787893948 0.0004799382686249714
1.3156578289144572 0.0004804447135897717
1.3161580790395198 0.00048098617306982294
1.3166583291645821 0.0004815513950441621
1.3171585792896447 0.0004821252248273889
1.3176588294147074 0.0004827028727868471
1.31815907953977 0.0004832843417563381
1.3186593296648323 0.00048386963446060867
1.319159579789895 0.0004844580950299765
1.3196598299149573 0.0004850477649841211
1.32016008004002 0.00048563732965425883
1.3206603301650826 0.00048622676506172836
1.3211605802901452 0.00048681711366413915
1.3216608304152075 0.00048741171926718345
1.3221610805402702 0.00048800689051588887
1.3226613306653325 0.0004885963445959028
1.3231615807903951 0.0004891797799339313
1.3236618309154577 0.0004897571806023873
1.3241620810405204 0.0004903290800072772
1.3246623311655827 0.0004908970729449914
1.3251625812906453 0.0004914622161174696
1.3256628314157077 0.0004920245138950391
1.3261630815407703 0.0004925826463543984
1.326663331665833 0.0004931322934165189
1.3271635817908956 0.0004936729162493015
1.327663831915958 0.0004942105120727014
1.3281640820410205 0.0004947486092355412
1.328664332166083 0.0004952871933181964
1.3291645822911455 0.0004958263369945976
1.3296648324162081 0.0004963662777287989
1.3301650825412707 0.0004969071674222271
1.3306653326663331 0.0004974489943979002
1.3311655827913957 0.0004979922359082442
1.3316658329164581 0.0004985384511312339
1.3321660830415207 0.0004990887208953626
1.3326663331665833 0.0004996413442694112
1.3331665832916457 0.0005001951163417459
1.3336668334167083 0.0005007505389119758
1.334167083541771 0.0005013082335005629
1.3346673336668333 0.000501869969836564
1.335167583791896 0.0005024369083996863
1.3356678339169585 0.0005030090714261265
1.336168084042021 0.0005035877610028037
1.3366683341670835 0.0005041770467720586
1.337168584292146 0.0005047797486449768
1.3376688344172085 0.0005053940418634783
1.3381690845422711 0.0005060144157697122
1.3386693346673337 0.0005066367473988812
1.3391695847923961 0.00050725899368868
1.3396698349174587 0.0005078767276070655
1.340170085042521 0.0005084870792230442
1.3406703351675837 0.0005090900299159903
1.3411705852926463 0.0005096838600969312
1.341670835417709 0.0005102632541256766
1.3421710855427713 0.0005108245580718227
1.342671335667834 0.0005113676840266996
1.3431715857928963 0.0005118925233297813
1.343671835917959 0.0005123997829277605
1.3441720860430215 0.0005128912069838128
1.3446723361680841 0.0005133693895092053
1.3451725862931465 0.0005138359317840804
1.3456728364182091 0.0005142907885094168
1.3461730865432715 0.0005147351329582639
1.346673336668334 0.0005151726560800058
1.3471735867933967 0.0005156058533585392
1.3476738369184593 0.0005160347207721273
1.3481740870435217 0.0005164558773055349
1.3486743371685843 0.0005168594219280179
1.3491745872936467 0.000517237756485641
1.3496748374187093 0.0005175907248056912
1.350175087543772 0.0005179192142712919
1.3506753376688345 0.0005182231605512314
1.351175587793897 0.0005185018148078613
1.3516758379189595 0.0005187530499709208
1.352176088044022 0.0005189754088757262
1.3526763381690845 0.0005191688005755699
1.353176588294147 0.0005193331328989542
1.3536768384192097 0.0005194764830313517
1.354177088544272 0.0005196090986694951
1.3546773386693347 0.00051973363119704
1.355177588794397 0.0005198506005064783
1.3556778389194597 0.0005199599780424569
1.3561780890445223 0.0005200624975285961
1.3566783391695847 0.0005201603956365129
1.3571785892946473 0.0005202551567174737
1.35767883941971 0.0005203467701198556
1.3581790895447723 0.0005204352251842619
1.358679339669835 0.0005205206974685039
1.3591795897948975 0.0005206082382212654
1.3596798399199599 0.0005207030712950178
1.3601800900450225 0.0005208034338278385
1.3606803401700849 0.0005209072175800928
1.3611805902951475 0.0005210138044251296
1.36168084042021 0.0005211213628553622
1.3621810905452727 0.000521228683328914
1.362681340670335 0.0005213357634174932
1.3631815907953977 0.0005214426006898594
1.36368184092046 0.0005215491927119316
1.3641820910455227 0.0005216546413300926
1.3646823411705853 0.00052175633171554
1.365182591295648 0.0005218529404557088
1.3656828414207103 0.0005219483756460225
1.3661830915457729 0.0005220460565457655
1.3666833416708353 0.0005221457019395903
1.3671835917958979 0.0005222471284382962
1.3676838419209605 0.000522350338486233
1.368184092046023 0.0005224553344336957
1.3686843421710855 0.0005225621185362263
1.369184592296148 0.0005226718500903757
1.3696848424212105 0.0005227867589228641
1.370185092546273 0.000522907336011067
1.3706853426713357 0.0005230329400909662
1.3711855927963983 0.0005231611790366598
1.3716858429214607 0.0005232884315392392
1.3721860930465233 0.0005234134048122129
1.3726863431715857 0.0005235360899747216
1.3731865932966483 0.0005236564781923869
1.3736868434217109 0.000523774560678057
1.3741870935467735 0.0005238895228270631
1.3746873436718359 0.0005239992971563477
1.3751875937968985 0.0005241043430048227
1.3756878439219609 0.0005242069084089749
1.3761880940470235 0.0005243092931214381
1.376688344172086 0.0005244171421022419
1.3771885942971487 0.0005245343959248047
1.377688844422211 0.0005246611319824072
1.3781890945472737 0.0005247973783941443
1.378689344672336 0.000524943163676762
1.3791895947973987 0.0005250993108253548
1.3796898449224613 0.0005252678527618936
1.3801900950475237 0.0005254500372367673
1.3806903451725863 0.0005256450313731064
1.3811905952976489 0.0005258508856863423
1.3816908454227113 0.0005260646969366322
1.3821910955477739 0.0005262832731086223
1.3826913456728365 0.0005265048445495467
1.3831915957978989 0.0005267290277247201
1.3836918459229615 0.0005269558318190307
1.3841920960480238 0.0005271839058656468
1.3846923461730865 0.0005274098684380994
1.385192596298149 0.000527631682883719
1.3856928464232117 0.0005278493832127241
1.386193096548274 0.0005280641126220954
1.3866933466733367 0.0005282759159422338
1.387193596798399 0.0005284837253649946
1.3876938469234616 0.0005286893887554665
1.3881940970485243 0.0005288961012567109
1.3886943471735869 0.0005291051963707902
1.3891945972986492 0.0005293184195991333
1.3896948474237119 0.0005295400734057194
1.3901950975487742 0.0005297727276347537
1.3906953476738368 0.0005300164103556526
1.3911955977988995 0.000530272427442134
1.391695847923962 0.000530541558498089
1.3921960980490244 0.0005308233136541517
1.392696348174087 0.0005311177402671053
1.3931965982991494 0.0005314245205635864
1.393696848424212 0.0005317426280124391
1.3941970985492746 0.0005320692205188583
1.3946973486743373 0.0005323990402109479
1.3951975987993996 0.0005327289827950053
1.3956978489244622 0.0005330590444044694
1.3961980990495246 0.0005333887978257848
1.3966983491745872 0.0005337174336276028
1.3971985992996498 0.0005340468434589705
1.3976988494247125 0.0005343793054826847
1.3981990995497748 0.0005347148197773498
1.3986993496748374 0.0005350532471618549
1.3991995997998998 0.0005353947728453693
1.3996998499249624 0.0005357435640502677
1.400200100050025 0.0005361034915429342
1.4007003501750876 0.0005364746042173705
1.40120060030015 0.0005368573224668234
1.4017008504252126 0.000537252669525522
1.402201100550275 0.0005376608704955059
1.4027013506753376 0.0005380777752366092
1.4032016008004002 0.0005384996533278465
1.4037018509254626 0.0005389265456615093
1.4042021010505252 0.0005393574042202666
1.4047023511755878 0.0005397919487962127
1.4052026013006502 0.0005402318552398704
1.4057028514257128 0.0005406780276716513
1.4062031015507754 0.0005411292146858227
1.4067033516758378 0.0005415821166026582
1.4072036018009004 0.0005420346992144975
1.407703851925963 0.0005424870315570837
1.4082041020510254 0.0005429409451472515
1.408704352176088 0.0005433982069220583
1.4092046023011506 0.000543856500649703
1.409704852426213 0.0005443103716062161
1.4102051025512756 0.0005447550118247075
1.410705352676338 0.000545185595935581
1.4112056028014006 0.0005455998302969704
1.4117058529264632 0.0005459999416964447
1.4122061030515258 0.0005463872687231453
1.4127063531765882 0.0005467617556138088
1.4132066033016508 0.0005471233474302376
1.4137068534267132 0.0005474712581211649
1.4142071035517758 0.0005478055517348777
1.4147073536768384 0.0005481282195239448
1.415207603801901 0.0005484404113601114
1.4157078539269634 0.0005487420908043445
1.416208104052026 0.000549034369809738
1.4167083541770884 0.0005493171767317737
1.417208604302151 0.0005495892861886178
1.4177088544272136 0.000549850656267458
1.4182091045522762 0.0005501012458235654
1.4187093546773386 0.0005503410144897719
1.4192096048024012 0.0005505774056632971
1.4197098549274636 0.0005508260313290603
1.4202101050525262 0.0005510950839571092
1.4207103551775888 0.0005513846507669727
1.4212106053026514 0.0005516963552679259
1.4217108554277138 0.0005520337841113998
1.4222111055527764 0.0005523986219081459
1.4227113556778388 0.0005527906188968416
1.4232116058029014 0.0005532099294560432
1.423711855927964 0.0005536567168308172
1.4242121060530266 0.0005541212157454879
1.424712356178089 0.0005545790191839817
1.4252126063031516 0.0005550140532320191
1.425712856428214 0.0005554247425236927
1.4262131065532766 0.0005558089742072206
1.4267133566783392 0.0005561617362007821
1.4272136068034016 0.0005564799775859855
1.4277138569284642 0.0005567648398449298
1.4282141070535268 0.0005570175621157511
1.4287143571785892 0.0005572380906741468
1.4292146073036518 0.0005574339190706479
1.4297148574287144 0.0005576220068641113
1.4302151075537768 0.0005578121575726238
1.4307153576788394 0.0005580055455776085
1.431215607803902 0.0005582054237551717
1.4317158579289644 0.0005584178187492011
1.432216108054027 0.0005586463148233474
1.4327163581790896 0.0005588909852925
1.433216608304152 0.00055915132925513
1.4337168584292146 0.0005594259037554015
1.434217108554277 0.0005597082763672877
1.4347173586793396 0.0005599861764051844
1.4352176088044022 0.0005602528345339298
1.4357178589294648 0.0005605083534112186
1.4362181090545272 0.0005607523445004394
1.4367183591795898 0.0005609799159144597
1.4372186093046522 0.0005611866399994933
1.4377188594297148 0.0005613724261474176
1.4382191095547774 0.0005615371880523035
1.43871935967984 0.0005616839258617047
1.4392196098049024 0.0005618216267398925
1.439719859929965 0.0005619569049439707
1.4402201100550274 0.0005620904225008403
1.44072036018009 0.0005622221691302529
1.4412206103051526 0.0005623533637935943
1.4417208604302152 0.0005624844602469987
1.4422211105552776 0.0005626137423473367
1.4427213606803402 0.0005627402608189977
1.4432216108054026 0.0005628640070482776
1.4437218609304652 0.0005629839021730638
1.4442221110555278 0.00056309761485204
1.4447223611805904 0.0005632038071414055
1.4452226113056528 0.0005633018815086116
1.4457228614307154 0.0005633913083224007
1.4462231115557778 0.0005634746617492561
1.4467233616808404 0.0005635580112847261
1.447223611805903 0.0005636466200821494
1.4477238619309656 0.0005637456427199444
1.448224112056028 0.0005638584753141569
1.4487243621810906 0.0005639851579955806
1.449224612306153 0.0005641279207911893
1.4497248624312156 0.0005642915033694504
1.4502251125562782 0.0005644784764589123
1.4507253626813406 0.0005646879554846954
1.4512256128064032 0.0005649167195827338
1.4517258629314658 0.0005651611828883394
1.4522261130565282 0.0005654200851767737
1.4527263631815908 0.0005656934869242817
1.4532266133066534 0.000565979249281467
1.4537268634317158 0.0005662750414261164
1.4542271135567784 0.0005665793833058226
1.454727363681841 0.0005668894655995275
1.4552276138069034 0.0005672038111711198
1.455727863931966 0.0005675224432161678
1.4562281140570286 0.0005678387197675862
1.456728364182091 0.0005681377100049444
1.4572286143071536 0.0005684112363892433
1.457728864432216 0.0005686593429673357
1.4582291145572785 0.0005688819160255694
1.4587293646823412 0.0005690792045456192
1.4592296148074038 0.0005692506092395548
1.4597298649324661 0.0005693937699797292
1.4602301150575288 0.0005695071821931385
1.4607303651825911 0.0005695907548060656
1.4612306153076537 0.0005696554144857012
1.4617308654327164 0.0005697260108491072
1.462231115557779 0.0005698164519163532
1.4627313656828413 0.0005699286984861822
1.463231615807904 0.0005700649778410687
1.4637318659329663 0.0005702256196804409
1.464232116058029 0.0005704135768025503
1.4647323661830915 0.0005706335048271517
1.4652326163081542 0.0005708871239115359
1.4657328664332165 0.0005711744879687447
1.4662331165582791 0.0005714873515464227
1.4667333666833415 0.0005718070349347138
1.4672336168084041 0.0005721231627736256
1.4677338669334667 0.00057243571212428
1.4682341170585294 0.000572744487798648
1.4687343671835917 0.0005730452775298426
1.4692346173086543 0.0005733283580535051
1.4697348674337167 0.0005735820117979385
1.4702351175587793 0.0005738007623302272
1.470735367683842 0.0005739861108901878
1.4712356178089045 0.000574145088044435
1.471735867933967 0.0005742911788359619
1.4722361180590295 0.0005744317817006043
1.472736368184092 0.000574566880529692
1.4732366183091545 0.000574696459338107
1.4737368684342171 0.0005748205022656618
1.4742371185592795 0.0005749447452076352
1.4747373686843421 0.0005750822329320894
1.4752376188094047 0.0005752403021247608
1.4757378689344671 0.0005754156370199258
1.4762381190595297 0.0005755984114280118
1.4767383691845923 0.0005757814268185489
1.4772386193096547 0.0005759639647726572
1.4777388694347173 0.0005761460280299755
1.47823911955978 0.0005763276193192555
1.4787393696848423 0.0005765087413585183
1.479239619809905 0.0005766894050500769
1.4797398699349675 0.0005768696296128016
1.48024012006003 0.0005770500376807508
1.4807403701850925 0.0005772346199178089
1.481240620310155 0.0005774281453123026
1.4817408704352175 0.0005776320992014231
1.4822411205602801 0.0005778471408428367
1.4827413706853427 0.0005780738588123926
1.4832416208104051 0.0005783123021525102
1.4837418709354677 0.0005785625212819239
1.48424212106053 0.0005788232901862642
1.4847423711855927 0.0005790921082751353
1.4852426213106553 0.0005793677413771538
1.485742871435718 0.0005796502194613288
1.4862431215607803 0.00057993596555646
1.486743371685843 0.0005802147473793945
1.4872436218109053 0.0005804798932959682
1.487743871935968 0.0005807323893181271
1.4882441220610305 0.0005809746586394076
1.4887443721860931 0.0005812080925775093
1.4892446223111555 0.0005814293913630267
1.4897448724362181 0.0005816320672979208
1.4902451225612805 0.0005818128698401541
1.490745372686343 0.0005819717122558756
1.4912456228114057 0.0005821100005900755
1.4917458729364683 0.000582230815464781
1.4922461230615307 0.0005823360464040395
1.4927463731865933 0.0005824270355906493
1.4932466233116557 0.000582504847882612
1.4937468734367183 0.0005825690754726767
1.494247123561781 0.0005826215038371945
1.4947473736868435 0.0005826665515884878
1.495247623811906 0.0005827064575901248
1.4957478739369685 0.000582741207934073
1.496248124062031 0.0005827722010694131
1.4967483741870935 0.0005828023883170926
1.497248624312156 0.0005828333168901521
1.4977488744372185 0.0005828649890954806
1.498249124562281 0.0005828974356824112
1.4987493746873437 0.0005829308873293872
1.499249624812406 0.0005829675209961412
1.4997498749374687 0.0005830091132995987
1.5002501250625313 0.0005830551955288825
1.500750375187594 0.0005831055068336952
1.5012506253126563 0.000583156902500616
1.5017508754377187 0.0005832028343710559
1.5022511255627813 0.0005832398929934179
1.502751375687844 0.0005832680527283009
1.5032516258129065 0.0005832872881052568
1.503751875937969 0.0005832975738248498
1.5042521260630315 0.0005832959606873331
1.5047523761880939 0.0005832775116291097
1.5052526263131565 0.0005832403902175226
1.505752876438219 0.0005831890505310709
1.5062531265632817 0.0005831339641402547
1.506753376688344 0.000583087829505471
1.5072536268134067 0.0005830571872246386
1.507753876938469 0.000583042076010438
1.5082541270635317 0.0005830425365158438
1.5087543771885943 0.0005830586113506575
1.509254627313657 0.0005830925422325122
1.5097548774387193 0.000583148552931841
1.5102551275637819 0.0005832286869365766
1.5107553776888443 0.0005833345574654336
1.5112556278139069 0.0005834618564385072
1.5117558779389695 0.0005835968017577402
1.512256128064032 0.0005837314900776184
1.5127563781890945 0.0005838659174992708
1.513256628314157 0.0005840000801189244
1.5137568784392195 0.0005841339740281763
1.514257128564282 0.0005842660736736453
1.5147573786893447 0.0005843935079058894
1.5152576288144073 0.0005845149168991928
1.5157578789394697 0.0005846302758520856
1.5162581290645323 0.0005847395515583386
1.5167583791895947 0.000584841809629499
1.5172586293146573 0.0005849348591740986
1.5177588794397199 0.0005850150430297511
1.5182591295647825 0.0005850799564199785
1.5187593796898449 0.0005851295537348221
1.5192596298149073 0.0005851655536886105
1.5197598799399699 0.0005851912014689628
1.5202601300650325 0.0005852079889509412
1.520760380190095 0.0005852158925205144
1.5212606303151577 0.0005852162765056363
1.52176088044022 0.0005852118858923245
1.5222611305652824 0.0005852040850957763
1.522761380690345 0.0005851923378174819
1.5232616308154077 0.0005851762713291387
1.5237618809404703 0.0005851601906363187
1.5242621310655329 0.0005851459889605755
1.5247623811905953 0.0005851294994338647
1.5252626313156576 0.0005851088060622636
1.5257628814407203 0.0005850838986237547
1.5262631315657829 0.0005850582840223739
1.5267633816908455 0.0005850388945114972
1.527263631815908 0.0005850291625704101
1.5277638819409705 0.0005850291130834363
1.5282641320660328 0.0005850387717461418
1.5287643821910955 0.0005850581651709968
1.529264632316158 0.0005850907712321253
1.5297648824412207 0.000585140410671974
1.530265132566283 0.0005852074642973285
1.5307653826913457 0.0005852919878699328
1.531265632816408 0.000585391490265925
1.5317658829414706 0.0005855010413400627
1.5322661330665333 0.0005856182437602871
1.5327663831915959 0.0005857431238985257
1.5332666333166582 0.0005858757085616374
1.5337668834417209 0.0005860160249955888
1.5342671335667832 0.0005861650848731557
1.5347673836918458 0.0005863247037643155
1.5352676338169085 0.0005864971543259526
1.535767883941971 0.0005866845742083969
1.5362681340670334 0.0005868855427972119
1.536768384192096 0.0005870959861239149
1.5372686343171584 0.0005873139450200328
1.537768884442221 0.0005875394444661745
1.5382691345672836 0.000587772509517963
1.5387693846923463 0.00058801316530625
1.5392696348174086 0.0005882545421032408
1.5397698849424712 0.0005884842470041075
1.5402701350675336 0.00058869672997087
1.5407703851925962 0.000588891909430632
1.5412706353176588 0.0005890715158482846
1.5417708854427215 0.0005892341971942476
1.5422711355677838 0.0005893767909793887
1.5427713856928462 0.0005894992298940946
1.5432716358179088 0.0005896014512933527
1.5437718859429714 0.0005896833950444148
1.544272136068034 0.0005897549995816964
1.5447723861930966 0.0005898340332732736
1.545272636318159 0.0005899283199434835
1.5457728864432214 0.0005900379121512316
1.546273136568284 0.0005901604755470508
1.5467733866933466 0.0005902915229328175
1.5472736368184092 0.0005904289431782264
1.5477738869434718 0.0005905748636207659
1.5482741370685342 0.0005907324113630625
1.5487743871935966 0.0005909026257689768
1.5492746373186592 0.0005910801407243925
1.5497748874437218 0.0005912554241424144
1.5502751375687844 0.0005914243250295934
1.550775387693847 0.0005915868171145415
1.5512756378189094 0.000591744531619649
1.5517758879439718 0.0005919005662434469
1.5522761380690344 0.0005920563739204908
1.552776388194097 0.0005922119542817993
1.5532766383191596 0.0005923673069556455
1.5537768884442222 0.0005925235666914755
1.5542771385692846 0.0005926838406231857
1.554777388694347 0.000592850617842744
1.5552776388194096 0.000593024427869827
1.5557778889444722 0.0005932052969209366
1.5562781390695348 0.0005933913262614373
1.5567783891945972 0.0005935789468980812
1.5572786393196598 0.0005937664999786393
1.5577788894447222 0.0005939539811817485
1.5582791395697848 0.000594141386169812
1.5587793896948474 0.0005943287105892245
1.55927963981991 0.000594513132598578
1.5597798899449724 0.000594690319621746
1.560280140070035 0.0005948562645301438
1.5607803901950974 0.000595006403226309
1.56128064032016 0.0005951411176870797
1.5617808904452226 0.0005952649340631232
1.5622811405702852 0.0005953799136290644
1.5627813906953476 0.0005954860271532469
1.5632816408204102 0.0005955832457387962
1.5637818909454726 0.0005956715408277178
1.5642821410705352 0.0005957633065380094
1.5647823911955978 0.0005958799068711976
1.5652826413206604 0.0005960303608195117
1.5657828914457228 0.0005962148082918916
1.5662831415707852 0.0005964293709205854
1.5667833916958478 0.0005966713986442856
1.5672836418209104 0.000596942275464591
1.567783891945973 0.0005972421583026611
1.5682841420710356 0.0005975712138610813
1.568784392196098 0.0005979296187773622
1.5692846423211604 0.0005982986326397294
1.569784892446223 0.0005986460315807026
1.5702851425712856 0.0005989583308858928
1.5707853926963482 0.0005992353272395042
1.5712856428214108 0.0005994757362567655
1.5717858929464732 0.000599677391716885
1.5722861430715356 0.0005998376343122502
1.5727863931965982 0.0005999551616705397
1.5732866433216608 0.000600032894746778
1.5737868934467234 0.0006000733146269001
1.574287143571786 0.0006000806885772651
1.5747873936968484 0.0006000623321693648
1.5752876438219108 0.0006000211997672132
1.5757878939469734 0.000599957236725723
1.576288144072036 0.0005998780134328325
1.5767883941970986 0.0005997971763999258
1.5772886443221612 0.0005997207790798068
1.5777888944472236 0.0005996488307693231
1.578289144572286 0.0005995828201129308
1.5787893946973486 0.0005995299271644327
1.5792896448224112 0.0005994993521574275
1.5797898949474738 0.0005994972092760748
1.5802901450725362 0.0005995261548340174
1.5807903951975988 0.0005995862791571317
1.5812906453226612 0.0005996666732408633
1.5817908954477238 0.0005997478038854884
1.5822911455727864 0.000599821082468439
1.582791395697849 0.0005998864811389496
1.5832916458229114 0.0005999439730286194
1.583791895947974 0.0005999935322622531
1.5842921460730364 0.000600035133968423
1.584792396198099 0.0006000647010301918
1.5852926463231616 0.0006000766841783041
1.5857928964482242 0.0006000690920323959
1.5862931465732866 0.0006000472590260286
1.5867933966983492 0.0006000218098477066
1.5872936468234116 0.0005999976867243094
1.5877938969484742 0.0005999750537609696
1.5882941470735368 0.0005999539137783879
1.5887943971985994 0.0005999342697251343
1.5892946473236618 0.0005999161246785775
1.5897948974487242 0.0005998994818458484
1.5902951475737868 0.0005998843445648316
1.5907953976988494 0.0005998705277411536
1.591295647823912 0.0005998564162643597
1.5917958979489746 0.0005998401998295798
1.592296148074037 0.0005998272574381212
1.5927963981990994 0.0005998233675475104
1.593296648324162 0.0005998285561030897
1.5937968984492246 0.0005998428496419233
1.5942971485742872 0.0005998662752980655
1.5947973986993498 0.0005998988608079402
1.5952976488244122 0.0005999406345158335
1.5957978989494745 0.0005999916253795029
1.5962981490745372 0.0006000549272068963
1.5967983991995998 0.0006001296155916493
1.5972986493246624 0.0006002117116678775
1.597798899449725 0.0006003034549129038
1.5982991495747874 0.000600406509862076
1.5987993996998497 0.0006005172371721482
1.5992996498249124 0.0006006325456089092
1.599799899949975 0.0006007524467276203
1.6003001500750376 0.0006008769519299711
1.6008004002001002 0.0006010060724624665
1.6013006503251626 0.0006011263104595496
1.601800900450225 0.000601214414503736
1.6023011505752875 0.0006012605791603227
1.6028014007003502 0.0006012646889516422
1.6033016508254128 0.0006012265798253593
1.6038019009504751 0.0006011429787455488
1.6043021510755378 0.0006010106974494387
1.6048024012006001 0.0006008286718145503
1.6053026513256627 0.0006005923419550427
1.6058029014507254 0.0006002981963129975
1.606303151575788 0.0005999665680897679
1.6068034017008503 0.0005996382778220655
1.607303651825913 0.0005993375495768891
1.6078039019509753 0.0005990680963332132
1.608304152076038 0.0005988298966195782
1.6088044022011005 0.0005986229408828233
1.6093046523261632 0.0005984472315048767
1.6098049024512255 0.0005983012857214787
1.6103051525762881 0.0005981808449664566
1.6108054027013505 0.000598083149209352
1.6113056528264131 0.0005980042547507957
1.6118059029514757 0.0005979390651675832
1.6123061530765384 0.0005978864541365068
1.6128064032016007 0.0005978464475244331
1.6133066533266633 0.00059781907415009
1.6138069034517257 0.0005978043658080202
1.6143071535767883 0.0005978023572943556
1.614807403701851 0.0005978130864344488
1.6153076538269135 0.0005978365941123928
1.615807903951976 0.0005978729243024664
1.6163081540770383 0.0005979184447067083
1.616808404202101 0.000597967283165646
1.6173086543271635 0.0005980175183049379
1.6178089044522261 0.0005980712733491719
1.6183091545772887 0.0005981370315292912
1.6188094047023511 0.0005982214858159853
1.6193096548274135 0.0005983247026206343
1.6198099049524761 0.0005984467489920947
1.6203101550775387 0.0005985876926223922
1.6208104052026013 0.0005987476018524825
1.621310655327664 0.0005989265456780808
1.6218109054527263 0.0005991245937555612
1.6223111555777887 0.0005993418164079291
1.6228114057028513 0.0005995788028093367
1.623311655827914 0.0005998362341852382
1.6238119059529765 0.0006001140118125903
1.6243121560780391 0.0006004102255394741
1.6248124062031015 0.0006007130808433612
1.625312656328164 0.0006010124514690628
1.6258129064532265 0.000601308325953174
1.6263131565782891 0.0006016006927451797
1.6268134067033517 0.0006018816097036447
1.6273136568284141 0.0006021387105293374
1.6278139069534767 0.0006023675076818376
1.628314157078539 0.0006025678764132533
1.6288144072036017 0.0006027395128406012
1.6293146573286643 0.0006028759449958618
1.629814907453727 0.0006029708676850614
1.6303151575787893 0.0006030241456143084
1.630815407703852 0.0006030356528833938
1.6313156578289143 0.0006030097702067748
1.631815907953977 0.0006029509156720731
1.6323161580790395 0.0006028590259362445
1.6328164082041021 0.0006027340326273817
1.6333166583291645 0.0006025758750787535
1.6338169084542271 0.0006023912393903198
1.6343171585792895 0.0006021910482061536
1.634817408704352 0.0006019794978967307
1.6353176588294147 0.0006017571682883673
1.6358179089544773 0.0006015279617743688
1.6363181590795397 0.0006012951898546524
1.6368184092046023 0.0006010637684291336
1.6373186593296647 0.0006008412111368209
1.6378189094547273 0.0006006337787354417
1.63831915957979 0.0006004460178558378
1.6388194097048525 0.000600278824563515
1.639319659829915 0.0006001322349762748
1.6398199099549773 0.000600006287989088
1.64032016008004 0.000599901025293366
1.6408204102051025 0.0005998164913972301
1.641320660330165 0.0005997527336467916
1.6418209104552277 0.000599710898354861
1.64232116058029 0.0005996958981982811
1.6428214107053525 0.0005997115690084849
1.643321660830415 0.0005997579982485169
1.6438219109554777 0.0005998285925935208
1.6443221610805403 0.0005999093639510583
1.644822411205603 0.0005999904160417987
1.6453226613306653 0.0006000691957086138
1.6458229114557277 0.0006001456932277546
1.6463231615807903 0.0006002198990309472
1.646823411705853 0.0006002948580755665
1.6473236618309155 0.0006003751676684048
1.647823911955978 0.0006004623834084994
1.6483241620810405 0.0006005558052580968
1.6488244122061029 0.0006006525338730081
1.6493246623311655 0.0006007503798638935
1.649824912456228 0.0006008493466738845
1.6503251625812907 0.0006009494377673791
1.650825412706353 0.0006010511076441055
1.6513256628314157 0.0006011560045000679
1.651825912956478 0.000601265330790952
1.6523261630815407 0.0006013790992358764
1.6528264132066033 0.0006014973226355525
1.653326663331666 0.0006016200138728276
1.6538269134567283 0.0006017466377703698
1.6543271635817909 0.000601876341299527
1.6548274137068533 0.0006020068572217723
1.6553276638319159 0.0006021290974687367
1.6558279139569785 0.0006022359034843959
1.656328164082041 0.0006023272316679712
1.6568284142071035 0.0006024037205380638
1.657328664332166 0.0006024663404020846
1.6578289144572285 0.0006025178075614573
1.658329164582291 0.0006025607077922953
1.6588294147073537 0.0006025952063713835
1.6593296648324163 0.0006026212797785295
1.6598299149574787 0.0006026389043147795
1.6603301650825413 0.0006026480561011517
1.6608304152076037 0.0006026487110773577
1.6613306653326663 0.0006026425020810378
1.6618309154577289 0.0006026419129244738
1.6623311655827915 0.0006026578149498582
1.6628314157078539 0.0006026902557032967
1.6633316658329163 0.0006027392830917689
1.6638319159579789 0.0006028134317282375
1.6643321660830415 0.0006029258369769791
1.664832416208104 0.0006030810937111633
1.6653326663331667 0.0006032792577887274
1.665832916458229 0.0006035204997520687
1.6663331665832914 0.0006038050027320954
1.666833416708354 0.0006041222001623083
1.6673336668334167 0.0006044564973199067
1.6678339169584793 0.000604802990017565
1.6683341670835419 0.0006051569061336281
1.6688344172086043 0.0006055134361054388
1.6693346673336666 0.0006058725692046017
1.6698349174587293 0.0006062343081735804
1.6703351675837919 0.0006065986556694063
1.6708354177088545 0.0006069655600941825
1.671335667833917 0.0006073342869206176
1.6718359179589795 0.0006077041523080954
1.6723361680840418 0.0006080751533008419
1.6728364182091044 0.0006084472868856214
1.673336668334167 0.0006088205499915841
1.6738369184592297 0.0006091895759184268
1.674337168584292 0.0006095461308675411
1.6748374187093547 0.0006098833670791431
1.675337668834417 0.0006101963115955092
1.6758379189594796 0.0006104839233366463
1.6763381690845423 0.0006107460940474657
1.6768384192096049 0.00061099126617611
1.6773386693346672 0.000611231690012042
1.6778389194597298 0.0006114715585578709
1.6783391695847922 0.0006117116603560847
1.6788394197098548 0.0006119523422765714
1.6793396698349174 0.0006121936110209039
1.67983991995998 0.0006124354733421498
1.6803401700850424 0.0006126779360455948
1.680840420210105 0.0006129210059894829
1.6813406703351674 0.0006131683064266707
1.68184092046023 0.0006134262248447118
1.6823411705852926 0.0006136975522555497
1.6828414207103553 0.0006139823374918321
1.6833416708354176 0.0006142806301528447
1.6838419209604802 0.0006145891051082894
1.6843421710855426 0.0006149027308373402
1.6848424212106052 0.0006152239634736216
1.6853426713356678 0.0006155569565574274
1.6858429214607304 0.0006159017382110995
1.6863431715857928 0.0006162583359925419
1.6868434217108552 0.0006166244317230707
1.6873436718359178 0.0006169967079411426
1.6878439219609804 0.0006173736902113936
1.688344172086043 0.0006177535934270352
1.6888444222111056 0.000618135113345614
1.689344672336168 0.0006185182310920615
1.6898449224612304 0.0006189029275217244
1.690345172586293 0.0006192891832230357
1.6908454227113556 0.0006196769785202861
1.6913456728364182 0.0006200655935112143
1.6918459229614808 0.0006204532015071043
1.6923461730865432 0.0006208386708249778
1.6928464232116056 0.0006212219722266082
1.6933466733366682 0.0006216030766478704
1.6938469234617308 0.0006219811946148107
1.6943471735867934 0.0006223551658033053
1.694847423711856 0.0006227219685558856
1.6953476738369184 0.0006230787365261392
1.6958479239619808 0.0006234252186336657
1.6963481740870434 0.0006237613688317659
1.696848424212106 0.0006240899723589032
1.6973486743371686 0.0006244149581393499
1.697848924462231 0.0006247374371829084
1.6983491745872936 0.0006250551518500553
1.698849424712356 0.0006253649573458097
1.6993496748374186 0.0006256659463698192
1.6998499249624812 0.0006259580932783994
1.7003501750875438 0.0006262413729975566
1.7008504252126062 0.0006265157610275329
1.7013506753376688 0.0006267813562052273
1.7018509254627312 0.0006270383682164404
1.7023511755877938 0.0006272868849071049
1.7028514257128564 0.0006275268847795992
1.703351675837919 0.0006277583469000095
1.7038519259629814 0.0006279932303224682
1.704352176088044 0.0006282490524402046
1.7048524262131064 0.0006285313952990823
1.705352676338169 0.0006288419530009472
1.7058529264632316 0.000629182443058559
1.7063531765882942 0.0006295529807277984
1.7068534267133566 0.0006299595259139573
1.7073536768384192 0.000630410304099081
1.7078539269634816 0.0006309077967045044
1.7083541770885442 0.0006314530173638165
1.7088544272136068 0.0006320469455864672
1.7093546773386694 0.0006326898560772104
1.7098549274637318 0.0006333820452922281
1.7103551775887942 0.0006341238317665984
1.7108554277138568 0.0006349155564672498
1.7113556778389194 0.0006357575831721311
1.711855927963982 0.0006366508152374093
1.7123561780890446 0.0006375980984750091
1.712856428214107 0.0006386018006555316
1.7133566783391694 0.0006396624064336747
1.713856928464232 0.0006407708460633584
1.7143571785892946 0.0006419137171787029
1.7148574287143572 0.0006430866088298552
1.7153576788394198 0.0006442889406177883
1.7158579289644822 0.0006455206099908468
1.7163581790895446 0.0006467818852792216
1.7168584292146072 0.0006480567898712903
1.7173586793396698 0.0006493232161669242
1.7178589294647324 0.0006505750929695871
1.718359179589795 0.0006518121884305306
1.7188594297148574 0.0006530330651888562
1.7193596798399198 0.0006542342844452244
1.7198599299649824 0.000655413599621773
1.720360180090045 0.00065657075584237
1.7208604302151076 0.0006577055019277817
1.72136068034017 0.0006588175718689662
1.7218609304652326 0.0006599022338238349
1.722361180590295 0.0006609547518389732
1.7228614307153576 0.0006619748519341293
1.7233616808404202 0.0006629622664705027
1.7238619309654828 0.0006639194687145323
1.7243621810905452 0.0006648501164359705
1.7248624312156078 0.0006657551652841574
1.7253626813406702 0.000666634433001118
1.7258629314657328 0.0006674884138801575
1.7263631815907954 0.0006683183191960913
1.726863431715858 0.0006691308364900255
1.7273636818409204 0.000669934116844714
1.727863931965983 0.0006707302216111497
1.7283641820910454 0.0006715198729626016
1.728864432216108 0.0006723049964162005
1.7293646823411706 0.0006730867649328423
1.7298649324662332 0.0006738651547296468
1.7303651825912956 0.0006746401420093273
1.7308654327163582 0.0006754117029612847
1.7313656828414206 0.0006761798137627102
1.7318659329664832 0.0006769444505796986
1.7323661830915458 0.0006777055895683685
1.7328664332166084 0.00067846469415381
1.7333666833416708 0.0006792244987053535
1.7338669334667332 0.0006799828941784601
1.7343671835917958 0.0006807351347934739
1.7348674337168584 0.0006814798130481075
1.735367683841921 0.0006822193116785187
1.7358679339669836 0.0006829569896930861
1.736368184092046 0.0006836937650810953
1.7368684342171083 0.0006844316983792936
1.737368684342171 0.0006851735526434987
1.7378689344672336 0.0006859200000881416
1.7383691845922962 0.0006866710308743896
1.7388694347173588 0.0006874266348233763
1.7393696848424212 0.0006881868014155387
1.7398699349674835 0.000688949332535782
1.7403701850925462 0.0006897101487194699
1.7408704352176088 0.0006904673457992012
1.7413706853426714 0.0006912208882026043
1.741870935467734 0.0006919707404566574
1.7423711855927964 0.0006927150922172104
1.7428714357178587 0.0006934521132639126
1.7433716858429213 0.0006941817451874404
1.743871935967984 0.0006948968356256498
1.7443721860930466 0.000695587476355323
1.744872436218109 0.0006962508225960387
1.7453726863431716 0.0006968867267668291
1.745872936468234 0.0006974950472720115
1.7463731865932965 0.0006980756485811296
1.7468734367183592 0.0006986288642581249
1.7473736868434218 0.0006991557987833276
1.7478739369684841 0.0006996571015793248
1.7483741870935467 0.0007001326643794667
1.7488744372186091 0.0007005818184918147
1.7493746873436717 0.0007010018008700228
1.7498749374687343 0.0007013904169663301
1.750375187593797 0.0007017475769355715
1.7508754377188593 0.000702073198484439
1.751375687843922 0.0007023672069205245
1.7518759379689843 0.0007026295351968127
1.752376188094047 0.0007028601239515832
1.7528764382191095 0.0007030589215436737
1.7533766883441722 0.0007032258840830661
1.7538769384692345 0.000703380712389882
1.7543771885942971 0.0007035511670352909
1.7548774387193595 0.000703745299381667
1.7553776888444221 0.0007039631432391202
1.7558779389694847 0.0007042060342938326
1.7563781890945473 0.0007044774549131123
1.7568784392196097 0.0007047794601098755
1.7573786893446721 0.0007051119310603505
1.7578789394697347 0.000705474893658027
1.7583791895947973 0.0007058684201593289
1.75887943971986 0.0007062925889008102
1.7593796898449225 0.0007067474843378824
1.759879939969985 0.0007072331970866319
1.7603801900950473 0.0007077498239687711
1.76088044022011 0.0007082966740283783
1.7613806903451725 0.0007088698136681218
1.7618809404702351 0.0007094660997912114
1.7623811905952977 0.0007100856370308602
1.7628814407203601 0.0007107278216262952
1.7633816908454225 0.000711391300441713
1.7638819409704851 0.0007120685153667804
1.7643821910955477 0.0007127502383756203
1.7648824412206103 0.0007134341208077793
1.765382691345673 0.0007141201814871601
1.7658829414707353 0.0007148084393854203
1.7663831915957977 0.0007154989136238346
1.7668834417208603 0.0007161913187955877
1.767383691845923 0.0007168852838721409
1.7678839419709855 0.0007175807409137786
1.768384192096048 0.000718279296090158
1.7688844422211105 0.0007189826114387559
1.769384692346173 0.0007196907613720578
1.7698849424712355 0.0007204022023565692
1.7703851925962981 0.0007211140534584829
1.7708854427213607 0.0007218249944029162
1.771385692846423 0.000722535034716042
1.7718859429714857 0.0007232441839276709
1.772386193096548 0.0007239524515717983
1.7728864432216107 0.000724659847187163
1.7733866933466733 0.0007253663803178025
1.773886943471736 0.0007260697100361838
1.7743871935967983 0.0007267667134898464
1.774887443721861 0.000727456603658502
1.7753876938469233 0.0007281382627534109
1.775887943971986 0.0007288100669834226
1.7763881940970485 0.0007294714808295679
1.7768884442221111 0.0007301266697107441
1.7773886943471735 0.0007307822803634989
1.777888944472236 0.0007314407815931335
1.7783891945972985 0.0007321021884837605
1.778889444722361 0.0007327665162379093
1.7793896948474237 0.0007334337801776187
1.7798899449724863 0.0007341039957455473
1.7803901950975487 0.0007347771785060922
1.780890445222611 0.0007354533441465255
1.7813906953476737 0.0007361325084781386
1.7818909454727363 0.0007368146874374043
1.782391195597799 0.0007375009543755705
1.7828914457228615 0.0007381944050252053
1.783391695847924 0.0007388970878854776
1.7838919459729863 0.0007396085714841747
1.7843921960980489 0.0007403276260102734
1.7848924462231115 0.0007410534851781268
1.785392696348174 0.0007417861800372243
1.7858929464732367 0.0007425257419653306
1.786393196598299 0.0007432722026716898
1.7868934467233615 0.0007440338482290248
1.787393696848424 0.0007448210388727162
1.7878939469734867 0.0007456359358762559
1.7883941970985493 0.0007464787095896738
1.788894447223612 0.0007473495365896314
1.7893946973486743 0.0007482485997722498
1.7898949474737367 0.0007491695635127535
1.7903951975987993 0.0007501056883940931
1.7908954477238619 0.0007510560384069577
1.7913956978489245 0.0007520188325135298
1.791895947973987 0.0007529929923591886
1.7923961980990495 0.0007539786609331986
1.7928964482241119 0.000754975984298582
1.7933966983491745 0.0007559851116620153
1.793896948474237 0.0007570063552700781
1.7943971985992997 0.000758040079039348
1.794897448724362 0.0007590864919927171
1.7953976988494247 0.0007601457604916866
1.795897948974487 0.0007612180545770294
1.7963981990995497 0.0007623035480563104
1.7968984492246123 0.0007633861780275329
1.7973986993496749 0.0007644478574108407
1.7978989494747373 0.0007654874549330026
1.7983991995997999 0.0007665091505133341
1.7988994497248623 0.0007675162938913059
1.7993996998499249 0.0007685087366582306
1.7998999499749875 0.0007694863317340792
1.80040020010005 0.0007704489334161408
1.8009004502251125 0.0007713963974276049
1.801400700350175 0.0007723285809660442
1.8019009504752375 0.0007732453427517686
1.8024012006003 0.0007741465430760215
1.8029014507253627 0.0007750320438489928
1.8034017008504253 0.0007759017086476182
1.8039019509754877 0.0007767557628943167
1.80440220110055 0.000777593833222634
1.8049024512256127 0.0007784151688153727
1.8054027013506753 0.0007792178870575126
1.8059029514757379 0.000780000061315176
1.8064032016008005 0.0007807614986282876
1.8069034517258629 0.000781507160970405
1.8074037018509252 0.0007822431410618219
1.8079039519759879 0.0007829704661019925
1.8084042021010505 0.0007836890838294405
1.808904452226113 0.0007843989422184302
1.8094047023511757 0.0007850999894852972
1.809904952476238 0.0007857921740947896
1.8104052026013004 0.0007864754447664209
1.810905452726363 0.0007871497504808322
1.8114057028514257 0.0007878144844194101
1.8119059529764883 0.0007884682128054177
1.8124062031015509 0.0007891112501657901
1.8129064532266133 0.0007897452900525848
1.8134067033516756 0.0007903708345771377
1.8139069534767382 0.0007909855797502642
1.8144072036018009 0.0007915866220654465
1.8149074537268635 0.0007921733031974775
1.815407703851926 0.0007927455465577582
1.8159079539769885 0.0007933032766764688
1.8164082041020508 0.0007938464192212666
1.8169084542271134 0.0007943791164248368
1.817408704352176 0.0007949063748455662
1.8179089544772387 0.0007954290057779328
1.818409204602301 0.0007959469885135085
1.8189094547273637 0.0007964649170563388
1.819409704852426 0.0007969876025931804
1.8199099549774886 0.000797513035385456
1.8204102051025512 0.0007980389986907723
1.8209104552276139 0.0007985654876307047
1.8214107053526762 0.0007990924972940724
1.8219109554777388 0.0007996200227369739
1.8224112056028012 0.0008001480589828275
1.8229114557278638 0.0008006766010224121
1.8234117058529264 0.0008012056438139111
1.823911955977989 0.0008017254137174994
1.8244122061030514 0.0008022237020233683
1.824912456228114 0.0008026980248569017
1.8254127063531764 0.0008031482672846774
1.825912956478239 0.0008035739453636557
1.8264132066033016 0.0008039704863539656
1.8269134567283642 0.000804339197133009
1.8274137068534266 0.0008046856025456223
1.8279139569784892 0.0008050097248205086
1.8284142071035516 0.0008053114787250048
1.8289144572286142 0.0008055907840993226
1.8294147073536768 0.0008058475659050364
1.8299149574787394 0.0008060817542707175
1.8304152076038018 0.0008062932845346632
1.8309154577288642 0.0008064820972846793
1.8314157078539268 0.0008066481383948626
1.8319159579789894 0.0008067913590593488
1.832416208104052 0.0008069117158229873
1.8329164582291146 0.0008070091706089042
1.833416708354177 0.0008070860198813109
1.8339169584792394 0.0008071678805279589
1.834417208604302 0.0008072802855084671
1.8349174587293646 0.0008074254781339765
1.8354177088544272 0.0008076034984871235
1.8359179589794898 0.0008078143915907986
1.8364182091045522 0.0008080582074272977
1.8369184592296146 0.0008083373896683355
1.8374187093546772 0.0008086548003354866
1.8379189594797398 0.0008090109246854096
1.8384192096048024 0.0008094058505799209
1.838919459729865 0.0008098396734580872
1.8394197098549274 0.0008103124963854131
1.8399199599799898 0.000810824430106828
1.8404202101050524 0.0008113755931035152
1.840920460230115 0.0008119573876135051
1.8414207103551776 0.0008125541873663708
1.84192096048024 0.0008131590823230286
1.8424212106053026 0.0008137721671556666
1.842921460730365 0.0008143935192504209
1.8434217108554276 0.0008150232178204857
1.8439219609804902 0.0008156556943823753
1.8444222111055528 0.00081628414375465
1.8449224612306152 0.0008169073839854355
1.8454227113556778 0.0008175254299284269
1.8459229614807402 0.0008181382960129738
1.8464232116058028 0.000818745996244389
1.8469234617308654 0.0008193607187359856
1.847423711855928 0.000819996639413685
1.8479239619809904 0.0008206558202543469
1.848424212106053 0.0008213458717157131
1.8489244622311154 0.0008220787975245639
1.849424712356178 0.0008228592131496972
1.8499249624812406 0.000823687408464252
