1.1000500250125063 0.0011472015005435671
1.1005502751375689 0.0011482377993132502
1.1010505252626313 0.001149287526291785
1.1015507753876939 0.0011503439616409518
1.1020510255127565 0.001151406920807976
1.1025512756378189 0.0011524733281980872
1.1030515257628815 0.0011535389714854552
1.103551775887944 0.0011545932026971572
1.1040520260130064 0.001155626649226543
1.104552276138069 0.001156637638034551
1.1050525262631314 0.001157627456119721
1.105552776388194 0.0011586024394915813
1.1060530265132567 0.0011595659802486214
1.1065532766383193 0.0011605180066763185
1.1070535267633816 0.0011614589341379434
1.1075537768884443 0.0011623945997240512
1.1080540270135066 0.0011633303338690673
1.1085542771385692 0.0011642656664235494
1.1090545272636319 0.0011652042072393088
1.1095547773886942 0.0011661463326114198
1.1100550275137568 0.001167087642354381
1.1105552776388194 0.001168027376215298
1.1110555277638818 0.001168965520525589
1.1115557778889444 0.0011699020615925585
1.112056028014007 0.0011708353692164598
1.1125562781390694 0.0011717469244484256
1.113056528264132 0.00117262066799695
1.1135567783891946 0.0011734627168957991
1.114057028514257 0.0011742806078263732
1.1145572786393196 0.0011750765618353126
1.1150575287643822 0.0011758504673762635
1.1155577788894446 0.0011766022155523567
1.1160580290145072 0.0011773317001523402
1.1165582791395698 0.0011780388176859677
1.1170585292646322 0.0011787263164793253
1.1175587793896948 0.0011794250118102893
1.1180590295147574 0.0011801534694032753
1.1185592796398198 0.0011808816875124016
1.1190595297648824 0.0011815891123786756
1.119559779889945 0.0011822757040237052
1.1200600300150074 0.001182941421710268
1.12056028014007 0.001183586223937157
1.1210605302651326 0.0011842100684339454
1.121560780390195 0.001184812912155663
1.1220610305152576 0.0011853945912271202
1.1225612806403202 0.001185962014382151
1.1230615307653826 0.0011865274345758763
1.1235617808904452 0.0011871046528493725
1.1240620310155078 0.0011877023246566025
1.1245622811405702 0.0011883205404457037
1.1250625312656328 0.0011889593934568735
1.1255627813906954 0.00118961897975377
1.1260630315157578 0.0011902993982559357
1.1265632816408204 0.0011910007454388576
1.127063531765883 0.0011917166255303192
1.1275637818909454 0.0011924366730198034
1.128064032016008 0.0011931573703464343
1.1285642821410704 0.0011938813818098842
1.129064532266133 0.0011946109841268785
1.1295647823911956 0.001195346212561605
1.1300650325162582 0.0011960871027998064
1.1305652826413206 0.0011968336909538959
1.1310655327663832 0.0011975864488721437
1.1315657828914456 0.001198347722121613
1.1320660330165082 0.0011991199918263199
1.1325662831415708 0.00119989944242578
1.1330665332666334 0.0012006820767431576
1.1335667833916958 0.001201470514058278
1.1340670335167584 0.0012022669807511635
1.1345672836418208 0.0012030715132447043
1.1350675337668834 0.0012038841483175708
1.135567783891946 0.001204707789824089
1.1360680340170084 0.001205550885709266
1.136568284142071 0.0012064154325829813
1.1370685342671336 0.0012072961237062857
1.137568784392196 0.0012081923538119679
1.1380690345172586 0.0012091042384439826
1.1385692846423212 0.001210025345573403
1.1390695347673836 0.001210950251663088
1.1395697848924462 0.0012118789569222563
1.1400700350175088 0.0012128080673768275
1.1405702851425712 0.0012137301683805082
1.1410705352676338 0.0012146423246200502
1.1415707853926964 0.0012155474683981048
1.1420710355177588 0.001216448018159131
1.1425712856428214 0.0012173489430936531
1.143071535767884 0.0012182532016168214
1.1435717858929464 0.001219152078891443
1.144072036018009 0.0012200382596749839
1.1445722861430716 0.001220913072458736
1.145072536268134 0.0012217790427793375
1.1455727863931966 0.0012226369554263906
1.1460730365182592 0.0012234803986715316
1.1465732866433216 0.001224303283327557
1.1470735367683842 0.0012251038933747305
1.1475737868934468 0.0012258688494507202
1.1480740370185092 0.0012265897884048602
1.1485742871435718 0.001227286686276958
1.1490745372686344 0.0012279755863687462
1.1495747873936968 0.0012286554792539294
1.1500750375187594 0.0012293259305571921
1.150575287643822 0.0012299956056407528
1.1510755377688844 0.0012306769491629043
1.151575787893947 0.001231373745076454
1.1520760380190094 0.001232087639296311
1.152576288144072 0.0012328312546623862
1.1530765382691346 0.0012336133424041891
1.1535767883941972 0.0012344225232311255
1.1540770385192596 0.0012352508643266962
1.1545772886443222 0.001236099593127602
1.1550775387693846 0.0012369662013492916
1.1555777888944472 0.0012378423321119881
1.1560780390195098 0.0012387221694833781
1.1565782891445724 0.0012396057230173218
1.1570785392696348 0.0012404930745552936
1.1575787893946974 0.001241384779907687
1.1580790395197598 0.0012422777478888196
1.1585792896448224 0.0012431689459306387
1.159079539769885 0.0012440589268929104
1.1595797898949474 0.001244947707276347
1.16008004002001 0.0012458380514807365
1.1605802901450726 0.0012467331283346867
1.161080540270135 0.0012476333668832232
1.1615807903951976 0.001248538805187573
1.1620810405202602 0.0012494483448424506
1.1625812906453226 0.001250355898438325
1.1630815407703852 0.0012512555744682967
1.1635817908954478 0.0012521334709849168
1.1640820410205102 0.0012529764811415591
1.1645822911455728 0.0012537819654295198
1.1650825412706354 0.0012545437054186503
1.1655827913956978 0.0012552579180200773
1.1660830415207604 0.0012559243954927723
1.166583291645823 0.0012565429382264785
1.1670835417708854 0.0012571185166807362
1.167583791895948 0.0012576746434977955
1.1680840420210106 0.0012582352903929446
1.168584292146073 0.001258829157272219
1.1690845422711356 0.0012594795747616866
1.1695847923961982 0.0012602034632274396
1.1700850425212606 0.001261019675381807
1.1705852926463232 0.0012619304502652843
1.1710855427713858 0.0012629362077619167
1.1715857928964482 0.0012640367331921793
1.1720860430215108 0.0012652283599932225
1.1725862931465734 0.00126649790583133
1.1730865432716358 0.0012678306092805834
1.1735867933966984 0.001269201534554146
1.174087043521761 0.0012705817938650245
1.1745872936468233 0.0012719468449222634
1.175087543771886 0.0012732807589585578
1.1755877938969483 0.0012745833548630187
1.176088044022011 0.0012758538049241
1.1765882941470736 0.0012770858489617094
1.1770885442721362 0.0012782733702342407
1.1775887943971985 0.0012794129884133398
1.1780890445222612 0.001280504314288628
1.1785892946473235 0.0012815596322262885
1.1790895447723861 0.0012825955609208687
1.1795897948974488 0.0012836207974723833
1.1800900450225114 0.0012846372885405182
1.1805902951475737 0.0012856449977075954
1.1810905452726363 0.001286642653756369
1.1815907953976987 0.001287628841534436
1.1820910455227613 0.0012886028875702038
1.182591295647824 0.0012895616272579475
1.1830915457728866 0.0012905009132637302
1.183591795897949 0.0012914130507664958
1.1840920460230115 0.0012922884053112634
1.184592296148074 0.0012931234638485507
1.1850925462731365 0.0012939180551910553
1.1855927963981991 0.0012946760353335944
1.1860930465232615 0.001295403402619458
1.1865932966483241 0.0012961021513176688
1.1870935467733867 0.001296773416667025
1.1875937968984491 0.0012974248328030122
1.1880940470235117 0.0012980625337686595
1.1885942971485743 0.001298686233376175
1.1890945472736367 0.001299297073285527
1.1895947973986993 0.0012998961476536435
1.190095047523762 0.0013004821749799786
1.1905952976488243 0.0013010517977945157
1.191095547773887 0.0013016028835168593
1.1915957978989495 0.0013021353685122314
1.192096048024012 0.0013026509208739546
1.1925962981490745 0.0013031598346731259
1.1930965482741371 0.0013036719919707423
1.1935967983991995 0.0013041964526589965
1.1940970485242621 0.0013047418682748738
1.1945972986493247 0.001305309533881457
1.1950975487743871 0.00130590658180991
1.1955977988994497 0.00130653978682002
1.1960980490245123 0.0013072092854185286
1.1965982991495747 0.0013079152182276514
1.1970985492746373 0.0013086536249335274
1.1975987993997 0.0013094007947302253
1.1980990495247623 0.0013101372376016177
1.198599299649825 0.001310861846933127
1.1990995497748873 0.0013115732633787434
1.19959979989995 0.0013122617858567084
1.2001000500250125 0.0013129135330070345
1.2006003001500751 0.0013135242192530848
1.2011005502751375 0.0013140937004356805
1.2016008004002001 0.0013146218361141473
1.2021010505252625 0.0013151112641713962
1.2026013006503251 0.001315577513591453
1.2031015507753877 0.0013160329977320846
1.2036018009004503 0.0013164754198756114
1.2041020510255127 0.0013169057253984418
1.2046023011505753 0.0013173331822275206
1.2051025512756377 0.0013177642428593439
1.2056028014007003 0.0013181989171017236
1.206103051525763 0.0013186372148021013
1.2066033016508255 0.0013190791458477494
1.207103551775888 0.0013195237075118121
1.2076038019009505 0.0013199653502207413
1.208104052026013 0.001320399641873436
1.2086043021510755 0.0013208274659572943
1.2091045522761381 0.001321246548753712
1.2096048024012005 0.0013216533919308754
1.210105052526263 0.0013220475233149986
1.2106053026513257 0.0013224289031117367
1.211105552776388 0.0013227974918747344
1.2116058029014507 0.0013231532505095828
1.2121060530265133 0.001323499612954166
1.2126063031515757 0.0013238551168540695
1.2131065532766383 0.0013242402610514482
1.213606803401701 0.0013246667716195844
1.2141070535267633 0.0013251449880209748
1.214607303651826 0.001325679021959208
1.2151075537768885 0.0013262690650166927
1.215607803901951 0.0013269153169930914
1.2161080540270135 0.0013276179859891594
1.216608304152076 0.0013283772884938626
1.2171085542771385 0.0013291870331050893
1.217608804402201 0.0013300140342098346
1.2181090545272637 0.0013308226005628659
1.218609304652326 0.0013315807366167441
1.2191095547773887 0.0013322630290987139
1.2196098049024513 0.0013328671608799144
1.2201100550275137 0.0013333928599825278
1.2206103051525763 0.0013338398680701915
1.221110555277639 0.0013342079405890815
1.2216108054027013 0.001334496846903305
1.222111055527764 0.0013347121212911547
1.2226113056528263 0.0013348827521188764
1.2231115557778889 0.001335043062345248
1.2236118059029515 0.0013352242552734314
1.224112056028014 0.0013354466318490662
1.2246123061530765 0.0013357103050548867
1.225112556278139 0.0013360153927311298
1.2256128064032015 0.0013363620176171983
1.226113056528264 0.0013367503073948579
1.2266133066533267 0.001337180394733005
1.2271135567783893 0.0013376495233028071
1.2276138069034517 0.001338143516113546
1.2281140570285143 0.0013386481565747235
1.2286143071535767 0.0013391588797219938
1.2291145572786393 0.0013396739764889485
1.2296148074037019 0.0013401934520863642
1.2301150575287645 0.0013407173116263902
1.2306153076538269 0.001341245560121867
1.2311155577788895 0.0013417782024856425
1.2316158079039519 0.0013423152435298941
1.2321160580290145 0.0013428583395754244
1.232616308154077 0.001343416127468561
1.2331165582791395 0.0013439957767975806
1.233616808404202 0.001344594901753797
1.2341170585292647 0.001345210960165385
1.234617308654327 0.0013458440056925058
1.2351175587793897 0.0013464940925605442
1.2356178089044523 0.0013471612755646893
1.2361180590295147 0.0013478456100745686
1.2366183091545773 0.001348547152038946
1.2371185592796399 0.0013492662827015718
1.2376188094047023 0.0013500033756278253
1.2381190595297649 0.0013507539364884698
1.2386193096548275 0.0013515139551608475
1.2391195597798899 0.0013522839675552886
1.2396198099049525 0.00135306402527623
1.240120060030015 0.0013538541807086503
1.2406203101550775 0.0013546544870269722
1.24112056028014 0.0013554649982041285
1.2416208104052027 0.0013562857690208058
1.242121060530265 0.0013571154079703174
1.2426213106553277 0.0013579438120179179
1.2431215607803903 0.0013587647589512386
1.2436218109054527 0.0013595795305866483
1.2441220610305153 0.0013603869110285385
1.2446223111555779 0.0013611868587671422
1.2451225612806402 0.0013619793324588716
1.2456228114057029 0.0013627642909303222
1.2461230615307652 0.0013635416931822872
1.2466233116558278 0.0013643114983937742
1.2471235617808905 0.0013650733696076714
1.247623811905953 0.0013658283056141596
1.2481240620310154 0.0013665768679060324
1.248624312156078 0.0013673204269533847
1.2491245622811404 0.0013680611056448566
1.249624812406203 0.0013687988905502302
1.2501250625312657 0.0013695337682254544
1.2506253126563283 0.0013702657252128844
1.2511255627813906 0.001370994748041511
1.2516258129064533 0.0013717208232272005
1.2521260630315156 0.0013724444330776076
1.2526263131565782 0.0013731682591968876
1.2531265632816408 0.00137390864534958
1.2536268134067035 0.001374714753717254
1.2541270635317658 0.001375621874733292
1.2546273136568284 0.0013766305192730592
1.2551275637818908 0.0013777412402562967
1.2556278139069534 0.001378954633253927
1.256128064032016 0.0013802713371410767
1.2566283141570787 0.001381692034797615
1.257128564282141 0.0013832172964676826
1.2576288144072036 0.0013848468218940002
1.258129064532266 0.0013865548450855336
1.2586293146573286 0.0013882474481825141
1.2591295647823912 0.0013898554849437843
1.2596298149074536 0.0013913782598226894
1.2601300650325162 0.0013928151053289532
1.2606303151575788 0.0013941653826586183
1.2611305652826412 0.001395428482302271
1.2616308154077038 0.0013966038246305298
1.2621310655327664 0.0013976849324960731
1.2626313156578288 0.001398661377330198
1.2631315657828914 0.0013995406844683675
1.263631815907954 0.001400364381860964
1.2641320660330164 0.00140116223670138
1.264632316158079 0.001401934171980094
1.2651325662831416 0.0014026800979113887
1.265632816408204 0.001403399925012194
1.2661330665332666 0.001404093564107495
1.266633316658329 0.0014047609263357391
1.2671335667833916 0.0014054116021292634
1.2676338169084542 0.0014060605925933552
1.2681340670335168 0.0014067126626880213
1.2686343171585792 0.0014073648142954452
1.2691345672836418 0.0014080139584931334
1.2696348174087042 0.0014086593991607082
1.2701350675337668 0.001409301117751897
1.2706353176588294 0.001409939095731769
1.271135567783892 0.0014105733145775032
1.2716358179089544 0.0014112037557791573
1.272136068034017 0.0014118287706843104
1.2726363181590794 0.001412443313813824
1.273136568284142 0.0014130462126519256
1.2736368184092046 0.0014136456310064203
1.2741370685342672 0.0014142493246449765
1.2746373186593296 0.0014148591283545686
1.2751375687843922 0.0014154750615274002
1.2756378189094546 0.0014160971436621933
1.2761380690345172 0.0014167253943648773
1.2766383191595798 0.0014173598333492726
1.2771385692846424 0.0014179954509575075
1.2776388194097048 0.0014186267521615098
1.2781390695347674 0.0014192507844186957
1.2786393196598298 0.0014198593273473728
1.2791395697848924 0.001420449732506702
1.279639819909955 0.001421025558041693
1.2801400700350176 0.0014215872363815359
1.28064032016008 0.0014221347111218188
1.2811405702851426 0.0014226679264395575
1.281640820410205 0.0014231868271011824
1.2821410705352676 0.0014236952978384
1.2826413206603302 0.001424200249428836
1.2831415707853926 0.0014247076730252183
1.2836418209104552 0.0014252273317740974
1.2841420710355178 0.0014257638642994452
1.2846423211605802 0.0014263124436865423
1.2851425712856428 0.0014268703992095528
1.2856428214107054 0.001427437771885773
1.2861430715357678 0.0014280146033726058
1.2866433216608304 0.0014286009359741959
1.287143571785893 0.00142920042827653
1.2876438219109554 0.0014298160946526564
1.288144072036018 0.001430445938554049
1.2886443221610806 0.0014310855343697276
1.289144572286143 0.0014317318313066473
1.2896448224112056 0.0014323862407378968
1.290145072536268 0.0014330502050880708
1.2906453226613306 0.0014337237750789399
1.2911455727863932 0.0014344069759937648
1.2916458229114558 0.0014350998331177926
1.2921460730365182 0.001435798698408094
1.2926463231615808 0.001436501452178956
1.2931465732866432 0.0014372071889315722
1.2936468234117058 0.001437908142968829
1.2941470735367684 0.0014385989775501302
1.294647323661831 0.0014392817743168582
1.2951475737868934 0.0014399609422323556
1.295647823911956 0.0014406387825919818
1.2961480740370184 0.001441315282526901
1.296648324162081 0.0014419904291525047
1.2971485742871436 0.0014426649247342006
1.2976488244122062 0.0014433368281545056
1.2981490745372686 0.0014440072595843343
1.2986493246623312 0.0014446879797327147
1.2991495747873936 0.0014453870092616032
1.2996498249124562 0.0014461044059664852
1.3001500750375188 0.00144684281311946
1.3006503251625814 0.001447605073589826
1.3011505752876438 0.001448391451600287
1.3016508254127064 0.0014492020233094133
1.3021510755377688 0.0014500204856772042
1.3026513256628314 0.001450789891775561
1.303151575787894 0.0014514664872020953
1.3036518259129566 0.0014520409559306328
1.304152076038019 0.0014525069089696809
1.3046523261630816 0.0014528640045861291
1.305152576288144 0.001453117400812813
1.3056528264132066 0.001453282731843146
1.3061530765382692 0.0014533702502543817
1.3066533266633318 0.001453379839542796
1.3071535767883942 0.0014533409678656676
1.3076538269134568 0.001453362023920633
1.3081540770385192 0.0014535235033358103
1.3086543271635818 0.0014538302172922004
1.3091545772886444 0.001454285503796415
1.3096548274137068 0.0014548896742866556
1.3101550775387694 0.0014556431020916918
1.310655327663832 0.0014565319420646473
1.3111555777888944 0.0014575366156965087
1.311655827913957 0.0014586518386350692
1.3121560780390196 0.0014598644173599322
1.312656328164082 0.0014611269788554072
1.3131565782891446 0.0014624037881209708
1.313656828414207 0.0014636896103503814
1.3141570785392696 0.0014649809675855603
1.3146573286643322 0.0014662778607275962
1.3151575787893948 0.0014675802905572335
1.3156578289144572 0.0014688881908764616
1.3161580790395198 0.0014701998832457913
1.3166583291645821 0.0014715137499943423
1.3171585792896447 0.0014728304705326218
1.3176588294147074 0.0014741534256854062
1.31815907953977 0.0014754876620481892
1.3186593296648323 0.0014768386185927168
1.319159579789895 0.0014782094283808445
1.3196598299149573 0.0014796001698101752
1.32016008004002 0.0014810109222594678
1.3206603301650826 0.0014824417660977728
1.3211605802901452 0.0014838924868917072
1.3216608304152075 0.0014853622523985353
1.3221610805402702 0.0014868479240869952
1.3226613306653325 0.0014883401684182428
1.3231615807903951 0.0014898301253654723
1.3236618309154577 0.0014913155386232521
1.3241620810405204 0.001492796212729197
1.3246623311655827 0.0014942721063914857
1.3251625812906453 0.001495743178344307
1.3256628314157077 0.001497209387350581
1.3261630815407703 0.001498670692204692
1.326663331665833 0.0015001282383291308
1.3271635817908956 0.0015015869454230266
1.327663831915958 0.0015030571734544237
1.3281640820410205 0.0015045440363519683
1.328664332166083 0.0015060489964007148
1.3291645822911455 0.0015075750812401684
1.3296648324162081 0.0015091224120480072
1.3301650825412707 0.0015106911121719696
1.3306653326663331 0.001512281307156813
1.3311655827913957 0.0015138931247718787
1.3316658329164581 0.0015155266950392682
1.3321660830415207 0.0015171781951042952
1.3326663331665833 0.001518835769846273
1.3331665832916457 0.0015204901057783242
1.3336668334167083 0.0015221361431246737
1.334167083541771 0.0015237700988277299
1.3346673336668333 0.0015253918622852441
1.335167583791896 0.0015270013235590873
1.3356678339169585 0.0015285983733952027
1.336168084042021 0.0015301829032435192
1.3366683341670835 0.0015317548052778205
1.337168584292146 0.0015333156048382493
1.3376688344172085 0.0015348669288016963
1.3381690845422711 0.0015364102206197883
1.3386693346673337 0.0015379483999877362
1.3391695847923961 0.001539482955319637
1.3396698349174587 0.0015410138391010859
1.340170085042521 0.001542541031535195
1.3406703351675837 0.001544064512801475
1.3411705852926463 0.0015455842630561465
1.341670835417709 0.0015471002624324725
1.3421710855427713 0.0015486153885475634
1.342671335667834 0.0015501388301910237
1.3431715857928963 0.0015516792765687508
1.343671835917959 0.0015532381511413375
1.3441720860430215 0.00155481202097793
1.3446723361680841 0.0015563984584639828
1.3451725862931465 0.0015579975581735657
1.3456728364182091 0.0015596094159812692
1.3461730865432715 0.0015612341290803273
1.346673336668334 0.0015628717960011012
1.3471735867933967 0.0015645180363987414
1.3476738369184593 0.0015661590032917273
1.3481740870435217 0.0015677829327914719
1.3486743371685843 0.0015693821783406385
1.3491745872936467 0.0015709485344777112
1.3496748374187093 0.0015724788190567317
1.350175087543772 0.0015739726617204778
1.3506753376688345 0.0015754298998133572
1.351175587793897 0.0015768503728472005
1.3516758379189595 0.001578233922532055
1.352176088044022 0.0015795838572997198
1.3526763381690845 0.0015809106453919
1.353176588294147 0.0015822216828043664
1.3536768384192097 0.0015835181760531095
1.354177088544272 0.00158479773249016
1.3546773386693347 0.0015860456700837113
1.355177588794397 0.0015872505340701823
1.3556778389194597 0.0015884122106000192
1.3561780890445223 0.001589530584939017
1.3566783391695847 0.0015906055414621478
1.3571785892946473 0.0015916351193673152
1.35767883941971 0.0015926136378925492
1.3581790895447723 0.0015935369191406035
1.358679339669835 0.0015944039747121522
1.3591795897948975 0.0015952146549203245
1.3596798399199599 0.0015959895657293166
1.3601800900450225 0.001596755167661089
1.3606803401700849 0.0015975177335803194
1.3611805902951475 0.0015982772409054047
1.36168084042021 0.0015990336670880273
1.3621810905452727 0.0015997891173582094
1.362681340670335 0.0016005498944891903
1.3631815907953977 0.0016013217779372727
1.36368184092046 0.0016021088767456005
1.3641820910455227 0.0016029137429434818
1.3646823411705853 0.0016037363624149229
1.365182591295648 0.0016045748099520777
1.3656828414207103 0.0016054272328026792
1.3661830915457729 0.0016062936872324944
1.3666833416708353 0.001607174230285359
1.3671835917958979 0.0016080670137297445
1.3676838419209605 0.001608966514817297
1.368184092046023 0.0016098681341890017
1.3686843421710855 0.001610769438373339
1.369184592296148 0.0016116689370856497
1.3696848424212105 0.0016125666165155738
1.370185092546273 0.0016134627872307974
1.3706853426713357 0.0016143584032469363
1.3711855927963983 0.0016152540946241106
1.3716858429214607 0.0016161498503533074
1.3721860930465233 0.0016170457597895302
1.3726863431715857 0.0016179420969450091
1.3731865932966483 0.0016188410646639808
1.3736868434217109 0.0016197477696519437
1.3741870935467735 0.0016206653178488242
1.3746873436718359 0.0016215937493463334
1.3751875937968985 0.0016225331046117676
1.3756878439219609 0.0016234821231019053
1.3761880940470235 0.0016244355983429885
1.376688344172086 0.0016253887760738833
1.3771885942971487 0.0016263386057942216
1.377688844422211 0.0016272787579585982
1.3781890945472737 0.0016282012767695345
1.378689344672336 0.0016290965841020192
1.3791895947973987 0.0016299588783825248
1.3796898449224613 0.0016307880256446236
1.3801900950475237 0.0016315838946181068
1.3806903451725863 0.0016323463567624711
1.3811905952976489 0.0016330758065051943
1.3816908454227113 0.0016337772655579499
1.3821910955477739 0.0016344628081099116
1.3826913456728365 0.00163514776345024
1.3831915957978989 0.001635844407547948
1.3836918459229615 0.0016365636946114406
1.3841920960480238 0.0016373121802858968
1.3846923461730865 0.0016380899675025103
1.385192596298149 0.0016388971616909194
1.3856928464232117 0.0016397338708030187
1.386193096548274 0.0016406002053373412
1.3866933466733367 0.0016415001224016493
1.387193596798399 0.001642434736179067
1.3876938469234616 0.0016433954705740656
1.3881940970485243 0.001644370973062496
1.3886943471735869 0.0016453476930662731
1.3891945972986492 0.0016463176136712469
1.3896948474237119 0.001647280683322701
1.3901950975487742 0.0016482368507329417
1.3906953476738368 0.001649186064888264
1.3911955977988995 0.001650128275055916
1.391695847923962 0.0016510633765221972
1.3921960980490244 0.0016519886485547102
1.392696348174087 0.0016528997074116655
1.3931965982991494 0.001653798735030615
1.393696848424212 0.0016546998871753461
1.3941970985492746 0.0016556134280974737
1.3946973486743373 0.0016565394093350219
1.3951975987993996 0.0016574778831368784
1.3956978489244622 0.0016584289024696194
1.3961980990495246 0.0016593925210244428
1.3966983491745872 0.0016603687932242165
1.3971985992996498 0.0016613604304155651
1.3976988494247125 0.0016623761438149447
1.3981990995497748 0.0016634192602663263
1.3986993496748374 0.0016644860386939779
1.3991995997998998 0.0016655765273473763
1.3996998499249624 0.0016666918589008162
1.400200100050025 0.0016678321295939553
1.4007003501750876 0.0016689974371286473
1.40120060030015 0.001670187880683181
1.4017008504252126 0.0016714035609267615
1.402201100550275 0.001672644199094365
1.4027013506753376 0.0016739084778757086
1.4032016008004002 0.0016751861873329232
1.4037018509254626 0.001676459579155462
1.4042021010505252 0.0016777178494991067
1.4047023511755878 0.0016789544362022738
1.4052026013006502 0.0016801649912339405
1.4057028514257128 0.001681349395700755
1.4062031015507754 0.0016825075320804018
1.4067033516758378 0.0016836392842419971
1.4072036018009004 0.0016847448993643364
1.407703851925963 0.001685825213740572
1.4082041020510254 0.0016868827989925071
1.408704352176088 0.0016879181382845768
1.4092046023011506 0.0016889296344427922
1.409704852426213 0.0016899172122961496
1.4102051025512756 0.0016908842103676668
1.410705352676338 0.0016918342650664886
1.4112056028014006 0.00169276760665342
1.4117058529264632 0.0016936841806822443
1.4122061030515258 0.0016945821068976871
1.4127063531765882 0.0016954566034902822
1.4132066033016508 0.0016963182331506867
1.4137068534267132 0.0016971981166362712
1.4142071035517758 0.0016981180025240127
1.4147073536768384 0.0016990821115005833
1.415207603801901 0.0017000906515482715
1.4157078539269634 0.001701142943207069
1.416208104052026 0.0017022372359329515
1.4167083541770884 0.0017033726764829043
1.417208604302151 0.001704550600654029
1.4177088544272136 0.0017057740788290043
1.4182091045522762 0.0017070229114582783
1.4187093546773386 0.0017082470193929206
1.4192096048024012 0.0017094182200274902
1.4197098549274636 0.001710536276468516
1.4202101050525262 0.0017116009624127885
1.4207103551775888 0.0017126120208063441
1.4212106053026514 0.001713569199600857
1.4217108554277138 0.0017144756027720203
1.4222111055527764 0.0017153322134069952
1.4227113556778388 0.001716133093556805
1.4232116058029014 0.0017168915467605688
1.423711855927964 0.0017176456999670171
1.4242121060530266 0.0017184167242371038
1.424712356178089 0.001719204688653285
1.4252126063031516 0.001720012887733822
1.425712856428214 0.001720845541775555
1.4262131065532766 0.0017217036581133503
1.4267133566783392 0.0017225873353736156
1.4272136068034016 0.0017234998250737845
1.4277138569284642 0.0017244489030259881
1.4282141070535268 0.0017254270855854709
1.4287143571785892 0.0017264076023983472
1.4292146073036518 0.0017273757079139477
1.4297148574287144 0.0017283313398905075
1.4302151075537768 0.001729274436467423
1.4307153576788394 0.0017302000393694598
1.431215607803902 0.0017310996616437496
1.4317158579289644 0.001731969690530123
1.432216108054027 0.0017328048482658307
1.4327163581790896 0.0017335983371876522
1.433216608304152 0.0017343593825982374
1.4337168584292146 0.0017350998336393736
1.434217108554277 0.001735820696680538
1.4347173586793396 0.001736521900179947
1.4352176088044022 0.0017372033732693255
1.4357178589294648 0.0017378650457626384
1.4362181090545272 0.0017385081278943509
1.4367183591795898 0.001739136309805732
1.4372186093046522 0.0017397585196955818
1.4377188594297148 0.0017403889283878723
1.4382191095547774 0.0017410333902763777
1.43871935967984 0.0017416898585932326
1.4392196098049024 0.0017423564619912875
1.439719859929965 0.0017430315543881182
1.4402201100550274 0.0017437151718057967
1.44072036018009 0.0017444073507178514
1.4412206103051526 0.0017451081280536334
1.4417208604302152 0.001745817753790881
1.4422211105552776 0.001746531674359724
1.4427213606803402 0.0017472332125772387
1.4432216108054026 0.0017479154652053817
1.4437218609304652 0.0017485891666727228
1.4442221110555278 0.001749260046728493
1.4447223611805904 0.0017499271473590072
1.4452226113056528 0.0017505882138061995
1.4457228614307154 0.001751241925637737
1.4462231115557778 0.0017518882535196422
1.4467233616808404 0.001752527168223743
1.447223611805903 0.0017531618479225083
1.4477238619309656 0.0017537969034362962
1.448224112056028 0.001754428591234478
1.4487243621810906 0.001755047235514032
1.449224612306153 0.0017556482924411666
1.4497248624312156 0.001756231704425203
1.4502251125562782 0.00175679741428939
1.4507253626813406 0.001757345777655527
1.4512256128064032 0.0017578773507570472
1.4517258629314658 0.0017583922792677202
1.4522261130565282 0.0017588978254127205
1.4527263631815908 0.0017594110929162754
1.4532266133066534 0.001759942223208653
1.4537268634317158 0.00176049384996459
1.4542271135567784 0.0017610683232897576
1.454727363681841 0.0017616657200118277
1.4552276138069034 0.0017622861184076772
1.455727863931966 0.0017629295982166896
1.4562281140570286 0.0017635962406543262
1.456728364182091 0.0017642900126630635
1.4572286143071536 0.001765012354704189
1.457728864432216 0.0017657567901638483
1.4582291145572785 0.0017665267759439955
1.4587293646823412 0.0017673377937947573
1.4592296148074038 0.0017681942302376521
1.4597298649324661 0.0017690922055863788
1.4602301150575288 0.0017700315823749617
1.4607303651825911 0.0017710125408693061
1.4612306153076537 0.0017720352665901687
1.4617308654327164 0.0017730999503745564
1.462231115557779 0.0017741908359575446
1.4627313656828413 0.0017752627846001974
1.463231615807904 0.001776271362110043
1.4637318659329663 0.0017771854110294773
1.464232116058029 0.0017779886659921391
1.4647323661830915 0.0017786816517910726
1.4652326163081542 0.0017792661145380907
1.4657328664332165 0.001779742857916956
1.4662331165582791 0.0017801115416903439
1.4667333666833415 0.001780371861594736
1.4672336168084041 0.0017805489327651748
1.4677338669334667 0.00178069997336741
1.4682341170585294 0.0017808713890434561
1.4687343671835917 0.0017810957297274322
1.4692346173086543 0.001781391195576394
1.4697348674337167 0.001781757974565107
1.4702351175587793 0.001782196271798423
1.470735367683842 0.0017827026463140565
1.4712356178089045 0.0017832734294607826
1.471735867933967 0.0017839086249133657
1.4722361180590295 0.001784589018021278
1.472736368184092 0.0017852712379830596
1.4732366183091545 0.0017859330728144183
1.4737368684342171 0.001786578211569133
1.4742371185592795 0.0017872102627709764
1.4747373686843421 0.0017878373294722312
1.4752376188094047 0.0017884657667973545
1.4757378689344671 0.001789095567775899
1.4762381190595297 0.0017897281310911594
1.4767383691845923 0.0017903671542531649
1.4772386193096547 0.0017910287409770738
1.4777388694347173 0.0017917434951289488
1.47823911955978 0.0017925221343003852
1.4787393696848423 0.0017933525132146659
1.479239619809905 0.001794228655292909
1.4797398699349675 0.0017951507350677488
1.48024012006003 0.0017961153853994721
1.4807403701850925 0.0017971076628606937
1.481240620310155 0.0017981161186525509
1.4817408704352175 0.0017991339954241
1.4822411205602801 0.001800142296954551
1.4827413706853427 0.0018011276049136413
1.4832416208104051 0.0018020811374175494
1.4837418709354677 0.0018029879412459666
1.48424212106053 0.0018038405151074174
1.4847423711855927 0.0018046386436341238
1.4852426213106553 0.0018053821166192827
1.485742871435718 0.0018060707290822374
1.4862431215607803 0.0018067055135024951
1.486743371685843 0.0018072941499276693
1.4872436218109053 0.0018078452415155744
1.487743871935968 0.0018083610345960644
1.4882441220610305 0.0018088499396376162
1.4887443721860931 0.0018093262800245602
1.4892446223111555 0.0018097961503780455
1.4897448724362181 0.0018102595326020504
1.4902451225612805 0.0018107164085489813
1.490745372686343 0.0018111667600195082
1.4912456228114057 0.0018116105687623926
1.4917458729364683 0.0018120478164743152
1.4922461230615307 0.0018124728786520546
1.4927463731865933 0.0018128744483469782
1.4932466233116557 0.001813252077119893
1.4937468734367183 0.0018136169496093125
1.494247123561781 0.0018139764130578324
1.4947473736868435 0.0018143318674989463
1.495247623811906 0.0018146832995430777
1.4957478739369685 0.001815030695817901
1.496248124062031 0.0018153740429687683
1.4967483741870935 0.0018157133276591457
1.497248624312156 0.0018160530962861843
1.4977488744372185 0.0018164030090651124
1.498249124562281 0.0018167604941377368
1.4987493746873437 0.0018171120013329046
1.499249624812406 0.0018174516454714086
1.4997498749374687 0.001817778939251198
1.5002501250625313 0.0018180931732965369
1.500750375187594 0.0018183940885771537
1.5012506253126563 0.0018186816437476645
1.5017508754377187 0.0018189557979893867
1.5022511255627813 0.001819218956822042
1.502751375687844 0.0018194762162742012
1.5032516258129065 0.00181973571774073
1.503751875937969 0.0018200078594391104
1.5042521260630315 0.0018202975937985245
1.5047523761880939 0.0018206056748444732
1.5052526263131565 0.0018209330132323213
1.505752876438219 0.00182127557218201
1.5062531265632817 0.0018216285777403972
1.506753376688344 0.001821991495543585
1.5072536268134067 0.0018223559923697431
1.507753876938469 0.0018227047159285
1.5082541270635317 0.001823025498315919
1.5087543771885943 0.001823312373716494
1.509254627313657 0.0018235624890552285
1.5097548774387193 0.0018237757385114496
1.5102551275637819 0.0018239520196193578
1.5107553776888443 0.0018240907895969026
1.5112556278139069 0.0018241916401757505
1.5117558779389695 0.0018242646949700517
1.512256128064032 0.0018243368036053452
1.5127563781890945 0.0018244425125858038
1.513256628314157 0.0018246018817147428
1.5137568784392195 0.0018248192413734701
1.514257128564282 0.001825096690901877
1.5147573786893447 0.0018254344039091482
1.5152576288144073 0.0018258325639058492
1.5157578789394697 0.0018262913643943505
1.5162581290645323 0.0018268110089635942
1.5167583791895947 0.0018273909172152943
1.5172586293146573 0.001828012689524295
1.5177588794397199 0.001828638499593222
1.5182591295647825 0.0018292457709182207
1.5187593796898449 0.0018298299458833298
1.5192596298149073 0.0018303888807974227
1.5197598799399699 0.0018309224802739769
1.5202601300650325 0.001831430650586457
1.520760380190095 0.0018319132996887314
1.5212606303151577 0.0018323703372352628
1.52176088044022 0.0018328016746010783
1.5222611305652824 0.0018332051261098021
1.522761380690345 0.001833576377699554
1.5232616308154077 0.0018339174971722068
1.5237618809404703 0.0018342290171061266
1.5242621310655329 0.001834507176531001
1.5247623811905953 0.001834751883257688
1.5252626313156576 0.0018349630468202476
1.5257628814407203 0.0018351405784922375
1.5262631315657829 0.001835284391302819
1.5267633816908455 0.0018353944000526789
1.527263631815908 0.0018354774687160084
1.5277638819409705 0.0018355473724861939
1.5282641320660328 0.0018356111897940308
1.5287643821910955 0.0018356692992737593
1.529264632316158 0.0018357259731084593
1.5297648824412207 0.001835798079410415
1.530265132566283 0.001835898425242226
1.5307653826913457 0.0018360270812851783
1.531265632816408 0.0018361841193662168
1.5317658829414706 0.0018363696124665241
1.5322661330665333 0.0018365919825387537
1.5327663831915959 0.0018368677907475907
1.5332666333166582 0.0018371922280992336
1.5337668834417209 0.0018375419570739746
1.5342671335667832 0.001837906646361413
1.5347673836918458 0.001838286333208394
1.5352676338169085 0.0018386791126628265
1.535767883941971 0.00183907551785884
1.5362681340670334 0.0018394679940883522
1.536768384192096 0.0018398565284036838
1.5372686343171584 0.0018402339867400522
1.537768884442221 0.0018405864211710036
1.5382691345672836 0.0018409277041545092
1.5387693846923463 0.0018412947296137774
1.5392696348174086 0.0018417037632121745
1.5397698849424712 0.001842154945224598
1.5402701350675336 0.0018426484222026527
1.5407703851925962 0.0018431843470368594
1.5412706353176588 0.0018437627421932336
1.5417708854427215 0.0018443865815691662
1.5422711355677838 0.0018450545412925148
1.5427713856928462 0.0018457568688368515
1.5432716358179088 0.0018464743631525851
1.5437718859429714 0.0018471826196665992
1.544272136068034 0.0018478709950299399
1.5447723861930966 0.0018485393953235501
1.545272636318159 0.0018491877281466486
1.5457728864432214 0.001849815902639087
1.546273136568284 0.0018504238295034704
1.5467733866933466 0.0018510114210270397
1.5472736368184092 0.0018515871497354669
1.5477738869434718 0.0018521648606475711
1.5482741370685342 0.001852754696704872
1.5487743871935966 0.001853368430678422
1.5492746373186592 0.0018540130827497958
1.5497748874437218 0.0018546887814248167
1.5502751375687844 0.0018553956593132391
1.550775387693847 0.0018561338531749765
1.5512756378189094 0.0018569035039678115
1.5517758879439718 0.001857704756896626
1.5522761380690344 0.001858531654742897
1.552776388194097 0.0018593727259666878
1.5532766383191596 0.0018602086554215139
1.5537768884442222 0.0018610145542510073
1.5542771385692846 0.0018617794007304857
1.554777388694347 0.0018625032294498482
1.5552776388194096 0.001863186003301938
1.5557778889444722 0.0018638275540779688
1.5562781390695348 0.0018644277175855145
1.5567783891945972 0.0018649863337005675
1.5572786393196598 0.0018655067480562
1.5577788894447222 0.0018659954062023492
1.5582791395697848 0.0018664823870690145
1.5587793896948474 0.0018670142839616116
1.55927963981991 0.0018676107531805622
1.5597798899449724 0.0018682725491602607
1.560280140070035 0.0018690008609986944
1.5607803901950974 0.001869800345965038
1.56128064032016 0.0018706752811386259
1.5617808904452226 0.0018716260366673234
1.5622811405702852 0.0018726504669747445
1.5627813906953476 0.001873744240948857
1.5632816408204102 0.0018748679954517869
1.5637818909454726 0.001875957823346502
1.5642821410705352 0.001876987034456664
1.5647823911955978 0.0018779552892855928
1.5652826413206604 0.0018788622595123238
1.5657828914457228 0.001879708501765969
1.5662831415707852 0.0018804964232818765
1.5667833916958478 0.0018812259251758266
1.5672836418209104 0.0018818947548721301
1.567783891945973 0.0018825046470587808
1.5682841420710356 0.00188306676950709
1.568784392196098 0.0018835962812620982
1.5692846423211604 0.0018840993184019573
1.569784892446223 0.0018845757819457424
1.5702851425712856 0.0018850255747282526
1.5707853926963482 0.0018854486014222656
1.5712856428214108 0.0018858447685605542
1.5717858929464732 0.0018862139844299524
1.5722861430715356 0.0018865491708793536
1.5727863931965982 0.0018868394951058061
1.5732866433216608 0.0018870945428974269
1.5737868934467234 0.001887336633993964
1.574287143571786 0.0018875746951165385
1.5747873936968484 0.0018878087147590212
1.5752876438219108 0.001888038681412231
1.5757878939469734 0.0018882645835640967
1.576288144072036 0.0018884864096998203
1.5767883941970986 0.0018887041483020362
1.5772886443221612 0.0018889175425086332
1.5777888944472236 0.0018891261355827391
1.578289144572286 0.0018893294502070302
1.5787893946973486 0.0018895270498240763
1.5792896448224112 0.0018897187615885488
1.5797898949474738 0.0018899054402640426
1.5802901450725362 0.0018900880929079071
1.5807903951975988 0.001890267327681694
1.5812906453226612 0.0018904439127092896
1.5817908954477238 0.001890618148073456
1.5822911455727864 0.0018908048541944112
1.582791395697849 0.0018910306891312093
1.5832916458229114 0.0018913075630080194
1.583791895947974 0.0018916356368328272
1.5842921460730364 0.001892015742508511
1.584792396198099 0.0018924512688464853
1.5852926463231616 0.0018929449635733614
1.5857928964482242 0.0018934971027370433
1.5862931465732866 0.0018941099176568866
1.5867933966983492 0.0018947856005162975
1.5872936468234116 0.0018955008551706193
1.5877938969484742 0.0018962138826502425
1.5882941470735368 0.0018969062642228305
1.5887943971985994 0.0018975778965924237
1.5892946473236618 0.0018982286781370956
1.5897948974487242 0.0018988585089353622
1.5902951475737868 0.0018994672907923216
1.5907953976988494 0.0019000396570914761
1.591295647823912 0.0019005517484508285
1.5917958979489746 0.0019009949071368505
1.592296148074037 0.001901383818483651
1.5927963981990994 0.0019017407005060864
1.593296648324162 0.0019020729159559117
1.5937968984492246 0.001902380391553767
1.5942971485742872 0.0019026630547656661
1.5947973986993498 0.0019029208338112666
1.5952976488244122 0.0019031536576720894
1.5957978989494745 0.001903361456099719
1.5962981490745372 0.0019035441596239584
1.5967983991995998 0.0019037030333363643
1.5972986493246624 0.001903833763827897
1.597798899449725 0.0019039228562025656
1.5982991495747874 0.0019039623655581401
1.5987993996998497 0.0019039526066645298
1.5992996498249124 0.00190389540018007
1.599799899949975 0.0019037921425138539
1.6003001500750376 0.0019036427421133336
1.6008004002001002 0.0019034583667796574
1.6013006503251626 0.0019032569706073264
1.601800900450225 0.0019030452850642527
1.6023011505752875 0.00190283891928586
1.6028014007003502 0.0019026649535167142
1.6033016508254128 0.0019025346215624543
1.6038019009504751 0.0019024475899827285
1.6043021510755378 0.0019024037979435582
1.6048024012006001 0.0019024033387500174
1.6053026513256627 0.001902446320548191
1.6058029014507254 0.0019025328849614632
1.606303151575788 0.001902663170576653
1.6068034017008503 0.0019028372943734797
1.607303651825913 0.0019030250787711726
1.6078039019509753 0.0019031744990967588
1.608304152076038 0.001903263697027375
1.6088044022011005 0.00190329251864038
1.6093046523261632 0.0019032607259055025
1.6098049024512255 0.001903163785398749
1.6103051525762881 0.001902997259601459
1.6108054027013505 0.001902761758681888
1.6113056528264131 0.0019024583295360335
1.6118059029514757 0.001902087789030609
1.6123061530765384 0.0019016938841897198
1.6128064032016007 0.001901349157953077
1.6133066533266633 0.0019010828999473839
1.6138069034517257 0.0019008952255363417
1.6143071535767883 0.001900786270268949
1.614807403701851 0.00190075619000496
1.6153076538269135 0.0019008051610537229
1.615807903951976 0.001900935178803857
1.6163081540770383 0.0019011516110329187
1.616808404202101 0.0019014580643808502
1.6173086543271635 0.001901844859156846
1.6178089044522261 0.0019022954251321285
1.6183091545772887 0.001902802765004716
1.6188094047023511 0.001903364420922273
1.6193096548274135 0.0019039782875187182
1.6198099049524761 0.0019046445794750925
1.6203101550775387 0.0019053635202280696
1.6208104052026013 0.0019061212387675606
1.621310655327664 0.001906896010081841
1.6218109054527263 0.0019076801220697292
1.6223111555777887 0.0019084588149827974
1.6228114057028513 0.001909207384515323
1.623311655827914 0.0019099158212171567
1.6238119059529765 0.0019105839451282974
1.6243121560780391 0.0019112115806036703
1.6248124062031015 0.001911798556374116
1.625312656328164 0.001912345586779393
1.6258129064532265 0.0019128533967392417
1.6263131565782891 0.0019133218362091951
1.6268134067033517 0.0019137507570657461
1.6273136568284141 0.0019141400156433045
1.6278139069534767 0.001914489472786682
1.628314157078539 0.001914798993902441
1.6288144072036017 0.0019150674987091511
1.6293146573286643 0.0019152937453274952
1.629814907453727 0.0019154769250767046
1.6303151575787893 0.0019156160553363934
1.630815407703852 0.0019157196541972536
1.6313156578289143 0.001915801345881177
1.631815907953977 0.0019158666431822813
1.6323161580790395 0.0019159165353408408
1.6328164082041021 0.0019159511811902717
1.6333166583291645 0.001915970543896558
1.6338169084542271 0.0019159745872472686
1.6343171585792895 0.0019159632756568998
1.634817408704352 0.001915936510569191
1.6353176588294147 0.0019158920756374976
1.6358179089544773 0.001915827812385317
1.6363181590795397 0.0019157436782174563
1.6368184092046023 0.0019156396313754495
1.6373186593296647 0.001915515630944009
1.6378189094547273 0.0019153716368574005
1.63831915957979 0.0019152076119208872
1.6388194097048525 0.0019150235213385612
1.639319659829915 0.0019148193291744855
1.6398199099549773 0.0019146069851714504
1.64032016008004 0.001914405975708475
1.6408204102051025 0.0019142298490964554
1.641320660330165 0.001914088598127217
1.6418209104552277 0.0019139911724967177
1.64232116058029 0.0019139426202954737
1.6428214107053525 0.001913943052415776
1.643321660830415 0.0019139925865089003
1.6438219109554777 0.0019140913470378582
1.6443221610805403 0.0019142394653326332
1.644822411205603 0.001914436961440746
1.6453226613306653 0.0019146835495496193
1.6458229114557277 0.0019149790676921026
1.6463231615807903 0.0019153236727434536
1.646823411705853 0.001915717528637269
1.6473236618309155 0.0019161608064353804
1.647823911955978 0.001916653210500937
1.6483241620810405 0.0019171928248675647
1.6488244122061029 0.0019177782067448972
1.6493246623311655 0.001918409542407582
1.649824912456228 0.0019190746922714424
1.6503251625812907 0.0019197540391131403
1.650825412706353 0.0019204411432864733
1.6513256628314157 0.0019211374050309177
1.651825912956478 0.0019218450770103889
1.6523261630815407 0.0019225661140906908
1.6528264132066033 0.0019233007063466309
1.653326663331666 0.0019240489067282069
1.6538269134567283 0.0019248107686701754
1.6543271635817909 0.0019255863362345103
1.6548274137068533 0.001926375623799993
1.6553276638319159 0.0019271786559420046
1.6558279139569785 0.0019279954877973458
1.656328164082041 0.0019288261750071893
1.6568284142071035 0.0019296707737216907
1.657328664332166 0.0019305293406046509
1.6578289144572285 0.0019314019328382432
1.658329164582291 0.0019322895111208605
1.6588294147073537 0.0019331938508053918
1.6593296648324163 0.0019341158308614785
1.6598299149574787 0.001935054705428143
1.6603301650825413 0.001936009253036645
1.6608304152076037 0.0019369575931509771
1.6613306653326663 0.0019378665710679018
1.6618309154577289 0.0019387243625751736
1.6623311655827915 0.0019395307146236206
1.6628314157078539 0.001940285382281487
1.6633316658329163 0.001940988128853387
1.6638319159579789 0.0019416387259963421
1.6643321660830415 0.0019422369538327892
1.664832416208104 0.0019427825561808543
1.6653326663331667 0.0019432747199893913
1.665832916458229 0.001943712683736736
1.6663331665832914 0.0019440962592986136
1.666833416708354 0.0019444252677437266
1.6673336668334167 0.0019446999288206437
1.6678339169584793 0.0019449230208721988
1.6683341670835419 0.0019450969506200734
1.6688344172086043 0.0019452215894440472
1.6693346673336666 0.0019452968173163468
1.6698349174587293 0.0019453383315928454
1.6703351675837919 0.0019453705854006384
1.6708354177088545 0.0019454199369030288
1.671335667833917 0.00194551186329452
1.6718359179589795 0.0019456545235570835
1.6723361680840418 0.001945848560707265
1.6728364182091044 0.0019460943288768387
1.673336668334167 0.0019463919616002
1.6738369184592297 0.001946741599371873
1.674337168584292 0.0019471424250990421
1.6748374187093547 0.0019475936227744315
1.675337668834417 0.0019480953462942745
1.6758379189594796 0.001948647759212741
1.6763381690845423 0.0019492510320875966
1.6768384192096049 0.0019499053425475203
1.6773386693346672 0.0019506108753620344
1.6778389194597298 0.0019513678225140912
1.6783391695847922 0.001952176401928476
1.6788394197098548 0.0019530413047922528
1.6793396698349174 0.0019539672298033253
1.67983991995998 0.0019549443943279975
1.6803401700850424 0.0019559576681500274
1.680840420210105 0.001956995329201171
1.6813406703351674 0.001958048306653255
1.68184092046023 0.001959114056915233
1.6823411705852926 0.0019601926129632356
1.6828414207103553 0.0019612840077170846
1.6833416708354176 0.0019623882740391414
1.6838419209604802 0.0019635054447331504
1.6843421710855426 0.001964635552543072
1.6848424212106052 0.0019657786301519194
1.6853426713356678 0.001966933701855218
1.6858429214607304 0.0019680981966655967
1.6863431715857928 0.0019692705429620364
1.6868434217108552 0.001970450756622883
1.6873436718359178 0.0019716388512538547
1.6878439219609804 0.0019728348387098886
1.688344172086043 0.0019740387329944594
1.6888444222111056 0.001975250549735192
1.689344672336168 0.001976470304501448
1.6898449224612304 0.0019776911615262266
1.690345172586293 0.001978902783466161
1.6908454227113556 0.0019801072247894146
1.6913456728364182 0.001981312252204988
1.6918459229614808 0.001982520079258185
1.6923461730865432 0.001983728140073405
1.6928464232116056 0.0019849328522289684
1.6933466733366682 0.0019861331796814903
1.6938469234617308 0.0019873292209566006
1.6943471735867934 0.0019885214200586433
1.694847423711856 0.001989710092124309
1.6953476738369184 0.0019908952080248095
1.6958479239619808 0.001992076738627102
1.6963481740870434 0.0019932546547953953
1.696848424212106 0.0019944289273926604
1.6973486743371686 0.0019955995272821466
1.697848924462231 0.0019967664253289154
1.6983491745872936 0.0019979295924013748
1.698849424712356 0.0019990889993728297
1.6993496748374186 0.0020002456637012024
1.6998499249624812 0.002001399553238935
1.7003501750875438 0.0020025490726436773
1.7008504252126062 0.002003702447190684
1.7013506753376688 0.0020048723938776293
1.7018509254627312 0.0020060629102561147
1.7023511755877938 0.002007274083953716
1.7028514257128564 0.0020085060039216973
1.703351675837919 0.002009758760448513
1.7038519259629814 0.0020110324451735424
1.704352176088044 0.0020123271511010734
1.7048524262131064 0.002013642972614531
1.705352676338169 0.002014980005490955
1.7058529264632316 0.002016339355078136
1.7063531765882942 0.0020177258706959773
1.7068534267133566 0.0020191434128206762
1.7073536768384192 0.0020205911195004733
1.7078539269634816 0.0020220672354136636
1.7083541770885442 0.0020235709951078916
1.7088544272136068 0.0020251025242906417
1.7093546773386694 0.002026661950556678
1.7098549274637318 0.002028273516918979
1.7103551775887942 0.0020299727733758123
1.7108554277138568 0.00203174121597471
1.7113556778389194 0.0020335381469360862
1.711855927963982 0.0020353527975134917
1.7123561780890446 0.0020371852452176873
1.712856428214107 0.0020390335688328354
1.7133566783391694 0.0020408925360985257
1.713856928464232 0.0020427589432292738
1.7143571785892946 0.0020446335037580267
1.7148574287143572 0.002046516885281118
1.7153576788394198 0.0020484091345591114
1.7158579289644822 0.002050310298717566
1.7163581790895446 0.0020522204252504785
1.7168584292146072 0.0020541395620237725
1.7173586793396698 0.0020560677572788208
1.7178589294647324 0.002058005059636013
1.718359179589795 0.0020599515180983624
1.7188594297148574 0.0020619071820551543
1.7193596798399198 0.0020638721012856396
1.7198599299649824 0.002065826950859536
1.720360180090045 0.002067744562338754
1.7208604302151076 0.002069627779085927
1.72136068034017 0.002071490740559557
1.7218609304652326 0.0020733368712665713
1.722361180590295 0.002075166044410604
1.7228614307153576 0.0020769781338194396
1.7233616808404202 0.002078773013963917
1.7238619309654828 0.0020805505599768583
1.7243621810905452 0.002082310647672005
1.7248624312156078 0.002084053153562962
1.7253626813406702 0.0020857779548821478
1.7258629314657328 0.002087484929599741
1.7263631815907954 0.0020891739564426167
1.726863431715858 0.002090846174002871
1.7273636818409204 0.0020925037762149694
1.727863931965983 0.0020941427392950967
1.7283641820910454 0.002095757972284243
1.728864432216108 0.002097349341301
1.7293646823411706 0.0020989167136544265
1.7298649324662332 0.0021004667017615196
1.7303651825912956 0.002102008794164056
1.7308654327163582 0.002103549686011304
1.7313656828414206 0.002105094551543932
1.7318659329664832 0.002106644680619854
1.7323661830915458 0.0021082000977035074
1.7328664332166084 0.0021097608274164154
1.7333666833416708 0.002111326894538428
1.7338669334667332 0.002112895838389509
1.7343671835917958 0.0021144641811959687
1.7348674337168584 0.002116032689833188
1.735367683841921 0.0021176031434261867
1.7358679339669836 0.0021191755565656977
1.736368184092046 0.0021207499439245916
1.7368684342171083 0.002122326320258568
1.737368684342171 0.002123904700406862
1.7378689344672336 0.002125485099292948
1.7383691845922962 0.0021270675319252593
1.7388694347173588 0.0021286520133979047
1.7393696848424212 0.0021302385588913997
1.7398699349674835 0.0021318204993001797
1.7403701850925462 0.0021333884472549435
1.7408704352176088 0.0021349405211185265
1.7413706853426714 0.002136481524865231
1.741870935467734 0.002138016534486126
1.7423711855927964 0.0021395466168327355
1.7428714357178587 0.0021410717227030723
1.7433716858429213 0.0021425918029128743
1.743871935967984 0.0021441068082993344
1.7443721860930466 0.0021456166897248553
1.744872436218109 0.00214712139808082
1.7453726863431716 0.0021486208842913883
1.745872936468234 0.0021501150993173033
1.7463731865932965 0.002151603994159728
1.7468734367183592 0.0021530875198640855
1.7473736868434218 0.002154565627523938
1.7478739369684841 0.002156038948973231
1.7483741870935467 0.002157508129613522
1.7488744372186091 0.002158973126847881
1.7493746873436717 0.002160433887175741
1.7498749374687343 0.002161877499771566
1.750375187593797 0.002163286083320223
1.7508754377188593 0.0021646534115581997
1.751375687843922 0.0021659777979345872
1.7518759379689843 0.002167258698659469
1.752376188094047 0.0021684959069468586
1.7528764382191095 0.002169689221985624
1.7533766883441722 0.0021708384490148297
1.7538769384692345 0.0021719433993971247
1.7543771885942971 0.002173003890690146
1.7548774387193595 0.0021740177090292887
1.7553776888444221 0.0021749747368116253
1.7558779389694847 0.002175866878102591
1.7563781890945473 0.0021766939403774564
1.7568784392196097 0.002177455740599827
1.7573786893446721 0.0021781521052975047
1.7578789394697347 0.0021787828706349506
1.7583791895947973 0.002179347882482313
1.75887943971986 0.002179846996480944
1.7593796898449225 0.002180280078105381
1.759879939969985 0.0021806827050668007
1.7603801900950473 0.0021811034330869775
1.76088044022011 0.0021815554457443698
1.7613806903451725 0.00218203913327927
1.7618809404702351 0.002182556840615375
1.7623811905952977 0.002183116164065833
1.7628814407203601 0.0021837225711188795
1.7633816908454225 0.0021843762295256646
1.7638819409704851 0.002185077259759535
1.7643821910955477 0.002185825788073015
1.7648824412206103 0.0021866219465396367
1.765382691345673 0.002187465873097622
1.7658829414707353 0.0021883577115954303
1.7663831915957977 0.0021892976118391976
1.7668834417208603 0.00219028572964211
1.767383691845923 0.002191322226875722
1.7678839419709855 0.0021924072715232665
1.768384192096048 0.002193541037734973
1.7688844422211105 0.0021947221839633273
1.769384692346173 0.002195946623989618
1.7698849424712355 0.0021971983795922847
1.7703851925962981 0.0021984597216294275
1.7708854427213607 0.0021997292252331642
1.771385692846423 0.0022010106553452848
1.7718859429714857 0.0022023048330637057
1.772386193096548 0.002203611819160051
1.7728864432216107 0.00220493167516657
1.7733866933466733 0.0022062644633838594
1.773886943471736 0.0022076102468887057
1.7743871935967983 0.0022089690895420585
1.774887443721861 0.0022103410559971286
1.7753876938469233 0.0022117262117076113
1.775887943971986 0.0022131232534015957
1.7763881940970485 0.0022145309097940137
1.7768884442221111 0.002215951567726238
1.7773886943471735 0.0022173875872188017
1.777888944472236 0.0022188390432323476
1.7783891945972985 0.0022203060116834598
1.778889444722361 0.002221788569454756
1.7793896948474237 0.0022232867944051255
1.7798899449724863 0.0022247962733692923
1.7803901950975487 0.0022263111039159053
1.780890445222611 0.0022278446390341217
1.7813906953476737 0.0022294153791641647
1.7818909454727363 0.0022310271153590314
1.782391195597799 0.002232680064908229
1.7828914457228615 0.002234377152793958
1.783391695847924 0.0022361236347113985
1.7838919459729863 0.002237914900545793
1.7843921960980489 0.002239743590492326
1.7848924462231115 0.002241609518170435
1.785392696348174 0.0022435129171461494
1.7858929464732367 0.002245454026261097
1.786393196598299 0.0022474330897081373
1.7868934467233615 0.0022494503571090486
1.787393696848424 0.002251506083594284
1.7878939469734867 0.002253600529884873
1.7883941970985493 0.0022557339623765016
1.788894447223612 0.0022579066532258337
1.7893946973486743 0.002260118880439126
1.7898949474737367 0.002262370006716855
1.7903951975987993 0.002264658115821303
1.7908954477238619 0.002266952306142442
1.7913956978489245 0.0022692178784138855
1.791895947973987 0.0022714498337295485
1.7923961980990495 0.002273647928154132
1.7928964482241119 0.002275811919648864
1.7933966983491745 0.002277941568122801
1.793896948474237 0.0022800366354840777
1.7943971985992997 0.0022820968856910964
1.794897448724362 0.0022841220848036216
1.7953976988494247 0.0022861120010337775
1.795897948974487 0.0022880664047969265
1.7963981990995497 0.002289985068762402
1.7968984492246123 0.0022918670228439593
1.7973986993496749 0.0022937100097848895
1.7978989494747373 0.002295512511946974
1.7983991995997999 0.002297273499751671
1.7988994497248623 0.002298991922364272
1.7993996998499249 0.0023006675275106365
1.7998999499749875 0.0023023014183373987
1.80040020010005 0.002303895098082815
1.8009004502251125 0.0023054573562981393
1.801400700350175 0.002306998490313099
1.8019009504752375 0.0023085202338000536
1.8024012006003 0.002310022496818047
1.8029014507253627 0.002311505189691087
1.8034017008504253 0.0023129682230146813
1.8039019509754877 0.002314412517576292
1.80440220110055 0.0023158431303692026
1.8049024512256127 0.0023172641286728674
1.8054027013506753 0.0023186749580039333
1.8059029514757379 0.002320074321574693
1.8064032016008005 0.002321461417715414
1.8069034517258629 0.0023228361835990028
1.8074037018509252 0.0023241985565543846
1.8079039519759879 0.002325548474070911
1.8084042021010505 0.0023268858738027844
1.808904452226113 0.0023282106935734923
1.8094047023511757 0.0023295228713802567
1.809904952476238 0.0023308220498506234
1.8104052026013004 0.0023321077888898466
1.810905452726363 0.002333388238797426
1.8114057028514257 0.0023346714656872626
1.8119059529764883 0.002335957209583325
1.8124062031015509 0.0023372454288332722
1.8129064532266133 0.0023385411312426677
1.8134067033516756 0.0023398508156702537
1.8139069534767382 0.0023411760071256195
1.8144072036018009 0.002342516763924994
1.8149074537268635 0.00234387314485839
1.815407703851926 0.0023452452091935385
1.8159079539769885 0.0023466330166798583
1.8164082041020508 0.002348036627552475
1.8169084542271134 0.0023494561025362817
1.817408704352176 0.002350891502850044
1.8179089544772387 0.002352342890210544
1.818409204602301 0.0023538115969045535
1.8189094547273637 0.0023552995451770605
1.819409704852426 0.0023568073930374644
1.8199099549774886 0.002358331295954132
1.8204102051025512 0.0023598622107018066
1.8209104552276139 0.0023613894999929197
1.8214107053526762 0.0023629066425408405
1.8219109554777388 0.0023644125680832967
1.8224112056028012 0.0023659072098440944
1.8229114557278638 0.0023673905012216736
1.8234117058529264 0.002368862375794569
1.823911955977989 0.002370322767326902
1.8244122061030514 0.002371771609773866
1.824912456228114 0.0023732088372872525
1.8254127063531764 0.0023746330452841485
1.825912956478239 0.00237604026795976
1.8264132066033016 0.00237742786554678
1.8269134567283642 0.0023787957494098926
1.8274137068534266 0.00238014642567225
1.8279139569784892 0.0023814875420980217
1.8284142071035516 0.0023828241781415796
1.8289144572286142 0.002384156292792319
1.8294147073536768 0.0023854838450634154
1.8299149574787394 0.002386789110416876
1.8304152076038018 0.002388049964476028
1.8309154577288642 0.0023892687930757947
1.8314157078539268 0.0023904534802073065
1.8319159579789894 0.0023916050387449332
1.832416208104052 0.002392723315659747
1.8329164582291146 0.0023938161737744805
1.833416708354177 0.002394891969325346
1.8339169584792394 0.0023959510628347807
1.834417208604302 0.0023969933537854845
1.8349174587293646 0.0023980087200482303
1.8354177088544272 0.002398978093572173
1.8359179589794898 0.0023998923907261453
1.8364182091045522 0.0024007514366026204
1.8369184592296146 0.0024015550620035894
1.8374187093546772 0.002402303103493178
1.8379189594797398 0.002402995403448874
1.8384192096048024 0.002403631810111312
1.838919459729865 0.0024042121776326228
1.8394197098549274 0.002404736366123298
1.8399199599799898 0.002405239515625562
1.8404202101050524 0.0024057626639344544
1.840920460230115 0.0024063332391205785
1.8414207103551776 0.0024069763595618815
1.84192096048024 0.00240769562954109
1.8424212106053026 0.0024084995744959904
1.842921460730365 0.002409400962869026
1.8434217108554276 0.002410404346519455
1.8439219609804902 0.0024115101141095876
1.8444222111055528 0.0024127186808329815
1.8449224612306152 0.002414030488705367
1.8454227113556778 0.002415446006873715
1.8459229614807402 0.002416965731943805
1.8464232116058028 0.0024185901883267444
1.8469234617308654 0.0024203199286048425
1.847423711855928 0.0024221564115284077
1.8479239619809904 0.0024241011516129294
1.848424212106053 0.002426154817808519
1.8489244622311154 0.002428318087018604
1.849424712356178 0.002430591666946836
1.8499249624812406 0.002432961456917202
