1.1000500250125063 0.00022849472560738877
1.1005502751375689 0.00022879095106795847
1.1010505252626313 0.00022909160582951539
1.1015507753876939 0.0002293922281935723
1.1020510255127565 0.00022969120746860975
1.1025512756378189 0.00022998896148435582
1.1030515257628815 0.0002302854781221028
1.103551775887944 0.00023058115316207503
1.1040520260130064 0.00023087468523357642
1.104552276138069 0.00023116385487988
1.1050525262631314 0.00023144814495404924
1.105552776388194 0.0002317292160287496
1.1060530265132567 0.00023200990423403683
1.1065532766383193 0.00023229048991927693
1.1070535267633816 0.00023256062419798338
1.1075537768884443 0.00023281077483672388
1.1080540270135066 0.00023304119185397384
1.1085542771385692 0.00023325296475997708
1.1090545272636319 0.0002334440074003754
1.1095547773886942 0.00023361139518442357
1.1100550275137568 0.0002337548582188521
1.1105552776388194 0.00023387402471405225
1.1110555277638818 0.00023396870722263734
1.1115557778889444 0.00023404056483341932
1.112056028014007 0.00023410816731116795
1.1125562781390694 0.00023418583091826164
1.113056528264132 0.00023426860871887792
1.1135567783891946 0.00023435401877347072
1.114057028514257 0.00023444121784528904
1.1145572786393196 0.00023453484687207602
1.1150575287643822 0.0002346443350704084
1.1155577788894446 0.00023477376139876605
1.1160580290145072 0.0002349231900157636
1.1165582791395698 0.00023509241048286878
1.1170585292646322 0.00023528283597384902
1.1175587793896948 0.00023549737141163993
1.1180590295147574 0.00023573731066836752
1.1185592796398198 0.0002360031014486275
1.1190595297648824 0.00023629331777284777
1.119559779889945 0.0002366022311085991
1.1200600300150074 0.00023692598620043748
1.12056028014007 0.00023726468321772805
1.1210605302651326 0.00023761842062678724
1.121560780390195 0.0002379790825711332
1.1220610305152576 0.0002383346706823666
1.1225612806403202 0.00023868134065041166
1.1230615307653826 0.0002390190739687183
1.1235617808904452 0.0002393423864683445
1.1240620310155078 0.0002396353664746831
1.1245622811405702 0.0002398874770614314
1.1250625312656328 0.00024009854080200778
1.1255627813906954 0.00024027044644677658
1.1260630315157578 0.00024041396738769564
1.1265632816408204 0.00024053771934685607
1.127063531765883 0.0002406402368279763
1.1275637818909454 0.00024072019624966115
1.128064032016008 0.00024077987382102134
1.1285642821410704 0.00024082810465352462
1.129064532266133 0.00024087360863480814
1.1295647823911956 0.00024091858941621024
1.1300650325162582 0.00024096318065457717
1.1305652826413206 0.0002410077798159097
1.1310655327663832 0.0002410526494801254
1.1315657828914456 0.0002410978382022461
1.1320660330165082 0.00024114377887103863
1.1325662831415708 0.00024119134303524423
1.1330665332666334 0.00024124508152842096
1.1335667833916958 0.0002413091736961154
1.1340670335167584 0.00024138427261377043
1.1345672836418208 0.0002414685759712396
1.1350675337668834 0.00024155695809003673
1.135567783891946 0.00024164664001941736
1.1360680340170084 0.00024173762669519328
1.136568284142071 0.00024183003715802978
1.1370685342671336 0.00024192484836763444
1.137568784392196 0.00024202132584920215
1.1380690345172586 0.00024211769347299734
1.1385692846423212 0.0002422139596796122
1.1390695347673836 0.00024231393897964748
1.1395697848924462 0.00024242351415865269
1.1400700350175088 0.00024254496412895454
1.1405702851425712 0.00024267834059724715
1.1410705352676338 0.00024282369694452217
1.1415707853926964 0.0002429806232568938
1.1420710355177588 0.00024314495459743817
1.1425712856428214 0.00024331274390555844
1.143071535767884 0.0002434837814217593
1.1435717858929464 0.0002436560410327719
1.144072036018009 0.00024382500117470023
1.1445722861430716 0.00024398815176127813
1.145072536268134 0.00024414545953592453
1.1455727863931966 0.0002442968919046087
1.1460730365182592 0.00024444241694760783
1.1465732866433216 0.00024458516961635836
1.1470735367683842 0.00024473604141807905
1.1475737868934468 0.0002449028089845267
1.1480740370185092 0.0002450857163233457
1.1485742871435718 0.00024528454178297506
1.1490745372686344 0.0002454959235558489
1.1495747873936968 0.00024571694107342317
1.1500750375187594 0.00024594761248135946
1.150575287643822 0.0002461879547009026
1.1510755377688844 0.00024643750092156395
1.151575787893947 0.0002466876077243933
1.1520760380190094 0.0002469309389704833
1.152576288144072 0.0002471624563937751
1.1530765382691346 0.00024737184322060106
1.1535767883941972 0.0002475557370917057
1.1540770385192596 0.0002477205423198713
1.1545772886443222 0.00024787158530383306
1.1550775387693846 0.00024800883931211783
1.1555777888944472 0.00024813227436681494
1.1560780390195098 0.0002482503525689741
1.1565782891445724 0.00024837482461449457
1.1570785392696348 0.0002485109149381981
1.1575787893946974 0.00024866494419118634
1.1580790395197598 0.00024884132546924853
1.1585792896448224 0.00024903932724275015
1.159079539769885 0.00024925438412118735
1.1595797898949474 0.0002494827191590827
1.16008004002001 0.00024972436651071864
1.1605802901450726 0.0002499739126546826
1.161080540270135 0.00025021354923161423
1.1615807903951976 0.00025043685173196684
1.1620810405202602 0.0002506613091864457
1.1625812906453226 0.00025089848470458365
1.1630815407703852 0.000251148432565966
1.1635817908954478 0.00025141158323409063
1.1640820410205102 0.00025169005553610447
1.1645822911455728 0.00025198561293120284
1.1650825412706354 0.00025229834639643186
1.1655827913956978 0.00025263030682228627
1.1660830415207604 0.0002529812493799026
1.166583291645823 0.00025334178610795697
1.1670835417708854 0.00025370224208982314
1.167583791895948 0.00025406007614888246
1.1680840420210106 0.00025441528327840797
1.168584292146073 0.0002547669894563934
1.1690845422711356 0.00025511052920395774
1.1695847923961982 0.00025544205963950637
1.1700850425212606 0.0002557638069510187
1.1705852926463232 0.00025608084916364793
1.1710855427713858 0.00025639152693808786
1.1715857928964482 0.0002566912184559467
1.1720860430215108 0.0002569791312956927
1.1725862931465734 0.0002572545785274696
1.1730865432716358 0.00025751748485312046
1.1735867933966984 0.00025776914583402273
1.174087043521761 0.0002580166225844019
1.1745872936468233 0.00025826566216786994
1.175087543771886 0.00025852336482190286
1.1755877938969483 0.000258799408414007
1.176088044022011 0.000259096617964902
1.1765882941470736 0.000259415066112259
1.1770885442721362 0.0002597534566434783
1.1775887943971985 0.00026011070106065395
1.1780890445222612 0.0002604868789418854
1.1785892946473235 0.00026088097952286533
1.1790895447723861 0.0002612875264944298
1.1795897948974488 0.00026169827357375424
1.1800900450225114 0.0002621029423279484
1.1805902951475737 0.0002624952580543318
1.1810905452726363 0.0002628753755472321
1.1815907953976987 0.0002632434934488934
1.1820910455227613 0.00026360125915480555
1.182591295647824 0.0002639500576627757
1.1830915457728866 0.0002642898381233788
1.183591795897949 0.0002646211342694549
1.1840920460230115 0.0002649467890879578
1.184592296148074 0.00026526495593286376
1.1850925462731365 0.00026556617123347744
1.1855927963981991 0.00026584507136503916
1.1860930465232615 0.00026610158940700945
1.1865932966483241 0.0002663363623335212
1.1870935467733867 0.00026655353907873575
1.1875937968984491 0.0002667565911528737
1.1880940470235117 0.000266945493079078
1.1885942971485743 0.000267119889314299
1.1890945472736367 0.0002672796931882552
1.1895947973986993 0.00026743978214553477
1.190095047523762 0.0002676148263977074
1.1905952976488243 0.000267804889824927
1.191095547773887 0.00026801003841801953
1.1915957978989495 0.00026822901481912643
1.192096048024012 0.00026845417940667555
1.1925962981490745 0.00026867915989312524
1.1930965482741371 0.00026890393037415936
1.1935967983991995 0.000269128383307586
1.1940970485242621 0.0002693401273558145
1.1945972986493247 0.00026952004011284684
1.1950975487743871 0.00026966123284990324
1.1955977988994497 0.0002697635708723025
1.1960980490245123 0.00026982692839100565
1.1965982991495747 0.0002698521659609664
1.1970985492746373 0.0002698446895973554
1.1975987993997 0.00026980894981961404
1.1980990495247623 0.00026974487181073806
1.198599299649825 0.000269658629020014
1.1990995497748873 0.0002695745407223954
1.19959979989995 0.00026951166554631647
1.2001000500250125 0.00026947097376761776
1.2006003001500751 0.00026945252501210784
1.2011005502751375 0.0002694563805305069
1.2016008004002001 0.0002694821648603129
1.2021010505252625 0.0002695275362944153
1.2026013006503251 0.00026959058236563846
1.2031015507753877 0.000269671351657589
1.2036018009004503 0.00026976750048587217
1.2041020510255127 0.00026987181791169354
1.2046023011505753 0.00026997946214897187
1.2051025512756377 0.00027009044027220466
1.2056028014007003 0.00027020475925239665
1.206103051525763 0.00027032242595613563
1.2066033016508255 0.00027044444877584065
1.207103551775888 0.0002705761946955315
1.2076038019009505 0.00027072205692569125
1.208104052026013 0.00027087958841782534
1.2086043021510755 0.0002710437704606119
1.2091045522761381 0.0002712147326777237
1.2096048024012005 0.0002713951752323926
1.210105052526263 0.00027158514467318773
1.2106053026513257 0.0002717846894230956
1.211105552776388 0.00027199385980411516
1.2116058029014507 0.0002722111421321091
1.2121060530265133 0.0002724284302256481
1.2126063031515757 0.0002726391256440793
1.2131065532766383 0.0002728355129771531
1.213606803401701 0.0002730091062711753
1.2141070535267633 0.00027315913910742895
1.214607303651826 0.00027328558512601075
1.2151075537768885 0.00027338835844093774
1.215607803901951 0.0002734673773135175
1.2161080540270135 0.00027352256419930886
1.216608304152076 0.00027355508420290645
1.2171085542771385 0.0002735711551704596
1.217608804402201 0.00027357989404322235
1.2181090545272637 0.0002735928498526342
1.218609304652326 0.0002736253480412694
1.2191095547773887 0.00027369028400004537
1.2196098049024513 0.00027379273644079205
1.2201100550275137 0.00027393282216596276
1.2206103051525763 0.00027411066172499716
1.221110555277639 0.00027432637945084523
1.2216108054027013 0.0002745794491517929
1.222111055527764 0.00027486676093574266
1.2226113056528263 0.0002751871049323945
1.2231115557778889 0.00027554221882146614
1.2236118059029515 0.0002759161133082748
1.224112056028014 0.0002762860003597776
1.2246123061530765 0.00027664549322464933
1.225112556278139 0.000276994550925383
1.2256128064032015 0.0002773331328489683
1.226113056528264 0.0002776611987521921
1.2266133066533267 0.00027797907674759377
1.2271135567783893 0.0002782874284881776
1.2276138069034517 0.0002785805578901436
1.2281140570285143 0.00027885241822782895
1.2286143071535767 0.0002791160163650843
1.2291145572786393 0.0002793883475378035
1.2296148074037019 0.00027967338412690317
1.2301150575287645 0.0002799711724041621
1.2306153076538269 0.00028028175947365796
1.2311155577788895 0.00028060519328003424
1.2316158079039519 0.00028094161445779264
1.2321160580290145 0.0002812943895863895
1.232616308154077 0.00028166977809878616
1.2331165582791395 0.00028207083764202604
1.233616808404202 0.0002824873086822219
1.2341170585292647 0.00028290663252198583
1.234617308654327 0.00028332657689619274
1.2351175587793897 0.00028374715999944066
1.2356178089044523 0.0002841684001589294
1.2361180590295147 0.00028459031583757033
1.2366183091545773 0.00028501258396329364
1.2371185592796399 0.00028542981717311555
1.2376188094047023 0.00028583594804892443
1.2381190595297649 0.00028622994908690194
1.2386193096548275 0.00028661597954195313
1.2391195597798899 0.00028699832778710795
1.2396198099049525 0.0002873770852698733
1.240120060030015 0.0002877522301480739
1.2406203101550775 0.000288123740643929
1.24112056028014 0.0002884915950461422
1.2416208104052027 0.0002888560522771855
1.242121060530265 0.00028922230116441015
1.2426213106553277 0.00028959527300762776
1.2431215607803903 0.0002899749814286066
1.2436218109054527 0.0002903569946876664
1.2441220610305153 0.0002907357101756682
1.2446223111555779 0.00029110995732033125
1.2451225612806402 0.00029147971501511025
1.2456228114057029 0.0002918449621970776
1.2461230615307652 0.0002922056778482665
1.2466233116558278 0.0002925606695479383
1.2471235617808905 0.0002929058886400185
1.247623811905953 0.00029323844524403264
1.2481240620310154 0.0002935582959063836
1.248624312156078 0.00029387087488404716
1.2491245622811404 0.00029418429356383244
1.249624812406203 0.00029450120823076197
1.2501250625312657 0.00029482162742451633
1.2506253126563283 0.0002951455596516337
1.2511255627813906 0.0002954730133850349
1.2516258129064533 0.00029580387745254956
1.2521260630315156 0.0002961379801931993
1.2526263131565782 0.0002964752696053745
1.2531265632816408 0.00029681575388767
1.2536268134067035 0.0002971578902227839
1.2541270635317658 0.0002975000118892391
1.2546273136568284 0.000297842010027993
1.2551275637818908 0.0002981839005586099
1.2556278139069534 0.00029852569946345645
1.256128064032016 0.0002988674227906164
1.2566283141570787 0.00029920054383760793
1.257128564282141 0.00029951107914303064
1.2576288144072036 0.00029979353873438026
1.258129064532266 0.0003000478313018173
1.2586293146573286 0.0003002790740372778
1.2591295647823912 0.00030050531233605503
1.2596298149074536 0.0003007395008286799
1.2601300650325162 0.00030098175825096
1.2606303151575788 0.0003012322098126134
1.2611305652826412 0.0003014909873982683
1.2616308154077038 0.0003017762154816775
1.2621310655327664 0.0003021131260937971
1.2626313156578288 0.00030250913083082996
1.2631315657828914 0.000302964766620677
1.263631815907954 0.0003034705354136177
1.2641320660330164 0.00030399230288849364
1.264632316158079 0.0003045055223121732
1.2651325662831416 0.0003050099445454165
1.265632816408204 0.00030550532475029124
1.2661330665332666 0.0003059914227408073
1.266633316658329 0.0003064535403724261
1.2671335667833916 0.0003068724849045546
1.2676338169084542 0.00030724346838572567
1.2681340670335168 0.000307566121634274
1.2686343171585792 0.0003078450773266485
1.2691345672836418 0.00030809418403412206
1.2696348174087042 0.00030832200209017334
1.2701350675337668 0.00030852799443474766
1.2706353176588294 0.00030871206923265584
1.271135567783892 0.0003088741364846437
1.2716358179089544 0.00030902558780421426
1.272136068034017 0.00030918035779116805
1.2726363181590794 0.00030934093975897936
1.273136568284142 0.0003095073448088748
1.2736368184092046 0.0003096798145876103
1.2741370685342672 0.00030985769299260896
1.2746373186593296 0.00031003903940492476
1.2751375687843922 0.00031022280564983675
1.2756378189094546 0.00031040899198962307
1.2761380690345172 0.00031059759848745894
1.2766383191595798 0.0003107840036556928
1.2771385692846424 0.00031096353930334714
1.2776388194097048 0.0003111361523690083
1.2781390695347674 0.000311301819644148
1.2786393196598298 0.0003114609593538295
1.2791395697848924 0.0003116154171031432
1.279639819909955 0.00031176778781926703
1.2801400700350176 0.0003119192505779588
1.28064032016008 0.00031206980538846756
1.2811405702851426 0.0003122194522255347
1.281640820410205 0.00031237309735480603
1.2821410705352676 0.00031253690879644324
1.2826413206603302 0.00031271216334600955
1.2831415707853926 0.000312898899425517
1.2836418209104552 0.00031309670312230985
1.2841420710355178 0.0003133041120058593
1.2846423211605802 0.0003135224292294878
1.2851425712856428 0.00031375437295338635
1.2856428214107054 0.00031400034570068064
1.2861430715357678 0.0003142603870570676
1.2866433216608304 0.0003145284868401884
1.287143571785893 0.0003147956980298154
1.2876438219109554 0.0003150590992525744
1.288144072036018 0.0003153186750641392
1.2886443221610806 0.0003155750535008626
1.289144572286143 0.00031583031919123574
1.2896448224112056 0.00031608401508647304
1.290145072536268 0.0003163318363169791
1.2906453226613306 0.0003165713748253008
1.2911455727863932 0.0003168026101991277
1.2916458229114558 0.00031702718107284845
1.2921460730365182 0.000317246718407362
1.2926463231615808 0.0003174611894265681
1.2931465732866432 0.0003176705703864862
1.2936468234117058 0.00031787463995156765
1.2941470735367684 0.0003180727397412838
1.294647323661831 0.0003182644059764915
1.2951475737868934 0.00031845203680722
1.295647823911956 0.0003186380849952739
1.2961480740370184 0.00031882258158953995
1.296648324162081 0.0003189994704756398
1.2971485742871436 0.0003191476839546454
1.2976488244122062 0.0003192521141253218
1.2981490745372686 0.00031931262247903726
1.2986493246623312 0.00031932838019013964
1.2991495747873936 0.00031929703524284165
1.2996498249124562 0.000319216994688732
1.3001500750375188 0.00031909008429331816
1.3006503251625814 0.00031892016087380965
1.3011505752876438 0.0003187092962001753
1.3016508254127064 0.0003184691078985646
1.3021510755377688 0.00031823905288162
1.3026513256628314 0.0003180469471072147
1.303151575787894 0.00031789270128226366
1.3036518259129566 0.00031777703978911324
1.304152076038019 0.0003177023657869889
1.3046523261630816 0.00031767032641496855
1.305152576288144 0.0003176809512651035
1.3056528264132066 0.0003177354843060772
1.3061530765382692 0.0003178352942320506
1.3066533266633318 0.0003179751281594371
1.3071535767883942 0.0003181394577303076
1.3076538269134568 0.00031831864442400683
1.3081540770385192 0.0003185132137814851
1.3086543271635818 0.0003187227584064027
1.3091545772886444 0.0003189459205566974
1.3096548274137068 0.00031918179667896247
1.3101550775387694 0.0003194304297328439
1.310655327663832 0.0003196950566393001
1.3111555777888944 0.00031998503349158327
1.311655827913957 0.00032030630075780215
1.3121560780390196 0.0003206596425337053
1.312656328164082 0.0003210472193596539
1.3131565782891446 0.00032147026068398104
1.313656828414207 0.0003219291608376136
1.3141570785392696 0.0003224248852168174
1.3146573286643322 0.0003229581260882794
1.3151575787893948 0.0003235290134427204
1.3156578289144572 0.00032413767944775566
1.3161580790395198 0.000324775720561614
1.3166583291645821 0.00032543076650450866
1.3171585792896447 0.00032609737622636773
1.3176588294147074 0.0003267727546262022
1.31815907953977 0.00032745566338679703
1.3186593296648323 0.00032814579374979664
1.319159579789895 0.0003288421878679241
1.3196598299149573 0.0003295442045698766
1.32016008004002 0.0003302518431224646
1.3206603301650826 0.00033096510248917954
1.3211605802901452 0.00033168377565845515
1.3216608304152075 0.0003324032075938278
1.3221610805402702 0.0003331201193997078
1.3226613306653325 0.00033383321249643913
1.3231615807903951 0.00033453961333074835
1.3236618309154577 0.00033523916210862506
1.3241620810405204 0.00033593256188284445
1.3246623311655827 0.0003366202769753886
1.3251625812906453 0.00033730230089518994
1.3256628314157077 0.00033797862693300736
1.3261630815407703 0.00033864924815988994
1.326663331665833 0.00033931413455065877
1.3271635817908956 0.00033997307654344224
1.327663831915958 0.00034062790815021283
1.3281640820410205 0.00034128318977535635
1.328664332166083 0.0003419415749146876
1.3291645822911455 0.00034260339000176214
1.3296648324162081 0.00034326884929491714
1.3301650825412707 0.0003439379509201792
1.3306653326663331 0.00034461069285016864
1.3311655827913957 0.000345287072903436
1.3316658329164581 0.00034596731817737315
1.3321660830415207 0.0003466532819053538
1.3326663331665833 0.0003473474597270813
1.3331665832916457 0.0003480481465569406
1.3336668334167083 0.00034875297557991267
1.334167083541771 0.0003494626319158242
1.3346673336668333 0.00035017760086220663
1.335167583791896 0.0003508979023200058
1.3356678339169585 0.00035162355632594377
1.336168084042021 0.0003523545830535561
1.3366683341670835 0.00035309185671029915
1.337168584292146 0.00035383810363404664
1.3376688344172085 0.0003545941295983856
1.3381690845422711 0.0003553566181385236
1.3386693346673337 0.0003561202684170835
1.3391695847923961 0.00035688035259864224
1.3396698349174587 0.00035763517926127637
1.340170085042521 0.0003583847360858907
1.3406703351675837 0.0003591290106260724
1.3411705852926463 0.0003598679903070967
1.341670835417709 0.0003606006993770503
1.3421710855427713 0.0003613241205655693
1.342671335667834 0.0003620361684867047
1.3431715857928963 0.0003627352804315614
1.343671835917959 0.0003634191276892894
1.3441720860430215 0.000364087927116321
1.3446723361680841 0.000364742670077747
1.3451725862931465 0.00036538330279028367
1.3456728364182091 0.0003660097716215462
1.3461730865432715 0.00036662202309326204
1.346673336668334 0.00036722057917335004
1.3471735867933967 0.0003678071536569652
1.3476738369184593 0.00036838290049987025
1.3481740870435217 0.00036894783067288806
1.3486743371685843 0.0003695001662114057
1.3491745872936467 0.00037003232443755376
1.3496748374187093 0.0003705384876240697
1.350175087543772 0.000371018588659057
1.3506753376688345 0.0003714725581871762
1.351175587793897 0.00037190032458847197
1.3516758379189595 0.00037230146047460464
1.352176088044022 0.0003726748220321615
1.3526763381690845 0.0003730196092480358
1.353176588294147 0.00037333572843023765
1.3536768384192097 0.0003736217415342243
1.354177088544272 0.00037388260728254025
1.3546773386693347 0.00037412837906124864
1.355177588794397 0.0003743627323736174
1.3556778389194597 0.0003745856193276922
1.3561780890445223 0.00037479699259716244
1.3566783391695847 0.0003749972112066735
1.3571785892946473 0.0003751874359111816
1.35767883941971 0.00037536842857568146
1.3581790895447723 0.0003755401553129099
1.358679339669835 0.0003757029635194189
1.3591795897948975 0.0003758582242617547
1.3596798399199599 0.00037601352516559387
1.3601800900450225 0.0003761754648463325
1.3606803401700849 0.0003763440657718625
1.3611805902951475 0.00037651935052315485
1.36168084042021 0.0003767010416129317
1.3621810905452727 0.00037688828266856225
1.362681340670335 0.0003770805128130073
1.3631815907953977 0.00037727774629315057
1.36368184092046 0.0003774796910216929
1.3641820910455227 0.0003776855573460889
1.3646823411705853 0.000377894379860016
1.365182591295648 0.00037810665836009107
1.3656828414207103 0.00037832337331657006
1.3661830915457729 0.000378544533533898
1.3666833416708353 0.0003787700088888961
1.3671835917958979 0.0003789994070051067
1.3676838419209605 0.00037923247183290707
1.368184092046023 0.00037946920736816404
1.3686843421710855 0.00037971059165221464
1.369184592296148 0.0003799591522014644
1.3696848424212105 0.00038021645586102645
1.370185092546273 0.00038048126186199016
1.3706853426713357 0.00038075003742929535
1.3711855927963983 0.0003810205076015246
1.3716858429214607 0.0003812923775859997
1.3721860930465233 0.0003815647947995182
1.3726863431715857 0.0003818372037892908
1.3731865932966483 0.0003821096028469534
1.3736868434217109 0.00038238124667900426
1.3741870935467735 0.0003826502314652835
1.3746873436718359 0.00038291538639455687
1.3751875937968985 0.0003831766901215349
1.3756878439219609 0.00038343531231283104
1.3761880940470235 0.00038369306640803185
1.376688344172086 0.0003839516981168581
1.3771885942971487 0.00038421429945747424
1.377688844422211 0.0003844828611473567
1.3781890945472737 0.0003847574040825193
1.378689344672336 0.0003850384219555579
1.3791895947973987 0.00038532712977477055
1.3796898449224613 0.00038562427710279106
1.3801900950475237 0.00038592989887802493
1.3806903451725863 0.00038624403070062276
1.3811905952976489 0.0003865683311779676
1.3816908454227113 0.000386901579591978
1.3821910955477739 0.00038723895457103786
1.3826913456728365 0.00038757850148324135
1.3831915957978989 0.0003879202268011458
1.3836918459229615 0.00038826341913526433
1.3841920960480238 0.0003886062934484496
1.3846923461730865 0.00038894777146789646
1.385192596298149 0.00038928783883148863
1.3856928464232117 0.00038962648119898914
1.386193096548274 0.0003899636443830725
1.3866933466733367 0.00039029742942946606
1.387193596798399 0.00039062835437054285
1.3876938469234616 0.0003909611953818642
1.3881940970485243 0.00039129835460309574
1.3886943471735869 0.00039164088457637424
1.3891945972986492 0.00039199138645651567
1.3896948474237119 0.0003923514183361571
1.3901950975487742 0.0003927210024188423
1.3906953476738368 0.0003931001607353943
1.3911955977988995 0.00039348891514211367
1.391695847923962 0.0003938888162047859
1.3921960980490244 0.0003943046439813211
1.392696348174087 0.000394738753710177
1.3931965982991494 0.0003951885034447547
1.393696848424212 0.0003956508559815297
1.3941970985492746 0.0003961226745280726
1.3946973486743373 0.00039660211398429376
1.3951975987993996 0.0003970891959010613
1.3956978489244622 0.0003975839418767565
1.3961980990495246 0.00039808637355733125
1.3966983491745872 0.00039859607526464015
1.3971985992996498 0.00039911172233320286
1.3976988494247125 0.000399631113192646
1.3981990995497748 0.0004001527751157533
1.3986993496748374 0.0004006752239886258
1.3991995997998998 0.0004011993772507276
1.3996998499249624 0.00040172748738936465
1.400200100050025 0.00040225958597038455
1.4007003501750876 0.0004027957049846647
1.40120060030015 0.0004033358768542545
1.4017008504252126 0.00040388048845288503
1.402201100550275 0.0004044305036931536
1.4027013506753376 0.00040498621775727096
1.4032016008004002 0.0004055445516052666
1.4037018509254626 0.0004061020563316824
1.4042021010505252 0.0004066589908205967
1.4047023511755878 0.00040721700016622747
1.4052026013006502 0.00040777681493670324
1.4057028514257128 0.00040833845694621904
1.4062031015507754 0.00040890194821212203
1.4067033516758378 0.00040946617518311464
1.4072036018009004 0.00041002821222438514
1.407703851925963 0.00041058624525424053
1.4082041020510254 0.00041114031202576384
1.408704352176088 0.0004116905562156297
1.4092046023011506 0.000412235231995041
1.409704852426213 0.0004127715694102773
1.4102051025512756 0.00041329690705173636
1.410705352676338 0.0004138094721451113
1.4112056028014006 0.0004143091908142879
1.4117058529264632 0.00041479686326567676
1.4122061030515258 0.00041527465302530173
1.4127063531765882 0.0004157438673183369
1.4132066033016508 0.00041620446531999715
1.4137068534267132 0.00041665694663162303
1.4142071035517758 0.0004171022339272655
1.4147073536768384 0.0004175406956117884
1.415207603801901 0.0004179722842175781
1.4157078539269634 0.0004183969795760697
1.416208104052026 0.00041881476209639965
1.4167083541770884 0.0004192250494583826
1.417208604302151 0.0004196264085390402
1.4177088544272136 0.0004200179545441426
1.4182091045522762 0.0004203996458091904
1.4187093546773386 0.0004207755531207362
1.4192096048024012 0.0004211550750271294
1.4197098549274636 0.0004215460220941831
1.4202101050525262 0.0004219516389164492
1.4207103551775888 0.00042237271337442855
1.4212106053026514 0.00042280909085829475
1.4217108554277138 0.0004232611669961946
1.4222111055527764 0.00042373085652216806
1.4227113556778388 0.00042421954586593436
1.4232116058029014 0.0004247273723111109
1.423711855927964 0.00042524745584528883
1.4242121060530266 0.00042576397753056686
1.424712356178089 0.00042626801567584516
1.4252126063031516 0.0004267558269928801
1.425712856428214 0.0004272210360945803
1.4262131065532766 0.00042766089679223163
1.4267133566783392 0.0004280740212811099
1.4272136068034016 0.0004284591034557529
1.4277138569284642 0.0004288162076523045
1.4282141070535268 0.00042914531443246273
1.4287143571785892 0.00042945164818442076
1.4292146073036518 0.00042974710178981737
1.4297148574287144 0.00043003827504345285
1.4302151075537768 0.00043032516395547887
1.4307153576788394 0.00043060876880435326
1.431215607803902 0.0004308920367982511
1.4317158579289644 0.00043117847562224216
1.432216108054027 0.00043147188395277253
1.4327163581790896 0.0004317734570111901
1.433216608304152 0.00043208042783335793
1.4337168584292146 0.00043238720962933197
1.434217108554277 0.0004326852258275722
1.4347173586793396 0.0004329697311221508
1.4352176088044022 0.0004332406677662055
1.4357178589294648 0.00043349797866625077
1.4362181090545272 0.0004337417893592838
1.4367183591795898 0.000433973511361282
1.4372186093046522 0.00043419174889238707
1.4377188594297148 0.0004343938071931978
1.4382191095547774 0.00043458178662559676
1.43871935967984 0.00043476429278248475
1.4392196098049024 0.0004349489404994565
1.439719859929965 0.0004351368749563668
1.4402201100550274 0.0004353281003758222
1.44072036018009 0.0004355226207915038
1.4412206103051526 0.00043572044004678504
1.4417208604302152 0.00043592235593351367
1.4422211105552776 0.00043612824605214733
1.4427213606803402 0.0004363364215714116
1.4432216108054026 0.00043654530879041185
1.4437218609304652 0.00043675316106379914
1.4442221110555278 0.00043695886761664843
1.4447223611805904 0.0004371610740316466
1.4452226113056528 0.0004373585831734433
1.4457228614307154 0.00043755137582822645
1.4462231115557778 0.00043773943298946457
1.4467233616808404 0.0004379243036133443
1.447223611805903 0.0004381096477097039
1.4477238619309656 0.0004382985469717208
1.448224112056028 0.0004384938363436351
1.4487243621810906 0.0004386988609467258
1.449224612306153 0.0004389168158023109
1.4497248624312156 0.00043914943635719333
1.4502251125562782 0.00043939554633965855
1.4507253626813406 0.0004396522683127552
1.4512256128064032 0.00043991795188092533
1.4517258629314658 0.000440192023678925
1.4522261130565282 0.00044047309373719025
1.4527263631815908 0.0004407603842560835
1.4532266133066534 0.0004410539289730726
1.4537268634317158 0.0004413530589489088
1.4542271135567784 0.00044165632091117384
1.454727363681841 0.00044196295708850075
1.4552276138069034 0.00044227298696379965
1.455727863931966 0.0004425864302809401
1.4562281140570286 0.00044290378751474013
1.456728364182091 0.00044322108728768337
1.4572286143071536 0.00044352778217534103
1.457728864432216 0.00044381773757217835
1.4582291145572785 0.0004440908614576168
1.4587293646823412 0.0004443459765151704
1.4592296148074038 0.0004445809788913277
1.4597298649324661 0.00044479517406837663
1.4602301150575288 0.0004449887950661482
1.4607303651825911 0.0004451617564485475
1.4612306153076537 0.00044531397878504295
1.4617308654327164 0.0004454533662050741
1.462231115557779 0.0004455990404183073
1.4627313656828413 0.00044576236167539714
1.463231615807904 0.0004459435379869945
1.4637318659329663 0.00044614457838867657
1.464232116058029 0.0004463695973603227
1.4647323661830915 0.00044662078496604616
1.4652326163081542 0.00044689618091720625
1.4657328664332165 0.00044719369267937217
1.4662331165582791 0.00044751330294492156
1.4667333666833415 0.0004478490873041747
1.4672336168084041 0.0004481876027768849
1.4677338669334667 0.000448521285944504
1.4682341170585294 0.00044884801132300504
1.4687343671835917 0.0004491619557978079
1.4692346173086543 0.0004494552981015394
1.4697348674337167 0.0004497239538654209
1.4702351175587793 0.00044996780851074616
1.470735367683842 0.00045018791276286616
1.4712356178089045 0.00045038721901830724
1.471735867933967 0.00045057190901642044
1.4722361180590295 0.00045075160070756544
1.472736368184092 0.0004509315772116757
1.4732366183091545 0.00045111183724147865
1.4737368684342171 0.00045129615495705767
1.4742371185592795 0.00045149264848001275
1.4747373686843421 0.0004517056928416117
1.4752376188094047 0.0004519353517864018
1.4757378689344671 0.0004521816922344581
1.4762381190595297 0.00045244234396721295
1.4767383691845923 0.0004527078071361432
1.4772386193096547 0.0004529697469624176
1.4777388694347173 0.00045322692292528187
1.47823911955978 0.0004534793250694764
1.4787393696848423 0.000453726850242951
1.479239619809905 0.00045396930047106765
1.4797398699349675 0.0004542068381838315
1.48024012006003 0.00045444068479698156
1.4807403701850925 0.0004546717976520662
1.481240620310155 0.0004549010776584931
1.4817408704352175 0.0004551304881233972
1.4822411205602801 0.0004553612707217269
1.4827413706853427 0.0004555948884853221
1.4832416208104051 0.00045583263588664345
1.4837418709354677 0.000456073852503636
1.48424212106053 0.0004563171948926856
1.4847423711855927 0.00045656199722084547
1.4852426213106553 0.00045680827036325826
1.485742871435718 0.0004570555547994997
1.4862431215607803 0.00045730185412599304
1.486743371685843 0.0004575439703518873
1.4872436218109053 0.00045777832540733643
1.487743871935968 0.0004580029863298119
1.4882441220610305 0.00045821924995048067
1.4887443721860931 0.0004584279605797657
1.4892446223111555 0.0004586263920226539
1.4897448724362181 0.0004588122608765699
1.4902451225612805 0.0004589855097308935
1.490745372686343 0.00045914608300526527
1.4912456228114057 0.0004592939269748869
1.4917458729364683 0.00045942984306948263
1.4922461230615307 0.000459555782972799
1.4927463731865933 0.0004596728540720838
1.4932466233116557 0.0004597810233478835
1.4937468734367183 0.0004598819197346603
1.494247123561781 0.00045997824362895457
1.4947473736868435 0.00046007079352848135
1.495247623811906 0.0004601593067025614
1.4957478739369685 0.00046024377036860825
1.496248124062031 0.0004603241718516945
1.4967483741870935 0.00046040171679610076
1.497248624312156 0.000460478951424622
1.4977488744372185 0.0004605571893264052
1.498249124562281 0.00046063625164039515
1.4987493746873437 0.00046071722466892835
1.499249624812406 0.0004608025194457804
1.4997498749374687 0.000460893312241039
1.5002501250625313 0.00046098841539849486
1.500750375187594 0.0004610864748612161
1.5012506253126563 0.00046118734147869043
1.5017508754377187 0.0004612888522437972
1.5022511255627813 0.00046138649758856306
1.502751375687844 0.00046147792714661064
1.5032516258129065 0.0004615631208494749
1.503751875937969 0.00046164026745439346
1.5042521260630315 0.0004617066925814109
1.5047523761880939 0.00046176150760822443
1.5052526263131565 0.00046180467789332276
1.505752876438219 0.0004618362609082797
1.5062531265632817 0.0004618584863691652
1.506753376688344 0.0004618776899205616
1.5072536268134067 0.0004619024683197081
1.507753876938469 0.000461937253540312
1.5082541270635317 0.00046198207547069935
1.5087543771885943 0.0004620382755570094
1.509254627313657 0.0004621083778225782
1.5097548774387193 0.0004621936063759273
1.5102551275637819 0.0004622955707741074
1.5107553776888443 0.0004624162294912021
1.5112556278139069 0.00046255599384972357
1.5117558779389695 0.00046271076032888765
1.512256128064032 0.00046287162560301607
1.5127563781890945 0.00046303382691115664
1.513256628314157 0.0004631973654907324
1.5137568784392195 0.00046336119730065945
1.514257128564282 0.0004635233528857477
1.5147573786893447 0.00046368289960258447
1.5152576288144073 0.0004638398214697569
1.5157578789394697 0.00046399410267844833
1.5162581290645323 0.0004641446862297994
1.5167583791895947 0.00046428990836949377
1.5172586293146573 0.00046442924655242624
1.5177588794397199 0.00046456249012375984
1.5182591295647825 0.0004646882807085583
1.5187593796898449 0.0004648071289205307
1.5192596298149073 0.00046492195865679477
1.5197598799399699 0.0004650341218519987
1.5202601300650325 0.0004651436099499677
1.520760380190095 0.0004652504143918089
1.5212606303151577 0.0004653545266160652
1.52176088044022 0.0004654566928780399
1.5222611305652824 0.00046555785862706774
1.522761380690345 0.0004656570562535653
1.5232616308154077 0.0004657531186132503
1.5237618809404703 0.0004658442963639603
1.5242621310655329 0.00046592858943077334
1.5247623811905953 0.00046600573247631373
1.5252626313156576 0.00046607570137878246
1.5257628814407203 0.0004661384724957664
1.5262631315657829 0.0004661940226697161
1.5267633816908455 0.00046624484944033626
1.527263631815908 0.0004662959081245339
1.5277638819409705 0.0004663496493712226
1.5282641320660328 0.00046640608221279006
1.5287643821910955 0.00046646875374106473
1.529264632316158 0.0004665423958814701
1.5297648824412207 0.0004666281427314617
1.530265132566283 0.0004667256744562277
1.5307653826913457 0.00046683474498543376
1.531265632816408 0.00046695539686573354
1.5317658829414706 0.00046708585462178095
1.5322661330665333 0.00046722260024735057
1.5327663831915959 0.00046736392126470807
1.5332666333166582 0.0004675098344447284
1.5337668834417209 0.0004676615194613112
1.5342671335667832 0.0004678211061334193
1.5347673836918458 0.00046799095316611716
1.5352676338169085 0.00046817330551556294
1.535767883941971 0.0004683690585993006
1.5362681340670334 0.00046857846446109755
1.536768384192096 0.00046880038556713227
1.5372686343171584 0.00046903222785610484
1.537768884442221 0.00046927275187642523
1.5382691345672836 0.00046952199025534634
1.5387693846923463 0.00046977450699546927
1.5392696348174086 0.00047002047993088884
1.5397698849424712 0.00047025550807718974
1.5402701350675336 0.0004704795261004616
1.5407703851925962 0.00047069115435230185
1.5412706353176588 0.0004708839476436333
1.5417708854427215 0.00047105473633770706
1.5422711355677838 0.00047120638020428993
1.5427713856928462 0.0004713397727729921
1.5432716358179088 0.0004714548511692758
1.5437718859429714 0.0004715590196220713
1.544272136068034 0.0004716655329379562
1.5447723861930966 0.00047178022702031714
1.545272636318159 0.0004719031362296307
1.5457728864432214 0.00047203429664623625
1.546273136568284 0.00047217374609042083
1.5467733866933466 0.00047232007394017964
1.5472736368184092 0.00047247389183066243
1.5477738869434718 0.00047263846556996886
1.5482741370685342 0.00047281335825370805
1.5487743871935966 0.00047299324246380885
1.5492746373186592 0.0004731719159108217
1.5497748874437218 0.0004733468371495724
1.5502751375687844 0.00047351799097292087
1.550775387693847 0.000473685362194299
1.5512756378189094 0.00047384893564844205
1.5517758879439718 0.0004740098543563994
1.5522761380690344 0.00047417028678821795
1.552776388194097 0.000474331252773105
1.5532766383191596 0.0004744929805584613
1.5537768884442222 0.0004746550464677789
1.5542771385692846 0.00047481682405644057
1.554777388694347 0.0004749791005812759
1.5552776388194096 0.00047514264050718615
1.5557778889444722 0.00047530744543938526
1.5562781390695348 0.00047547351694705045
1.5567783891945972 0.000475639100245244
1.5572786393196598 0.00047580091628461434
1.5577788894447222 0.0004759574283856974
1.5582791395697848 0.0004761086096409236
1.5587793896948474 0.000476254091574275
1.55927963981991 0.00047639325380522074
1.5597798899449724 0.00047652274469417173
1.560280140070035 0.0004766383450281968
1.5607803901950974 0.00047674015822176844
1.56128064032016 0.0004768293978726205
1.5617808904452226 0.00047690851993857273
1.5622811405702852 0.00047698210239456357
1.5627813906953476 0.0004770522398831088
1.5632816408204102 0.00047711892200800923
1.5637818909454726 0.0004771916229003978
1.5642821410705352 0.0004772866645448698
1.5647823911955978 0.0004774109438752114
1.5652826413206604 0.0004775645802740401
1.5657828914457228 0.0004777477538601608
1.5662831415707852 0.0004779628463714057
1.5667833916958478 0.00047820833317823445
1.5672836418209104 0.0004784791906287708
1.567783891945973 0.0004787742649279363
1.5682841420710356 0.0004790937102067664
1.568784392196098 0.0004794222715765441
1.5692846423211604 0.000479733703921241
1.569784892446223 0.0004800170193605144
1.5702851425712856 0.00048027204747675594
1.5707853926963482 0.00048049862633117285
1.5712856428214108 0.0004806966026138104
1.5717858929464732 0.0004808645283554891
1.5722861430715356 0.0004810012278624286
1.5727863931965982 0.00048110780018446083
1.5732866433216608 0.00048118419564233627
1.5737868934467234 0.0004812330145165998
1.574287143571786 0.0004812602554480358
1.5747873936968484 0.00048126833674047744
1.5752876438219108 0.00048125720530300725
1.5757878939469734 0.0004812268125615258
1.576288144072036 0.0004811771144981747
1.5767883941970986 0.0004811141636005831
1.5772886443221612 0.0004810488690684863
1.5777888944472236 0.00048098606818744845
1.578289144572286 0.0004809257657733346
1.5787893946973486 0.00048087206388169694
1.5792896448224112 0.0004808365922215433
1.5797898949474738 0.0004808269149070213
1.5802901450725362 0.00048084309715458023
1.5807903951975988 0.0004808852109945811
1.5812906453226612 0.00048095333533265054
1.5817908954477238 0.0004810392885105793
1.5822911455727864 0.00048112840957516723
1.582791395697849 0.00048121425500615144
1.5832916458229114 0.0004812968102355445
1.583791895947974 0.00048137606100685944
1.5842921460730364 0.00048145199337929964
1.584792396198099 0.00048152459373187984
1.5852926463231616 0.0004815899964133818
1.5857928964482242 0.00048164297983285
1.5862931465732866 0.0004816823116096729
1.5867933966983492 0.0004817118655587697
1.5872936468234116 0.00048173818064560156
1.5877938969484742 0.00048176404898243874
1.5882941470735368 0.00048178947010466217
1.5887943971985994 0.0004818144435216299
1.5892946473236618 0.00048183896871651765
1.5897948974487242 0.00048186304514615484
1.5902951475737868 0.00048188667224085527
1.5907953976988494 0.0004819098494042449
1.591295647823912 0.00048193245332009074
1.5917958979489746 0.0004819590755838294
1.592296148074037 0.00048199565979877885
1.5927963981990994 0.00048204344942791695
1.593296648324162 0.0004821024809867459
1.5937968984492246 0.00048217279255240007
1.5942971485742872 0.0004822544237796042
1.5947973986993498 0.00048234741591722524
1.5952976488244122 0.0004824518118254339
1.5957978989494745 0.0004825676559934838
1.5962981490745372 0.0004826893654705242
1.5967983991995998 0.00048280817278132553
1.5972986493246624 0.0004829211812469411
1.597798899449725 0.00048303176028303014
1.5982991495747874 0.00048314374288604907
1.5987993996998497 0.0004832578531471924
1.5992996498249124 0.00048337409308576713
1.599799899949975 0.0004834924645474973
1.6003001500750376 0.0004836129692033325
1.6008004002001002 0.00048373560854828745
1.6013006503251626 0.0004838603839003104
1.601800900450225 0.00048397688745782864
1.6023011505752875 0.00048406719430587605
1.6028014007003502 0.00048412373896557
1.6033016508254128 0.00048414642341608347
1.6038019009504751 0.00048413511474046134
1.6043021510755378 0.0004840863264794475
1.6048024012006001 0.0004839931829393131
1.6053026513256627 0.0004838521920019425
1.6058029014507254 0.00048366333676917256
1.606303151575788 0.00048343232845868023
1.6068034017008503 0.0004831849956983466
1.607303651825913 0.00048295316173368184
1.6078039019509753 0.0004827485255070115
1.608304152076038 0.0004825710704629649
1.6088044022011005 0.00048242079091806916
1.6093046523261632 0.00048229769207688047
1.6098049024512255 0.0004822017900590716
1.6103051525762881 0.00048213169485701113
1.6108054027013505 0.0004820839022162693
1.6113056528264131 0.00048205789660545994
1.6118059029514757 0.00048205144577260594
1.6123061530765384 0.00048205809647453913
1.6128064032016007 0.00048207523287118864
1.6133066533266633 0.00048210288589565933
1.6138069034517257 0.0004821410891382135
1.6143071535767883 0.00048218987887256305
1.614807403701851 0.0004822492940839405
1.6153076538269135 0.00048231937649898676
1.615807903951976 0.00048240017061749004
1.6163081540770383 0.0004824920706622695
1.616808404202101 0.00048259280493494054
1.6173086543271635 0.0004826989781027015
1.6178089044522261 0.00048281498549521693
1.6183091545772887 0.0004829460069181865
1.6188094047023511 0.00048309210019034226
1.6193096548274135 0.0004832533236507522
1.6198099049524761 0.00048342973616359195
1.6203101550775387 0.00048362139712296824
1.6208104052026013 0.000483828366457803
1.621310655327664 0.00048405070463677333
1.6218109054527263 0.00048428847267331003
1.6223111555777887 0.0004845417321306566
1.6228114057028513 0.00048481054512698713
1.623311655827914 0.00048509522893175073
1.6238119059529765 0.0004853949527748565
1.6243121560780391 0.0004857006525292652
1.6248124062031015 0.00048600426473719127
1.625312656328164 0.00048630567804114095
1.6258129064532265 0.000486604885075144
1.6263131565782891 0.0004868946534838423
1.6268134067033517 0.00048716371320951254
1.6273136568284141 0.00048740796562394336
1.6278139069534767 0.0004876272862994471
1.628314157078539 0.00048782155689991864
1.6288144072036017 0.000487990665270087
1.6293146573286643 0.00048813437662510083
1.629814907453727 0.0004882481681113001
1.6303151575787893 0.0004883276353486198
1.630815407703852 0.0004883761516178002
1.6313156578289143 0.0004883971211877069
1.631815907953977 0.0004883904782495444
1.6323161580790395 0.0004883561543853679
1.6328164082041021 0.0004882940884486833
1.6333166583291645 0.0004882042266208831
1.6338169084542271 0.00048808652246297863
1.6343171585792895 0.000487947054577412
1.634817408704352 0.00048779574636680654
1.6353176588294147 0.00048763641390428336
1.6358179089544773 0.00048746926229383816
1.6363181590795397 0.00048730026737972445
1.6368184092046023 0.0004871376010309864
1.6373186593296647 0.0004869864619014045
1.6378189094547273 0.00048685031149008935
1.63831915957979 0.0004867298292559058
1.6388194097048525 0.0004866250395674189
1.639319659829915 0.0004865359691478026
1.6398199099549773 0.0004864626470899265
1.64032016008004 0.0004864051048723721
1.6408204102051025 0.00048636337637639665
1.641320660330165 0.0004863374979038516
1.6418209104552277 0.00048632750819607636
1.64232116058029 0.0004863345274048498
1.6428214107053525 0.0004863633828463722
1.643321660830415 0.00048641784177920624
1.6438219109554777 0.00048649545567987684
1.6443221610805403 0.0004865856864723537
1.644822411205603 0.00048667677977816745
1.6453226613306653 0.0004867650290679281
1.6458229114557277 0.00048685042179352983
1.6463231615807903 0.00048693573936952136
1.646823411705853 0.00048702518427590447
1.6473236618309155 0.0004871201778393567
1.647823911955978 0.00048722073615991353
1.6483241620810405 0.00048732687543690483
1.6488244122061029 0.0004874380573992584
1.6493246623311655 0.0004875520477208863
1.649824912456228 0.00048766715918853915
1.6503251625812907 0.00048778374230469025
1.650825412706353 0.00048790306576311157
1.6513256628314157 0.00048802605560373035
1.651825912956478 0.000488152722855982
1.6523261630815407 0.0004882830786173238
1.6528264132066033 0.0004884171340536936
1.653326663331666 0.0004885549003999689
1.6538269134567283 0.0004886963889604323
1.6543271635817909 0.0004888412320535066
1.6548274137068533 0.0004889888419835736
1.6553276638319159 0.0004891374868194042
1.6558279139569785 0.0004892801126202323
1.656328164082041 0.0004894116155234252
1.6568284142071035 0.000489532635438214
1.657328664332166 0.0004896451732538368
1.6578289144572285 0.0004897511598144117
1.658329164582291 0.0004898507176105661
1.6588294147073537 0.0004899438280778004
1.6593296648324163 0.0004900304725217213
1.6598299149574787 0.0004901106321171274
1.6603301650825413 0.0004901842879070834
1.6608304152076037 0.0004902514208019884
1.6613306653326663 0.0004903120115786349
1.6618309154577289 0.0004903673225212707
1.6623311655827915 0.0004904270090819104
1.6628314157078539 0.0004904994813138684
1.6633316658329163 0.000490584778178017
1.6638319159579789 0.0004906830711991982
1.6643321660830415 0.0004908024594327858
1.664832416208104 0.0004909552546189303
1.6653326663331667 0.0004911458929902291
1.665832916458229 0.0004913745315848586
1.6663331665832914 0.0004916317982913923
1.666833416708354 0.0004919038651345698
1.6673336668334167 0.0004921863830334072
1.6678339169584793 0.0004924793852106821
1.6683341670835419 0.0004927829046939138
1.6688344172086043 0.000493093236426912
1.6693346673336666 0.0004934066467393675
1.6698349174587293 0.0004937231307598291
1.6703351675837919 0.0004940426891310389
1.6708354177088545 0.0004943652601382902
1.671335667833917 0.00049469078662338
1.6718359179589795 0.0004950192734585791
1.6723361680840418 0.0004953507254375596
1.6728364182091044 0.0004956851472746593
1.673336668334167 0.0004960225436041462
1.6738369184592297 0.0004963629189794853
1.674337168584292 0.0004967012571298617
1.6748374187093547 0.0004970298567522102
1.675337668834417 0.0004973429900627031
1.6758379189594796 0.0004976368472624597
1.6763381690845423 0.0004979178192964649
1.6768384192096049 0.0004981962184753441
1.6773386693346672 0.0004984753930586307
1.6778389194597298 0.0004987556824535466
1.6783391695847922 0.0004990372388755826
1.6788394197098548 0.0004993200703663178
1.6793396698349174 0.0004996041850379746
1.67983991995998 0.0004998895910741804
1.6803401700850424 0.0005001762967307442
1.680840420210105 0.0005004643103364369
1.6813406703351674 0.0005007536402937871
1.68184092046023 0.0005010470294160622
1.6823411705852926 0.0005013493108367846
1.6828414207103553 0.0005016625985913923
1.6833416708354176 0.0005019869333031542
1.6838419209604802 0.0005023223684934006
1.6843421710855426 0.0005026688020684954
1.6848424212106052 0.0005030245344859899
1.6853426713356678 0.0005033880060142799
1.6858429214607304 0.0005037592266762073
1.6863431715857928 0.0005041367014665538
1.6868434217108552 0.0005045182930433437
1.6873436718359178 0.0005049033579900237
1.6878439219609804 0.0005052918810004898
1.688344172086043 0.0005056834702504346
1.6888444222111056 0.0005060767382132507
1.689344672336168 0.0005064706685165974
1.6898449224612304 0.0005068652364642053
1.690345172586293 0.0005072604171834907
1.6908454227113556 0.000507656528672326
1.6913456728364182 0.0005080544310394734
1.6918459229614808 0.0005084546434641097
1.6923461730865432 0.0005088571445313913
1.6928464232116056 0.0005092619124476381
1.6933466733366682 0.0005096689250437496
1.6938469234617308 0.0005100781597787655
1.6943471735867934 0.0005104890820559167
1.694847423711856 0.0005109009069671696
1.6953476738369184 0.0005113113982726917
1.6958479239619808 0.0005117184081405628
1.6963481740870434 0.0005121240311634968
1.696848424212106 0.0005125314398562188
1.6973486743371686 0.0005129415328331878
1.697848924462231 0.0005133508160789581
1.6983491745872936 0.0005137544172719074
1.698849424712356 0.0005141509398771843
1.6993496748374186 0.0005145403566529897
1.6998499249624812 0.000514922640862615
1.7003501750875438 0.0005152977662793177
1.7008504252126062 0.0005156657071911078
1.7013506753376688 0.0005160264384054514
1.7018509254627312 0.0005163797930368119
1.7023511755877938 0.0005167254770228671
1.7028514257128564 0.0005170633387158164
1.703351675837919 0.0005173933543786993
1.7038519259629814 0.0005177155008580457
1.704352176088044 0.0005180405260234553
1.7048524262131064 0.000518385985145679
1.705352676338169 0.0005187587280258218
1.7058529264632316 0.0005191588626584238
1.7063531765882942 0.0005195922335275452
1.7068534267133566 0.0005200669110003859
1.7073536768384192 0.000520585271393942
1.7078539269634816 0.0005211475367475352
1.7083541770885442 0.0005217539557089049
1.7088544272136068 0.0005224048649653187
1.7093546773386694 0.0005231006181623984
1.7098549274637318 0.000523841525006117
1.7103551775887942 0.0005246279178991551
1.7108554277138568 0.0005254601523348536
1.7113556778389194 0.0005263390869383666
1.711855927963982 0.0005272673864034846
1.7123561780890446 0.0005282472731932166
1.712856428214107 0.0005292792229085649
1.7133566783391694 0.0005303637390043143
1.713856928464232 0.0005315013534195526
1.7143571785892946 0.0005326843846439654
1.7148574287143572 0.000533901405814134
1.7153576788394198 0.0005351489154373907
1.7158579289644822 0.0005364268682303653
1.7163581790895446 0.000537720111577943
1.7168584292146072 0.0005390078341825304
1.7173586793396698 0.0005402843085082014
1.7178589294647324 0.000541549306465618
1.718359179589795 0.0005428015350157688
1.7188594297148574 0.0005440379327702738
1.7193596798399198 0.0005452564896266158
1.7198599299649824 0.0005464569534934903
1.720360180090045 0.0005476390751270028
1.7208604302151076 0.0005488026082624166
1.72136068034017 0.0005499473097453623
1.7218609304652326 0.0005510729262338682
1.722361180590295 0.0005521759909970958
1.7228614307153576 0.0005532530347450696
1.7233616808404202 0.0005543037998927857
1.7238619309654828 0.0005553280341278924
1.7243621810905452 0.0005563272926933881
1.7248624312156078 0.0005573039155174787
1.7253626813406702 0.0005582586857702595
1.7258629314657328 0.0005591918719649431
1.7263631815907954 0.0005601092125922623
1.726863431715858 0.0005610182365073568
1.7273636818409204 0.0005619208432868946
1.727863931965983 0.0005628169896964869
1.7283641820910454 0.0005637066325571088
1.728864432216108 0.0005645893552557315
1.7293646823411706 0.00056546415000049
1.7298649324662332 0.0005663303787520761
1.7303651825912956 0.0005671879915282162
1.7308654327163582 0.0005680369384668103
1.7313656828414206 0.0005688771698302009
1.7318659329664832 0.0005697086360094607
1.7323661830915458 0.0005705334240862524
1.7328664332166084 0.0005713554472386237
1.7333666833416708 0.0005721764958928284
1.7338669334667332 0.0005729965490145197
1.7343671835917958 0.0005738127829274351
1.7348674337168584 0.0005746212245788258
1.735367683841921 0.000575420677923072
1.7358679339669836 0.0005762148802920521
1.736368184092046 0.0005770111910830755
1.7368684342171083 0.0005778138709524502
1.737368684342171 0.0005786235959967342
1.7378689344672336 0.0005794403616445536
1.7383691845922962 0.0005802641628278077
1.7388694347173588 0.0005810949939795808
1.7393696848424212 0.0005819304300594153
1.7398699349674835 0.0005827659649123236
1.7403701850925462 0.0005835994976479637
1.7408704352176088 0.0005844309937618876
1.7413706853426714 0.0005852604187485122
1.741870935467734 0.0005860877381050404
1.7423711855927964 0.0005869129173354009
1.7428714357178587 0.0005877339323257191
1.7433716858429213 0.0005885487365339734
1.743871935967984 0.0005893572693794557
1.7443721860930466 0.0005901522710469434
1.744872436218109 0.0005909236743477905
1.7453726863431716 0.0005916685739913787
1.745872936468234 0.0005923868021461555
1.7463731865932965 0.0005930783917920903
1.7468734367183592 0.0005937438964264098
1.7473736868434218 0.000594383682619071
1.7478739369684841 0.0005949976093318623
1.7483741870935467 0.0005955855424879685
1.7488744372186091 0.0005961473550564357
1.7493746873436717 0.0005966823985261348
1.7498749374687343 0.0005971880717945353
1.750375187593797 0.0005976623064888301
1.7508754377188593 0.0005981050001398474
1.751375687843922 0.0005985160590820893
1.7518759379689843 0.0005988953985123931
1.752376188094047 0.000599242942542411
1.7528764382191095 0.0005995586242448443
1.7533766883441722 0.0005998432852967248
1.7538769384692345 0.0006000993274153643
1.7543771885942971 0.0006003468096606807
1.7548774387193595 0.000600610967958523
1.7553776888444221 0.0006008985208686977
1.7558779389694847 0.000601209506338907
1.7563781890945473 0.0006015452733656155
1.7568784392196097 0.0006019091175735133
1.7573786893446721 0.0006023030371211036
1.7578789394697347 0.0006027270977364396
1.7583791895947973 0.0006031813719959671
1.75887943971986 0.0006036659393611733
1.7593796898449225 0.0006041808862191706
1.759879939969985 0.0006047263059272627
1.7603801900950473 0.0006053013797776332
1.76088044022011 0.0006059015364867011
1.7613806903451725 0.0006065231216445801
1.7618809404702351 0.0006071662400688921
1.7623811905952977 0.0006078310016745869
1.7628814407203601 0.0006085175215300632
1.7633816908454225 0.000609225686127797
1.7638819409704851 0.0006099551400388698
1.7643821910955477 0.0006106992019237768
1.7648824412206103 0.0006114491341611357
1.765382691345673 0.0006122027200015066
1.7658829414707353 0.0006129599881283872
1.7663831915957977 0.0006137205065372268
1.7668834417208603 0.0006144837132656099
1.767383691845923 0.0006152495046150324
1.7678839419709855 0.0006160200942525144
1.768384192096048 0.0006167977725612512
1.7688844422211105 0.0006175826429026556
1.769384692346173 0.0006183747399011627
1.7698849424712355 0.00061917409860297
1.7703851925962981 0.0006199785033522722
1.7708854427213607 0.0006207838186254288
1.771385692846423 0.000621588149685016
1.7718859429714857 0.0006223915109891308
1.772386193096548 0.0006231939170056532
1.7728864432216107 0.0006239953822133128
1.7733866933466733 0.0006247959211027622
1.773886943471736 0.0006255955481776589
1.7743871935967983 0.0006263918794502862
1.774887443721861 0.00062718005743158
1.7753876938469233 0.0006279568308121567
1.775887943971986 0.0006287213915295292
1.7763881940970485 0.0006294755856237807
1.7768884442221111 0.0006302217622578751
1.7773886943471735 0.0006309629370191495
1.777888944472236 0.0006317038245282449
1.7783891945972985 0.0006324466110303249
1.778889444722361 0.0006331913118871899
1.7793896948474237 0.0006339379425700863
1.7798899449724863 0.000634686518660919
1.7803901950975487 0.0006354370558534785
1.780890445222611 0.0006361895699546849
1.7813906953476737 0.0006369440768858427
1.7818909454727363 0.0006377019802604282
1.782391195597799 0.0006384673379019539
1.7828914457228615 0.0006392428333947021
1.783391695847924 0.0006400285072540834
1.7838919459729863 0.0006408244004332169
1.7843921960980489 0.0006416303844094929
1.7848924462231115 0.0006424458018694806
1.785392696348174 0.00064327016529292
1.7858929464732367 0.000644103517807031
1.786393196598299 0.0006449542531176786
1.7868934467233615 0.0006458328749468272
1.787393696848424 0.0006467416018998271
1.7878939469734867 0.0006476806407928732
1.7883941970985493 0.0006486502064361833
1.788894447223612 0.0006496505217638451
1.7893946973486743 0.0006506739414071403
1.7898949474737367 0.0006517123310502862
1.7903951975987993 0.0006527654151678916
1.7908954477238619 0.0006538333771629345
1.7913956978489245 0.0006549154488943722
1.791895947973987 0.0006560092106116915
1.7923961980990495 0.0006571131900322364
1.7928964482241119 0.000658227564039382
1.7933966983491745 0.0006593525130663062
1.793896948474237 0.0006604882211949806
1.7943971985992997 0.0006616346901473778
1.794897448724362 0.0006627918686981374
1.7953976988494247 0.0006639598935154531
1.795897948974487 0.0006651389589761778
1.7963981990995497 0.0006663130118015902
1.7968984492246123 0.0006674641877703529
1.7973986993496749 0.0006685907083329798
1.7978989494747373 0.0006696923374450284
1.7983991995997999 0.0006707698390850061
1.7988994497248623 0.0006718280687633743
1.7993996998499249 0.0006728709185098996
1.7998999499749875 0.0006738982142675313
1.80040020010005 0.0006749097837068943
1.8009004502251125 0.0006759054562939637
1.801400700350175 0.0006768850633575683
1.8019009504752375 0.0006778484381566746
1.8024012006003 0.0006787954159474131
1.8029014507253627 0.0006797258340497934
1.8034017008504253 0.0006806395319140607
1.8039019509754877 0.0006815357591998162
1.80440220110055 0.0006824143112865891
1.8049024512256127 0.0006832757364144054
1.8054027013506753 0.0006841200429100785
1.8059029514757379 0.0006849446821602365
1.8064032016008005 0.0006857521410286013
1.8069034517258629 0.0006865484476823048
1.8074037018509252 0.000687334621063451
1.8079039519759879 0.0006881105960199408
1.8084042021010505 0.00068887630776295
1.808904452226113 0.0006896316918765541
1.8094047023511757 0.000690376684327361
1.809904952476238 0.0006911112214741505
1.8104052026013004 0.0006918352400775217
1.810905452726363 0.0006925478482397198
1.8114057028514257 0.0006932469209935525
1.8119059529764883 0.0006939311551852224
1.8124062031015509 0.000694600474948592
1.8129064532266133 0.0006952566501202575
1.8134067033516756 0.0006959023080730846
1.8139069534767382 0.0006965382397724664
1.8144072036018009 0.0006971620836430405
1.8149074537268635 0.0006977708645496078
1.815407703851926 0.0006983639010769477
1.8159079539769885 0.0006989411065456444
1.8164082041020508 0.0006995064095554213
1.8169084542271134 0.0007000645646286378
1.817408704352176 0.0007006163335711336
1.8179089544772387 0.0007011616861905077
1.818409204602301 0.0007017066932860485
1.8189094547273637 0.0007022592480970722
1.819409704852426 0.0007028211627650409
1.8199099549774886 0.00070339092212858
1.8204102051025512 0.0007039640772732989
1.8209104552276139 0.0007045376976515143
1.8214107053526762 0.0007051117739997115
1.8219109554777388 0.0007056862970001198
1.8224112056028012 0.0007062612572810203
1.8229114557278638 0.0007068366454170587
1.8234117058529264 0.0007074124519295668
1.823911955977989 0.0007079886672868882
1.8244122061030514 0.0007085551448703481
1.824912456228114 0.0007090992058101744
1.8254127063531764 0.0007096177630868621
1.825912956478239 0.0007101047449787497
1.8264132066033016 0.000710553862712475
1.8269134567283642 0.0007109641364810864
1.8274137068534266 0.0007113439798621461
1.8279139569784892 0.0007117024701836751
1.8284142071035516 0.0007120400196548327
1.8289144572286142 0.0007123565443968075
1.8294147073536768 0.0007126519659362354
1.8299149574787394 0.0007129262112556389
1.8304152076038018 0.0007131792128403961
1.8309154577288642 0.0007134109087221808
1.8314157078539268 0.0007136212425188169
1.8319159579789894 0.0007138101634705071
1.832416208104052 0.0007139776264723836
1.8329164582291146 0.0007141264954353957
1.833416708354177 0.0007142653792220081
1.8339169584792394 0.0007143999919581345
1.834417208604302 0.0007145494117354561
1.8349174587293646 0.0007147347618993204
1.8354177088544272 0.0007149580912035048
1.8359179589794898 0.0007152194398789765
1.8364182091045522 0.0007155204054578542
1.8369184592296146 0.0007158628603447602
1.8374187093546772 0.0007162471382411124
1.8379189594797398 0.0007166733191272782
1.8384192096048024 0.0007171414921207758
1.838919459729865 0.0007176517555240052
1.8394197098549274 0.0007182042168770378
1.8399199599799898 0.0007187989930155168
1.8404202101050524 0.0007194257172020589
1.840920460230115 0.0007200646757501112
1.8414207103551776 0.0007207066198977541
1.84192096048024 0.000721352254413374
1.8424212106053026 0.0007220023026880603
1.842921460730365 0.0007226568601156974
1.8434217108554276 0.000723316007219149
1.8439219609804902 0.0007239798257508682
1.8444222111055528 0.0007246426563762029
1.8449224612306152 0.0007252975796560764
1.8454227113556778 0.0007259433895594814
1.8459229614807402 0.0007265800959286672
1.8464232116058028 0.000727220532558362
1.8469234617308654 0.000727879630512199
1.847423711855928 0.0007285595619541521
1.8479239619809904 0.000729268294549667
1.848424212106053 0.0007300177922369247
1.8489244622311154 0.000730813159603044
1.849424712356178 0.0007316568800723402
1.8499249624812406 0.0007325505862603803
