1.1000500250125063 0.00015730957454974367
1.1005502751375689 0.0001575917509898434
1.1010505252626313 0.00015787157494699615
1.1015507753876939 0.0001581506152735162
1.1020510255127565 0.0001584303223231666
1.1025512756378189 0.00015871081170589914
1.1030515257628815 0.0001589921862479556
1.103551775887944 0.000159274530300394
1.1040520260130064 0.00015955798589948968
1.104552276138069 0.0001598438277858848
1.1050525262631314 0.00016013323901473354
1.105552776388194 0.00016042624447413324
1.1060530265132567 0.0001607226530171648
1.1065532766383193 0.00016102076209109346
1.1070535267633816 0.0001613190658745831
1.1075537768884443 0.00016161763209798923
1.1080540270135066 0.00016191657995015107
1.1085542771385692 0.0001622159566860859
1.1090545272636319 0.00016251570132647228
1.1095547773886942 0.00016281512953147782
1.1100550275137568 0.00016311360948688066
1.1105552776388194 0.0001634111089355622
1.1110555277638818 0.00016370760733845906
1.1115557778889444 0.00016400362457897477
1.112056028014007 0.000164300436171514
1.1125562781390694 0.00016459937377400188
1.113056528264132 0.000164901010511139
1.1135567783891946 0.00016520534943994522
1.114057028514257 0.00016551244090159424
1.1145572786393196 0.00016582280236682908
1.1150575287643822 0.00016613686628199118
1.1155577788894446 0.00016645456113926333
1.1160580290145072 0.0001667759374037547
1.1165582791395698 0.00016710071334254326
1.1170585292646322 0.00016742769375337205
1.1175587793896948 0.00016775605494613973
1.1180590295147574 0.0001680858095014697
1.1185592796398198 0.0001684169701199247
1.1190595297648824 0.00016874966810910216
1.119559779889945 0.00016908524368379843
1.1200600300150074 0.00016942496357402577
1.12056028014007 0.00016976889436824758
1.1210605302651326 0.00017011632623323712
1.121560780390195 0.00017046401926242672
1.1220610305152576 0.00017080945180792634
1.1225612806403202 0.00017115261472339896
1.1230615307653826 0.00017149349886018343
1.1235617808904452 0.00017183209507694468
1.1240620310155078 0.00017216830766558807
1.1245622811405702 0.0001725011837785603
1.1250625312656328 0.00017282984677188755
1.1255627813906954 0.00017315461607115193
1.1260630315157578 0.0001734769442891923
1.1265632816408204 0.00017379930414609588
1.127063531765883 0.00017412305473365206
1.1275637818909454 0.00017444820456292146
1.128064032016008 0.00017477476600204783
1.1285642821410704 0.00017510276777640284
1.129064532266133 0.00017543213940419752
1.1295647823911956 0.00017576199820802362
1.1300650325162582 0.00017609154739863908
1.1305652826413206 0.0001764207791183665
1.1310655327663832 0.0001767497749969111
1.1315657828914456 0.0001770791172212131
1.1320660330165082 0.00017740930470694854
1.1325662831415708 0.0001777403420667987
1.1330665332666334 0.00017807223579944687
1.1335667833916958 0.0001784049914674467
1.1340670335167584 0.00017873862282486594
1.1345672836418208 0.00017907322321856063
1.1350675337668834 0.0001794088444115211
1.135567783891946 0.00017974545541637275
1.1360680340170084 0.0001800830866164379
1.136568284142071 0.00018042192739898684
1.1370685342671336 0.0001807621604983214
1.137568784392196 0.00018110383857229253
1.1380690345172586 0.00018144699422341707
1.1385692846423212 0.00018179163627308085
1.1390695347673836 0.00018213788147187438
1.1395697848924462 0.0001824869032263689
1.1400700350175088 0.000182839906915848
1.1405702851425712 0.0001831970487403435
1.1410705352676338 0.00018355814681828125
1.1415707853926964 0.00018392191819848724
1.1420710355177588 0.00018428726586133153
1.1425712856428214 0.00018465418516050257
1.143071535767884 0.00018502268150869742
1.1435717858929464 0.00018539276034519757
1.144072036018009 0.00018576460790629357
1.1445722861430716 0.00018613735218816344
1.145072536268134 0.00018650992110616656
1.1455727863931966 0.00018688229021225394
1.1460730365182592 0.0001872542524195995
1.1465732866433216 0.00018762490652993663
1.1470735367683842 0.00018799352522375608
1.1475737868934468 0.00018836006974266617
1.1480740370185092 0.00018872450155793934
1.1485742871435718 0.00018908674340640548
1.1490745372686344 0.00018944632384867253
1.1495747873936968 0.00018980470989597373
1.1500750375187594 0.00019016378383275811
1.150575287643822 0.00019052346148471362
1.1510755377688844 0.00019088408685604893
1.151575787893947 0.0001912484021083731
1.1520760380190094 0.0001916187485923889
1.152576288144072 0.00019199516580173864
1.1530765382691346 0.00019237769417088335
1.1535767883941972 0.0001927645546607115
1.1540770385192596 0.00019315307733250924
1.1545772886443222 0.00019354174136622555
1.1550775387693846 0.00019392907678875902
1.1555777888944472 0.00019431365269939626
1.1560780390195098 0.00019469461203427686
1.1565782891445724 0.00019507056467707142
1.1570785392696348 0.00019544035230149254
1.1575787893946974 0.0001958039568832943
1.1580790395197598 0.00019616227777985353
1.1585792896448224 0.00019651830088860965
1.159079539769885 0.00019687400329462161
1.1595797898949474 0.00019722958890570973
1.16008004002001 0.00019758626738272008
1.1605802901450726 0.00019794494331305514
1.161080540270135 0.0001983056091949062
1.1615807903951976 0.00019866823328732245
1.1620810405202602 0.00019903278881448061
1.1625812906453226 0.00019939927284930755
1.1630815407703852 0.00019976542595506156
1.1635817908954478 0.00020012865817411416
1.1640820410205102 0.00020048950174956926
1.1645822911455728 0.00020085192630323365
1.1650825412706354 0.00020121906269677316
1.1655827913956978 0.00020159094723758416
1.1660830415207604 0.00020196715940432684
1.166583291645823 0.00020234528251117257
1.1670835417708854 0.0002027233322308953
1.167583791895948 0.0002031018359096003
1.1680840420210106 0.00020348209913796674
1.168584292146073 0.000203864525962004
1.1690845422711356 0.00020424747100783756
1.1695847923961982 0.00020462791938007137
1.1700850425212606 0.0002050041062654114
1.1705852926463232 0.0002053759930184151
1.1710855427713858 0.00020574463946056943
1.1715857928964482 0.00020611573573349392
1.1720860430215108 0.00020649393036440642
1.1725862931465734 0.0002068792921550363
1.1730865432716358 0.00020727189308456081
1.1735867933966984 0.00020767179640573437
1.174087043521761 0.0002080789513330515
1.1745872936468233 0.0002084926688700843
1.175087543771886 0.00020891236705904194
1.1755877938969483 0.00020933809800481175
1.176088044022011 0.0002097687997086795
1.1765882941470736 0.00021019884398622163
1.1770885442721362 0.00021062362812466391
1.1775887943971985 0.00021104302958128583
1.1780890445222612 0.00021145698558506563
1.1785892946473235 0.000211865481507481
1.1790895447723861 0.00021226843111814156
1.1795897948974488 0.00021266554577858857
1.1800900450225114 0.00021305657218746742
1.1805902951475737 0.00021344145556071356
1.1810905452726363 0.0002138206924124441
1.1815907953976987 0.00021419695889931788
1.1820910455227613 0.00021457205793762963
1.182591295647824 0.0002149452623818642
1.1830915457728866 0.00021531605272893004
1.183591795897949 0.00021568427589531875
1.1840920460230115 0.00021605018740491924
1.184592296148074 0.00021641543597681573
1.1850925462731365 0.00021678141707496968
1.1855927963981991 0.00021714814300929005
1.1860930465232615 0.00021751529400349594
1.1865932966483241 0.0002178813696005732
1.1870935467733867 0.00021824524784135727
1.1875937968984491 0.00021860619814090336
1.1880940470235117 0.00021896342627418568
1.1885942971485743 0.00021931691635026064
1.1890945472736367 0.0002196668202099733
1.1895947973986993 0.00022001412705954698
1.190095047523762 0.0002203596675549838
1.1905952976488243 0.00022070344081086474
1.191095547773887 0.00022104542657616868
1.1915957978989495 0.0002213853382674523
1.192096048024012 0.00022172339178158838
1.1925962981490745 0.00022206007015083222
1.1930965482741371 0.00022239537255255978
1.1935967983991995 0.00022272929813643363
1.1940970485242621 0.00022306123507354804
1.1945972986493247 0.00022338762717933675
1.1950975487743871 0.00022370549853251745
1.1955977988994497 0.0002240147987279509
1.1960980490245123 0.00022431575588083977
1.1965982991495747 0.00022461183754013023
1.1970985492746373 0.00022490717028902569
1.1975987993997 0.0002252026559282346
1.1980990495247623 0.0002254982792436814
1.198599299649825 0.00022579402495947332
1.1990995497748873 0.0002260901888709581
1.19959979989995 0.00022638851409519543
1.2001000500250125 0.00022669044559119644
1.2006003001500751 0.0002269959893193695
1.2011005502751375 0.0002273042343953614
1.2016008004002001 0.00022761204488486473
1.2021010505252625 0.00022791719601170294
1.2026013006503251 0.00022821968358073153
1.2031015507753877 0.00022851950335663052
1.2036018009004503 0.00022881665106368385
1.2041020510255127 0.00022911112909287213
1.2046023011505753 0.00022940296995579092
1.2051025512756377 0.00022969219968326378
1.2056028014007003 0.00022997881427549934
1.206103051525763 0.00023026510252633161
1.2066033016508255 0.00023055312860793936
1.207103551775888 0.00023084266201574584
1.2076038019009505 0.00023113370012181107
1.208104052026013 0.00023142624022854682
1.2086043021510755 0.0002317202795686473
1.2091045522761381 0.00023201638329027008
1.2096048024012005 0.00023231759108280524
1.210105052526263 0.00023262639703268217
1.2106053026513257 0.0002329422620486576
1.211105552776388 0.00023326395423320956
1.2116058029014507 0.0002335911968937381
1.2121060530265133 0.0002339244084229959
1.2126063031515757 0.00023426362671771163
1.2131065532766383 0.0002346088906343355
1.213606803401701 0.00023496024000211368
1.2141070535267633 0.00023531636074105168
1.214607303651826 0.00023567022936953126
1.2151075537768885 0.00023601611613374316
1.215607803901951 0.00023635394905722709
1.2161080540270135 0.0002366849703139676
1.216608304152076 0.00023701141639828594
1.2171085542771385 0.0002373342183717634
1.217608804402201 0.00023765333450325235
1.2181090545272637 0.00023796872371428516
1.218609304652326 0.00023828034559568207
1.2191095547773887 0.00023858952459518816
1.2196098049024513 0.0002389031571604262
1.2201100550275137 0.00023922684899398583
1.2206103051525763 0.00023956071359990415
1.221110555277639 0.00023990185449469572
1.2216108054027013 0.00024024556874979242
1.222111055527764 0.0002405901266279677
1.2226113056528263 0.00024093554617153818
1.2231115557778889 0.0002412818455554807
1.2236118059029515 0.00024162904309077312
1.224112056028014 0.00024197648988802647
1.2246123061530765 0.00024232089780954621
1.225112556278139 0.00024265999439697283
1.2256128064032015 0.00024299424027340605
1.226113056528264 0.00024332679513195033
1.2266133066533267 0.00024366222392351744
1.2271135567783893 0.0002440020329115977
1.2276138069034517 0.00024434622806301026
1.2281140570285143 0.0002446948152703985
1.2286143071535767 0.0002450478003517574
1.2291145572786393 0.0002454055898971823
1.2296148074037019 0.00024577002694258605
1.2301150575287645 0.00024614200719778
1.2306153076538269 0.00024652099890692003
1.2311155577788895 0.0002469033362090799
1.2316158079039519 0.00024728413987691475
1.2321160580290145 0.00024766221415551114
1.232616308154077 0.00024803756192236806
1.2331165582791395 0.00024841018593063635
1.233616808404202 0.00024878008880885387
1.2341170585292647 0.0002491472963218008
1.234617308654327 0.0002495121734360596
1.2351175587793897 0.0002498753235347614
1.2356178089044523 0.00025023701247474834
1.2361180590295147 0.0002505988821897978
1.2366183091545773 0.0002509630903259852
1.2371185592796399 0.00025133016422151277
1.2376188094047023 0.0002517001227380605
1.2381190595297649 0.0002520729849822893
1.2386193096548275 0.00025244877030890006
1.2391195597798899 0.0002528271647501757
1.2396198099049525 0.0002532063726410819
1.240120060030015 0.00025358484649299197
1.2406203101550775 0.00025396251093838697
1.24112056028014 0.00025433960640359516
1.2416208104052027 0.0002547167370473196
1.242121060530265 0.00025509426633288444
1.2426213106553277 0.0002554721971649788
1.2431215607803903 0.0002558505324628508
1.2436218109054527 0.0002562292751604209
1.2441220610305153 0.0002566083312216638
1.2446223111555779 0.00025698752059558224
1.2451225612806402 0.0002573667569542897
1.2456228114057029 0.00025774603756729313
1.2461230615307652 0.00025812514331536343
1.2466233116558278 0.0002585028601239661
1.2471235617808905 0.000258878178785455
1.247623811905953 0.00025925107703366656
1.2481240620310154 0.00025962153272640956
1.248624312156078 0.0002599895238491252
1.2491245622811404 0.00026035522049073216
1.249624812406203 0.0002607195263964583
1.2501250625312657 0.0002610831623461227
1.2506253126563283 0.0002614461217377427
1.2511255627813906 0.00026180857166559446
1.2516258129064533 0.0002621712238752773
1.2521260630315156 0.0002625346223284379
1.2526263131565782 0.0002628987706413019
1.2531265632816408 0.0002632636724494028
1.2536268134067035 0.00026362933140772275
1.2541270635317658 0.00026399558071517294
1.2546273136568284 0.0002643617950215531
1.2551275637818908 0.00026472751507221624
1.2556278139069534 0.0002650927370463742
1.256128064032016 0.0002654592862114489
1.2566283141570787 0.00026583380737639457
1.257128564282141 0.00026622116986852547
1.2576288144072036 0.00026662146568006524
1.258129064532266 0.00026703479092061506
1.2586293146573286 0.00026746124588394654
1.2591295647823912 0.0002678995170522902
1.2596298149074536 0.00026834721508134244
1.2601300650325162 0.0002688033621026765
1.2606303151575788 0.000269268052906722
1.2611305652826412 0.000269737784052411
1.2616308154077038 0.0002701999119266411
1.2621310655327664 0.00027064526278185375
1.2626313156578288 0.00027107370938264576
1.2631315657828914 0.0002714851287821467
1.263631815907954 0.0002718794024073088
1.2641320660330164 0.0002722596687239145
1.264632316158079 0.00027263107385104395
1.2651325662831416 0.00027299553382844716
1.265632816408204 0.00027335298390137984
1.2661330665332666 0.00027370515940220255
1.266633316658329 0.0002740582666864498
1.2671335667833916 0.0002744167583970156
1.2676338169084542 0.00027478065248533504
1.2681340670335168 0.0002751499690756923
1.2686343171585792 0.00027552472852941846
1.2691345672836418 0.0002759015957130797
1.2696348174087042 0.0002762754886265552
1.2701350675337668 0.0002766446627846078
1.2706353176588294 0.0002770091011802835
1.271135567783892 0.00027736842285358223
1.2716358179089544 0.00027772133685577573
1.272136068034017 0.00027806688956483037
1.2726363181590794 0.0002784050306845176
1.273136568284142 0.00027873572786712124
1.2736368184092046 0.0002790589492183123
1.2741370685342672 0.0002793786827359964
1.2746373186593296 0.0002797002868994053
1.2751375687843922 0.0002800251144874008
1.2756378189094546 0.0002803531654984762
1.2761380690345172 0.0002806850806583557
1.2766383191595798 0.00028102303033235434
1.2771385692846424 0.00028136858385471625
1.2776388194097048 0.00028172179245314653
1.2781390695347674 0.0002820826828057405
1.2786393196598298 0.00028245128201086325
1.2791395697848924 0.0002828258408042757
1.279639819909955 0.00028320403602629665
1.2801400700350176 0.0002835853156800017
1.28064032016008 0.00028396969453268003
1.2811405702851426 0.00028435654342777065
1.281640820410205 0.00028474373897788394
1.2821410705352676 0.0002851298452208285
1.2826413206603302 0.00028551491764616284
1.2831415707853926 0.00028589895238069257
1.2836418209104552 0.00028628193626994264
1.2841420710355178 0.0002866635758006835
1.2846423211605802 0.00028704314017288476
1.2851425712856428 0.00028742017471444125
1.2856428214107054 0.0002877946587789414
1.2861430715357678 0.00028816746119009136
1.2866433216608304 0.00028854146533768436
1.287143571785893 0.00028891865254999775
1.2876438219109554 0.00028929896395620165
1.288144072036018 0.00028968237385211
1.2886443221610806 0.00029006889816974706
1.289144572286143 0.00029045884053420555
1.2896448224112056 0.0002908537275217725
1.290145072536268 0.0002912548117251138
1.2906453226613306 0.0002916621330059868
1.2911455727863932 0.0002920751225495627
1.2916458229114558 0.0002924918625037501
1.2921460730365182 0.0002929110296074148
1.2926463231615808 0.0002933326845108808
1.2931465732866432 0.00029375688902390077
1.2936468234117058 0.0002941836593401903
1.2941470735367684 0.00029461279353900553
1.294647323661831 0.000295043421022717
1.2951475737868934 0.000295474880822984
1.295647823911956 0.00029590717508302944
1.2961480740370184 0.000296339782715328
1.296648324162081 0.00029677105016007085
1.2971485742871436 0.0002971998337426323
1.2976488244122062 0.0002976261387154858
1.2981490745372686 0.0002980499998745335
1.2986493246623312 0.0002984714254067221
1.2991495747873936 0.00029888815913843185
1.2996498249124562 0.0002992920596187782
1.3001500750375188 0.00029967716078270533
1.3006503251625814 0.0003000433419317474
1.3011505752876438 0.00030039156866940514
1.3016508254127064 0.00030072509180055696
1.3021510755377688 0.00030104610738389574
1.3026513256628314 0.0003013545519427578
1.303151575787894 0.0003016504528374078
1.3036518259129566 0.00030193384722350126
1.304152076038019 0.000302209036693639
1.3046523261630816 0.0003024913183218209
1.305152576288144 0.0003027917122523392
1.3056528264132066 0.0003031102964140898
1.3061530765382692 0.00030344626358308577
1.3066533266633318 0.00030379697067908903
1.3071535767883942 0.00030416065486068953
1.3076538269134568 0.00030453738613990587
1.3081540770385192 0.00030492746312109006
1.3086543271635818 0.00030533161909690183
1.3091545772886444 0.0003057482124064008
1.3096548274137068 0.0003061698168103557
1.3101550775387694 0.00030659110733418136
1.310655327663832 0.0003070120741223748
1.3111555777888944 0.00030743316449042174
1.311655827913957 0.0003078557535891302
1.3121560780390196 0.0003082807673441383
1.312656328164082 0.0003087082118732533
1.3131565782891446 0.00030913809331643404
1.313656828414207 0.0003095699531029046
1.3141570785392696 0.00031000357990986757
1.3146573286643322 0.0003104403127961876
1.3151575787893948 0.00031088127213628307
1.3156578289144572 0.0003113265002973775
1.3161580790395198 0.00031177546048416244
1.3166583291645821 0.0003122265068423869
1.3171585792896447 0.00031267854163167835
1.3176588294147074 0.0003131315662268591
1.31815907953977 0.00031358558200233593
1.3186593296648323 0.0003140405844885537
1.319159579789895 0.00031449565880081086
1.3196598299149573 0.00031494805816891815
1.32016008004002 0.0003153958990668469
1.3206603301650826 0.00031583912001180144
1.3211605802901452 0.0003162782547644925
1.3216608304152075 0.000316714935074376
1.3221610805402702 0.0003171502366508004
1.3226613306653325 0.0003175841472461479
1.3231615807903951 0.00031801665463233246
1.3236618309154577 0.00031844774660172155
1.3241620810405204 0.0003188781222393142
1.3246623311655827 0.00031931014451334585
1.3251625812906453 0.00031974541931406526
1.3256628314157077 0.00032018389237418294
1.3261630815407703 0.0003206254171042083
1.326663331665833 0.00032106956166946365
1.3271635817908956 0.0003215160473249226
1.327663831915958 0.0003219648882507261
1.3281640820410205 0.00032241609876290254
1.328664332166083 0.00032286969331483115
1.3291645822911455 0.00032332461815524314
1.3296648324162081 0.00032377746971975157
1.3301650825412707 0.0003242259770704678
1.3306653326663331 0.00032467024399671806
1.3311655827913957 0.0003251109723354846
1.3316658329164581 0.00032555009108760623
1.3321660830415207 0.00032598885532951656
1.3326663331665833 0.00032642726006089606
1.3331665832916457 0.0003268653002728252
1.3336668334167083 0.00032730297094790955
1.334167083541771 0.0003277409989758378
1.3346673336668333 0.0003281817310077368
1.335167583791896 0.00032862649325974175
1.3356678339169585 0.0003290748608345805
1.336168084042021 0.00032952574006118627
1.3366683341670835 0.00032997642138240076
1.337168584292146 0.0003304251493585945
1.3376688344172085 0.0003308719120645405
1.3381690845422711 0.0003313166976003474
1.3386693346673337 0.0003317594940922026
1.3391695847923961 0.0003322009163913313
1.3396698349174587 0.00033264293459419437
1.340170085042521 0.0003330869061669111
1.3406703351675837 0.0003335328083331709
1.3411705852926463 0.00033398078800875146
1.341670835417709 0.00033443138560113186
1.3421710855427713 0.00033488497590078876
1.342671335667834 0.00033534157978307546
1.3431715857928963 0.00033580121837169577
1.343671835917959 0.0003362639130418377
1.3441720860430215 0.0003367283933329602
1.3446723361680841 0.00033719065711350983
1.3451725862931465 0.00033764796431402474
1.3456728364182091 0.0003381002855906045
1.3461730865432715 0.0003385475676186209
1.346673336668334 0.0003389897358493782
1.3471735867933967 0.0003394267401767958
1.3476738369184593 0.0003398585498081155
1.3481740870435217 0.00034028513429285956
1.3486743371685843 0.000340706463528468
1.3491745872936467 0.0003411235817026497
1.3496748374187093 0.00034153975339087125
1.350175087543772 0.0003419571908390045
1.3506753376688345 0.00034237590331553214
1.351175587793897 0.00034279574941612157
1.3516758379189595 0.00034321620176368435
1.352176088044022 0.0003436368834464746
1.3526763381690845 0.000344057803493701
1.353176588294147 0.0003444789709723484
1.3536768384192097 0.00034490039498793806
1.354177088544272 0.0003453215319564247
1.3546773386693347 0.00034574072218274046
1.355177588794397 0.00034615684749810265
1.3556778389194597 0.000346569896927712
1.3561780890445223 0.00034697963654101925
1.3566783391695847 0.0003473860030944289
1.3571785892946473 0.00034778966037668713
1.35767883941971 0.00034819110081713126
1.3581790895447723 0.0003485903116233688
1.358679339669835 0.00034898728004768674
1.3591795897948975 0.00034938266638955093
1.3596798399199599 0.00034977846078933076
1.3601800900450225 0.00035017599299576145
1.3606803401700849 0.0003505752731358579
1.3611805902951475 0.0003509765084571583
1.36168084042021 0.0003513802329275342
1.3621810905452727 0.0003517869136640665
1.362681340670335 0.0003521964858923589
1.3631815907953977 0.00035260875776977095
1.36368184092046 0.00035302374592945297
1.3641820910455227 0.0003534407875271213
1.3646823411705853 0.0003538579073317227
1.365182591295648 0.00035427379655158576
1.3656828414207103 0.00035468844818810835
1.3661830915457729 0.0003551017285578363
1.3666833416708353 0.0003555133022494687
1.3671835917958979 0.0003559230251653448
1.3676838419209605 0.0003563310979642309
1.368184092046023 0.00035673778346236425
1.3686843421710855 0.0003571432005477389
1.369184592296148 0.00035754752655760215
1.3696848424212105 0.0003579512914153914
1.370185092546273 0.0003583548419636437
1.3706853426713357 0.00035875817525114664
1.3711855927963983 0.0003591613798397306
1.3716858429214607 0.0003595646869613575
1.3721860930465233 0.0003599682377623728
1.3726863431715857 0.00036037195584082664
1.3731865932966483 0.0003607757059774647
1.3736868434217109 0.000361179260123918
1.3741870935467735 0.00036158161678877097
1.3746873436718359 0.0003619804297359676
1.3751875937968985 0.00036237416971014063
1.3756878439219609 0.00036276280889770395
1.3761880940470235 0.0003631470148592825
1.376688344172086 0.00036352851615823644
1.3771885942971487 0.0003639083564902195
1.377688844422211 0.0003642865276340317
1.3781890945472737 0.00036466334830645967
1.378689344672336 0.0003650392394878685
1.3791895947973987 0.00036541543352937127
1.3796898449224613 0.00036579514283889705
1.3801900950475237 0.00036618046119929416
1.3806903451725863 0.000366571417079118
1.3811905952976489 0.0003669666471876953
1.3816908454227113 0.00036736270707161744
1.3821910955477739 0.00036775752417034273
1.3826913456728365 0.00036815108950785327
1.3831915957978989 0.0003685433941192062
1.3836918459229615 0.0003689344369910827
1.3841920960480238 0.0003693239791541302
1.3846923461730865 0.00036971156363325384
1.385192596298149 0.0003700971204563184
1.3856928464232117 0.00037048078734401054
1.386193096548274 0.000370863961370441
1.3866933466733367 0.00037125010564604394
1.387193596798399 0.00037164129156194747
1.3876938469234616 0.00037203754198588697
1.3881940970485243 0.0003724388801563031
1.3886943471735869 0.0003728453271321366
1.3891945972986492 0.00037325683089648137
1.3896948474237119 0.0003736733565308211
1.3901950975487742 0.0003740948442487059
1.3906953476738368 0.0003745210291622382
1.3911955977988995 0.0003749500559772984
1.391695847923962 0.00037537783659563536
1.3921960980490244 0.00037580194618226653
1.392696348174087 0.00037622236092946704
1.3931965982991494 0.00037663905721387026
1.393696848424212 0.00037705201159997934
1.3941970985492746 0.00037746109295533597
1.3946973486743373 0.0003778660704799223
1.3951975987993996 0.00037826681991871754
1.3956978489244622 0.0003786633208254674
1.3961980990495246 0.0003790579492952651
1.3966983491745872 0.00037945631876931804
1.3971985992996498 0.0003798616776351976
1.3976988494247125 0.0003802740604763145
1.3981990995497748 0.0003806935026415519
1.3986993496748374 0.0003811200402537167
1.3991995997998998 0.0003815539723411586
1.3996998499249624 0.00038199598797379695
1.400200100050025 0.0003824461927485757
1.4007003501750876 0.0003829043067261985
1.40120060030015 0.00038336969757439885
1.4017008504252126 0.00038384080891641853
1.402201100550275 0.00038431675835858204
1.4027013506753376 0.0003847975793757751
1.4032016008004002 0.0003852833014205455
1.4037018509254626 0.0003857739543810694
1.4042021010505252 0.00038626933648527726
1.4047023511755878 0.00038676886859328644
1.4052026013006502 0.0003872722253006336
1.4057028514257128 0.00038777967901904053
1.4062031015507754 0.00038828909021689704
1.4067033516758378 0.0003887948698436137
1.4072036018009004 0.0003892936006639131
1.407703851925963 0.0003897847225679453
1.4082041020510254 0.00039026785022940736
1.408704352176088 0.00039074293145627856
1.4092046023011506 0.00039121006444522717
1.409704852426213 0.00039166958643222465
1.4102051025512756 0.00039212168837518736
1.410705352676338 0.00039256632021790824
1.4112056028014006 0.00039300438052850765
1.4117058529264632 0.0003934382089808827
1.4122061030515258 0.0003938692123312689
1.4127063531765882 0.00039429737585027695
1.4132066033016508 0.0003947224789880734
1.4137068534267132 0.00039514428341096467
1.4142071035517758 0.0003955626483538566
1.4147073536768384 0.00039597728198773535
1.415207603801901 0.0003963879989937183
1.4157078539269634 0.00039679478110974986
1.416208104052026 0.00039720108373972503
1.4167083541770884 0.00039761504163449124
1.417208604302151 0.00039804137517753245
1.4177088544272136 0.0003984801688469994
1.4182091045522762 0.00039893149658413074
1.4187093546773386 0.0003993955965844633
1.4192096048024012 0.00039987208402331875
1.4197098549274636 0.0004003591626553816
1.4202101050525262 0.00040085565068147765
1.4207103551775888 0.0004013616089762916
1.4212106053026514 0.0004018715462103655
1.4217108554277138 0.00040237290859391806
1.4222111055527764 0.0004028586269316718
1.4227113556778388 0.00040332862126090226
1.4232116058029014 0.00040378279673192343
1.423711855927964 0.0004042210567837479
1.4242121060530266 0.00040464495715740846
1.424712356178089 0.0004050585065741868
1.4252126063031516 0.00040546408948191745
1.425712856428214 0.00040586166230993697
1.4262131065532766 0.00040625554133471594
1.4267133566783392 0.00040665546221967515
1.4272136068034016 0.0004070668548634623
1.4277138569284642 0.0004074895519209969
1.4282141070535268 0.0004079232239313307
1.4287143571785892 0.00040836777069201913
1.4292146073036518 0.00040882158590852577
1.4297148574287144 0.00040928061611430176
1.4302151075537768 0.00040974242738106955
1.4307153576788394 0.00041020696873618186
1.431215607803902 0.00041067132193038826
1.4317158579289644 0.0004111290802998075
1.432216108054027 0.00041157669105922366
1.4327163581790896 0.000412014096128125
1.433216608304152 0.0004124413447991964
1.4337168584292146 0.00041285869319051063
1.434217108554277 0.00041326829471729386
1.4347173586793396 0.00041367496906697884
1.4352176088044022 0.00041408156206062526
1.4357178589294648 0.0004144889380946038
1.4362181090545272 0.0004148991197341818
1.4367183591795898 0.00041531331185863906
1.4372186093046522 0.00041573157154861575
1.4377188594297148 0.0004161539202810933
1.4382191095547774 0.00041658037982930196
1.43871935967984 0.0004170109667840972
1.4392196098049024 0.0004174428687472014
1.439719859929965 0.00041786943591519356
1.4402201100550274 0.000418286809182064
1.44072036018009 0.0004186951393542372
1.4412206103051526 0.0004190948142489762
1.4417208604302152 0.0004194860204536867
1.4422211105552776 0.00041986868646980163
1.4427213606803402 0.00042024274509028936
1.4432216108054026 0.0004206081552247646
1.4437218609304652 0.00042096487671633973
1.4442221110555278 0.00042131367330853944
1.4447223611805904 0.00042165640111757667
1.4452226113056528 0.0004219941177747428
1.4457228614307154 0.0004223267976108698
1.4462231115557778 0.00042265578157796416
1.4467233616808404 0.00042298397252592956
1.447223611805903 0.00042331292419242904
1.4477238619309656 0.0004236425511049331
1.448224112056028 0.00042397264471108936
1.4487243621810906 0.00042430308545721423
1.449224612306153 0.00042463667465147443
1.4497248624312156 0.0004249799825915181
1.4502251125562782 0.00042533700065004135
1.4507253626813406 0.0004257083379514992
1.4512256128064032 0.0004260928477171829
1.4517258629314658 0.00042648726180451554
1.4522261130565282 0.00042688986873249703
1.4527263631815908 0.00042730070975240716
1.4532266133066534 0.0004277198271344321
1.4537268634317158 0.000428147299161441
1.4542271135567784 0.0004285819549519353
1.454727363681841 0.00042902091413506746
1.4552276138069034 0.0004294625296795657
1.455727863931966 0.0004299068143195282
1.4562281140570286 0.00043035388191821973
1.456728364182091 0.0004308037336724131
1.4572286143071536 0.00043125626884966826
1.457728864432216 0.00043171149897992735
1.4582291145572785 0.0004321694356857299
1.4587293646823412 0.00043263009068299815
1.4592296148074038 0.000433089415893509
1.4597298649324661 0.0004335381728083238
1.4602301150575288 0.00043397113767301265
1.4607303651825911 0.0004343882284683288
1.4612306153076537 0.0004347917939906141
1.4617308654327164 0.0004351866463700971
1.462231115557779 0.0004355749794062045
1.4627313656828413 0.00043595655136993385
1.463231615807904 0.0004363313286911304
1.4637318659329663 0.0004366992783839477
1.464232116058029 0.00043706683261242557
1.4647323661830915 0.0004374486202610357
1.4652326163081542 0.00043785287101493734
1.4657328664332165 0.0004382795045989798
1.4662331165582791 0.00043872303766648844
1.4667333666833415 0.0004391724268024618
1.4672336168084041 0.00043962198413614254
1.4677338669334667 0.0004400717256070175
1.4682341170585294 0.00044052166822155435
1.4687343671835917 0.00044097181305595044
1.4692346173086543 0.00044141709198442213
1.4697348674337167 0.0004418461311149066
1.4702351175587793 0.0004422525633903996
1.470735367683842 0.0004426362734548769
1.4712356178089045 0.0004430018688019119
1.471735867933967 0.00044335893916899245
1.4722361180590295 0.00044371240258958734
1.472736368184092 0.0004440622427535967
1.4732366183091545 0.0004444084716498105
1.4737368684342171 0.0004447511474096406
1.4742371185592795 0.00044509365125915904
1.4747373686843421 0.00044544339704535396
1.4752376188094047 0.0004458044806300509
1.4757378689344671 0.00044617695125616054
1.4762381190595297 0.0004465630270194119
1.4767383691845923 0.00044696713353228315
1.4772386193096547 0.000447391541798999
1.4777388694347173 0.00044783629738789904
1.47823911955978 0.0004483014644509483
1.4787393696848423 0.0004487861598213026
1.479239619809905 0.00044928817601940565
1.4797398699349675 0.0004498062569717596
1.48024012006003 0.0004503404668142688
1.4807403701850925 0.0004508909117987241
1.481240620310155 0.0004514529767192726
1.4817408704352175 0.00045201731311449855
1.4822411205602801 0.0004525792318376162
1.4827413706853427 0.00045313871307213065
1.4832416208104051 0.0004536956551553293
1.4837418709354677 0.00045424945553250163
1.48424212106053 0.0004547993174254844
1.4847423711855927 0.0004553449442426862
1.4852426213106553 0.00045588633793572765
1.485742871435718 0.0004564234969802898
1.4862431215607803 0.0004569544247800377
1.486743371685843 0.0004574751945089133
1.4872436218109053 0.00045798382321413745
1.487743871935968 0.00045848023432864133
1.4882441220610305 0.0004589643529148131
1.4887443721860931 0.000459436105692205
1.4892446223111555 0.0004598937763507655
1.4897448724362181 0.0004603336143478772
1.4902451225612805 0.0004607534971688815
1.490745372686343 0.00046115342001571666
1.4912456228114057 0.0004615362997217084
1.4917458729364683 0.0004619076325815726
1.4922461230615307 0.00046227002518149434
1.4927463731865933 0.0004626234393432723
1.4932466233116557 0.0004629678377444329
1.4937468734367183 0.0004633031839278185
1.494247123561781 0.00046363128173864597
1.4947473736868435 0.0004639560012603819
1.495247623811906 0.0004642793417253727
1.4957478739369685 0.00046460091834028025
1.496248124062031 0.0004649221181577202
1.4967483741870935 0.00046524624276208067
1.497248624312156 0.00046557486356473335
1.4977488744372185 0.00046590798437761056
1.498249124562281 0.000466245627515104
1.4987493746873437 0.0004665878157128526
1.499249624812406 0.00046693471126062723
1.4997498749374687 0.0004672866302650229
1.5002501250625313 0.0004676437515006383
1.500750375187594 0.00046800610215789107
1.5012506253126563 0.00046837116507667166
1.5017508754377187 0.00046873511377918666
1.5022511255627813 0.0004690966506728808
1.502751375687844 0.0004694556900465432
1.5032516258129065 0.00046981213273090565
1.503751875937969 0.0004701659559643787
1.5042521260630315 0.00047051432054357183
1.5047523761880939 0.00047085133580879244
1.5052526263131565 0.0004711739135088252
1.505752876438219 0.00047148199420141455
1.5062531265632817 0.00047177725677644407
1.506753376688344 0.00047206294801814763
1.5072536268134067 0.00047234059203814504
1.507753876938469 0.0004726103560044495
1.5082541270635317 0.0004728724594238305
1.5087543771885943 0.0004731271252169084
1.509254627313657 0.0004733807831575279
1.5097548774387193 0.000473646280818456
1.5102551275637819 0.0004739302525898232
1.5107553776888443 0.00047423276248104916
1.5112556278139069 0.00047455301652101286
1.5117558779389695 0.00047488946195317974
1.512256128064032 0.00047524140515967274
1.5127563781890945 0.0004756089116765282
1.513256628314157 0.0004759920500609173
1.5137568784392195 0.0004763907233819948
1.514257128564282 0.00047679929749617675
1.5147573786893447 0.000477206583284585
1.5152576288144073 0.00047760687513055347
1.5157578789394697 0.00047800013696808376
1.5162581290645323 0.00047838621694242477
1.5167583791895947 0.00047876486274833177
1.5172586293146573 0.0004791359380357478
1.5177588794397199 0.000479499407067651
1.5182591295647825 0.0004798552347641499
1.5187593796898449 0.00048020338671078266
1.5192596298149073 0.00048054133335841175
1.5197598799399699 0.0004808640426170686
1.5202601300650325 0.0004811690442989368
1.520760380190095 0.00048145640516923747
1.5212606303151577 0.00048172678659076277
1.52176088044022 0.0004819813760749526
1.5222611305652824 0.00048222069376875935
1.522761380690345 0.0004824446945022309
1.5232616308154077 0.00048265333602044523
1.5237618809404703 0.00048284657900375135
1.5242621310655329 0.0004830297736474735
1.5247623811905953 0.0004832136271537557
1.5252626313156576 0.0004834034840246296
1.5257628814407203 0.0004835993575950565
1.5262631315657829 0.00048380232187059905
1.5267633816908455 0.0004840146899584709
1.527263631815908 0.0004842377212171842
1.5277638819409705 0.00048447144324765336
1.5282641320660328 0.0004847158850141512
1.5287643821910955 0.0004849710768533524
1.529264632316158 0.0004852392627981917
1.5297648824412207 0.0004855248464426192
1.530265132566283 0.00048583003689930563
1.5307653826913457 0.0004861549044713
1.531265632816408 0.0004864984972882211
1.5317658829414706 0.0004868590292639893
1.5322661330665333 0.00048723484146992165
1.5327663831915959 0.00048762475992362016
1.5332666333166582 0.00048802850694609014
1.5337668834417209 0.0004884461532948884
1.5342671335667832 0.0004888746560230545
1.5347673836918458 0.0004893079819232845
1.5352676338169085 0.0004897431834507788
1.535767883941971 0.0004901802736383887
1.5362681340670334 0.0004906166571325031
1.536768384192096 0.0004910476459849607
1.5372686343171584 0.0004914711370836485
1.537768884442221 0.0004918870945870706
1.5382691345672836 0.0004922961667369018
1.5387693846923463 0.0004927017926391761
1.5392696348174086 0.000493104801020608
1.5397698849424712 0.0004935014164972488
1.5402701350675336 0.0004938897838935905
1.5407703851925962 0.0004942698515632578
1.5412706353176588 0.0004946468275353849
1.5417708854427215 0.0004950300514507236
1.5422711355677838 0.0004954236445271896
1.5427713856928462 0.0004958276407976029
1.5432716358179088 0.0004962420749969581
1.5437718859429714 0.0004966669825683711
1.544272136068034 0.0004971052605409053
1.5447723861930966 0.000497560553498326
1.545272636318159 0.0004980333796438098
1.5457728864432214 0.0004985235382399715
1.546273136568284 0.0004990262713515045
1.5467733866933466 0.0004995330837660399
1.5472736368184092 0.000500040283931463
1.5477738869434718 0.0005005478691576717
1.5482741370685342 0.0005010558367392829
1.5487743871935966 0.0005015641839556293
1.5492746373186592 0.0005020709483623248
1.5497748874437218 0.0005025723935711611
1.5502751375687844 0.0005030667225955962
1.550775387693847 0.0005035534429055428
1.5512756378189094 0.0005040378406505136
1.5517758879439718 0.0005045307136638037
1.5522761380690344 0.0005050371401708016
1.552776388194097 0.0005055572005592494
1.5532766383191596 0.000506090977901748
1.5537768884442222 0.000506638557992387
1.5542771385692846 0.0005072010101977541
1.554777388694347 0.0005077802783886894
1.5552776388194096 0.0005083773410852205
1.5557778889444722 0.0005089923217636298
1.5562781390695348 0.0005096167941489953
1.5567783891945972 0.0005102361611053167
1.5572786393196598 0.000510845332016297
1.5577788894447222 0.0005114458010257435
1.5582791395697848 0.0005120380172880338
1.5587793896948474 0.0005126219161217801
1.55927963981991 0.0005131975668725264
1.5597798899449724 0.0005137651557329413
1.560280140070035 0.0005143247379805767
1.5607803901950974 0.0005148762552310743
1.56128064032016 0.0005154278956374141
1.5617808904452226 0.000515993836232962
1.5622811405702852 0.0005165800927611149
1.5627813906953476 0.0005171867527331206
1.5632816408204102 0.0005178138289143157
1.5637818909454726 0.0005184611731600035
1.5642821410705352 0.0005191279416842847
1.5647823911955978 0.0005198128296681306
1.5652826413206604 0.0005205153045855956
1.5657828914457228 0.000521235492754836
1.5662831415707852 0.000521964421723452
1.5667833916958478 0.0005226866107828287
1.5672836418209104 0.0005233955658164989
1.567783891945973 0.0005240911734420473
1.5682841420710356 0.0005247733221586284
1.568784392196098 0.0005254419024020223
1.5692846423211604 0.0005260956468373096
1.569784892446223 0.000526731979105067
1.5702851425712856 0.0005273491332332573
1.5707853926963482 0.000527946639730974
1.5712856428214108 0.0005285267538534645
1.5717858929464732 0.0005290933977563718
1.5722861430715356 0.0005296481331217686
1.5727863931965982 0.000530190886089183
1.5732866433216608 0.0005307215843188024
1.5737868934467234 0.000531240157016209
1.574287143571786 0.0005317477521140088
1.5747873936968484 0.0005322465151743576
1.5752876438219108 0.0005327384186577444
1.5757878939469734 0.0005332250662859902
1.576288144072036 0.0005337094178329979
1.5767883941970986 0.0005341954523838536
1.5772886443221612 0.0005346847837232981
1.5777888944472236 0.0005351774172303063
1.578289144572286 0.0005356733582723953
1.5787893946973486 0.0005361726122055099
1.5792896448224112 0.0005366782767556069
1.5797898949474738 0.0005371959295870674
1.5802901450725362 0.0005377280844142348
1.5807903951975988 0.000538274806374522
1.5812906453226612 0.0005388354762226776
1.5817908954477238 0.000539406835986257
1.5822911455727864 0.0005399863054651323
1.582791395697849 0.0005405741831218197
1.5832916458229114 0.0005411708112170584
1.583791895947974 0.0005417765088809297
1.5842921460730364 0.0005423854475613469
1.584792396198099 0.0005429866537968264
1.5852926463231616 0.0005435751985723585
1.5857928964482242 0.0005441510115323178
1.5862931465732866 0.000544714023618256
1.5867933966983492 0.0005452641670887075
1.5872936468234116 0.0005458013755387
1.5877938969484742 0.0005463264465199036
1.5882941470735368 0.0005468404923171196
1.5887943971985994 0.0005473437513252533
1.5892946473236618 0.0005478414342795838
1.5897948974487242 0.0005483432137304075
1.5902951475737868 0.0005488535292815246
1.5907953976988494 0.0005493724268736016
1.591295647823912 0.000549899953459939
1.5917958979489746 0.0005504361570184634
1.592296148074037 0.0005509810865640356
1.5927963981990994 0.0005515347921610847
1.593296648324162 0.0005520973249365695
1.5937968984492246 0.0005526671884083015
1.5942971485742872 0.0005532347101808487
1.5947973986993498 0.0005537857184426792
1.5952976488244122 0.0005543141346326938
1.5957978989494745 0.0005548198682464596
1.5962981490745372 0.0005553028290264205
1.5967983991995998 0.0005557629021298225
1.5972986493246624 0.000556199978480014
1.597798899449725 0.0005566139548349807
1.5982991495747874 0.0005570047338522691
1.5987993996998497 0.000557372224150221
1.5992996498249124 0.0005577264617633035
1.599799899949975 0.0005580849441979849
1.6003001500750376 0.0005584541016534326
1.6008004002001002 0.0005588324110727285
1.6013006503251626 0.0005592193511286086
1.601800900450225 0.0005596149853784075
1.6023011505752875 0.000560019473859427
1.6028014007003502 0.0005604329501114052
1.6033016508254128 0.0005608554534962255
1.6038019009504751 0.0005612891491307444
1.6043021510755378 0.0005617278205502801
1.6048024012006001 0.0005621561442681715
1.6053026513256627 0.0005625671291117563
1.6058029014507254 0.0005629607075669555
1.606303151575788 0.0005633368197386262
1.6068034017008503 0.0005636956243102815
1.607303651825913 0.0005640372784858055
1.6078039019509753 0.0005643617268125125
1.608304152076038 0.0005646689286701774
1.6088044022011005 0.0005649588829169589
1.6093046523261632 0.0005652421219830931
1.6098049024512255 0.0005655365966306452
1.6103051525762881 0.0005658497634817955
1.6108054027013505 0.0005661816816204234
1.6113056528264131 0.0005665324141729235
1.6118059029514757 0.0005669020283404519
1.6123061530765384 0.000567290595433411
1.6128064032016007 0.0005676983830117285
1.6133066533266633 0.0005681260205870615
1.6138069034517257 0.0005685738913428455
1.6143071535767883 0.0005690392585146695
1.614807403701851 0.0005695175411803532
1.6153076538269135 0.0005700068778030465
1.615807903951976 0.0005705072923875192
1.6163081540770383 0.0005710188396510624
1.616808404202101 0.0005715415757310811
1.6173086543271635 0.0005720755582014127
1.6178089044522261 0.0005726208460891275
1.6183091545772887 0.0005731774998918212
1.6188094047023511 0.0005737455815954123
1.6193096548274135 0.0005743224205178774
1.6198099049524761 0.0005749034746748796
1.6203101550775387 0.0005754869113157426
1.6208104052026013 0.0005760727414703035
1.621310655327664 0.0005766609782749879
1.6218109054527263 0.0005772516482352322
1.6223111555777887 0.0005778447759598953
1.6228114057028513 0.000578440372879011
1.623311655827914 0.0005790384505028367
1.6238119059529765 0.0005796365306993084
1.6243121560780391 0.0005802307426654996
1.6248124062031015 0.0005808196845519425
1.625312656328164 0.0005814033220616866
1.6258129064532265 0.0005819813613037682
1.6263131565782891 0.0005825534631094062
1.6268134067033517 0.0005831192967139413
1.6273136568284141 0.0005836784099972177
1.6278139069534767 0.0005842306000320175
1.628314157078539 0.0005847756275715876
1.6288144072036017 0.0005853132524933218
1.6293146573286643 0.0005858434350333813
1.629814907453727 0.0005863661364128449
1.6303151575787893 0.0005868813182797322
1.630815407703852 0.0005873889427155728
1.6313156578289143 0.0005878889722419233
1.631815907953977 0.000588381385668094
1.6323161580790395 0.000588866689900234
1.6328164082041021 0.0005893453781072115
1.6333166583291645 0.0005898174170838175
1.6338169084542271 0.0005902845764499941
1.6343171585792895 0.0005907495877677026
1.634817408704352 0.0005912133913147265
1.6353176588294147 0.0005916759796304148
1.6358179089544773 0.0005921373455298644
1.6363181590795397 0.0005925974818951917
1.6368184092046023 0.0005930584508789139
1.6373186593296647 0.0005935236246133545
1.6378189094547273 0.0005939943202603796
1.63831915957979 0.0005944705559291641
1.6388194097048525 0.0005949523177571834
1.639319659829915 0.0005954395979627408
1.6398199099549773 0.0005959324213597739
1.64032016008004 0.0005964308131122763
1.6408204102051025 0.0005969347987377368
1.641320660330165 0.0005974440272901849
1.6418209104552277 0.0005979578606001171
1.64232116058029 0.0005984760360840873
1.6428214107053525 0.000598998577332994
1.643321660830415 0.0005995255082321642
1.6438219109554777 0.0006000583820234803
1.6443221610805403 0.000600599534429397
1.644822411205603 0.0006011497539969471
1.6453226613306653 0.0006017089596325818
1.6458229114557277 0.0006022771005775644
1.6463231615807903 0.0006028542288380789
1.646823411705853 0.0006034379546430675
1.6473236618309155 0.0006040244017159534
1.647823911955978 0.0006046123132673987
1.6483241620810405 0.0006052024171739934
1.6488244122061029 0.0006057952466785665
1.6493246623311655 0.0006063908151631829
1.649824912456228 0.0006069891361123283
