1.1000500250125063 4.119672788193559e-05
1.1005502751375689 4.108740809261145e-05
1.1010505252626313 4.097676611814089e-05
1.1015507753876939 4.086470205570511e-05
1.1020510255127565 4.075036394806249e-05
1.1025512756378189 4.063333700569601e-05
1.1030515257628815 4.0514103243646914e-05
1.103551775887944 4.039280834798748e-05
1.1040520260130064 4.026949986646203e-05
1.104552276138069 4.0144219866505353e-05
1.1050525262631314 4.001696930919288e-05
1.105552776388194 3.988774929438418e-05
1.1060530265132567 3.975656106098469e-05
1.1065532766383193 3.9625036861708165e-05
1.1070535267633816 3.949792636916598e-05
1.1075537768884443 3.937844258301378e-05
1.1080540270135066 3.9266682217738986e-05
1.1085542771385692 3.916258563927963e-05
1.1090545272636319 3.906564694482918e-05
1.1095547773886942 3.897542501307832e-05
1.1100550275137568 3.889192979591818e-05
1.1105552776388194 3.881517196313139e-05
1.1110555277638818 3.874522662736072e-05
1.1115557778889444 3.8682003764129165e-05
1.112056028014007 3.8625031152276434e-05
1.1125562781390694 3.8574003778864036e-05
1.113056528264132 3.8528936104244116e-05
1.1135567783891946 3.848996546065669e-05
1.114057028514257 3.845811031781457e-05
1.1145572786393196 3.843426711405537e-05
1.1150575287643822 3.8418453401279314e-05
1.1155577788894446 3.841120584550523e-05
1.1160580290145072 3.841392256517435e-05
1.1165582791395698 3.842744574590421e-05
1.1170585292646322 3.8451375424320634e-05
1.1175587793896948 3.848535857615483e-05
1.1180590295147574 3.852943307623975e-05
1.1185592796398198 3.858349509107226e-05
1.1190595297648824 3.864645442636954e-05
1.119559779889945 3.8717353024792744e-05
1.1200600300150074 3.879326290838003e-05
1.12056028014007 3.886912251684462e-05
1.1210605302651326 3.8942803549611596e-05
1.121560780390195 3.90142869988083e-05
1.1220610305152576 3.908351303693594e-05
1.1225612806403202 3.915042689275673e-05
1.1230615307653826 3.921501505244265e-05
1.1235617808904452 3.9277341157453474e-05
1.1240620310155078 3.933797318525524e-05
1.1245622811405702 3.939680367206698e-05
1.1250625312656328 3.9452091099787044e-05
1.1255627813906954 3.950269292128919e-05
1.1260630315157578 3.954859568021378e-05
1.1265632816408204 3.958984864049609e-05
1.127063531765883 3.9626972750483194e-05
1.1275637818909454 3.966042981071371e-05
1.128064032016008 3.969021167447659e-05
1.1285642821410704 3.971633929406027e-05
1.129064532266133 3.973920698294557e-05
1.1295647823911956 3.9759368350950256e-05
1.1300650325162582 3.9777004462071163e-05
1.1305652826413206 3.9792108736534995e-05
1.1310655327663832 3.9804674033536905e-05
1.1315657828914456 3.9814560697592436e-05
1.1320660330165082 3.982068015231873e-05
1.1325662831415708 3.982206987772775e-05
1.1330665332666334 3.981871267153993e-05
1.1335667833916958 3.9810761526220847e-05
1.1340670335167584 3.979797523496918e-05
1.1345672836418208 3.9779944478019936e-05
1.1350675337668834 3.975665813473244e-05
1.135567783891946 3.9728107895390095e-05
1.1360680340170084 3.96942882817811e-05
1.136568284142071 3.9655349841947924e-05
1.1370685342671336 3.9612494427013674e-05
1.137568784392196 3.956677035281516e-05
1.1380690345172586 3.9519503885812665e-05
1.1385692846423212 3.946992936880235e-05
1.1390695347673836 3.941674543266999e-05
1.1395697848924462 3.9360740925614735e-05
1.1400700350175088 3.930190842761272e-05
1.1405702851425712 3.924024020987803e-05
1.1410705352676338 3.9175728232675805e-05
1.1415707853926964 3.9108285243687664e-05
1.1420710355177588 3.9037308699246496e-05
1.1425712856428214 3.8961686269096186e-05
1.143071535767884 3.8883518942532176e-05
1.1435717858929464 3.8805571907378773e-05
1.144072036018009 3.872828808763486e-05
1.1445722861430716 3.865204093485599e-05
1.145072536268134 3.857683006175123e-05
1.1455727863931966 3.85026551394412e-05
1.1460730365182592 3.842951589759833e-05
1.1465732866433216 3.835738265841377e-05
1.1470735367683842 3.828578056846045e-05
1.1475737868934468 3.821692000873817e-05
1.1480740370185092 3.815378918377514e-05
1.1485742871435718 3.8096740790411966e-05
1.1490745372686344 3.8045886739324945e-05
1.1495747873936968 3.8001322891592354e-05
1.1500750375187594 3.79630604894328e-05
1.150575287643822 3.793111094121777e-05
1.1510755377688844 3.7905485822408694e-05
1.151575787893947 3.788560967334957e-05
1.1520760380190094 3.787356579440529e-05
1.152576288144072 3.787340242961336e-05
1.1530765382691346 3.788651929190174e-05
1.1535767883941972 3.7912815794535175e-05
1.1540770385192596 3.795148782185986e-05
1.1545772886443222 3.800186689478735e-05
1.1550775387693846 3.8063993019698464e-05
1.1555777888944472 3.813790862577798e-05
1.1560780390195098 3.8225321096241495e-05
1.1565782891445724 3.8328320131134536e-05
1.1570785392696348 3.8440129694081454e-05
1.1575787893946974 3.855356079373035e-05
1.1580790395197598 3.866861330813288e-05
1.1585792896448224 3.87852436074536e-05
1.159079539769885 3.8903190795436325e-05
1.1595797898949474 3.902223322850529e-05
1.16008004002001 3.914236365795334e-05
1.1605802901450726 3.9263150090300316e-05
1.161080540270135 3.938054120492217e-05
1.1615807903951976 3.9489711584549e-05
1.1620810405202602 3.958904982842859e-05
1.1625812906453226 3.9678123172836644e-05
1.1630815407703852 3.975689194104015e-05
1.1635817908954478 3.9825554283468874e-05
1.1640820410205102 3.988544189256174e-05
1.1645822911455728 3.993766423428705e-05
1.1650825412706354 3.998220691732441e-05
1.1655827913956978 4.001605730013733e-05
1.1660830415207604 4.004102262679079e-05
1.166583291645823 4.006412425882972e-05
1.1670835417708854 4.00874756729384e-05
1.167583791895948 4.0110986115680324e-05
1.1680840420210106 4.013465664254126e-05
1.168584292146073 4.0158414467085446e-05
1.1690845422711356 4.0181843635156986e-05
1.1695847923961982 4.0204599908552315e-05
1.1700850425212606 4.022399488978453e-05
1.1705852926463232 4.023898657707118e-05
1.1710855427713858 4.025819279423835e-05
1.1715857928964482 4.028875143683926e-05
1.1720860430215108 4.03316169413358e-05
1.1725862931465734 4.038760012093684e-05
1.1730865432716358 4.045673947383973e-05
1.1735867933966984 4.0539030601924124e-05
1.174087043521761 4.063426566954877e-05
1.1745872936468233 4.074622351772977e-05
1.175087543771886 4.0885523184648876e-05
1.1755877938969483 4.105324848315157e-05
1.176088044022011 4.1243055805008155e-05
1.1765882941470736 4.145426900210941e-05
1.1770885442721362 4.168725768375874e-05
1.1775887943971985 4.194235471900151e-05
1.1780890445222612 4.221966211043634e-05
1.1785892946473235 4.2519025417123685e-05
1.1790895447723861 4.283920713660978e-05
1.1795897948974488 4.3180339395964766e-05
1.1800900450225114 4.354228115455823e-05
1.1805902951475737 4.392178450976828e-05
1.1810905452726363 4.431692204838995e-05
1.1815907953976987 4.472743682747362e-05
1.1820910455227613 4.515173707132466e-05
1.182591295647824 4.55884379345318e-05
1.1830915457728866 4.6037440333783094e-05
1.183591795897949 4.649934034473512e-05
1.1840920460230115 4.6972396288144976e-05
1.184592296148074 4.745199011074795e-05
1.1850925462731365 4.793667050403946e-05
1.1855927963981991 4.8427370348101825e-05
1.1860930465232615 4.8924272374327175e-05
1.1865932966483241 4.942757238645838e-05
1.1870935467733867 4.9937913577418095e-05
1.1875937968984491 5.045587029020875e-05
1.1880940470235117 5.09815902975652e-05
1.1885942971485743 5.151123545635501e-05
1.1890945472736367 5.203036201295297e-05
1.1895947973986993 5.252845542193515e-05
1.190095047523762 5.30057433694902e-05
1.1905952976488243 5.346231423322409e-05
1.191095547773887 5.389799435674347e-05
1.1915957978989495 5.4312683163631295e-05
1.192096048024012 5.470657894851994e-05
1.1925962981490745 5.507983563839329e-05
1.1930965482741371 5.543233277961168e-05
1.1935967983991995 5.5770234552529786e-05
1.1940970485242621 5.610233118177512e-05
1.1945972986493247 5.643119941227116e-05
1.1950975487743871 5.6756845380369416e-05
1.1955977988994497 5.70792739158376e-05
1.1960980490245123 5.7398489331109915e-05
1.1965982991495747 5.7714862633891514e-05
1.1970985492746373 5.80303756139148e-05
1.1975987993997 5.834668658191793e-05
1.1980990495247623 5.866524870438813e-05
1.198599299649825 5.8989257617947076e-05
1.1990995497748873 5.931951624105849e-05
1.19959979989995 5.965523889044681e-05
1.2001000500250125 5.999664905053481e-05
1.2006003001500751 6.034379900293558e-05
1.2011005502751375 6.069674241800924e-05
1.2016008004002001 6.105458196211069e-05
1.2021010505252625 6.141237188620655e-05
1.2026013006503251 6.176599496848991e-05
1.2031015507753877 6.211452493190832e-05
1.2036018009004503 6.245697080971654e-05
1.2041020510255127 6.27929806777844e-05
1.2046023011505753 6.312204755314871e-05
1.2051025512756377 6.344381224572997e-05
1.2056028014007003 6.375814713896305e-05
1.206103051525763 6.406493009417948e-05
1.2066033016508255 6.436508343919094e-05
1.207103551775888 6.466379935351178e-05
1.2076038019009505 6.496516522426442e-05
1.208104052026013 6.526878295465219e-05
1.2086043021510755 6.557461944037461e-05
1.2091045522761381 6.588403592267538e-05
1.2096048024012005 6.619829102955133e-05
1.210105052526263 6.651754106201603e-05
1.2106053026513257 6.684185405681926e-05
1.211105552776388 6.717130017492133e-05
1.2116058029014507 6.750540302999069e-05
1.2121060530265133 6.784150401426921e-05
1.2126063031515757 6.817744015784235e-05
1.2131065532766383 6.851319711706314e-05
1.213606803401701 6.884880050787466e-05
1.2141070535267633 6.918427449744448e-05
1.214607303651826 6.951960832576103e-05
1.2151075537768885 6.985479573173754e-05
1.215607803901951 7.018983045018822e-05
1.2161080540270135 7.052470621220107e-05
1.216608304152076 7.085975086451222e-05
1.2171085542771385 7.119654982053246e-05
1.217608804402201 7.153620856948945e-05
1.2181090545272637 7.18785952675106e-05
1.218609304652326 7.22231989990088e-05
1.2191095547773887 7.256796371838154e-05
1.2196098049024513 7.291137385083674e-05
1.2201100550275137 7.325344902498843e-05
1.2206103051525763 7.359420874335314e-05
1.221110555277639 7.3933672386133e-05
1.2216108054027013 7.427183416247836e-05
1.222111055527764 7.460881719105693e-05
1.2226113056528263 7.494499720667846e-05
1.2231115557778889 7.528062028820276e-05
1.2236118059029515 7.561531274254576e-05
1.224112056028014 7.59483419382714e-05
1.2246123061530765 7.627936697078962e-05
1.225112556278139 7.66084058527386e-05
1.2256128064032015 7.693547638117505e-05
1.226113056528264 7.726059614078308e-05
1.2266133066533267 7.758352877096062e-05
1.2271135567783893 7.790275840864062e-05
1.2276138069034517 7.821690874462784e-05
1.2281140570285143 7.852586779208522e-05
1.2286143071535767 7.882421992234985e-05
1.2291145572786393 7.910344232899164e-05
1.2296148074037019 7.936039503630323e-05
1.2301150575287645 7.959502614200824e-05
1.2306153076538269 7.98072828269658e-05
1.2311155577788895 7.999711134835729e-05
1.2316158079039519 8.016440890199808e-05
1.2321160580290145 8.030904517075512e-05
1.232616308154077 8.043093551537219e-05
1.2331165582791395 8.053002036881533e-05
1.233616808404202 8.062036439330863e-05
1.2341170585292647 8.072085183783898e-05
1.234617308654327 8.083627773511976e-05
1.2351175587793897 8.096666891671432e-05
1.2356178089044523 8.111204975199631e-05
1.2361180590295147 8.127244213149391e-05
1.2366183091545773 8.14484558344824e-05
1.2371185592796399 8.164235222924848e-05
1.2376188094047023 8.185581212969369e-05
1.2381190595297649 8.208886941884409e-05
1.2386193096548275 8.232108923494842e-05
1.2391195597798899 8.252718743305029e-05
1.2396198099049525 8.270231641659259e-05
1.240120060030015 8.28464207497086e-05
1.2406203101550775 8.295944168177316e-05
1.24112056028014 8.304131712564697e-05
1.2416208104052027 8.309237960866896e-05
1.242121060530265 8.31133154518258e-05
1.2426213106553277 8.310441160297239e-05
1.2431215607803903 8.30655970205713e-05
1.2436218109054527 8.302238429292103e-05
1.2441220610305153 8.30056696444518e-05
1.2446223111555779 8.302082308817404e-05
1.2451225612806402 8.306792157451605e-05
1.2456228114057029 8.314704097094786e-05
1.2461230615307652 8.32582560523634e-05
1.2466233116558278 8.340718339244568e-05
1.2471235617808905 8.360261126415079e-05
1.247623811905953 8.384779568401993e-05
1.2481240620310154 8.41428333093793e-05
1.248624312156078 8.44745165599349e-05
1.2491245622811404 8.48266353465071e-05
1.249624812406203 8.519625613661837e-05
1.2501250625312657 8.558340574834754e-05
1.2506253126563283 8.598811018548693e-05
1.2511255627813906 8.641039463257207e-05
1.2516258129064533 8.683579884553159e-05
1.2521260630315156 8.724499885627316e-05
1.2526263131565782 8.763314287890816e-05
1.2531265632816408 8.800021004842952e-05
1.2536268134067035 8.834546669578164e-05
1.2541270635317658 8.866818076616788e-05
1.2546273136568284 8.896833099628835e-05
1.2551275637818908 8.924588949558449e-05
1.2556278139069534 8.950082448156473e-05
1.256128064032016 8.973310025503349e-05
1.2566283141570787 8.996368005346156e-05
1.257128564282141 9.021844869661492e-05
1.2576288144072036 9.050233302228902e-05
1.258129064532266 9.081541319254048e-05
1.2586293146573286 9.115687889218195e-05
1.2591295647823912 9.152455167915817e-05
1.2596298149074536 9.191711468863236e-05
1.2601300650325162 9.23345942090009e-05
1.2606303151575788 9.277701181380964e-05
1.2611305652826412 9.324438433530695e-05
1.2616308154077038 9.371043689431108e-05
1.2621310655327664 9.414345202237675e-05
1.2626313156578288 9.45379636779511e-05
1.2631315657828914 9.48938759633298e-05
1.263631815907954 9.521135874831367e-05
1.2641320660330164 9.549108001942542e-05
1.264632316158079 9.573345307609772e-05
1.2651325662831416 9.593840124970607e-05
1.265632816408204 9.610584796957146e-05
1.2661330665332666 9.623571676433181e-05
1.266633316658329 9.634157715997151e-05
1.2671335667833916 9.644002618838624e-05
1.2676338169084542 9.65340393990658e-05
1.2681340670335168 9.662360434980029e-05
1.2686343171585792 9.670953817530106e-05
1.2691345672836418 9.679519394504451e-05
1.2696348174087042 9.688311798842311e-05
1.2701350675337668 9.697333815013679e-05
1.2706353176588294 9.706588354662804e-05
1.271135567783892 9.716078459653216e-05
1.2716358179089544 9.725879352517337e-05
1.272136068034017 9.736063401903522e-05
1.2726363181590794 9.746631120832261e-05
1.273136568284142 9.757586439265535e-05
1.2736368184092046 9.768708423909506e-05
1.2741370685342672 9.77919174951698e-05
1.2746373186593296 9.788449414435304e-05
1.2751375687843922 9.796474270556984e-05
1.2756378189094546 9.803259755212594e-05
1.2761380690345172 9.808799900289186e-05
1.2766383191595798 9.813184487473998e-05
1.2771385692846424 9.81665285974663e-05
1.2776388194097048 9.819350545642118e-05
1.2781390695347674 9.821275123123666e-05
1.2786393196598298 9.822534350272094e-05
1.2791395697848924 9.823483552479744e-05
1.279639819909955 9.824365628573169e-05
1.2801400700350176 9.825176897176298e-05
1.28064032016008 9.825917246917521e-05
1.2811405702851426 9.826586554359995e-05
1.281640820410205 9.827157012746039e-05
1.2821410705352676 9.827548566951891e-05
1.2826413206603302 9.827708555846675e-05
1.2831415707853926 9.827636320143092e-05
1.2836418209104552 9.827280084413212e-05
1.2841420710355178 9.826423104609405e-05
1.2846423211605802 9.82486947121228e-05
1.2851425712856428 9.822587671359586e-05
1.2856428214107054 9.819575771064942e-05
1.2861430715357678 9.81583191441101e-05
1.2866433216608304 9.811266385264591e-05
1.287143571785893 9.805522734690807e-05
1.2876438219109554 9.798332902406014e-05
1.288144072036018 9.789696621172909e-05
1.2886443221610806 9.77968249993723e-05
1.289144572286143 9.76849804401192e-05
1.2896448224112056 9.756214936534533e-05
1.290145072536268 9.742766969352003e-05
1.2906453226613306 9.728156540610775e-05
1.2911455727863932 9.712386578551338e-05
1.2916458229114558 9.695690373066441e-05
1.2921460730365182 9.678892159321206e-05
1.2926463231615808 9.662581638299788e-05
1.2931465732866432 9.646754554871973e-05
1.2936468234117058 9.631349264809025e-05
1.2941470735367684 9.616171879861127e-05
1.294647323661831 9.601143490620561e-05
1.2951475737868934 9.586327241687915e-05
1.295647823911956 9.571729989866628e-05
1.2961480740370184 9.55734984238905e-05
1.296648324162081 9.54307583501464e-05
1.2971485742871436 9.52855351404374e-05
1.2976488244122062 9.513542496793498e-05
1.2981490745372686 9.498046931081493e-05
1.2986493246623312 9.482160009246822e-05
1.2991495747873936 9.466182895934612e-05
1.2996498249124562 9.450328340017854e-05
1.3001500750375188 9.434607023640467e-05
1.3006503251625814 9.419024290699384e-05
1.3011505752876438 9.403578780041368e-05
1.3016508254127064 9.388318862383648e-05
1.3021510755377688 9.373454696944107e-05
1.3026513256628314 9.359176574618512e-05
1.303151575787894 9.345513038173094e-05
1.3036518259129566 9.332387678562887e-05
1.304152076038019 9.319559133672966e-05
1.3046523261630816 9.30686161441254e-05
1.305152576288144 9.294304131232106e-05
1.3056528264132066 9.281895919744656e-05
1.3061530765382692 9.269636896428166e-05
1.3066533266633318 9.257461330022416e-05
1.3071535767883942 9.245171336407773e-05
1.3076538269134568 9.232704403013228e-05
1.3081540770385192 9.220130679661636e-05
1.3086543271635818 9.207414710243973e-05
1.3091545772886444 9.194443395666174e-05
1.3096548274137068 9.181140034544364e-05
1.3101550775387694 9.167437170868719e-05
1.310655327663832 9.153192203960951e-05
1.3111555777888944 9.138330982967608e-05
1.311655827913957 9.122910601374402e-05
1.3121560780390196 9.107117431796757e-05
1.312656328164082 9.091023112945703e-05
1.3131565782891446 9.074560480654335e-05
1.313656828414207 9.05781241833424e-05
1.3141570785392696 9.04106367453078e-05
1.3146573286643322 9.024505784212305e-05
1.3151575787893948 9.008136645884323e-05
1.3156578289144572 8.991540978128075e-05
1.3161580790395198 8.974271841708805e-05
1.3166583291645821 8.956204342216001e-05
1.3171585792896447 8.937041061532438e-05
1.3176588294147074 8.916570258346235e-05
1.31815907953977 8.89477663119389e-05
1.3186593296648323 8.871575034897244e-05
1.319159579789895 8.846733129304708e-05
1.3196598299149573 8.820095905531153e-05
1.32016008004002 8.791664448997124e-05
1.3206603301650826 8.761306190227876e-05
1.3211605802901452 8.728632147656027e-05
1.3216608304152075 8.693460052218288e-05
1.3221610805402702 8.656022343069669e-05
1.3226613306653325 8.616476860191459e-05
1.3231615807903951 8.574812515293186e-05
1.3236618309154577 8.531052621636555e-05
1.3241620810405204 8.48529837059259e-05
1.3246623311655827 8.437615034005561e-05
1.3251625812906453 8.387998331067678e-05
1.3256628314157077 8.336443848968924e-05
1.3261630815407703 8.283612968641892e-05
1.326663331665833 8.230469667196953e-05
1.3271635817908956 8.1773832732743e-05
1.327663831915958 8.124419965635541e-05
1.3281640820410205 8.071644564407326e-05
1.328664332166083 8.019159626362092e-05
1.3291645822911455 7.966921798973488e-05
1.3296648324162081 7.914852588666863e-05
1.3301650825412707 7.862951233506327e-05
1.3306653326663331 7.811216976606662e-05
1.3311655827913957 7.759652652036189e-05
1.3316658329164581 7.708267251200589e-05
1.3321660830415207 7.656900687670672e-05
1.3326663331665833 7.605391866467283e-05
1.3331665832916457 7.553749428901481e-05
1.3336668334167083 7.502446146596706e-05
1.334167083541771 7.452063746102752e-05
1.3346673336668333 7.402717700947259e-05
1.335167583791896 7.354413180690433e-05
1.3356678339169585 7.307155202832474e-05
1.336168084042021 7.260948631208215e-05
1.3366683341670835 7.215881854213121e-05
1.337168584292146 7.172213607805849e-05
1.3376688344172085 7.130115373759202e-05
1.3381690845422711 7.089585495883534e-05
1.3386693346673337 7.050746154526272e-05
1.3391695847923961 7.013956996311265e-05
1.3396698349174587 6.979455543669286e-05
1.340170085042521 6.9472433260524e-05
1.3406703351675837 6.917322101931484e-05
1.3411705852926463 6.88969385964445e-05
1.341670835417709 6.86433259291748e-05
1.3421710855427713 6.840959718667456e-05
1.342671335667834 6.819174066472015e-05
1.3431715857928963 6.798827327803569e-05
1.343671835917959 6.779964743556056e-05
1.3441720860430215 6.762030337333152e-05
1.3446723361680841 6.744150072734492e-05
1.3451725862931465 6.726049085806471e-05
1.3456728364182091 6.707725502125583e-05
1.3461730865432715 6.689177406203546e-05
1.346673336668334 6.670436188682388e-05
1.3471735867933967 6.651598291076154e-05
1.3476738369184593 6.632935183073427e-05
1.3481740870435217 6.61471815637193e-05
1.3486743371685843 6.596962434625627e-05
1.3491745872936467 6.579529954779032e-05
1.3496748374187093 6.562242920924433e-05
1.350175087543772 6.545012595798114e-05
1.3506753376688345 6.52783826880562e-05
1.351175587793897 6.510719232288742e-05
1.3516758379189595 6.493618484573136e-05
1.352176088044022 6.476429713603596e-05
1.3526763381690845 6.459083483100474e-05
1.353176588294147 6.442269721053456e-05
1.3536768384192097 6.426738373915962e-05
1.354177088544272 6.412544683574953e-05
1.3546773386693347 6.399664990162972e-05
1.355177588794397 6.388037016881035e-05
1.3556778389194597 6.377619728890527e-05
1.3561780890445223 6.368416933193807e-05
1.3566783391695847 6.36044468426207e-05
1.3571785892946473 6.353742143970743e-05
1.35767883941971 6.348335983499392e-05
1.3581790895447723 6.344214758898645e-05
1.358679339669835 6.340891666091503e-05
1.3591795897948975 6.337891036159861e-05
1.3596798399199599 6.335211668195095e-05
1.3601800900450225 6.333056855023439e-05
1.3606803401700849 6.33178629799518e-05
1.3611805902951475 6.331558019108125e-05
1.36168084042021 6.332333548018392e-05
1.3621810905452727 6.333999020059841e-05
1.362681340670335 6.336480948970357e-05
1.3631815907953977 6.339780663016416e-05
1.36368184092046 6.34392510239757e-05
1.3641820910455227 6.34902041534931e-05
1.3646823411705853 6.355147071922491e-05
1.365182591295648 6.362306206768175e-05
1.3656828414207103 6.370283415934893e-05
1.3661830915457729 6.378797023644624e-05
1.3666833416708353 6.387827756932511e-05
1.3671835917958979 6.397508703897237e-05
1.3676838419209605 6.407926314131746e-05
1.368184092046023 6.419081991200257e-05
1.3686843421710855 6.430959373482458e-05
1.369184592296148 6.443472989566641e-05
1.3696848424212105 6.456272222513335e-05
1.370185092546273 6.469074743848802e-05
1.3706853426713357 6.481880515287328e-05
1.3711855927963983 6.493983133527483e-05
1.3716858429214607 6.504616187378964e-05
1.3721860930465233 6.513725776145382e-05
1.3726863431715857 6.521316686273499e-05
1.3731865932966483 6.527386818799622e-05
1.3736868434217109 6.531955051133697e-05
1.3741870935467735 6.535074267026196e-05
1.3746873436718359 6.536816563276086e-05
1.3751875937968985 6.537568628345597e-05
1.3756878439219609 6.537677665599801e-05
1.3761880940470235 6.537157724281721e-05
1.376688344172086 6.536507740511004e-05
1.3771885942971487 6.536214836363422e-05
1.377688844422211 6.536281817418287e-05
1.3781890945472737 6.536709369714064e-05
1.378689344672336 6.537468749731601e-05
1.3791895947973987 6.538484511873709e-05
1.3796898449224613 6.539710499088659e-05
1.3801900950475237 6.541136722856144e-05
1.3806903451725863 6.542501610343261e-05
1.3811905952976489 6.543553306155872e-05
1.3816908454227113 6.544264164837814e-05
1.3821910955477739 6.54452449673139e-05
1.3826913456728365 6.544251401297577e-05
1.3831915957978989 6.543443903823655e-05
1.3836918459229615 6.542117422645338e-05
1.3841920960480238 6.540312747514555e-05
1.3846923461730865 6.538054423073256e-05
1.385192596298149 6.535341745632032e-05
1.3856928464232117 6.532174033480216e-05
1.386193096548274 6.528685728296681e-05
1.3866933466733367 6.525039916901106e-05
1.387193596798399 6.521335531232455e-05
1.3876938469234616 6.517931624372372e-05
1.3881940970485243 6.515117142038688e-05
1.3886943471735869 6.512932690105257e-05
1.3891945972986492 6.511479159963164e-05
1.3896948474237119 6.510817955236531e-05
1.3901950975487742 6.510950483482222e-05
1.3906953476738368 6.511878332644618e-05
1.3911955977988995 6.51360327224179e-05
1.391695847923962 6.51643368929969e-05
1.3921960980490244 6.5207372132803e-05
1.392696348174087 6.526534782254104e-05
1.3931965982991494 6.533432784011735e-05
1.393696848424212 6.540999777323507e-05
1.3941970985492746 6.549043989975093e-05
1.3946973486743373 6.557450126318545e-05
1.3951975987993996 6.566218054708281e-05
1.3956978489244622 6.575347558097822e-05
1.3961980990495246 6.584838333804827e-05
1.3966983491745872 6.594720436937832e-05
1.3971985992996498 6.604907430677375e-05
1.3976988494247125 6.6151643626552e-05
1.3981990995497748 6.62538330355401e-05
1.3986993496748374 6.635904522150823e-05
1.3991995997998998 6.647164800399952e-05
1.3996998499249624 6.659272420207364e-05
1.400200100050025 6.672230410017031e-05
1.4007003501750876 6.686042002443688e-05
1.40120060030015 6.700710636212583e-05
1.4017008504252126 6.716222793369902e-05
1.402201100550275 6.732538278242873e-05
1.4027013506753376 6.749714404604111e-05
1.4032016008004002 6.767991315821017e-05
1.4037018509254626 6.787447897612982e-05
1.4042021010505252 6.807751209461516e-05
1.4047023511755878 6.828636730745344e-05
1.4052026013006502 6.850093743724213e-05
1.4057028514257128 6.872121535959499e-05
1.4062031015507754 6.89471928048547e-05
1.4067033516758378 6.917842736827824e-05
1.4072036018009004 6.941380923022876e-05
1.407703851925963 6.96526459830228e-05
1.4082041020510254 6.989482742098514e-05
1.408704352176088 7.01401397530801e-05
1.4092046023011506 7.039002011877329e-05
1.409704852426213 7.064267641687514e-05
1.4102051025512756 7.089380497085171e-05
1.410705352676338 7.114246067908047e-05
1.4112056028014006 7.138864870120639e-05
1.4117058529264632 7.16332468101177e-05
1.4122061030515258 7.187844758431403e-05
1.4127063531765882 7.212559872156041e-05
1.4132066033016508 7.237475802472297e-05
1.4137068534267132 7.26258347896974e-05
1.4142071035517758 7.287940138420321e-05
1.4147073536768384 7.313651324578262e-05
1.415207603801901 7.339925477571175e-05
1.4157078539269634 7.367059799132782e-05
1.416208104052026 7.395183575778054e-05
1.4167083541770884 7.424222032121597e-05
1.417208604302151 7.453976962930804e-05
1.4177088544272136 7.484330454531387e-05
1.4182091045522762 7.515285459845135e-05
1.4187093546773386 7.546690473610805e-05
1.4192096048024012 7.578182628732736e-05
1.4197098549274636 7.609535509639048e-05
1.4202101050525262 7.640705906455692e-05
1.4207103551775888 7.671579371091097e-05
1.4212106053026514 7.701903137981588e-05
1.4217108554277138 7.731602684979938e-05
1.4222111055527764 7.760902720761697e-05
1.4227113556778388 7.789935800072776e-05
1.4232116058029014 7.818698929874186e-05
1.423711855927964 7.847262148497045e-05
1.4242121060530266 7.875792953419973e-05
1.424712356178089 7.904388108783601e-05
1.4252126063031516 7.933049012857153e-05
1.425712856428214 7.961835414497434e-05
1.4262131065532766 7.990819336507018e-05
1.4267133566783392 8.020008588291353e-05
1.4272136068034016 8.049212466584073e-05
1.4277138569284642 8.078242140624945e-05
1.4282141070535268 8.107091741494961e-05
1.4287143571785892 8.135926730674784e-05
1.4292146073036518 8.165136447921059e-05
1.4297148574287144 8.194943928255366e-05
1.4302151075537768 8.22535299535635e-05
1.4307153576788394 8.256367598020562e-05
1.431215607803902 8.288041769833406e-05
1.4317158579289644 8.320507414979733e-05
1.432216108054027 8.35378186415868e-05
1.4327163581790896 8.387771087626483e-05
1.433216608304152 8.422446579706113e-05
1.4337168584292146 8.457538502395175e-05
1.434217108554277 8.492422419513692e-05
1.4347173586793396 8.526740331460613e-05
1.4352176088044022 8.560480374700367e-05
1.4357178589294648 8.593631023005001e-05
1.4362181090545272 8.626181100435295e-05
1.4367183591795898 8.658301307854116e-05
1.4372186093046522 8.69039658965434e-05
1.4377188594297148 8.722706978762584e-05
1.4382191095547774 8.755266317265959e-05
1.43871935967984 8.788317428328378e-05
1.4392196098049024 8.822356724760715e-05
1.439719859929965 8.857666873871259e-05
1.4402201100550274 8.89426042063195e-05
1.44072036018009 8.932150741218659e-05
1.4412206103051526 8.971352059066139e-05
1.4417208604302152 9.011794003020117e-05
1.4422211105552776 9.053292446770591e-05
1.4427213606803402 9.09579641890242e-05
1.4432216108054026 9.139449448973442e-05
1.4437218609304652 9.184145663936958e-05
1.4442221110555278 9.229518146664898e-05
1.4447223611805904 9.27539404656561e-05
1.4452226113056528 9.321774137563319e-05
1.4457228614307154 9.368659179285017e-05
1.4462231115557778 9.416049916942353e-05
1.4467233616808404 9.463743208675304e-05
1.447223611805903 9.511267265890696e-05
1.4477238619309656 9.558345477824845e-05
1.448224112056028 9.604981172695689e-05
1.4487243621810906 9.650801047846847e-05
1.449224612306153 9.695244422128392e-05
1.4497248624312156 9.738066585559511e-05
1.4502251125562782 9.779191701849873e-05
1.4507253626813406 9.8186062394809e-05
1.4512256128064032 9.856297636967638e-05
1.4517258629314658 9.89258396285379e-05
1.4522261130565282 9.92820573464541e-05
1.4527263631815908 9.963582498439107e-05
1.4532266133066534 9.998753920620574e-05
1.4537268634317158 0.00010033799821236048
1.4542271135567784 0.0001006878855326938
1.454727363681841 0.00010103907102512467
1.4552276138069034 0.00010139334243616255
1.455727863931966 0.0001017509182643495
1.4562281140570286 0.00010211188685635653
1.456728364182091 0.00010247370442805036
1.4572286143071536 0.0001028305294314673
1.457728864432216 0.00010317907034312345
1.4582291145572785 0.00010351926510579888
1.4587293646823412 0.00010385191903305042
1.4592296148074038 0.00010417884195287003
1.4597298649324661 0.00010450100011170178
1.4602301150575288 0.00010481932931221559
1.4607303651825911 0.00010513556023496817
1.4612306153076537 0.00010544963342985508
1.4617308654327164 0.0001057623434586213
1.462231115557779 0.00010607734762190799
1.4627313656828413 0.00010639669521864553
1.463231615807904 0.00010672045076946812
1.4637318659329663 0.00010704749737685245
1.464232116058029 0.00010737537628744269
1.4647323661830915 0.00010770278353498903
1.4652326163081542 0.00010802973070484984
1.4657328664332165 0.00010835622938069723
1.4662331165582791 0.00010868147326249161
1.4667333666833415 0.00010900817264582974
1.4672336168084041 0.00010934105296250891
1.4677338669334667 0.0001096813255595367
1.4682341170585294 0.00011002901170028103
1.4687343671835917 0.00011038423464364632
1.4692346173086543 0.00011074723142279284
1.4697348674337167 0.00011111814032563688
1.4702351175587793 0.0001114969891315057
1.470735367683842 0.00011188380608384221
1.4712356178089045 0.00011227822968081577
1.471735867933967 0.00011267943555185773
1.4722361180590295 0.00011308570510530087
1.472736368184092 0.00011349400796373309
1.4732366183091545 0.00011390257893043653
1.4737368684342171 0.00011431317763398759
1.4742371185592795 0.00011472949881846874
1.4747373686843421 0.00011515352023552922
1.4752376188094047 0.00011558533546631099
1.4757378689344671 0.00011602504111371492
1.4762381190595297 0.00011647273687226175
1.4767383691845923 0.00011692752481172584
1.4772386193096547 0.00011738734304783467
1.4777388694347173 0.00011785114106254947
1.47823911955978 0.00011831901218105174
1.4787393696848423 0.00011878542534754706
1.479239619809905 0.0001192402719358614
1.4797398699349675 0.0001196788952484511
1.48024012006003 0.00012010108157233214
1.4807403701850925 0.00012050662883985591
1.481240620310155 0.00012089534693370232
1.4817408704352175 0.00012126844067671129
1.4822411205602801 0.00012162869416925456
1.4827413706853427 0.00012197754720901969
1.4832416208104051 0.00012231490701548507
1.4837418709354677 0.00012264432357168972
1.48424212106053 0.0001229736502397939
1.4847423711855927 0.00012330746449331755
1.4852426213106553 0.00012364610919855665
1.485742871435718 0.00012398963271008202
1.4862431215607803 0.00012433808471362204
1.486743371685843 0.00012469139819907166
1.4872436218109053 0.0001250493762645946
1.487743871935968 0.0001254119388136828
1.4882441220610305 0.0001257791357691705
1.4887443721860931 0.00012615360927901835
1.4892446223111555 0.00012654066657576978
1.4897448724362181 0.00012694293855862893
1.4902451225612805 0.00012736100008355967
1.490745372686343 0.0001277957348580082
1.4912456228114057 0.00012824750189369634
1.4917458729364683 0.00012871448448286565
1.4922461230615307 0.00012919263390083472
1.4927463731865933 0.0001296798881682516
1.4932466233116557 0.00013017637048380072
1.4937468734367183 0.00013067679541692735
1.494247123561781 0.0001311703743098654
1.4947473736868435 0.00013165156196225594
1.495247623811906 0.0001321201520323681
1.4957478739369685 0.00013257579243895464
1.496248124062031 0.00013301676444753808
1.4967483741870935 0.00013344640264931676
1.497248624312156 0.0001338746738477405
1.4977488744372185 0.00013430677452140092
1.498249124562281 0.00013474277125455854
1.4987493746873437 0.0001351816001453996
1.499249624812406 0.000135621076148849
1.4997498749374687 0.00013606011733147274
1.5002501250625313 0.0001364987347283243
1.500750375187594 0.00013693693940003244
1.5012506253126563 0.00013737474243399815
1.5017508754377187 0.00013780819609430175
1.5022511255627813 0.00013823009221715875
1.502751375687844 0.00013863708244148666
1.5032516258129065 0.000139028982929317
1.503751875937969 0.00013940831341995797
1.5042521260630315 0.00013978021046574137
1.5047523761880939 0.00014014717307743788
1.5052526263131565 0.00014050914680229355
1.505752876438219 0.0001408660782874817
1.5062531265632817 0.00014121791530525088
1.506753376688344 0.00014156158987339526
1.5072536268134067 0.00014189094787081183
1.507753876938469 0.00014220286045768483
1.5082541270635317 0.00014249707102654543
1.5087543771885943 0.00014277443206501481
1.509254627313657 0.00014303706538252613
1.5097548774387193 0.00014328596772016875
1.5102551275637819 0.0001435210774354963
1.5107553776888443 0.0001437423408809556
1.5112556278139069 0.00014394971244181747
1.5117558779389695 0.00014414926514449478
1.512256128064032 0.0001443531538656773
1.5127563781890945 0.00014456745439588646
1.513256628314157 0.00014479219884343722
1.5137568784392195 0.0001450256743312621
1.514257128564282 0.00014526397498950698
1.5147573786893447 0.00014550493018841235
1.5152576288144073 0.00014574855247498746
1.5157578789394697 0.00014599485721934275
1.5162581290645323 0.00014624386016030648
1.5167583791895947 0.00014649681460948683
1.5172586293146573 0.00014675618413216744
1.5177588794397199 0.000147023208372547
1.5182591295647825 0.00014729793142754415
1.5187593796898449 0.00014758178398585698
1.5192596298149073 0.0001478774536377788
1.5197598799399699 0.00014818599118853086
1.5202601300650325 0.0001485050975418911
1.520760380190095 0.00014883252319525852
1.5212606303151577 0.00014916814127720926
1.52176088044022 0.00014950916753405941
1.5222611305652824 0.00014985002968441295
1.522761380690345 0.00015018799783883478
1.5232616308154077 0.0001505230841713345
1.5237618809404703 0.00015085443288172294
1.5242621310655329 0.0001511804138688658
1.5247623811905953 0.00015150025103672008
1.5252626313156576 0.00015181392817318023
1.5257628814407203 0.00015212153410573825
1.5262631315657829 0.0001524242945408676
1.5267633816908455 0.00015272237337976894
1.527263631815908 0.0001530136385093227
1.5277638819409705 0.0001532969011401377
1.5282641320660328 0.0001535721173621059
1.5287643821910955 0.00015383916067360202
1.529264632316158 0.00015409783285391798
1.5297648824412207 0.0001543480206344243
1.530265132566283 0.0001545896848811942
1.5307653826913457 0.00015482278831100771
1.531265632816408 0.0001550472955089871
1.5317658829414706 0.00015526518791781174
1.5322661330665333 0.00015548094286502024
1.5327663831915959 0.00015569658385862698
1.5332666333166582 0.00015591165948399276
1.5337668834417209 0.00015612706693214783
1.5342671335667832 0.00015634446140480026
1.5347673836918458 0.00015656461688012734
1.5352676338169085 0.00015678755866272955
1.535767883941971 0.00015701331265609091
1.5362681340670334 0.00015724190537251008
1.536768384192096 0.0001574718616166027
1.5372686343171584 0.00015770034590868932
1.537768884442221 0.00015792600844220317
1.5382691345672836 0.00015814990892843074
1.5387693846923463 0.00015837027156312799
1.5392696348174086 0.00015858508544334312
1.5397698849424712 0.00015879518314944444
1.5402701350675336 0.000159000569453767
1.5407703851925962 0.00015920124856536502
1.5412706353176588 0.0001593972241292102
1.5417708854427215 0.0001595894339583476
1.5422711355677838 0.00015977964461773718
1.5427713856928462 0.00015996869715519872
1.5432716358179088 0.0001601566130797307
1.5437718859429714 0.00016034222479880149
1.544272136068034 0.00016052298370910917
1.5447723861930966 0.000160690189481644
1.545272636318159 0.00016083230298817304
1.5457728864432214 0.00016094508217692004
1.546273136568284 0.00016102845428498335
1.5467733866933466 0.0001610824334840203
1.5472736368184092 0.0001611071087921764
1.5477738869434718 0.00016110247652377749
1.5482741370685342 0.0001610684522161328
1.5487743871935966 0.0001610030486560141
1.5492746373186592 0.00016090276401742738
1.5497748874437218 0.00016076599319148088
1.5502751375687844 0.00016059286803630303
1.550775387693847 0.00016038774066607544
1.5512756378189094 0.00016016914098371642
1.5517758879439718 0.0001599505092615371
1.5522761380690344 0.00015973014152135777
1.552776388194097 0.00015950727264014606
1.5532766383191596 0.0001592819278605945
1.5537768884442222 0.00015905832762229876
1.5542771385692846 0.00015884394401939717
1.554777388694347 0.00015864204142627543
1.5552776388194096 0.0001584526197936193
1.5557778889444722 0.00015827568264079734
1.5562781390695348 0.00015811123728787512
1.5567783891945972 0.00015796245853564835
1.5572786393196598 0.00015783050115346516
1.5577788894447222 0.00015771293424404108
1.5582791395697848 0.00015760936456878498
1.5587793896948474 0.00015751569412994127
1.55927963981991 0.00015742466659665657
1.5597798899449724 0.0001573331502147627
1.560280140070035 0.0001572411624827889
1.5607803901950974 0.00015714872115563192
1.56128064032016 0.00015705584423344188
1.5617808904452226 0.00015696375105591463
1.5622811405702852 0.00015687463416205627
1.5627813906953476 0.00015679675796398152
1.5632816408204102 0.00015673915415640813
1.5637818909454726 0.00015670073811256829
1.5642821410705352 0.00015668363715277611
1.5647823911955978 0.00015669283980485264
1.5652826413206604 0.0001567284050841774
1.5657828914457228 0.00015679040908902952
1.5662831415707852 0.00015687894515193325
1.5667833916958478 0.00015699603217346887
1.5672836418209104 0.00015714524141549128
1.567783891945973 0.00015732828323787676
1.5682841420710356 0.0001575453880548062
1.568784392196098 0.00015778435989629707
1.5692846423211604 0.000158011712570089
1.569784892446223 0.00015821100628625437
1.5702851425712856 0.00015838960700619614
1.5707853926963482 0.00015855008368539895
1.5712856428214108 0.0001586923309574205
1.5717858929464732 0.00015881189988925328
1.5722861430715356 0.00015890091794953007
1.5727863931965982 0.0001589558303121687
1.5732866433216608 0.00015897648533849361
1.5737868934467234 0.00015896966927547257
1.574287143571786 0.0001589471716590449
1.5747873936968484 0.000158913906497852
1.5752876438219108 0.00015887107459980316
1.5757878939469734 0.00015882020004926657
1.576288144072036 0.00015875590126066035
1.5767883941970986 0.0001586767839512708
1.5772886443221612 0.00015859042541799997
1.5777888944472236 0.0001585000816021372
1.578289144572286 0.00015840570663569855
1.5787893946973486 0.0001583008066406697
1.5792896448224112 0.00015817432964875067
1.5797898949474738 0.00015802164277255707
1.5802901450725362 0.00015784264154942705
1.5807903951975988 0.00015763722532632522
1.5812906453226612 0.00015740800159629923
1.5817908954477238 0.0001571605621865155
1.5822911455727864 0.0001568917222974491
1.582791395697849 0.00015659361505802064
1.5832916458229114 0.00015626454526567772
1.583791895947974 0.00015590629840203893
1.5842921460730364 0.00015552183449963936
1.584792396198099 0.0001551124436389401
1.5852926463231616 0.0001546782801845758
1.5857928964482242 0.00015421952056759848
1.5862931465732866 0.00015373636304851534
1.5867933966983492 0.00015323771081594953
1.5872936468234116 0.00015273869088653814
1.5877938969484742 0.00015224058964291703
1.5882941470735368 0.0001517355421911583
1.5887943971985994 0.00015121819195084771
1.5892946473236618 0.00015068455743043587
1.5897948974487242 0.00015013313221600095
1.5902951475737868 0.0001495637783808775
1.5907953976988494 0.00014897634940682177
1.591295647823912 0.00014837069005896973
1.5917958979489746 0.00014774004267134974
1.592296148074037 0.00014707303934930691
1.5927963981990994 0.00014636504038482702
1.593296648324162 0.00014561616746712176
1.5937968984492246 0.00014482668962838163
1.5942971485742872 0.0001440026935830291
1.5947973986993498 0.00014315015503197587
1.5952976488244122 0.00014227261506503074
1.5957978989494745 0.00014137419920905801
1.5962981490745372 0.00014045599936273487
1.5967983991995998 0.00013952449787275184
1.5972986493246624 0.00013858972567979587
1.597798899449725 0.00013765555436222332
1.5982991495747874 0.00013672177713891352
1.5987993996998497 0.00013578818748260607
1.5992996498249124 0.00013485457896760236
1.599799899949975 0.0001339207451176008
1.6003001500750376 0.00013298743488444865
1.6008004002001002 0.00013205717451944123
1.6013006503251626 0.00013113159585759212
1.601800900450225 0.00013021107130906608
1.6023011505752875 0.00012929499528812957
1.6028014007003502 0.00012838229491556855
1.6033016508254128 0.00012747287328573073
1.6038019009504751 0.00012656663401562277
1.6043021510755378 0.0001256634812103497
1.6048024012006001 0.00012476331942870702
1.6053026513256627 0.00012386605364889775
1.6058029014507254 0.0001229715892343517
1.606303151575788 0.00012207920141006775
1.6068034017008503 0.0001211905892229208
1.607303651825913 0.00012030972472328379
1.6078039019509753 0.00011943896308068334
1.608304152076038 0.00011858317209213237
1.6088044022011005 0.00011774649481264002
1.6093046523261632 0.00011692899963793738
1.6098049024512255 0.00011613075407711852
1.6103051525762881 0.00011535182474279534
1.6108054027013505 0.00011459227734133598
1.6113056528264131 0.00011385217666318985
1.6118059029514757 0.00011313158657330012
1.6123061530765384 0.00011243057000160648
1.6128064032016007 0.00011174918893364155
1.6133066533266633 0.00011108409646818149
1.6138069034517257 0.00011043135125160959
1.6143071535767883 0.00010979095773246859
1.614807403701851 0.00010916606119540874
1.6153076538269135 0.00010855927492628225
1.615807903951976 0.0001079706648086243
1.6163081540770383 0.00010740088640376828
1.616808404202101 0.00010685093605893447
1.6173086543271635 0.0001063212063575152
1.6178089044522261 0.00010581173355375109
1.6183091545772887 0.00010532255406153123
1.6188094047023511 0.00010485370445509503
1.6193096548274135 0.00010440516227529588
1.6198099049524761 0.00010397493392294315
1.6203101550775387 0.00010356108020725018
1.6208104052026013 0.00010316507684086403
1.621310655327664 0.00010279281899382069
1.6218109054527263 0.00010244876870363354
1.6223111555777887 0.00010213297796404855
1.6228114057028513 0.00010184549899736633
1.623311655827914 0.00010158638425545906
1.6238119059529765 0.00010135568642079418
1.6243121560780391 0.00010115399368358073
1.6248124062031015 0.00010098222693039277
1.625312656328164 0.00010084077126334413
1.6258129064532265 0.00010072892360906464
1.6263131565782891 0.0001006418841192998
1.6268134067033517 0.0001005756454531931
1.6273136568284141 0.00010053094035942858
1.6278139069534767 0.00010051080667947753
1.628314157078539 0.00010051764816208484
1.6288144072036017 0.00010055152882417844
1.6293146573286643 0.00010061251620599625
1.629814907453727 0.00010070068139914508
1.6303151575787893 0.0001008160990758887
1.630815407703852 0.00010095884751968563
1.6313156578289143 0.00010112900865699653
1.631815907953977 0.00010132666809038309
1.6323161580790395 0.00010155110446431227
1.6328164082041021 0.00010179881637316149
1.6333166583291645 0.00010206710400935101
1.6338169084542271 0.00010235580185919605
1.6343171585792895 0.00010266256990151477
1.634817408704352 0.00010298494791206114
1.6353176588294147 0.00010332263924777185
1.6358179089544773 0.00010367569465120159
1.6363181590795397 0.00010404346584984539
1.6368184092046023 0.00010442490506415099
1.6373186593296647 0.00010481964944065242
1.6378189094547273 0.00010522771789259913
1.63831915957979 0.00010564912794261607
1.6388194097048525 0.00010608240514161917
1.639319659829915 0.00010652151479497385
1.6398199099549773 0.00010696189182778658
1.64032016008004 0.00010740351544358823
1.6408204102051025 0.0001078415713161859
1.641320660330165 0.00010827121456283261
1.6418209104552277 0.00010869238568733235
1.64232116058029 0.00010910503948399654
1.6428214107053525 0.00010950913153856185
1.643321660830415 0.00010990461823974699
1.6438219109554777 0.00011029145679064511
1.6443221610805403 0.0001106695136669518
1.644822411205603 0.00011103860184762277
1.6453226613306653 0.00011139795846512861
1.6458229114557277 0.00011174444751053017
1.6463231615807903 0.00011207619982289897
1.646823411705853 0.00011239409827034125
1.6473236618309155 0.00011269839666008023
1.647823911955978 0.00011298902318475056
1.6483241620810405 0.00011326593838984502
1.6488244122061029 0.00011352911069085437
1.6493246623311655 0.0001137785088063449
1.649824912456228 0.00011401410176044428
1.6503251625812907 0.0001142358588853167
1.650825412706353 0.00011444374982362527
1.6513256628314157 0.0001146377445309827
1.651825912956478 0.00011481806447738326
1.6523261630815407 0.00011498657555146467
1.6528264132066033 0.00011514489724196704
1.653326663331666 0.00011529300791424234
1.6538269134567283 0.0001154180225297629
1.6543271635817909 0.0001154980494086652
1.6548274137068533 0.00011552446351792074
1.6553276638319159 0.00011549760258436933
1.6558279139569785 0.00011541735998541006
1.656328164082041 0.0001152842007675808
1.6568284142071035 0.0001150988726843943
1.657328664332166 0.00011486153559113737
1.6578289144572285 0.00011457204814251561
1.658329164582291 0.00011423025857221978
1.6588294147073537 0.00011384092281336486
1.6593296648324163 0.00011340881759393043
1.6598299149574787 0.00011293380102120691
1.6603301650825413 0.00011242296175694133
1.6608304152076037 0.00011190257950143101
1.6613306653326663 0.00011139176667357874
1.6618309154577289 0.00011089050343134273
1.6623311655827915 0.00011039877169219956
1.6628314157078539 0.0001099165551366284
1.6633316658329163 0.00010944383921246875
1.6638319159579789 0.00010898061114016418
1.6643321660830415 0.0001085262554712993
1.664832416208104 0.00010807984808083115
1.6653326663331667 0.00010764111063817941
1.665832916458229 0.00010721009277101686
1.6663331665832914 0.00010678641245071128
1.666833416708354 0.00010636949283102134
1.6673336668334167 0.00010596553302115643
1.6678339169584793 0.0001055814552187471
1.6683341670835419 0.00010521782959619585
1.6688344172086043 0.00010487473191958275
1.6693346673336666 0.00010455223888586808
1.6698349174587293 0.000104250428132353
1.6703351675837919 0.00010396937824627315
1.6708354177088545 0.00010370916877453487
1.671335667833917 0.00010346988023358822
1.6718359179589795 0.00010326496181824729
1.6723361680840418 0.0001031181000750913
1.6728364182091044 0.00010303970764389368
1.673336668334167 0.00010303006426204768
1.6738369184592297 0.00010308411165002103
1.674337168584292 0.00010319143527596422
1.6748374187093547 0.00010334664513055691
1.675337668834417 0.00010354966140430354
1.6758379189594796 0.00010380067280822068
1.6763381690845423 0.00010409866387358087
1.6768384192096049 0.00010444203895919253
1.6773386693346672 0.00010483037497051354
1.6778389194597298 0.00010526378795324598
1.6783391695847922 0.00010573479079615656
1.6788394197098548 0.00010621578277139746
1.6793396698349174 0.00010668664246561496
1.67983991995998 0.00010714727297073339
1.6803401700850424 0.00010759729729629363
1.680840420210105 0.00010803278137599941
1.6813406703351674 0.00010845006293821836
1.68184092046023 0.00010884903590134388
1.6823411705852926 0.00010922959883031192
1.6828414207103553 0.00010959165500276329
1.6833416708354176 0.00010993511247230141
1.6838419209604802 0.00011025988412876937
1.6843421710855426 0.00011056631914914481
1.6848424212106052 0.00011085498567217525
1.6853426713356678 0.00011111939300957599
1.6858429214607304 0.00011135231602135909
1.6863431715857928 0.00011155502896380423
1.6868434217108552 0.00011173016447613114
1.6873436718359178 0.00011188224355756555
1.6878439219609804 0.00011201784510621416
1.688344172086043 0.0001121398185480593
1.6888444222111056 0.00011224814617440476
1.689344672336168 0.0001123428091027492
1.6898449224612304 0.00011242378727081514
1.690345172586293 0.00011249105943031217
1.6908454227113556 0.00011254460314043095
1.6913456728364182 0.0001125843947610653
1.6918459229614808 0.0001126159178126948
1.6923461730865432 0.00011264960680821133
1.6928464232116056 0.0001126904083255968
1.6933466733366682 0.00011273833869623183
1.6938469234617308 0.00011279345020886025
1.6943471735867934 0.00011286558808145407
1.694847423711856 0.00011296521406280343
1.6953476738369184 0.00011309302432368549
1.6958479239619808 0.00011324910806415516
1.6963481740870434 0.0001134326226440286
1.696848424212106 0.00011364232864625186
1.6973486743371686 0.00011387792319726077
1.697848924462231 0.0001141395003704878
1.6983491745872936 0.0001144274484101479
1.698849424712356 0.00011474581299356846
1.6993496748374186 0.00011509837091653936
1.6998499249624812 0.00011548526055355715
1.7003501750875438 0.00011590662613174202
1.7008504252126062 0.00011635861149510284
1.7013506753376688 0.00011683102541294312
1.7018509254627312 0.00011731764760415336
1.7023511755877938 0.0001178185674605862
1.7028514257128564 0.0001183338770128613
1.703351675837919 0.00011886367097045676
1.7038519259629814 0.00011940804676313654
1.704352176088044 0.00011996503417612015
1.7048524262131064 0.00012053170056515087
1.705352676338169 0.00012110327145552605
1.7058529264632316 0.00012167288630269534
1.7063531765882942 0.0001222378755560826
1.7068534267133566 0.0001227986801540597
1.7073536768384192 0.00012335539722993453
1.7078539269634816 0.0001239129732279724
1.7083541770885442 0.00012447834292464132
1.7088544272136068 0.00012505347356324813
1.7093546773386694 0.0001256383720307307
1.7098549274637318 0.00012623304429852907
1.7103551775887942 0.00012683749541624728
1.7108554277138568 0.0001274517295054918
1.7113556778389194 0.00012807574975389575
1.711855927963982 0.00012870952162897576
1.7123561780890446 0.00012934420324286117
1.712856428214107 0.00012997095090569504
1.7133566783391694 0.00013058970856476117
1.713856928464232 0.0001312004207118713
1.7143571785892946 0.0001318041716574081
1.7148574287143572 0.00013238946075554917
1.7153576788394198 0.00013294351908285683
1.7158579289644822 0.00013346616462703883
1.7163581790895446 0.0001339577584294212
1.7168584292146072 0.0001344188382535531
1.7173586793396698 0.0001348494985257907
1.7178589294647324 0.00013524966116414662
1.718359179589795 0.00013561924453323276
1.7188594297148574 0.0001359623415123029
1.7193596798399198 0.00013628965398744018
1.7198599299649824 0.00013660774424005366
1.720360180090045 0.00013691659592617183
1.7208604302151076 0.0001372161916459318
1.72136068034017 0.00013750696327460287
1.7218609304652326 0.00013779101419587541
1.722361180590295 0.00013807000623376338
1.7228614307153576 0.0001383439345748561
1.7233616808404202 0.00013861279384170657
1.7238619309654828 0.00013887657808816763
1.7243621810905452 0.00013913486364765864
1.7248624312156078 0.00013938705406379984
1.7253626813406702 0.00013963296471783296
1.7258629314657328 0.00013986737178855354
1.7263631815907954 0.00014008117935291703
1.726863431715858 0.0001402698004647096
1.7273636818409204 0.00014043246898697267
1.727863931965983 0.00014056906654495182
1.7283641820910454 0.00014068213518454747
1.728864432216108 0.0001407786226129267
1.7293646823411706 0.00014086285141343114
1.7298649324662332 0.00014093476858462992
1.7303651825912956 0.00014099432275277733
1.7308654327163582 0.0001410414641951105
1.7313656828414206 0.0001410761448626835
1.7318659329664832 0.00014109831840272027
1.7323661830915458 0.0001411079401804716
1.7328664332166084 0.000141118652362694
1.7333666833416708 0.00014114425946985728
1.7338669334667332 0.00014118490951821986
1.7343671835917958 0.0001412401532543237
1.7348674337168584 0.0001413093489067697
1.735367683841921 0.00014139354766327518
1.7358679339669836 0.00014149525982946336
1.736368184092046 0.00014161638880294192
1.7368684342171083 0.00014175777431203
1.737368684342171 0.00014191966208827527
1.7378689344672336 0.00014210209161368893
1.7383691845922962 0.00014230509948856513
1.7388694347173588 0.0001425287194108371
1.7393696848424212 0.00014277251285951654
1.7398699349674835 0.0001430342974030249
1.7403701850925462 0.0001433123515700732
1.7408704352176088 0.00014360668864177374
1.7413706853426714 0.00014391731953794035
1.741870935467734 0.0001442442528065262
1.7423711855927964 0.00014458384574601052
1.7428714357178587 0.00014492934590604558
1.7433716858429213 0.00014527763716888208
1.743871935967984 0.0001456286983929338
1.7443721860930466 0.00014598444019614325
1.744872436218109 0.00014634749444294762
1.7453726863431716 0.00014671858069850586
1.745872936468234 0.0001470977244190939
1.7463731865932965 0.00014748245538747867
1.7468734367183592 0.00014786585857027776
1.7473736868434218 0.00014824350450844316
1.7478739369684841 0.000148615401001514
1.7483741870935467 0.0001489815553215833
1.7488744372186091 0.00014934197421286068
1.7493746873436717 0.00014969615330819998
1.7498749374687343 0.00015004314944357024
1.750375187593797 0.0001503825275561283
1.7508754377188593 0.00015071428819167087
1.751375687843922 0.0001510384311711915
1.7518759379689843 0.0001513549555883135
1.752376188094047 0.0001516638598065383
1.7528764382191095 0.00015196514145630747
1.7533766883441722 0.00015225756302973388
1.7538769384692345 0.0001525385806534336
1.7543771885942971 0.0001528062206394596
1.7548774387193595 0.00015305957535133167
1.7553776888444221 0.00015329838793212805
1.7558779389694847 0.00015352262565069893
1.7563781890945473 0.00015373249351915256
1.7568784392196097 0.0001539281887776655
1.7573786893446721 0.00015410967140590875
1.7578789394697347 0.00015427691049782114
1.7583791895947973 0.00015442987415588785
1.75887943971986 0.00015456852948352807
1.7593796898449225 0.00015469284257728784
1.759879939969985 0.00015480277851883368
1.7603801900950473 0.0001549020452776088
1.76088044022011 0.00015499754470369605
1.7613806903451725 0.0001550924531359572
1.7618809404702351 0.00015518677186295355
1.7623811905952977 0.00015528050214125204
1.7628814407203601 0.00015537364519540412
1.7633816908454225 0.00015546749841698946
1.7638819409704851 0.0001555656010639808
1.7643821910955477 0.00015566994360731828
1.7648824412206103 0.00015578019700225596
1.765382691345673 0.00015589629543045176
1.7658829414707353 0.0001560182590064772
1.7663831915957977 0.0001561453287776808
1.7668834417208603 0.00015627651356681926
1.767383691845923 0.00015641212396868298
1.7678839419709855 0.00015655314954035886
1.768384192096048 0.00015670005555457362
1.7688844422211105 0.00015685285687308694
1.769384692346173 0.00015701156817294614
1.7698849424712355 0.00015717620394453574
1.7703851925962981 0.00015734635408640665
1.7708854427213607 0.0001575198705639341
1.771385692846423 0.00015769502194123145
1.7718859429714857 0.00015787180936630807
1.772386193096548 0.00015805023392328864
1.7728864432216107 0.00015823029663202668
1.7733866933466733 0.0001584119984477217
1.773886943471736 0.00015859534026054176
1.7743871935967983 0.00015878006446387263
1.774887443721861 0.00015896591725701978
1.7753876938469233 0.00015915290132275655
1.775887943971986 0.00015934101241306617
1.7763881940970485 0.00015953081147103353
1.7768884442221111 0.00015972301913790327
1.7773886943471735 0.00015991779434117352
1.777888944472236 0.00016010914673292225
1.7783891945972985 0.00016029087528117143
1.778889444722361 0.00016046276260378185
1.7793896948474237 0.0001606247806440441
1.7798899449724863 0.00016077690149143145
1.7803901950975487 0.0001609190973833935
1.780890445222611 0.00016105134070715056
1.7813906953476737 0.00016117226255506808
1.7818909454727363 0.00016127817513193843
1.782391195597799 0.0001613667220731102
1.7828914457228615 0.00016143785776042864
1.783391695847924 0.00016149153685418013
1.7838919459729863 0.00016152771429616368
1.7843921960980489 0.00016154717891156886
1.7848924462231115 0.00016155963378824368
1.785392696348174 0.0001615779651817165
1.7858929464732367 0.00016160617741778493
1.786393196598299 0.0001616444128544716
1.7868934467233615 0.0001616928448886957
1.787393696848424 0.00016175153239941876
1.7878939469734867 0.0001618205052709411
1.7883941970985493 0.00016190023251980496
1.788894447223612 0.0001619929786301775
1.7893946973486743 0.00016210057827482888
1.7898949474737367 0.00016222307762170368
1.7903951975987993 0.00016236052400590817
1.7908954477238619 0.00016251296594060844
1.7913956978489245 0.0001626804531281888
1.791895947973987 0.00016286254728929464
1.7923961980990495 0.0001630578755292041
1.7928964482241119 0.00016326555041290734
1.7933966983491745 0.00016348561742709838
1.793896948474237 0.00016371812307789077
1.7943971985992997 0.00016396251435919033
1.794897448724362 0.0001642180680918679
1.7953976988494247 0.00016448465725471987
1.795897948974487 0.00016476851905980691
1.7963981990995497 0.00016507676570768235
1.7968984492246123 0.00016541049089187392
1.7973986993496749 0.00016576994866060945
1.7978989494747373 0.0001661552377525351
1.7983991995997999 0.00016656645916306195
1.7988994497248623 0.00016700371616894675
1.7993996998499249 0.00016746777808484355
1.7998999499749875 0.00016795945808524646
1.80040020010005 0.00016847890980800469
1.8009004502251125 0.00016902625109448685
1.801400700350175 0.00016960160232419005
1.8019009504752375 0.00017020508644428466
1.8024012006003 0.00017083682899982896
1.8029014507253627 0.00017148795315686426
1.8034017008504253 0.00017214539761342017
1.8039019509754877 0.0001728050633111407
1.80440220110055 0.0001734668532283547
1.8049024512256127 0.0001741306345697828
1.8054027013506753 0.00017479640191227783
1.8059029514757379 0.00017546418320095474
1.8064032016008005 0.00017613136701953065
1.8069034517258629 0.0001767939806039106
1.8074037018509252 0.00017745065748318818
1.8079039519759879 0.00017810134558523508
1.8084042021010505 0.00017874599308853367
1.808904452226113 0.00017938454843136647
1.8094047023511757 0.00018001696032102167
1.809904952476238 0.0001806436884563594
1.8104052026013004 0.00018126617046827746
1.810905452726363 0.00018188533954655543
1.8114057028514257 0.00018250115627462262
1.8119059529764883 0.0001831135813393821
1.8124062031015509 0.00018372257553761958
1.8129064532266133 0.00018432809978243488
1.8134067033516756 0.0001849301151096932
1.8139069534767382 0.0001855230423902079
1.8144072036018009 0.00018610036817137717
1.8149074537268635 0.00018666090728407472
1.815407703851926 0.00018720437600280222
1.8159079539769885 0.00018773067812637056
1.8164082041020508 0.00018824007772307085
1.8169084542271134 0.00018873292255369562
1.817408704352176 0.00018920851455741486
1.8179089544772387 0.00018966603887444027
1.818409204602301 0.00019010537431050036
1.8189094547273637 0.00019052644162824463
1.819409704852426 0.00019092916355348914
1.8199099549774886 0.00019131346480035972
1.8204102051025512 0.0001916792720959582
1.8209104552276139 0.0001920279806855838
1.8214107053526762 0.00019236316687487267
1.8219109554777388 0.00019268695183988533
1.8224112056028012 0.00019299928757009197
1.8229114557278638 0.00019330012732672513
1.8234117058529264 0.00019358942565754627
1.823911955977989 0.0001938671384112811
1.8244122061030514 0.00019413615074122625
1.824912456228114 0.00019440078036634336
1.8254127063531764 0.00019466243341211646
1.825912956478239 0.00019492110702215668
1.8264132066033016 0.0001951780334777954
1.8269134567283642 0.00019543469988726492
1.8274137068534266 0.00019569136524193282
1.8279139569784892 0.00019594804486009214
1.8284142071035516 0.00019620483048117624
1.8289144572286142 0.00019646183665191554
1.8294147073536768 0.0001967191018285778
1.8299149574787394 0.0001969766420974212
1.8304152076038018 0.000197234473634426
1.8309154577288642 0.00019749261270893202
1.8314157078539268 0.00019775107568732096
1.8319159579789894 0.0001980155978690626
1.832416208104052 0.00019829208352558898
1.8329164582291146 0.0001985807313227028
1.833416708354177 0.00019888159579901975
1.8339169584792394 0.00019919473319266007
1.834417208604302 0.0001995198097593345
1.8349174587293646 0.00019985640574781666
1.8354177088544272 0.0002002042540105868
1.8359179589794898 0.00020056056904469523
1.8364182091045522 0.00020092056002518976
1.8369184592296146 0.00020128159535927155
1.8374187093546772 0.00020164325712048364
1.8379189594797398 0.0002020055356151428
1.8384192096048024 0.00020236842106609058
1.838919459729865 0.00020273038774700695
1.8394197098549274 0.00020308765543802516
1.8399199599799898 0.0002034379469433138
1.8404202101050524 0.00020378122838767473
1.840920460230115 0.0002041174662117561
1.8414207103551776 0.00020444662717740512
1.84192096048024 0.00020476867837299987
1.8424212106053026 0.00020508358721876168
1.842921460730365 0.0002053902228095983
1.8434217108554276 0.0002056852773630467
1.8439219609804902 0.00020596653140119516
1.8444222111055528 0.0002062325814849804
1.8449224612306152 0.00020648174498417985
1.8454227113556778 0.00020671368610819882
1.8459229614807402 0.00020692833850696873
1.8464232116058028 0.0002071281158066968
1.8469234617308654 0.0002073158629924552
1.847423711855928 0.00020749196002614367
1.8479239619809904 0.00020765637698951336
1.848424212106053 0.0002078090837144044
1.8489244622311154 0.00020795004978101485
1.849424712356178 0.00020807924451615183
1.8499249624812406 0.00020819663699146604
