1.1000500250125063 9.270181935770556e-05
1.1005502751375689 9.266668497397883e-05
1.1010505252626313 9.263017662848138e-05
1.1015507753876939 9.259274926831666e-05
1.1020510255127565 9.255487131433712e-05
1.1025512756378189 9.251679005494861e-05
1.1030515257628815 9.247850574877659e-05
1.103551775887944 9.244016332721444e-05
1.1040520260130064 9.24041032418685e-05
1.104552276138069 9.237265848056738e-05
1.1050525262631314 9.234597136402571e-05
1.105552776388194 9.232397453070488e-05
1.1060530265132567 9.230654404900046e-05
1.1065532766383193 9.229333670394303e-05
1.1070535267633816 9.228093487044342e-05
1.1075537768884443 9.226620886660716e-05
1.1080540270135066 9.224981702608037e-05
1.1085542771385692 9.22345407273197e-05
1.1090545272636319 9.222153215144766e-05
1.1095547773886942 9.220982389501612e-05
1.1100550275137568 9.219569903778905e-05
1.1105552776388194 9.217292055500317e-05
1.1110555277638818 9.21389667249327e-05
1.1115557778889444 9.20943896522585e-05
1.112056028014007 9.204525926800235e-05
1.1125562781390694 9.199615580963873e-05
1.113056528264132 9.194528517491083e-05
1.1135567783891946 9.189174667001762e-05
1.114057028514257 9.183529013753092e-05
1.1145572786393196 9.178012631558609e-05
1.1150575287643822 9.173400451112444e-05
1.1155577788894446 9.170026121404508e-05
1.1160580290145072 9.167892014099973e-05
1.1165582791395698 9.166991442009831e-05
1.1170585292646322 9.16718771501252e-05
1.1175587793896948 9.168340981616345e-05
1.1180590295147574 9.170441597308184e-05
1.1185592796398198 9.173504054629575e-05
1.1190595297648824 9.177484819011571e-05
1.119559779889945 9.182202376172188e-05
1.1200600300150074 9.18753308721094e-05
1.12056028014007 9.193479674805634e-05
1.1210605302651326 9.200044959420487e-05
1.121560780390195 9.207130568154985e-05
1.1220610305152576 9.214514911098692e-05
1.1225612806403202 9.22207656675299e-05
1.1230615307653826 9.229816540721613e-05
1.1235617808904452 9.237809381442505e-05
1.1240620310155078 9.246145794712444e-05
1.1245622811405702 9.254842793742284e-05
1.1250625312656328 9.263901383066032e-05
1.1255627813906954 9.27334911727981e-05
1.1260630315157578 9.283327932485139e-05
1.1265632816408204 9.293948566315802e-05
1.127063531765883 9.305164246081076e-05
1.1275637818909454 9.316932913085851e-05
1.128064032016008 9.329175670789796e-05
1.1285642821410704 9.341618198749148e-05
1.129064532266133 9.354141899104724e-05
1.1295647823911956 9.3668234870234e-05
1.1300650325162582 9.379624310837236e-05
1.1305652826413206 9.392430422312505e-05
1.1310655327663832 9.405166385064312e-05
1.1315657828914456 9.417833327629708e-05
1.1320660330165082 9.430445182371697e-05
1.1325662831415708 9.443025075361735e-05
1.1330665332666334 9.455672810453591e-05
1.1335667833916958 9.468481227264025e-05
1.1340670335167584 9.481472411387845e-05
1.1345672836418208 9.49460926475222e-05
1.1350675337668834 9.50776998524926e-05
1.135567783891946 9.520888442735122e-05
1.1360680340170084 9.533964537208358e-05
1.136568284142071 9.547002855827218e-05
1.1370685342671336 9.560043291896749e-05
1.137568784392196 9.573117617068879e-05
1.1380690345172586 9.586222076571461e-05
1.1385692846423212 9.599363348116062e-05
1.1390695347673836 9.612558786586609e-05
1.1395697848924462 9.625797805555885e-05
1.1400700350175088 9.639059666860709e-05
1.1405702851425712 9.652345180123935e-05
1.1410705352676338 9.665655161500314e-05
1.1415707853926964 9.678974061499006e-05
1.1420710355177588 9.692198020559833e-05
1.1425712856428214 9.705253988587761e-05
1.143071535767884 9.718156595323505e-05
1.1435717858929464 9.730904135237183e-05
1.144072036018009 9.743451939725637e-05
1.1445722861430716 9.755755628387996e-05
1.145072536268134 9.767813524923344e-05
1.1455727863931966 9.779623976677978e-05
1.1460730365182592 9.791185355141376e-05
1.1465732866433216 9.802494588548148e-05
1.1470735367683842 9.813631145521806e-05
1.1475737868934468 9.824676885831017e-05
1.1480740370185092 9.836035270713706e-05
1.1485742871435718 9.848364178634881e-05
1.1490745372686344 9.861821247083448e-05
1.1495747873936968 9.876311052900044e-05
1.1500750375187594 9.89183620271714e-05
1.150575287643822 9.90839919437395e-05
1.1510755377688844 9.926001357847815e-05
1.151575787893947 9.944629407860646e-05
1.1520760380190094 9.964295305023769e-05
1.152576288144072 9.98454301489332e-05
1.1530765382691346 0.00010004528403948408
1.1535767883941972 0.0001002392782710953
1.1540770385192596 0.00010042972915382027
1.1545772886443222 0.00010061857532134188
1.1550775387693846 0.00010080583035904013
1.1555777888944472 0.00010099150759615391
1.1560780390195098 0.00010117566849003058
1.1565782891445724 0.000101358254851437
1.1570785392696348 0.00010153970914231069
1.1575787893946974 0.00010172196921661632
1.1580790395197598 0.00010190642708161555
1.1585792896448224 0.00010209279295060674
1.159079539769885 0.00010227935587473337
1.1595797898949474 0.00010246469073226011
1.16008004002001 0.00010264878142328933
1.1605802901450726 0.00010283205364881641
1.161080540270135 0.00010301593828482427
1.1615807903951976 0.00010320065247883862
1.1620810405202602 0.00010338538885272762
1.1625812906453226 0.00010357012675108733
1.1630815407703852 0.00010375487238856273
1.1635817908954478 0.00010393977154534623
1.1640820410205102 0.00010412559863601703
1.1645822911455728 0.00010431299695946141
1.1650825412706354 0.00010450198690843607
1.1655827913956978 0.00010469156799199176
1.1660830415207604 0.00010488146140972709
1.166583291645823 0.00010507452042678282
1.1670835417708854 0.00010527194064359568
1.167583791895948 0.00010547280159309063
1.1680840420210106 0.0001056771203652289
1.168584292146073 0.00010588458634022016
1.1690845422711356 0.00010609345677306504
1.1695847923961982 0.0001063022956478425
1.1700850425212606 0.00010651192777354568
1.1705852926463232 0.00010672429604228941
1.1710855427713858 0.00010693953138706142
1.1715857928964482 0.00010715660749739012
1.1720860430215108 0.00010737524404790536
1.1725862931465734 0.00010759519794555117
1.1730865432716358 0.00010781645183578759
1.1735867933966984 0.0001080395277561781
1.174087043521761 0.00010826722536183069
1.1745872936468233 0.00010850183690370355
1.175087543771886 0.0001087419227324653
1.1755877938969483 0.00010898591536072556
1.176088044022011 0.00010923372465212324
1.1765882941470736 0.00010948529998360447
1.1770885442721362 0.00010974014113419044
1.1775887943971985 0.00010999782418522153
1.1780890445222612 0.00011025836666977008
1.1785892946473235 0.00011052133220862643
1.1790895447723861 0.00011078442341487859
1.1795897948974488 0.00011104599394264883
1.1800900450225114 0.00011130632733862059
1.1805902951475737 0.00011156531063873326
1.1810905452726363 0.00011182274298600016
1.1815907953976987 0.00011207871352775799
1.1820910455227613 0.00011233393138363258
1.182591295647824 0.00011258899521940325
1.1830915457728866 0.00011284388955000766
1.183591795897949 0.00011309883592761698
1.1840920460230115 0.00011335499547978886
1.184592296148074 0.0001136138620444455
1.1850925462731365 0.00011387643437868948
1.1855927963981991 0.00011414315794895457
1.1860930465232615 0.00011441404597703183
1.1865932966483241 0.00011468936327960625
1.1870935467733867 0.00011497063295645998
1.1875937968984491 0.00011525914619767783
1.1880940470235117 0.00011555494938535023
1.1885942971485743 0.00011585795498342555
1.1890945472736367 0.00011616732363192624
1.1895947973986993 0.00011648118269699227
1.190095047523762 0.0001167984016573874
1.1905952976488243 0.00011711900759973123
1.191095547773887 0.00011744302806669199
1.1915957978989495 0.00011776997477110337
1.192096048024012 0.00011809686449191942
1.1925962981490745 0.00011842118688066487
1.1930965482741371 0.00011874289921396538
1.1935967983991995 0.00011906193134154236
1.1940970485242621 0.00011937877836160054
1.1945972986493247 0.0001196946842996863
1.1950975487743871 0.00012001033158908967
1.1955977988994497 0.00012032568433102629
1.1960980490245123 0.00012064070655323231
1.1965982991495747 0.0001209557564464648
1.1970985492746373 0.00012127303094271996
1.1975987993997 0.00012159436079534212
1.1980990495247623 0.00012191975611682145
1.198599299649825 0.00012224886949083492
1.1990995497748873 0.0001225797520711648
1.19959979989995 0.00012291056533365587
1.2001000500250125 0.000123241071108381
1.2006003001500751 0.00012357127739326862
1.2011005502751375 0.0001239011921989887
1.2016008004002001 0.0001242306420923405
1.2021010505252625 0.0001245586352734438
1.2026013006503251 0.0001248843485101144
1.2031015507753877 0.00012520776859289287
1.2036018009004503 0.00012553006424525842
1.2041020510255127 0.0001258533449081069
1.2046023011505753 0.00012617854486159815
1.2051025512756377 0.00012650566444786775
1.2056028014007003 0.00012683470395352211
1.206103051525763 0.00012716566360937713
1.2066033016508255 0.0001274989714653727
1.207103551775888 0.00012783692512362337
1.2076038019009505 0.0001281814240477231
1.208104052026013 0.00012853160662784402
1.2086043021510755 0.00012888507520978607
1.2091045522761381 0.00012923974857284603
1.2096048024012005 0.00012959507070140362
1.210105052526263 0.00012995107063116552
1.2106053026513257 0.00013030777762423047
1.211105552776388 0.00013066522117773422
1.2116058029014507 0.00013102272313044504
1.2121060530265133 0.00013137661371440397
1.2126063031515757 0.00013172387998664796
1.2131065532766383 0.00013206606399930896
1.213606803401701 0.00013240503918151978
1.2141070535267633 0.00013274127710007812
1.214607303651826 0.00013307492785548502
1.2151075537768885 0.00013340595340708577
1.215607803901951 0.00013373431604274874
1.2161080540270135 0.00013405997839189827
1.216608304152076 0.00013438349963570913
1.2171085542771385 0.00013470788089086264
1.217608804402201 0.00013503531821846374
1.2181090545272637 0.00013536514588295315
1.218609304652326 0.00013569605094043263
1.2191095547773887 0.00013602660089089783
1.2196098049024513 0.00013635624981630286
1.2201100550275137 0.00013668500972461702
1.2206103051525763 0.00013701289259133228
1.221110555277639 0.00013733991036107504
1.2216108054027013 0.0001376657638431022
1.222111055527764 0.00013798892046053718
1.2226113056528263 0.00013830775052768338
1.2231115557778889 0.00013862172946416538
1.2236118059029515 0.0001389325840610541
1.224112056028014 0.0001392428556363327
1.2246123061530765 0.00013955322866252362
1.225112556278139 0.00013986369573399553
1.2256128064032015 0.00014017424941136354
1.226113056528264 0.00014048488222194087
1.2266133066533267 0.0001407957638787649
1.2271135567783893 0.00014110800815077956
1.2276138069034517 0.0001414240259196531
1.2281140570285143 0.00014174529674289136
1.2286143071535767 0.00014206997395150878
1.2291145572786393 0.0001423959138284797
1.2296148074037019 0.00014272283611918452
1.2301150575287645 0.0001430507518563473
1.2306153076538269 0.00014337967216593398
1.2311155577788895 0.00014370960826853965
1.2316158079039519 0.00014404060763399676
1.2321160580290145 0.0001443720765215305
1.232616308154077 0.00014470258507503592
1.2331165582791395 0.00014503134117319882
1.233616808404202 0.00014535921987139557
1.2341170585292647 0.00014568733806596528
1.234617308654327 0.00014601594597176242
1.2351175587793897 0.00014634505655995657
1.2356178089044523 0.00014667468289381066
1.2361180590295147 0.00014700483813070102
1.2366183091545773 0.0001473353747606965
1.2371185592796399 0.00014766659316312904
1.2376188094047023 0.00014799921621205087
1.2381190595297649 0.00014833351650970263
1.2386193096548275 0.00014866833068787253
1.2391195597798899 0.0001490018177629655
1.2396198099049525 0.000149333297306687
1.240120060030015 0.0001496627564040617
1.2406203101550775 0.00014999018215318372
1.24112056028014 0.00015031556166606672
1.2416208104052027 0.00015063879741334808
1.242121060530265 0.00015095892739567452
1.2426213106553277 0.00015127506886777447
1.2431215607803903 0.00015158720039951508
1.2436218109054527 0.00015189598717173166
1.2441220610305153 0.00015220245905336123
1.2446223111555779 0.00015250696396421044
1.2451225612806402 0.0001528094900980459
1.2456228114057029 0.0001531100256660592
1.2461230615307652 0.00015340855889765052
1.2466233116558278 0.00015370531464754998
1.2471235617808905 0.00015400121555903497
1.247623811905953 0.00015429695445538964
1.2481240620310154 0.00015459253117405545
1.248624312156078 0.00015488735549969246
1.2491245622811404 0.0001551803813042759
1.249624812406203 0.00015547114768913996
1.2501250625312657 0.0001557596449686527
1.2506253126563283 0.00015604586345192934
1.2511255627813906 0.00015632979344306638
1.2516258129064533 0.00015661126441738845
1.2521260630315156 0.00015688989396334493
1.2526263131565782 0.00015716545889743678
1.2531265632816408 0.00015743794654118554
1.2536268134067035 0.00015770822371037694
1.2541270635317658 0.00015797854756900918
1.2546273136568284 0.00015825031076643984
1.2551275637818908 0.00015852352771229589
1.2556278139069534 0.0001587982129833708
1.256128064032016 0.0001590743813262861
1.2566283141570787 0.0001593530125551689
1.257128564282141 0.00015963569663032988
1.2576288144072036 0.00015992306394755184
1.258129064532266 0.0001602151412118434
1.2586293146573286 0.00016051354956771484
1.2591295647823912 0.00016082446356449555
1.2596298149074536 0.00016115254522183672
1.2601300650325162 0.00016149797067105807
1.2606303151575788 0.00016186092812728724
1.2611305652826412 0.00016224161818069303
1.2616308154077038 0.00016263822841661835
1.2621310655327664 0.00016304819569092397
1.2626313156578288 0.00016347098045659325
1.2631315657828914 0.00016390679878194078
1.263631815907954 0.00016435090480228855
1.2641320660330164 0.00016478609089255132
1.264632316158079 0.00016519982855623077
1.2651325662831416 0.0001655918454220861
1.265632816408204 0.00016596188119641462
1.2661330665332666 0.00016630968807134655
1.266633316658329 0.0001666370683883217
1.2671335667833916 0.00016694612491990123
1.2676338169084542 0.0001672369404777773
1.2681340670335168 0.0001675093340425693
1.2686343171585792 0.00016776558651407527
1.2691345672836418 0.00016801419927765115
1.2696348174087042 0.00016826131973148706
1.2701350675337668 0.0001685069450254694
1.2706353176588294 0.00016875105937045007
1.271135567783892 0.00016899364703297422
1.2716358179089544 0.00016923373045014465
1.272136068034017 0.00016947005764966083
1.2726363181590794 0.00016970233501264006
1.273136568284142 0.00016993053847280592
1.2736368184092046 0.0001701547241105144
1.2741370685342672 0.00017037452859163297
1.2746373186593296 0.00017058906612643556
1.2751375687843922 0.00017079786936720852
1.2756378189094546 0.00017100091274527737
1.2761380690345172 0.00017119817100281294
1.2766383191595798 0.0001713909333546391
1.2771385692846424 0.0001715813039418434
1.2776388194097048 0.00017177008150716253
1.2781390695347674 0.0001719572590717937
1.2786393196598298 0.00017214306723198073
1.2791395697848924 0.00017232864987703903
1.279639819909955 0.00017251600396593842
1.2801400700350176 0.0001727062226202655
1.28064032016008 0.0001728993177077804
1.2811405702851426 0.00017309530123916613
1.281640820410205 0.000173293421751911
1.2821410705352676 0.00017349250429953697
1.2826413206603302 0.00017369213328184905
1.2831415707853926 0.00017389231196526393
1.2836418209104552 0.00017409279782180446
1.2841420710355178 0.00017429277807533234
1.2846423211605802 0.00017448922117418962
1.2851425712856428 0.00017467926632747772
1.2856428214107054 0.00017486250469947253
1.2861430715357678 0.00017503891148600552
1.2866433216608304 0.0001752091203398251
1.287143571785893 0.0001753742913516867
1.2876438219109554 0.00017553493086489396
1.288144072036018 0.00017569102344265812
1.2886443221610806 0.0001758429016050979
1.289144572286143 0.00017599168551397468
1.2896448224112056 0.00017613899553997018
1.290145072536268 0.00017628672639677685
1.2906453226613306 0.00017643593782537065
1.2911455727863932 0.0001765866387540469
1.2916458229114558 0.00017673782770500463
1.2921460730365182 0.0001768868598147727
1.2926463231615808 0.0001770320872588703
1.2931465732866432 0.00017717349472631206
1.2936468234117058 0.0001773109355317619
1.2941470735367684 0.00017744397238235454
1.294647323661831 0.00017757229708985757
1.2951475737868934 0.0001776950033568744
1.295647823911956 0.0001778111653635217
1.2961480740370184 0.00017792074287908684
1.296648324162081 0.00017802171134284245
1.2971485742871436 0.00017810641693540266
1.2976488244122062 0.0001781691728251794
1.2981490745372686 0.00017820990600327504
1.2986493246623312 0.0001782281821213521
1.2991495747873936 0.00017822277201859596
1.2996498249124562 0.0001781928382399091
1.3001500750375188 0.00017813771080174546
1.3006503251625814 0.00017805601783651718
1.3011505752876438 0.00017794706738858906
1.3016508254127064 0.00017781674109820607
1.3021510755377688 0.00017768536357621727
1.3026513256628314 0.00017756736535255778
1.303151575787894 0.00017746270629954975
1.3036518259129566 0.00017737179687862394
1.304152076038019 0.0001772959841815094
1.3046523261630816 0.00017723618246830945
1.305152576288144 0.00017719238879698114
1.3056528264132066 0.00017715980510174412
1.3061530765382692 0.00017713327893183534
1.3066533266633318 0.00017710970026950964
1.3071535767883942 0.0001770793519691081
1.3076538269134568 0.00017703523908230251
1.3081540770385192 0.00017697730704955094
1.3086543271635818 0.0001769052442567709
1.3091545772886444 0.00017681818279942547
1.3096548274137068 0.00017671552203504852
1.3101550775387694 0.00017659721454719066
1.310655327663832 0.00017645858411328264
1.3111555777888944 0.00017628608643336977
1.311655827913957 0.00017607067156100755
1.3121560780390196 0.00017581256096295498
1.312656328164082 0.00017551253760751751
1.3131565782891446 0.00017517094536270396
1.313656828414207 0.00017478780820103724
1.3141570785392696 0.00017436345225477977
1.3146573286643322 0.00017389804844413444
1.3151575787893948 0.00017339146088137317
1.3156578289144572 0.00017284355150012096
1.3161580790395198 0.0001722684185560773
1.3166583291645821 0.00017168570295482578
1.3171585792896447 0.00017109989559672964
1.3176588294147074 0.00017050886471527845
1.31815907953977 0.00016991144310068765
1.3186593296648323 0.00016930744073488747
1.319159579789895 0.00016869632499480654
1.3196598299149573 0.000168077743715691
1.32016008004002 0.0001674516913641292
1.3206603301650826 0.00016681816281170992
1.3211605802901452 0.00016617706065946163
1.3216608304152075 0.00016552630215258362
1.3221610805402702 0.0001648644584721181
1.3226613306653325 0.0001641946945909622
1.3231615807903951 0.00016352001960970953
1.3236618309154577 0.0001628409606688711
1.3241620810405204 0.0001621578869316184
1.3246623311655827 0.00016147103108138567
1.3251625812906453 0.00016078037095468813
1.3256628314157077 0.00016008588417979608
1.3261630815407703 0.00015938754817451336
1.326663331665833 0.00015868600609717886
1.3271635817908956 0.00015798324815194522
1.327663831915958 0.00015727972513366058
1.3281640820410205 0.00015657343244769253
1.328664332166083 0.00015586328941122422
1.3291645822911455 0.00015514939820309004
1.3296648324162081 0.00015443182658549969
1.3301650825412707 0.00015371057936401628
1.3306653326663331 0.00015298566152624702
1.3311655827913957 0.00015225707824238432
1.3316658329164581 0.00015152495459618868
1.3321660830415207 0.00015078864850150565
1.3326663331665833 0.00015004659810606335
1.3331665832916457 0.00014929894512563096
1.3336668334167083 0.00014854676799702662
1.334167083541771 0.00014779043055337615
1.3346673336668333 0.00014703014831966182
1.335167583791896 0.000146265904091502
1.3356678339169585 0.00014549768053824953
1.336168084042021 0.0001447254602019423
1.3366683341670835 0.00014394954971216025
1.337168584292146 0.00014317094365997834
1.3376688344172085 0.00014239088503125555
1.3381690845422711 0.00014161080656597378
1.3386693346673337 0.00014083197357065246
1.3391695847923961 0.00014005413974104076
1.3396698349174587 0.00013927665903182214
1.340170085042521 0.00013849952641915974
1.3406703351675837 0.0001377227368632106
1.3411705852926463 0.00013694628530790516
1.341670835417709 0.00013616980111418004
1.3421710855427713 0.00013539215604702924
1.342671335667834 0.00013461260516644527
1.3431715857928963 0.0001338352556406918
1.343671835917959 0.00013306999621664583
1.3441720860430215 0.00013232341395561013
1.3446723361680841 0.00013159633502949735
1.3451725862931465 0.00013088883092236212
1.3456728364182091 0.00013020097279193017
1.3461730865432715 0.0001295328314641753
1.346673336668334 0.0001288846896688812
1.3471735867933967 0.0001282572610579771
1.3476738369184593 0.00012765103885390875
1.3481740870435217 0.0001270658810354598
1.3486743371685843 0.0001265004461831173
1.3491745872936467 0.00012596339323345314
1.3496748374187093 0.00012546461492283955
1.350175087543772 0.0001250042157395089
1.3506753376688345 0.00012458230315261863
1.351175587793897 0.0001241989876400066
1.3516758379189595 0.00012385426658270495
1.352176088044022 0.00012354790827783099
1.3526763381690845 0.00012327980121189464
1.353176588294147 0.0001230500691519039
1.3536768384192097 0.0001228592908572323
1.354177088544272 0.0001226994423739183
1.3546773386693347 0.00012255580794449285
1.355177588794397 0.0001224222340334525
1.3556778389194597 0.000122298758020482
1.3561780890445223 0.00012218541684312986
1.3566783391695847 0.00012208238410719335
1.3571785892946473 0.00012199010260382939
1.35767883941971 0.0001219088781575943
1.3581790895447723 0.00012183874720400152
1.358679339669835 0.00012177984761859405
1.3591795897948975 0.00012173222446536964
1.3596798399199599 0.00012169565990802524
1.3601800900450225 0.00012167002831280493
1.3606803401700849 0.00012165536486302266
1.3611805902951475 0.00012165170496183021
1.36168084042021 0.00012165897728244383
1.3621810905452727 0.00012167690467899142
1.362681340670335 0.00012170531574751359
1.3631815907953977 0.00012174424399982446
1.36368184092046 0.00012179364032912382
1.3641820910455227 0.00012185332153913822
1.3646823411705853 0.00012192189684699223
1.365182591295648 0.00012199405568032686
1.3656828414207103 0.00012206575636282773
1.3661830915457729 0.00012213699580328175
1.3666833416708353 0.00012220774249598689
1.3671835917958979 0.00012227791126675973
1.3676838419209605 0.0001223474449454653
1.368184092046023 0.00012241633970499688
1.3686843421710855 0.00012248484120485248
1.369184592296148 0.00012255359176336034
1.3696848424212105 0.00012262298747278336
1.370185092546273 0.0001226941225044706
1.3706853426713357 0.00012276844174525462
1.3711855927963983 0.00012284630179937696
1.3716858429214607 0.0001229276006801304
1.3721860930465233 0.00012301202774516915
1.3726863431715857 0.00012309938363681282
1.3731865932966483 0.00012318967622359703
1.3736868434217109 0.00012328273924771334
1.3741870935467735 0.00012337813515230428
1.3746873436718359 0.00012347559786229679
1.3751875937968985 0.00012357513025465576
1.3756878439219609 0.00012367609823317005
1.3761880940470235 0.00012377715368086886
1.376688344172086 0.00012387788207649628
1.3771885942971487 0.00012397919014133128
1.377688844422211 0.00012408168928611726
1.3781890945472737 0.00012418538421296463
1.378689344672336 0.00012429042141175086
1.3791895947973987 0.00012439716375443
1.3796898449224613 0.0001245058345592278
1.3801900950475237 0.0001246164427758315
1.3806903451725863 0.00012472899750582184
1.3811905952976489 0.00012483909359818488
1.3816908454227113 0.0001249441914082392
1.3821910955477739 0.00012504648786026629
1.3826913456728365 0.00012514629986070205
1.3831915957978989 0.0001252436198753345
1.3836918459229615 0.00012533819657798727
1.3841920960480238 0.00012542941430033407
1.3846923461730865 0.00012551689776825668
1.385192596298149 0.00012560063315364943
1.3856928464232117 0.00012568060677886183
1.386193096548274 0.00012575701941985043
1.3866933466733367 0.00012583678190568914
1.387193596798399 0.00012592309671049268
1.3876938469234616 0.00012601012298415841
1.3881940970485243 0.0001260955239835727
1.3886943471735869 0.0001261796286271187
1.3891945972986492 0.00012626325983677137
1.3896948474237119 0.000126346907152666
1.3901950975487742 0.00012643056991160312
1.3906953476738368 0.00012651424744767722
1.3911955977988995 0.0001265979390922829
1.391695847923962 0.00012668116651899642
1.3921960980490244 0.00012675613842803813
1.392696348174087 0.0001268161993013341
1.3931965982991494 0.00012686331786201843
1.393696848424212 0.00012689835861330804
1.3941970985492746 0.0001269202560296412
1.3946973486743373 0.00012692836526318935
1.3951975987993996 0.00012692264615383157
1.3956978489244622 0.00012690305858491016
1.3961980990495246 0.00012686956248440475
1.3966983491745872 0.00012682200379519282
1.3971985992996498 0.00012676042931134335
1.3976988494247125 0.0001266877823008571
1.3981990995497748 0.00012660699253298698
1.3986993496748374 0.00012652180085990274
1.3991995997998998 0.00012643651762870106
1.3996998499249624 0.00012635187400087642
1.400200100050025 0.00012626786859566529
1.4007003501750876 0.00012618450007571974
1.40120060030015 0.00012610176714714902
1.4017008504252126 0.00012601976054758086
1.402201100550275 0.00012593871982844652
1.4027013506753376 0.00012585901424816824
1.4032016008004002 0.00012578278854695946
1.4037018509254626 0.0001257117544638187
1.4042021010505252 0.00012564446028528526
1.4047023511755878 0.0001255793080160014
1.4052026013006502 0.00012551594048243136
1.4057028514257128 0.00012545436208689914
1.4062031015507754 0.00012539457734160717
1.4067033516758378 0.00012533631561025192
1.4072036018009004 0.00012527887003328493
1.407703851925963 0.00012522180746774418
1.4082041020510254 0.00012516515249036986
1.408704352176088 0.00012510905369281515
1.4092046023011506 0.00012505306637229947
1.409704852426213 0.0001249967367899105
1.4102051025512756 0.00012494040239836065
1.410705352676338 0.0001248842861254456
1.4112056028014006 0.00012482839187457013
1.4117058529264632 0.0001247729137196371
1.4122061030515258 0.00012471834079767205
1.4127063531765882 0.000124664972937446
1.4132066033016508 0.00012461281562239077
1.4137068534267132 0.00012456205579893645
1.4142071035517758 0.00012451367410953672
1.4147073536768384 0.00012446851320445203
1.415207603801901 0.0001244266238986965
1.4157078539269634 0.00012439036915630242
1.416208104052026 0.00012436231777316476
1.4167083541770884 0.00012434253797011634
1.417208604302151 0.0001243306686521993
1.4177088544272136 0.00012432650047382443
1.4182091045522762 0.00012433005561949235
1.4187093546773386 0.0001243424965633497
1.4192096048024012 0.00012436645871311268
1.4197098549274636 0.00012440075847352508
1.4202101050525262 0.00012444197787585864
1.4207103551775888 0.0001244893805317586
1.4212106053026514 0.00012454250587380983
1.4217108554277138 0.00012460057190786492
1.4222111055527764 0.00012466366954544945
1.4227113556778388 0.00012473221355518047
1.4232116058029014 0.00012480623234372473
1.423711855927964 0.00012488381174537467
1.4242121060530266 0.0001249605698928644
1.424712356178089 0.00012503404322729327
1.4252126063031516 0.00012510773236754018
1.425712856428214 0.00012518767816605081
1.4262131065532766 0.0001252764220915445
1.4267133566783392 0.00012537362432939718
1.4272136068034016 0.00012547840850063303
1.4277138569284642 0.00012559025387601206
1.4282141070535268 0.00012570916822563495
1.4287143571785892 0.00012583665417362477
1.4292146073036518 0.00012597607592368577
1.4297148574287144 0.00012612932208035173
1.4302151075537768 0.00012629643849822942
1.4307153576788394 0.00012647673095974053
1.431215607803902 0.00012666806995618798
1.4317158579289644 0.00012686952079449306
1.432216108054027 0.00012708224227717037
1.4327163581790896 0.00012730831084223132
1.433216608304152 0.000127551388028843
1.4337168584292146 0.00012781271147788002
1.434217108554277 0.0001280899797021831
1.4347173586793396 0.00012838194122653327
1.4352176088044022 0.0001286886381560409
1.4357178589294648 0.00012901011196948643
1.4362181090545272 0.00012934621259051758
1.4367183591795898 0.0001296928838570834
1.4372186093046522 0.00013004541798030674
1.4377188594297148 0.0001304029868200751
1.4382191095547774 0.00013076614366852138
1.43871935967984 0.00013112906336287456
1.4392196098049024 0.00013148326700870364
1.439719859929965 0.00013182664495645284
1.4402201100550274 0.00013215915295802604
1.44072036018009 0.00013248074736761593
1.4412206103051526 0.00013279138514983902
1.4417208604302152 0.00013309127729993614
1.4422211105552776 0.0001333820085547724
1.4427213606803402 0.00013366531308608892
1.4432216108054026 0.00013394137020208003
1.4437218609304652 0.00013420974242724535
1.4442221110555278 0.00013447060593057251
1.4447223611805904 0.0001347274680486353
1.4452226113056528 0.00013498342172497534
1.4457228614307154 0.0001352384575053952
1.4462231115557778 0.0001354925659519575
1.4467233616808404 0.0001357462387550393
1.447223611805903 0.0001360006460944389
1.4477238619309656 0.00013625634198862716
1.448224112056028 0.0001365129734132966
1.4487243621810906 0.00013677074312769301
1.449224612306153 0.00013703058910207675
1.4497248624312156 0.0001372930259958338
1.4502251125562782 0.00013755898294505863
1.4507253626813406 0.00013783063699817288
1.4512256128064032 0.00013810926815783651
1.4517258629314658 0.00013839469804501192
1.4522261130565282 0.00013868645955213144
1.4527263631815908 0.00013898429947169712
1.4532266133066534 0.0001392882505043176
1.4537268634317158 0.00013959554834828508
1.4542271135567784 0.0001399029185401785
1.454727363681841 0.0001402098723853796
1.4552276138069034 0.0001405164148641897
1.455727863931966 0.000140822550962327
1.4562281140570286 0.00014112849934457916
1.456728364182091 0.00014143317776359448
1.4572286143071536 0.00014173346051647983
1.457728864432216 0.0001420274916292055
1.4582291145572785 0.00014231521665361834
1.4587293646823412 0.00014259628830060088
1.4592296148074038 0.00014287055906964807
1.4597298649324661 0.00014313880390920145
1.4602301150575288 0.00014340159884605963
1.4607303651825911 0.00014365889219711137
1.4612306153076537 0.0001439106336698732
1.4617308654327164 0.00014415919989874536
1.462231115557779 0.00014440863902223216
1.4627313656828413 0.0001446604216154788
1.463231615807904 0.00014491438440105952
1.4637318659329663 0.00014517120981689138
1.464232116058029 0.0001454322922250545
1.4647323661830915 0.0001456983828130152
1.4652326163081542 0.00014596953728683817
1.4657328664332165 0.00014624581324298446
1.4662331165582791 0.00014652726632968856
1.4667333666833415 0.00014681207057824512
1.4672336168084041 0.00014709604622919375
1.4677338669334667 0.00014737690626877824
1.4682341170585294 0.0001476558355895672
1.4687343671835917 0.00014793269454041255
1.4692346173086543 0.00014820482628711876
1.4697348674337167 0.00014847083172220228
1.4702351175587793 0.00014873065590681364
1.470735367683842 0.0001489827709397235
1.4712356178089045 0.0001492232393555864
1.471735867933967 0.00014945094260455767
1.4722361180590295 0.00014966882006819398
1.472736368184092 0.00014987848076139743
1.4732366183091545 0.00015007990079824433
1.4737368684342171 0.00015027426650468187
1.4742371185592795 0.00015046405066898287
1.4747373686843421 0.000150650531308757
1.4752376188094047 0.00015083371492681297
1.4757378689344671 0.00015101360751223586
1.4762381190595297 0.00015118950462478492
1.4767383691845923 0.00015136745363743804
1.4772386193096547 0.00015155645697334194
1.4777388694347173 0.00015175877896043803
1.47823911955978 0.00015197446286514964
1.4787393696848423 0.0001522036169458159
1.479239619809905 0.00015244641591310795
1.4797398699349675 0.0001527030424127921
1.48024012006003 0.0001529738683895036
1.4807403701850925 0.00015325919746432884
1.481240620310155 0.00015355931695436436
1.4817408704352175 0.00015387479271614392
1.4822411205602801 0.00015420550227622585
1.4827413706853427 0.0001545477025744924
1.4832416208104051 0.00015489809577668839
1.4837418709354677 0.00015525635072434287
1.48424212106053 0.00015562175993272723
1.4847423711855927 0.00015599398302809238
1.4852426213106553 0.00015637304945688576
1.485742871435718 0.00015675882255995028
1.4862431215607803 0.00015715062228554584
1.486743371685843 0.00015754739606815813
1.4872436218109053 0.00015794801167999498
1.487743871935968 0.00015835186028413211
1.4882441220610305 0.00015875796537809646
1.4887443721860931 0.00015916325153095002
1.4892446223111555 0.00015956486941775942
1.4897448724362181 0.00015996204513169895
1.4902451225612805 0.0001603547311670829
1.490745372686343 0.00016074288056346686
1.4912456228114057 0.00016112644692159288
1.4917458729364683 0.00016150609147040952
1.4922461230615307 0.00016188436497777042
1.4927463731865933 0.0001622631246941241
1.4932466233116557 0.0001626423496949091
1.4937468734367183 0.00016302262738010544
1.494247123561781 0.00016340490329437815
1.4947473736868435 0.00016378941393960036
1.495247623811906 0.0001641760482631641
1.4957478739369685 0.00016456480601997778
1.496248124062031 0.00016495568689921686
1.4967483741870935 0.00016534905791879706
1.497248624312156 0.00016574569443163093
1.4977488744372185 0.00016614575496665796
1.498249124562281 0.00016654718817991112
1.4987493746873437 0.0001669486516483396
1.499249624812406 0.00016735104266379396
1.4997498749374687 0.00016775480875742555
1.5002501250625313 0.00016816149882454174
1.500750375187594 0.00016857287294967695
1.5012506253126563 0.00016898916833149862
1.5017508754377187 0.00016940959333693005
1.5022511255627813 0.0001698324580906354
1.502751375687844 0.0001702568794372922
1.5032516258129065 0.00017068285525800622
1.503751875937969 0.00017110970321412497
1.5042521260630315 0.00017153644102630263
1.5047523761880939 0.00017196275545735873
1.5052526263131565 0.0001723886200199347
1.505752876438219 0.0001728139538362015
1.5062531265632817 0.00017323743252130213
1.506753376688344 0.0001736593995621291
1.5072536268134067 0.00017408316943851447
1.507753876938469 0.00017451047107371013
1.5082541270635317 0.00017494133659745782
1.5087543771885943 0.0001753762910441126
1.509254627313657 0.00017581630947045848
1.5097548774387193 0.00017626188488605756
1.5102551275637819 0.0001767127289454772
1.5107553776888443 0.00017716847827137073
1.5112556278139069 0.00017762911237798789
1.5117558779389695 0.0001780931418528493
1.512256128064032 0.00017855742868679936
1.5127563781890945 0.00017902034455406521
1.513256628314157 0.00017948187583741984
1.5137568784392195 0.00017994165033763715
1.514257128564282 0.0001803989746373876
1.5147573786893447 0.00018085350679929404
1.5152576288144073 0.00018130521873677588
1.5157578789394697 0.0001817540824839535
1.5162581290645323 0.00018220029274401475
1.5167583791895947 0.0001826441127577412
1.5172586293146573 0.00018308549890179798
1.5177588794397199 0.0001835242627540281
1.5182591295647825 0.00018396002663822377
1.5187593796898449 0.00018439295708814685
1.5192596298149073 0.00018482390448251759
1.5197598799399699 0.00018525325838866246
1.5202601300650325 0.00018568100585930264
1.520760380190095 0.0001861071339624616
1.5212606303151577 0.0001865316297823879
1.52176088044022 0.00018695496624808816
1.5222611305652824 0.00018737894862402325
1.522761380690345 0.00018780668000183774
1.5232616308154077 0.0001882399485294627
1.5237618809404703 0.00018867827093387512
1.5242621310655329 0.00018912116270902233
1.5247623811905953 0.00018956863326700815
1.5252626313156576 0.00019002068221821812
1.5257628814407203 0.00019047730890730199
1.5262631315657829 0.0001909385124120373
1.5267633816908455 0.00019140526290344369
1.527263631815908 0.00019187948858378015
1.5277638819409705 0.0001923621656375341
1.5282641320660328 0.00019285333175139338
1.5287643821910955 0.00019335114939971263
1.529264632316158 0.00019385421810636777
1.5297648824412207 0.00019436259914883686
1.530265132566283 0.00019487427472593226
1.5307653826913457 0.00019538764067649378
1.531265632816408 0.00019590273362240701
1.5317658829414706 0.00019641880249945604
1.5322661330665333 0.0001969343322926674
1.5327663831915959 0.00019744857927217097
1.5332666333166582 0.00019796154682077106
1.5337668834417209 0.00019847358300343175
1.5342671335667832 0.0001989853211470571
1.5347673836918458 0.00019949702221049912
1.5352676338169085 0.00020000864853752165
1.535767883941971 0.0002005204735335566
1.5362681340670334 0.0002010347394386627
1.536768384192096 0.00020155282495834604
1.5372686343171584 0.00020207359971629145
1.537768884442221 0.0002025965171112607
1.5382691345672836 0.00020312158418702447
1.5387693846923463 0.00020364677000676813
1.5392696348174086 0.00020416838967483598
1.5397698849424712 0.00020468475756909576
1.5402701350675336 0.00020519580051996594
1.5407703851925962 0.00020570171594533064
1.5412706353176588 0.0002062037403025464
1.5417708854427215 0.00020670373163704102
1.5422711355677838 0.0002072029782131294
1.5427713856928462 0.00020770189661783832
1.5432716358179088 0.00020820045499308804
1.5437718859429714 0.0002087015491948587
1.544272136068034 0.00020921039948778973
1.5447723861930966 0.0002097293496827542
1.545272636318159 0.00021025847451905592
1.5457728864432214 0.00021079785084860976
1.546273136568284 0.00021134755766914388
1.5467733866933466 0.00021190703426092063
1.5472736368184092 0.0002124742368448875
1.5477738869434718 0.00021304742417252372
1.5482741370685342 0.00021362669387851128
1.5487743871935966 0.00021421110237006204
1.5492746373186592 0.00021479820839379664
1.5497748874437218 0.00021538690947129366
1.5502751375687844 0.00021597720180945316
1.550775387693847 0.0002165690815486215
1.5512756378189094 0.00021716254476241838
1.5517758879439718 0.00021775805586346858
1.5522761380690344 0.00021835649932149722
1.552776388194097 0.00021895830118717096
1.5532766383191596 0.0002195638889607095
1.5537768884442222 0.00022017498559334325
1.5542771385692846 0.00022079250594090206
1.554777388694347 0.0002214159067847308
1.5552776388194096 0.00022204504395628876
1.5557778889444722 0.00022267993581012843
1.5562781390695348 0.0002233206007652803
1.5567783891945972 0.00022396644137867846
1.5572786393196598 0.00022461631812001223
1.5577788894447222 0.00022526969375384964
1.5582791395697848 0.00022592655873825853
1.5587793896948474 0.00022658630005771742
1.55927963981991 0.00022724785175876422
1.5597798899449724 0.0002279098235553984
1.560280140070035 0.00022856983984475944
1.5607803901950974 0.0002292245161853959
1.56128064032016 0.00022987187853494662
1.5617808904452226 0.00023051276861044498
1.5622811405702852 0.0002311488063178802
1.5627813906953476 0.00023178072729435092
1.5632816408204102 0.0002324085087820415
1.5637818909454726 0.0002330363918916707
1.5642821410705352 0.00023367174729700885
1.5647823911955978 0.0002343177605922612
1.5652826413206604 0.00023497457715959707
1.5657828914457228 0.0002356423091347855
1.5662831415707852 0.0002363193804920117
1.5667833916958478 0.00023700615272526058
1.5672836418209104 0.00023770409913596632
1.567783891945973 0.0002384127837796723
1.5682841420710356 0.00023913235168156045
1.568784392196098 0.00023985605414623284
1.5692846423211604 0.00024057215226183957
1.569784892446223 0.000241275657320339
1.5702851425712856 0.0002419664083871192
1.5707853926963482 0.00024264424756485574
1.5712856428214108 0.000243309020095089
1.5717858929464732 0.00024396011359166596
1.5722861430715356 0.0002445974032199871
1.5727863931965982 0.00024522287187499
1.5732866433216608 0.0002458380433966517
1.5737868934467234 0.000246444544162475
1.574287143571786 0.00024704520810378436
1.5747873936968484 0.0002476411547105638
1.5752876438219108 0.00024823230915320833
1.5757878939469734 0.0002488185973341405
1.576288144072036 0.0002493999459167486
1.5767883941970986 0.0002499789981793694
1.5772886443221612 0.000250560593787174
1.5777888944472236 0.00025114690008738044
1.578289144572286 0.00025173793553695995
1.5787893946973486 0.0002523353732837369
1.5792896448224112 0.00025294114647709723
1.5797898949474738 0.00025355556582119164
1.5802901450725362 0.00025417872111153217
1.5807903951975988 0.00025481070437708423
1.5812906453226612 0.0002554516099240428
1.5817908954477238 0.0002560976395375605
1.5822911455727864 0.0002567418986053203
1.582791395697849 0.0002573813173903632
1.5832916458229114 0.0002580158479722656
1.583791895947974 0.0002586454427590232
1.5842921460730364 0.00025927005449700546
1.584792396198099 0.00025988963628087707
1.5852926463231616 0.00026050370518495127
1.5857928964482242 0.00026111188607502326
1.5862931465732866 0.0002617143311074771
1.5867933966983492 0.00026231306490743475
1.5872936468234116 0.0002629115147644699
1.5877938969484742 0.0002635111591468589
1.5882941470735368 0.00026411201792633446
1.5887943971985994 0.0002647141111121863
1.5892946473236618 0.0002653174588537348
1.5897948974487242 0.0002659220814428362
1.5902951475737868 0.000266527999316422
1.5907953976988494 0.0002671352330590725
1.591295647823912 0.00026774341989145546
1.5917958979489746 0.00026835287935178363
1.592296148074037 0.0002689645313594025
1.5927963981990994 0.00026957861779316783
1.593296648324162 0.00027019516994701326
1.5937968984492246 0.00027081421943255825
1.5942971485742872 0.0002714357981848398
1.5947973986993498 0.00027205993846814126
1.5952976488244122 0.00027268667288192207
1.5957978989494745 0.00027331603436685036
1.5962981490745372 0.0002739452962564665
1.5967983991995998 0.00027457075075920044
1.5972986493246624 0.0002751919984137007
1.597798899449725 0.00027581027305846416
1.5982991495747874 0.0002764251201845104
1.5987993996998497 0.000277035394528755
1.5992996498249124 0.00027764106428854657
1.599799899949975 0.00027824209779955523
1.6003001500750376 0.00027883846353955163
1.6008004002001002 0.0002794301301321891
1.6013006503251626 0.00028001706635078573
1.601800900450225 0.00028059369477984714
1.6023011505752875 0.00028115038638994904
1.6028014007003502 0.0002816829850200284
1.6033016508254128 0.0002821913076766158
1.6038019009504751 0.0002826752227099393
1.6043021510755378 0.0002831364768252282
1.6048024012006001 0.0002835769367116923
1.6053026513256627 0.00028399661378070737
1.6058029014507254 0.00028439538339649343
1.606303151575788 0.00028477605540433426
1.6068034017008503 0.0002851520188249398
1.607303651825913 0.0002855400062882469
1.6078039019509753 0.0002859462741130791
1.608304152076038 0.00028637091490723806
1.6088044022011005 0.0002868140280324715
1.6093046523261632 0.00028727571967816713
1.6098049024512255 0.0002877561029413964
1.6103051525762881 0.00028825437454469837
1.6108054027013505 0.00028876834286129725
1.6113056528264131 0.0002892977314603395
1.6118059029514757 0.0002898414780794139
1.6123061530765384 0.00029039600585995277
1.6128064032016007 0.00029095989832946955
1.6133066533266633 0.00029153324001122787
1.6138069034517257 0.00029211611772047533
1.6143071535767883 0.0002927086206056112
1.614807403701851 0.00029331084019081647
1.6153076538269135 0.0002939228704201865
1.615807903951976 0.00029454480770341163
1.6163081540770383 0.00029517691781992273
1.616808404202101 0.000295817042278063
1.6173086543271635 0.0002964607162911989
1.6178089044522261 0.000297104563484012
1.6183091545772887 0.00029774729294918293
1.6188094047023511 0.0002983889055640851
1.6193096548274135 0.0002990294021931799
1.6198099049524761 0.00029966878368796116
1.6203101550775387 0.00030030705088689706
1.6208104052026013 0.00030094420461537335
1.621310655327664 0.0003015802456856332
1.6218109054527263 0.00030221517489671684
1.6223111555777887 0.0003028489930344019
1.6228114057028513 0.0003034817008711408
1.623311655827914 0.0003041148107560856
1.6238119059529765 0.0003047500579007544
1.6243121560780391 0.00030538726941141446
1.6248124062031015 0.0003060259802485142
1.625312656328164 0.0003066661244090869
1.6258129064532265 0.0003073077099578718
1.6263131565782891 0.0003079467648443304
1.6268134067033517 0.0003085770666465271
1.6273136568284141 0.00030919631879008653
1.6278139069534767 0.0003098044096653683
1.628314157078539 0.0003104012297436559
1.6288144072036017 0.00031098667163179745
1.6293146573286643 0.0003115605645322565
1.629814907453727 0.00031212055454240726
1.6303151575787893 0.0003126643471301803
1.630815407703852 0.0003131919802641527
1.6313156578289143 0.0003137034962681704
1.631815907953977 0.00031419879263599684
1.6323161580790395 0.00031467776989866687
1.6328164082041021 0.00031514033209674344
1.6333166583291645 0.00031558638683218214
1.6338169084542271 0.0003160158453183425
1.6343171585792895 0.000316432045422698
1.634817408704352 0.00031684050192931607
1.6353176588294147 0.00031724333760777473
1.6358179089544773 0.00031764085938289997
1.6363181590795397 0.00031803778796055305
1.6368184092046023 0.0003184399328865002
1.6373186593296647 0.0003188480442492373
1.6378189094547273 0.0003192613316705961
1.63831915957979 0.0003196796742150536
1.6388194097048525 0.0003201031095991581
1.639319659829915 0.00032053167629968253
1.6398199099549773 0.0003209654135646615
1.64032016008004 0.00032140436142472756
1.6408204102051025 0.000321848560704748
1.641320660330165 0.00032229805303577444
1.6418209104552277 0.0003227528808673072
1.64232116058029 0.0003232130419797541
1.6428214107053525 0.00032367837876778394
1.643321660830415 0.0003241487792942311
1.6438219109554777 0.0003246252961014157
1.6443221610805403 0.0003251061688616861
1.644822411205603 0.0003255864440929659
1.6453226613306653 0.0003260639487552737
1.6458229114557277 0.0003265386548531929
1.6463231615807903 0.0003270121950075307
1.646823411705853 0.0003274870559830498
1.6473236618309155 0.00032796408001244576
1.647823911955978 0.00032844327516923347
1.6483241620810405 0.000328924649575066
1.6488244122061029 0.00032940786172604733
1.6493246623311655 0.0003298915006814951
1.649824912456228 0.000330374500443823
1.6503251625812907 0.0003308567490366062
1.650825412706353 0.00033133783781007323
1.6513256628314157 0.0003318174688254315
1.651825912956478 0.0003322956397898125
1.6523261630815407 0.00033277234838964873
1.6528264132066033 0.0003332475922905413
1.653326663331666 0.00033372136913712813
1.6538269134567283 0.0003341936765529484
1.6543271635817909 0.0003346643082545959
1.6548274137068533 0.00033513293852886566
1.6553276638319159 0.0003355998268368877
1.6558279139569785 0.00033606674569704127
1.656328164082041 0.0003365353433987958
1.6568284142071035 0.00033700600087899815
1.657328664332166 0.0003374774087818362
1.6578289144572285 0.0003379480183472984
1.658329164582291 0.00033841771726884505
1.6588294147073537 0.00033888650518302664
1.6593296648324163 0.0003393543817158178
1.6598299149574787 0.00033982134648255903
1.6603301650825413 0.0003402873990878955
1.6608304152076037 0.00034075253912571835
1.6613306653326663 0.00034121676617910284
1.6618309154577289 0.0003416801270245309
1.6623311655827915 0.0003421429775671748
1.6628314157078539 0.00034260562785074205
1.6633316658329163 0.0003430680796005382
1.6638319159579789 0.0003435290504974422
1.6643321660830415 0.00034399087094949586
1.664832416208104 0.00034445982448450566
1.6653326663331667 0.0003449386240056739
1.665832916458229 0.00034542736711295824
1.6663331665832914 0.0003459201568060956
1.666833416708354 0.0003464082680605735
1.6673336668334167 0.00034688891324939516
1.6678339169584793 0.0003473620571985799
1.6683341670835419 0.0003478276648257329
1.6688344172086043 0.0003482855416907522
1.6693346673336666 0.0003487354922473246
1.6698349174587293 0.0003491774801262832
1.6703351675837919 0.00034961146600753274
1.6708354177088545 0.0003500373664613015
1.671335667833917 0.0003504551014655939
1.6718359179589795 0.00035086463521692175
1.6723361680840418 0.0003512659320323779
1.6728364182091044 0.0003516589563524188
1.673336668334167 0.0003520436727436564
1.6738369184592297 0.00035242004590165784
1.674337168584292 0.0003527848956404836
1.6748374187093547 0.00035313335562288677
1.675337668834417 0.0003534644025089229
1.6758379189594796 0.00035377884244165004
1.6763381690845423 0.0003540813920108277
1.6768384192096049 0.0003543786698220096
1.6773386693346672 0.00035467290606483145
1.6778389194597298 0.000354964462615144
1.6783391695847922 0.0003552534946924391
1.6788394197098548 0.0003555399983143196
1.6793396698349174 0.0003558239694146102
1.67983991995998 0.0003561054038427402
1.6803401700850424 0.00035638429736311987
1.680840420210105 0.00035666064565450346
1.6813406703351674 0.00035693444430934544
1.68184092046023 0.0003572045979076854
1.6823411705852926 0.000357469177028142
1.6828414207103553 0.00035772733708235103
1.6833416708354176 0.00035797906067473723
1.6838419209604802 0.0003582243207141034
1.6843421710855426 0.0003584588565556542
1.6848424212106052 0.00035867739877598875
1.6853426713356678 0.00035887889310072546
1.6858429214607304 0.00035906327720735577
1.6863431715857928 0.00035922950453430016
1.6868434217108552 0.0003593761107729178
1.6873436718359178 0.0003595026132673897
1.6878439219609804 0.00035960894327634053
1.688344172086043 0.00035969515566482325
1.6888444222111056 0.00035976162896725534
1.689344672336168 0.0003598086238558233
1.6898449224612304 0.000359836082695319
1.690345172586293 0.00035984394998572414
1.6908454227113556 0.0003598299067985596
1.6913456728364182 0.0003597880546776834
1.6918459229614808 0.00035971474741101423
1.6923461730865432 0.0003596099100144782
1.6928464232116056 0.00035947347106206866
1.6933466733366682 0.0003593053627148699
1.6938469234617308 0.0003591055207491367
1.6943471735867934 0.0003588735926845215
1.694847423711856 0.0003586090890918943
1.6953476738369184 0.00035831337361056514
1.6958479239619808 0.0003579880802957424
1.6963481740870434 0.0003576346552982241
1.696848424212106 0.00035725496835801014
1.6973486743371686 0.00035684952690622775
1.697848924462231 0.00035642541557602596
1.6983491745872936 0.00035599253958281367
1.698849424712356 0.0003555537015996221
1.6993496748374186 0.00035510890675413356
1.6998499249624812 0.000354658160616429
1.7003501750875438 0.00035420146919961694
1.7008504252126062 0.00035373883896038346
1.7013506753376688 0.00035327027679946593
1.7018509254627312 0.00035279717146370333
1.7023511755877938 0.0003523221530269712
1.7028514257128564 0.0003518464743875602
1.703351675837919 0.000351370151787257
1.7038519259629814 0.00035089320154696636
1.704352176088044 0.0003504221558865187
1.7048524262131064 0.00034996323764061705
1.705352676338169 0.0003495161036997429
1.7058529264632316 0.0003490806928128851
1.7063531765882942 0.0003486604560164497
1.7068534267133566 0.00034826016245269266
1.7073536768384192 0.00034788109735876073
1.7078539269634816 0.0003475232318461901
1.7083541770885442 0.00034718654959658453
1.7088544272136068 0.00034687109037237214
1.7093546773386694 0.0003465768992821523
1.7098549274637318 0.00034630398327475606
1.7103551775887942 0.0003460523583202468
1.7108554277138568 0.00034582204947328823
1.7113556778389194 0.00034561304918139007
1.711855927963982 0.00034542520396199183
1.7123561780890446 0.0003452584103466011
1.712856428214107 0.0003451127286257034
1.7133566783391694 0.000344988228465331
1.713856928464232 0.00034488498903132716
1.7143571785892946 0.00034479826688877334
1.7148574287143572 0.00034472117109268953
1.7153576788394198 0.00034465139455435546
1.7158579289644822 0.0003445885771346698
1.7163581790895446 0.00034452376586726713
1.7168584292146072 0.0003444449341717679
1.7173586793396698 0.0003443488203827991
1.7178589294647324 0.00034423533933859864
1.718359179589795 0.0003441057794424968
1.7188594297148574 0.0003439637062203493
1.7193596798399198 0.0003438113384558564
1.7198599299649824 0.00034364864097473564
1.720360180090045 0.00034347558077886666
1.7208604302151076 0.00034329212707746393
1.72136068034017 0.0003430982513172655
1.7218609304652326 0.00034289393744681916
1.722361180590295 0.0003426816233527176
1.7228614307153576 0.000342463753312179
1.7233616808404202 0.00034224032872553074
1.7238619309654828 0.0003420113523134422
1.7243621810905452 0.0003417778454134215
1.7248624312156078 0.000341541259302964
1.7253626813406702 0.00034130093413222004
1.7258629314657328 0.0003410546222209117
1.7263631815907954 0.00034080428503163984
1.726863431715858 0.00034055411521321215
1.7273636818409204 0.0003403051909751032
1.727863931965983 0.00034005752181055554
1.7283641820910454 0.0003398111172096322
1.728864432216108 0.00033956845181775384
1.7293646823411706 0.00033933590220453777
1.7298649324662332 0.00033911740426320353
1.7303651825912956 0.00033891301289132536
1.7308654327163582 0.0003387227826882553
1.7313656828414206 0.0003385467679497174
1.7318659329664832 0.0003383850226623911
1.7323661830915458 0.00033823606858818695
1.7328664332166084 0.00033809711817137333
1.7333666833416708 0.000337966905875801
1.7338669334667332 0.0003378454647822676
1.7343671835917958 0.0003377314210682327
1.7348674337168584 0.00033762283471792264
1.735367683841921 0.00033751916790737344
1.7358679339669836 0.0003374126500059757
1.736368184092046 0.0003372935028750491
1.7368684342171083 0.0003371600703456113
1.737368684342171 0.00033701266640379996
1.7378689344672336 0.0003368512507567332
1.7383691845922962 0.00033667578376959045
1.7388694347173588 0.00033648622647300527
1.7393696848424212 0.000336283494969723
1.7398699349674835 0.0003360693269056441
1.7403701850925462 0.00033584451139961647
1.7408704352176088 0.00033560902280051696
1.7413706853426714 0.0003353628359891901
1.741870935467734 0.00033510592638361574
1.7423711855927964 0.00033483826994402596
1.7428714357178587 0.0003345634613497384
1.7433716858429213 0.00033428513667550563
1.743871935967984 0.00033400332114746635
1.7443721860930466 0.00033371433338145144
1.744872436218109 0.00033341309561588713
1.7453726863431716 0.00033309821179801477
1.745872936468234 0.0003327696852332633
1.7463731865932965 0.0003324278329282828
1.7468734367183592 0.00033207346679024535
1.7473736868434218 0.00033170709417483415
1.7478739369684841 0.000331328736603288
1.7483741870935467 0.0003309384186910265
1.7488744372186091 0.0003305361681472863
1.7493746873436717 0.0003301220616937272
1.7498749374687343 0.00032969634941101356
1.750375187593797 0.00032925923886490923
1.7508754377188593 0.00032881077057196406
1.751375687843922 0.0003283509880019339
1.7518759379689843 0.0003278799375652198
1.752376188094047 0.00032739766859840976
1.7528764382191095 0.00032690423334793325
1.7533766883441722 0.0003263982714432197
1.7538769384692345 0.0003258759841004143
1.7543771885942971 0.00032534401226122457
1.7548774387193595 0.00032481463296157653
1.7553776888444221 0.00032429105472321884
1.7558779389694847 0.0003237732287777233
1.7563781890945473 0.00032325965753544
1.7568784392196097 0.00032274641566003076
1.7573786893446721 0.0003222310243555759
1.7578789394697347 0.00032171343004542646
1.7583791895947973 0.0003211935786406753
1.75887943971986 0.0003206714155212172
1.7593796898449225 0.00032014688551650175
1.759879939969985 0.00031961993288596367
1.7603801900950473 0.00031909170552139177
1.76088044022011 0.0003185682772463312
1.7613806903451725 0.00031805453026518583
1.7618809404702351 0.0003175504300246788
1.7623811905952977 0.00031705594382627284
1.7628814407203601 0.0003165710408209666
1.7633816908454225 0.00031609685666277336
1.7638819409704851 0.000315635760452735
1.7643821910955477 0.00031518590407251813
1.7648824412206103 0.00031474317481619264
1.765382691345673 0.0003143065275838368
1.7658829414707353 0.0003138759671170775
1.7663831915957977 0.00031345134915987513
1.7668834417208603 0.00031303248920392274
1.767383691845923 0.00031261935252193285
1.7678839419709855 0.00031220933191748545
1.768384192096048 0.000311799728992028
1.7688844422211105 0.00031139045431432735
1.769384692346173 0.00031098150092497516
1.7698849424712355 0.0003105728618530054
1.7703851925962981 0.00031016614783898033
1.7708854427213607 0.0003097643496816818
1.771385692846423 0.0003093688482756457
1.7718859429714857 0.0003089796528096509
1.772386193096548 0.0003085967727467963
1.7728864432216107 0.0003082202178263338
1.7733866933466733 0.00030784999806553653
1.773886943471736 0.0003074861237616048
1.7743871935967983 0.0003071275548526904
1.774887443721861 0.0003067742980286244
1.7753876938469233 0.00030642805395580714
1.775887943971986 0.00030608948279748954
1.7763881940970485 0.000305759349336512
1.7768884442221111 0.0003054386088384934
1.7773886943471735 0.00030512647034268897
1.777888944472236 0.0003048210880109338
1.7783891945972985 0.00030452161640368345
1.778889444722361 0.0003042280690914848
1.7793896948474237 0.00030394045981870996
1.7798899449724863 0.00030365880250485234
1.7803901950975487 0.00030338311124583964
1.780890445222611 0.0003031134003153632
1.7813906953476737 0.00030284968416622405
1.7818909454727363 0.00030259041032722564
1.782391195597799 0.00030233102906236924
1.7828914457228615 0.00030206854308629627
1.783391695847924 0.0003018029405376636
1.7838919459729863 0.0003015342094434357
1.7843921960980489 0.00030126199085674414
1.7848924462231115 0.0003009854013269861
1.785392696348174 0.00030070390074676346
1.7858929464732367 0.00030041746993976064
1.786393196598299 0.0003001296630775367
1.7868934467233615 0.0002998449015978822
1.787393696848424 0.0002995640345582205
1.7878939469734867 0.0002992870454183483
1.7883941970985493 0.0002990139183763949
1.788894447223612 0.00029874463836749497
1.7893946973486743 0.00029848877650882406
1.7898949474737367 0.0002982565082766795
1.7903951975987993 0.00029804845520851826
1.7908954477238619 0.0002978646911428561
1.7913956978489245 0.000297706801727182
1.791895947973987 0.00029757898712614065
1.7923961980990495 0.00029748396695010855
1.7928964482241119 0.00029742187548298913
1.7933966983491745 0.000297392854800285
1.793896948474237 0.00029739705487818536
1.7943971985992997 0.00029743460856118524
1.794897448724362 0.0002975056493254431
1.7953976988494247 0.00029761034386328075
1.795897948974487 0.0002977488744822221
1.7963981990995497 0.00029791014380969275
1.7968984492246123 0.000298077402005024
1.7973986993496749 0.0002982450971535622
1.7978989494747373 0.00029841321765762974
1.7983991995997999 0.00029858044651122524
1.7988994497248623 0.00029874011532920363
1.7993996998499249 0.00029888682263596396
1.7998999499749875 0.000299020493886671
1.80040020010005 0.0002991410562292203
1.8009004502251125 0.0002992484385378411
1.801400700350175 0.00029934257144629406
1.8019009504752375 0.00029942338738064297
1.8024012006003 0.00029949082059157464
1.8029014507253627 0.00029954480718624553
1.8034017008504253 0.0002995852851596283
1.8039019509754877 0.0002996156032520799
1.80440220110055 0.00029963937372227023
1.8049024512256127 0.00029965685451605344
1.8054027013506753 0.0002996680621408861
1.8059029514757379 0.0002996758345278845
1.8064032016008005 0.00029968516324612647
1.8069034517258629 0.0002996986300873641
1.8074037018509252 0.00029971668582890924
1.8079039519759879 0.00029973934689908675
1.8084042021010505 0.0002997666295217727
1.808904452226113 0.0002997985497134634
1.8094047023511757 0.00029983512328035503
1.809904952476238 0.00029987636581543515
1.8104052026013004 0.0002999222926955857
1.810905452726363 0.00029997232016442044
1.8114057028514257 0.0003000249732612654
1.8119059529764883 0.0003000793702733385
1.8124062031015509 0.0003001355155334456
1.8129064532266133 0.0003001918880164402
1.8134067033516756 0.00030024625839917407
1.8139069534767382 0.00030029791608522676
1.8144072036018009 0.00030034604928327456
1.8149074537268635 0.0003003896356293697
1.815407703851926 0.0003004284511418248
1.8159079539769885 0.0003004624784536424
1.8164082041020508 0.00030049328266829023
1.8169084542271134 0.0003005227495591534
1.817408704352176 0.0003005511879496201
1.8179089544772387 0.0003005785942398981
1.818409204602301 0.0003006002883578048
1.8189094547273637 0.000300610193414256
1.819409704852426 0.00030060689389705173
1.8199099549774886 0.00030059207617820727
1.8204102051025512 0.0003005707302955526
1.8209104552276139 0.0003005461364274524
1.8214107053526762 0.00030051828505300626
1.8219109554777388 0.0003004871667045105
1.8224112056028012 0.0003004527719681711
1.8229114557278638 0.0003004150914848184
1.8234117058529264 0.0003003741159506205
1.823911955977989 0.0003003298361177985
1.8244122061030514 0.0003002783027071872
1.824912456228114 0.00030021459839094686
1.8254127063531764 0.0003001383853558869
1.825912956478239 0.0003000573676216694
1.8264132066033016 0.0002999781973376812
1.8269134567283642 0.0002999003760599742
1.8274137068534266 0.00029981329338086903
1.8279139569784892 0.00029970577849716326
1.8284142071035516 0.00029957719120574095
1.8289144572286142 0.0002994275051575854
1.8294147073536768 0.00029925669913020113
1.8299149574787394 0.0002990647570523923
1.8304152076038018 0.0002988516680259573
1.8309154577288642 0.0002986174263442689
1.8314157078539268 0.00029836203150771033
1.8319159579789894 0.0002980854882359434
1.832416208104052 0.00029778780647698907
1.8329164582291146 0.00029746573558163517
1.833416708354177 0.0002971095727082499
1.8339169584792394 0.00029671288000817844
1.834417208604302 0.0002962878653719785
1.8349174587293646 0.0002958527073423282
1.8354177088544272 0.0002954133739324525
1.8359179589794898 0.0002949698264493562
1.8364182091045522 0.0002945227698365081
1.8369184592296146 0.00029407303086835047
1.8374187093546772 0.0002936206889546457
1.8379189594797398 0.00029316569649537197
1.8384192096048024 0.00029270800529233783
1.838919459729865 0.00029224756653207926
1.8394197098549274 0.00029178433076841153
1.8399199599799898 0.00029131824790461794
1.8404202101050524 0.00029085816635532704
1.840920460230115 0.000290420871080658
1.8414207103551776 0.000290014280892172
1.84192096048024 0.00028963478166105553
1.8424212106053026 0.00028927866236785497
1.842921460730365 0.0002889458443688436
1.8434217108554276 0.00028863634634278414
1.8439219609804902 0.00028835019166679863
1.8444222111055528 0.00028808531590885386
1.8449224612306152 0.0002878392150456632
1.8454227113556778 0.00028761148024676456
1.8459229614807402 0.00028740214872387753
1.8464232116058028 0.00028721590312708
1.8469234617308654 0.00028705815992101884
1.847423711855928 0.00028692970365987153
1.8479239619809904 0.00028682724908436953
1.848424212106053 0.00028674580221334104
1.8489244622311154 0.0002866843515565357
1.849424712356178 0.00028664453698573947
1.8499249624812406 0.0002866273763256462
