1.1000500250125063 0.00022711370817264182
1.1005502751375689 0.00022752160183741536
1.1010505252626313 0.0002279305424657072
1.1015507753876939 0.00022834117482195023
1.1020510255127565 0.000228754056627162
1.1025512756378189 0.00022916892942849293
1.1030515257628815 0.00022958355180006045
1.103551775887944 0.00022999592934263145
1.1040520260130064 0.00023040464682538882
1.104552276138069 0.0002308073462929002
1.1050525262631314 0.0002312030544242482
1.105552776388194 0.00023159160315162772
1.1060530265132567 0.00023197271107606624
1.1065532766383193 0.00023234622817059621
1.1070535267633816 0.00023271211818917664
1.1075537768884443 0.00023307058036113487
1.1080540270135066 0.0002334239192736167
1.1085542771385692 0.00023377598373895543
1.1090545272636319 0.00023412985348413435
1.1095547773886942 0.0002344868571126299
1.1100550275137568 0.00023484712993082816
1.1105552776388194 0.00023521082153654473
1.1110555277638818 0.0002355779593496422
1.1115557778889444 0.0002359485572022586
1.112056028014007 0.00023632262907067412
1.1125562781390694 0.00023670020425435972
1.113056528264132 0.00023708055098018872
1.1135567783891946 0.0002374623080591928
1.114057028514257 0.00023784501968604529
1.1145572786393196 0.00023822934480648538
1.1150575287643822 0.0002386157966806411
1.1155577788894446 0.00023900438530209838
1.1160580290145072 0.00023939512074829238
1.1165582791395698 0.00023978801318126
1.1170585292646322 0.00024018307284840132
1.1175587793896948 0.0002405801864091016
1.1180590295147574 0.00024097773683011205
1.1185592796398198 0.00024137414064943826
1.1190595297648824 0.00024176924046905187
1.119559779889945 0.0002421629503999909
1.1200600300150074 0.00024255525092789983
1.12056028014007 0.00024294612258644966
1.1210605302651326 0.000243335545960172
1.121560780390195 0.0002437235016872991
1.1220610305152576 0.0002441097602451865
1.1225612806403202 0.00024449392175862725
1.1230615307653826 0.0002448784452140874
1.1235617808904452 0.00024526598195636067
1.1240620310155078 0.00024565654893648245
1.1245622811405702 0.00024605016665812837
1.1250625312656328 0.00024644685589773435
1.1255627813906954 0.00024684663770795285
1.1260630315157578 0.00024724953342117426
1.1265632816408204 0.0002476555819178448
1.127063531765883 0.00024806496709581824
1.1275637818909454 0.000248478074187052
1.128064032016008 0.0002488948035203472
1.1285642821410704 0.00024931483483760236
1.129064532266133 0.000249738187938955
1.1295647823911956 0.00025016488286791196
1.1300650325162582 0.0002505949399141865
1.1305652826413206 0.000251028379616587
1.1310655327663832 0.0002514652227659503
1.1315657828914456 0.00025190543553006695
1.1320660330165082 0.00025234911071685503
1.1325662831415708 0.0002527963395154881
1.1330665332666334 0.00025324645211374796
1.1335667833916958 0.0002536988287101646
1.1340670335167584 0.00025415348038329815
1.1345672836418208 0.00025461041829941795
1.1350675337668834 0.0002550696537132975
1.135567783891946 0.0002555311979690173
1.1360680340170084 0.0002559952148822147
1.136568284142071 0.0002564619185440732
1.1370685342671336 0.00025693137127689043
1.137568784392196 0.0002574033391836681
1.1380690345172586 0.0002578763482934018
1.1385692846423212 0.0002583491559554446
1.1390695347673836 0.0002588217497481923
1.1395697848924462 0.000259294117210306
1.1400700350175088 0.0002597662458415489
1.1405702851425712 0.0002602375447635553
1.1410705352676338 0.000260706680045303
1.1415707853926964 0.0002611728920765218
1.1420710355177588 0.0002616361606062993
1.1425712856428214 0.0002620964726075549
1.143071535767884 0.00026255416279715387
1.1435717858929464 0.0002630095625738793
1.144072036018009 0.0002634626576400585
1.1445722861430716 0.0002639134337227664
1.145072536268134 0.00026436212728040754
1.1455727863931966 0.00026480939717605514
1.1460730365182592 0.0002652556536068418
1.1465732866433216 0.00026570088610134546
1.1470735367683842 0.0002661450841847303
1.1475737868934468 0.0002665884648695848
1.1480740370185092 0.000267031682928374
1.1485742871435718 0.0002674751712696556
1.1490745372686344 0.00026791892960403277
1.1495747873936968 0.00026836270089473745
1.1500750375187594 0.0002688060699350891
1.150575287643822 0.0002692488873703261
1.1510755377688844 0.00026969116082609324
1.151575787893947 0.00027013288779153004
1.1520760380190094 0.00027057406574918684
1.152576288144072 0.00027101478048029224
1.1530765382691346 0.00027145623545278617
1.1535767883941972 0.00027189955763852914
1.1540770385192596 0.0002723462843853011
1.1545772886443222 0.0002727989885889914
1.1550775387693846 0.00027325873612403425
1.1555777888944472 0.0002737255656014362
1.1560780390195098 0.00027419950881239736
1.1565782891445724 0.00027468059801891257
1.1570785392696348 0.0002751688659586888
1.1575787893946974 0.00027566414346848444
1.1580790395197598 0.0002761650502803706
1.1585792896448224 0.0002766684674194229
1.159079539769885 0.00027717102619927245
1.1595797898949474 0.0002776713010460651
1.16008004002001 0.0002781693118906231
1.1605802901450726 0.00027866505263678115
1.161080540270135 0.00027915851346200544
1.1615807903951976 0.00027964968453293053
1.1620810405202602 0.00028013855600550567
1.1625812906453226 0.00028062454925685223
1.1630815407703852 0.000281105128575167
1.1635817908954478 0.00028157896899622743
1.1640820410205102 0.00028204672336746244
1.1645822911455728 0.0002825084294320219
1.1650825412706354 0.00028296408945203033
1.1655827913956978 0.0002834136532758023
1.1660830415207604 0.0002838570714964794
1.166583291645823 0.00028429429546760973
1.1670835417708854 0.0002847252773185208
1.167583791895948 0.0002851514399988395
1.1680840420210106 0.0002855817731401461
1.168584292146073 0.00028602387453986224
1.1690845422711356 0.00028647758725354396
1.1695847923961982 0.000286942730019517
1.1700850425212606 0.00028741936514641784
1.1705852926463232 0.000287907584793057
1.1710855427713858 0.00028840748437641774
1.1715857928964482 0.00028891916262761884
1.1720860430215108 0.00028944295245266903
1.1725862931465734 0.0002899782130089175
1.1730865432716358 0.00029051707318244796
1.1735867933966984 0.0002910526193610896
1.174087043521761 0.0002915850107414707
1.1745872936468233 0.0002921143369987487
1.175087543771886 0.00029264056068869707
1.1755877938969483 0.0002931636445207545
1.176088044022011 0.0002936835513652706
1.1765882941470736 0.0002942002252554893
1.1770885442721362 0.00029471345125572094
1.1775887943971985 0.0002952234938614955
1.1780890445222612 0.0002957323955061078
1.1785892946473235 0.00029624196304945636
1.1790895447723861 0.0002967524591761446
1.1795897948974488 0.00029726394202377835
1.1800900450225114 0.00029777640963429857
1.1805902951475737 0.00029828986002278457
1.1810905452726363 0.0002988042911773809
1.1815907953976987 0.0002993197964581355
1.1820910455227613 0.00029983648027493836
1.182591295647824 0.00030035392310592937
1.1830915457728866 0.0003008698539876824
1.183591795897949 0.0003013819295651247
1.1840920460230115 0.00030188963134728094
1.184592296148074 0.0003023929198713131
1.1850925462731365 0.0003028917559975823
1.1855927963981991 0.0003033861009181159
1.1860930465232615 0.00030387572413553024
1.1865932966483241 0.0003043602935424745
1.1870935467733867 0.0003048396687754505
1.1875937968984491 0.00030531416087087917
1.1880940470235117 0.0003057861053451523
1.1885942971485743 0.000306257739884371
1.1890945472736367 0.0003067292909923346
1.1895947973986993 0.0003072007530107577
1.190095047523762 0.0003076721202650956
1.1905952976488243 0.0003081435156710848
1.191095547773887 0.0003086152784590656
1.1915957978989495 0.00030908762012506696
1.192096048024012 0.0003095605365628485
1.1925962981490745 0.00031003446123251317
1.1930965482741371 0.00031051123792812975
1.1935967983991995 0.0003109921927318673
1.1940970485242621 0.0003114772531176745
1.1945972986493247 0.00031196644438386966
1.1950975487743871 0.000312459778186459
1.1955977988994497 0.0003129570258196948
1.1960980490245123 0.0003134579720600273
1.1965982991495747 0.00031396264225816043
1.1970985492746373 0.000314471062087729
1.1975987993997 0.0003149827379585695
1.1980990495247623 0.00031549466059231656
1.198599299649825 0.0003160043111166031
1.1990995497748873 0.00031651166804330774
1.19959979989995 0.0003170167099479617
1.2001000500250125 0.0003175193896106558
1.2006003001500751 0.00031801964865649706
1.2011005502751375 0.00031851745456416467
1.2016008004002001 0.0003190127860068088
1.2021010505252625 0.000319505621737434
1.2026013006503251 0.0003199958739993583
1.2031015507753877 0.0003204836546810336
1.2036018009004503 0.0003209691451001428
1.2041020510255127 0.00032145232828731087
1.2046023011505753 0.0003219331838041939
1.2051025512756377 0.0003224116832577459
1.2056028014007003 0.00032288780180935676
1.206103051525763 0.00032336152267105106
1.2066033016508255 0.0003238328291180338
1.207103551775888 0.00032430170449026033
1.2076038019009505 0.0003247683615988576
1.208104052026013 0.00032523385279896433
1.2086043021510755 0.0003256990092535733
1.2091045522761381 0.0003261638282062413
1.2096048024012005 0.00032662827836804186
1.210105052526263 0.0003270923242913303
1.2106053026513257 0.0003275559589975554
1.211105552776388 0.00032801917956801706
1.2116058029014507 0.00032848198307914965
1.2121060530265133 0.0003289443666025456
1.2126063031515757 0.00032940665933452217
1.2131065532766383 0.0003298717726661616
1.213606803401701 0.00033034231154522594
1.2141070535267633 0.0003308182757708378
1.214607303651826 0.00033129960767257693
1.2151075537768885 0.00033178628988143194
1.215607803901951 0.00033227836378894735
1.2161080540270135 0.00033277587155088853
1.216608304152076 0.00033327885609862033
1.2171085542771385 0.00033378736115077226
1.217608804402201 0.00033430042234079346
1.2181090545272637 0.00033481007391883845
1.218609304652326 0.0003353092824949204
1.2191095547773887 0.0003357982317916769
1.2196098049024513 0.0003362771374403813
1.2201100550275137 0.000336745954455635
1.2206103051525763 0.0003372046106430413
1.221110555277639 0.0003376530357230021
1.2216108054027013 0.0003380911613622689
1.222111055527764 0.0003385189212046066
1.2226113056528263 0.0003389376975307636
1.2231115557778889 0.00033935602632840714
1.2236118059029515 0.0003397809796125634
1.224112056028014 0.0003402123777840266
1.2246123061530765 0.00034065011822209706
1.225112556278139 0.0003410942376461108
1.2256128064032015 0.0003415447735826242
1.226113056528264 0.00034200176437508393
1.2266133066533267 0.0003424652491937661
1.2271135567783893 0.0003429352680459854
1.2276138069034517 0.00034341084453658654
1.2281140570285143 0.0003438876916980585
1.2286143071535767 0.00034436228543894344
1.2291145572786393 0.0003448343250947547
1.2296148074037019 0.00034530373196413913
1.2301150575287645 0.0003457704925345364
1.2306153076538269 0.0003462345933382736
1.2311155577788895 0.0003466960209534572
1.2316158079039519 0.0003471547620048666
1.2321160580290145 0.00034761080316484815
1.232616308154077 0.0003480646044085132
1.2331165582791395 0.0003485186009058111
1.233616808404202 0.00034897529087675905
1.2341170585292647 0.0003494352108370192
1.234617308654327 0.0003498983795488908
1.2351175587793897 0.0003503648159940902
1.2356178089044523 0.0003508345393761672
1.2361180590295147 0.0003513075691229629
1.2366183091545773 0.00035178392488910686
1.2371185592796399 0.0003522636265585522
1.2376188094047023 0.0003527469170704312
1.2381190595297649 0.0003532340494685523
1.2386193096548275 0.0003537248047125366
1.2391195597798899 0.0003542189550794381
1.2396198099049525 0.00035471652397552983
1.240120060030015 0.0003552175350918877
1.2406203101550775 0.0003557220124079826
1.24112056028014 0.00035622998019533116
1.2416208104052027 0.0003567414630212101
1.242121060530265 0.0003572564857524362
1.2426213106553277 0.000357774179115618
1.2431215607803903 0.0003582916244539876
1.2436218109054527 0.0003588068782148907
1.2441220610305153 0.00035932002865146986
1.2446223111555779 0.0003598310586416199
1.2451225612806402 0.00036033995109631894
1.2456228114057029 0.0003608466889610487
1.2461230615307652 0.00036135125521721676
1.2466233116558278 0.0003618536328835852
1.2471235617808905 0.0003623538050176999
1.247623811905953 0.0003628518057053283
1.2481240620310154 0.00036334750543375684
1.248624312156078 0.00036384072385086096
1.2491245622811404 0.00036433144477151467
1.249624812406203 0.00036481965205672996
1.2501250625312657 0.0003653053296149337
1.2506253126563283 0.0003657884614032443
1.2511255627813906 0.00036626903142875257
1.2516258129064533 0.00036674702374980074
1.2521260630315156 0.00036722242247726596
1.2526263131565782 0.00036769754143806555
1.2531265632816408 0.00036818111230676803
1.2536268134067035 0.00036867960172929184
1.2541270635317658 0.00036919310824594365
1.2546273136568284 0.0003697217343554882
1.2551275637818908 0.00037026558657418744
1.2556278139069534 0.00037082477549758375
1.256128064032016 0.0003713994158651051
1.2566283141570787 0.00037198962662755625
1.257128564282141 0.0003725955310175868
1.2576288144072036 0.0003732132921048906
1.258129064532266 0.0003738287831477817
1.2586293146573286 0.0003744317047578954
1.2591295647823912 0.0003750219495239791
1.2596298149074536 0.00037559941225761596
1.2601300650325162 0.000376163990043037
1.2606303151575788 0.00037671558228604096
1.2611305652826412 0.0003772540907619855
1.2616308154077038 0.00037777941966280105
1.2621310655327664 0.00037829147564298745
1.2626313156578288 0.0003787923775201936
1.2631315657828914 0.0003792891805285529
1.263631815907954 0.0003797867931095097
1.2641320660330164 0.000380285227382971
1.264632316158079 0.000380784483007951
1.2651325662831416 0.00038128455963421616
1.265632816408204 0.00038178545690225186
1.2661330665332666 0.0003822871744432284
1.266633316658329 0.00038278971187896764
1.2671335667833916 0.0003832930688219084
1.2676338169084542 0.00038379627616354076
1.2681340670335168 0.0003842979606695246
1.2686343171585792 0.00038479774814557493
1.2691345672836418 0.00038529566371293917
1.2696348174087042 0.0003857916982813497
1.2701350675337668 0.00038628584276290064
1.2706353176588294 0.00038677808807232374
1.271135567783892 0.00038726842512726495
1.2716358179089544 0.00038775684484856367
1.272136068034017 0.00038824333816052983
1.2726363181590794 0.00038872863556738737
1.273136568284142 0.00038921416639481403
1.2736368184092046 0.0003897006858283599
1.2741370685342672 0.00039018825702283495
1.2746373186593296 0.0003906768849326901
1.2751375687843922 0.00039116657453900494
1.2756378189094546 0.0003916573308496786
1.2761380690345172 0.0003921491588996219
1.2766383191595798 0.0003926420637509521
1.2771385692846424 0.0003931360504931867
1.2776388194097048 0.00039363087057352284
1.2781390695347674 0.0003941254154176089
1.2786393196598298 0.0003946185005421156
1.2791395697848924 0.000395109743552174
1.279639819909955 0.0003955990820319109
1.2801400700350176 0.0003960865036607465
1.28064032016008 0.0003965719961364731
1.2811405702851426 0.0003970555471759646
1.281640820410205 0.0003975371445158907
1.2821410705352676 0.0003980167759134312
1.2826413206603302 0.0003984952932970666
1.2831415707853926 0.0003989753851208341
1.2836418209104552 0.0003994588480972328
1.2841420710355178 0.000399945599359624
1.2846423211605802 0.0004004356017006652
1.2851425712856428 0.0004009288752475837
1.2856428214107054 0.00040142544035518955
1.2861430715357678 0.0004019253176084984
1.2866433216608304 0.0004024285278253957
1.287143571785893 0.000402935092059343
1.2876438219109554 0.0004034440929575591
1.288144072036018 0.000403952769898385
1.2886443221610806 0.00040445928181166414
1.289144572286143 0.00040496371838159465
1.2896448224112056 0.00040546617153619264
1.290145072536268 0.0004059666310911291
1.2906453226613306 0.0004064650850073318
1.2911455727863932 0.00040696152125821737
1.2916458229114558 0.0004074559278302907
1.2921460730365182 0.0004079482927237489
1.2926463231615808 0.0004084386869469402
1.2931465732866432 0.0004089274010637623
1.2936468234117058 0.000409414644036323
1.2941470735367684 0.000409900154487605
1.294647323661831 0.00041038339536460553
1.2951475737868934 0.0004108640797322645
1.295647823911956 0.00041134219504934005
1.2961480740370184 0.0004118177287979831
1.296648324162081 0.0004122906684843644
1.2971485742871436 0.00041276100163930717
1.2976488244122062 0.00041322960498982406
1.2981490745372686 0.0004136990640679413
1.2986493246623312 0.00041417109202603443
1.2991495747873936 0.0004146457069407675
1.2996498249124562 0.00041512128883482516
1.3001500750375188 0.0004155960924621769
1.3006503251625814 0.0004160700076249191
1.3011505752876438 0.0004165430437157904
1.3016508254127064 0.0004170152101169767
1.3021510755377688 0.0004174865162008395
1.3026513256628314 0.00041795369302593253
1.303151575787894 0.0004184053691377656
1.3036518259129566 0.000418833376201365
1.304152076038019 0.0004192375954452962
1.3046523261630816 0.00041961534917954517
1.305152576288144 0.0004199590559138761
1.3056528264132066 0.00042026369072617687
1.3061530765382692 0.0004205291354504198
1.3066533266633318 0.0004207552826452017
1.3071535767883942 0.0004209420356761133
1.3076538269134568 0.00042109437537147067
1.3081540770385192 0.0004212299647303861
1.3086543271635818 0.00042136145016383083
1.3091545772886444 0.0004214888399829146
1.3096548274137068 0.00042161214160445155
1.3101550775387694 0.0004217374284211607
1.310655327663832 0.0004218732325927586
1.3111555777888944 0.0004220220354859195
1.311655827913957 0.0004221838810517056
1.3121560780390196 0.0004223588162822464
1.312656328164082 0.0004225440512467654
1.3131565782891446 0.00042272991269261647
1.313656828414207 0.0004229095130066132
1.3141570785392696 0.0004230828190375943
1.3146573286643322 0.00042324981138170515
1.3151575787893948 0.0004234104267928281
1.3156578289144572 0.00042356353926577815
1.3161580790395198 0.00042370806380192253
1.3166583291645821 0.0004238439769683071
1.3171585792896447 0.0004239712556864011
1.3176588294147074 0.0004240908792709167
1.31815907953977 0.0004242059324145449
1.3186593296648323 0.00042431847136196544
1.319159579789895 0.00042442845546884913
1.3196598299149573 0.00042453588104676547
1.32016008004002 0.00042464074429407207
1.3206603301650826 0.000424743910426364
1.3211605802901452 0.0004248480619522105
1.3216608304152075 0.00042495501940113665
1.3221610805402702 0.00042506479166768834
1.3226613306653325 0.0004251765326678775
1.3231615807903951 0.00042528742141464054
1.3236618309154577 0.00042539541861739884
1.3241620810405204 0.00042550045193795704
1.3246623311655827 0.00042560251217706706
1.3251625812906453 0.0004257015902229802
1.3256628314157077 0.000425797677052395
1.3261630815407703 0.0004258893917357104
1.326663331665833 0.0004259742934264206
1.3271635817908956 0.0004260513080772615
1.327663831915958 0.0004261217565067602
1.3281640820410205 0.0004261897439673855
1.328664332166083 0.00042625839500673674
1.3291645822911455 0.00042632811540068897
1.3296648324162081 0.0004263989647077835
1.3301650825412707 0.0004264709483941197
1.3306653326663331 0.0004265440720308406
1.3311655827913957 0.0004266183412952806
1.3316658329164581 0.00042669636897901066
1.3321660830415207 0.00042678158503842135
1.3326663331665833 0.0004268728536353981
1.3331665832916457 0.0004269642114044287
1.3336668334167083 0.00042705168930761914
1.334167083541771 0.0004271353846870285
1.3346673336668333 0.0004272153460145105
1.335167583791896 0.0004272915602387676
1.3356678339169585 0.0004273640146072699
1.336168084042021 0.00042743269666943167
1.3366683341670835 0.0004274975942797329
1.337168584292146 0.00042755908646129075
1.3376688344172085 0.000427618502897463
1.3381690845422711 0.00042767873554167273
1.3386693346673337 0.00042774173578598686
1.3391695847923961 0.0004278073988161505
1.3396698349174587 0.00042787561745272895
1.340170085042521 0.0004279463949880053
1.3406703351675837 0.0004280197367201579
1.3411705852926463 0.0004280956479339536
1.341670835417709 0.00042817413390059783
1.3421710855427713 0.00042825511683738704
1.342671335667834 0.00042833651178936883
1.3431715857928963 0.00042841770832022084
1.343671835917959 0.0004285001053979958
1.3441720860430215 0.0004285839792614762
1.3446723361680841 0.0004286699039266287
1.3451725862931465 0.00042875818320031554
1.3456728364182091 0.00042884882459810357
1.3461730865432715 0.0004289418357681924
1.346673336668334 0.0004290372244925254
1.3471735867933967 0.0004291349986879196
1.3476738369184593 0.000429234367386436
1.3481740870435217 0.00042933547184611305
1.3486743371685843 0.0004294392511505122
1.3491745872936467 0.00042954570876932647
1.3496748374187093 0.00042965661699187496
1.350175087543772 0.0004297738828041666
1.3506753376688345 0.00042989764709137614
1.351175587793897 0.00043002792124756725
1.3516758379189595 0.00043016471632755036
1.352176088044022 0.0004303080430445362
1.3526763381690845 0.00043045872389061134
1.353176588294147 0.0004306188603979668
1.3536768384192097 0.0004307862831818844
1.354177088544272 0.0004309575401473178
1.3546773386693347 0.00043113540793904867
1.355177588794397 0.00043132796049296155
1.3556778389194597 0.00043154052483705837
1.3561780890445223 0.00043177314725664697
1.3566783391695847 0.00043202587446071624
1.3571785892946473 0.0004322987535846318
1.35767883941971 0.00043259155853176025
1.3581790895447723 0.0004329034291596887
1.358679339669835 0.0004332339253568355
1.3591795897948975 0.0004335845475963504
1.3596798399199599 0.0004339566497123131
1.3601800900450225 0.0004343437206820297
1.3606803401700849 0.0004347365882721389
1.3611805902951475 0.0004351326199796594
1.36168084042021 0.00043553182075359005
1.3621810905452727 0.00043593419552305995
1.362681340670335 0.0004363401504084166
1.3631815907953977 0.00043675095823095906
1.36368184092046 0.0004371674978487865
1.3641820910455227 0.00043758970229514045
1.3646823411705853 0.00043801545082096795
1.365182591295648 0.0004384427489837017
1.3656828414207103 0.00043887280179263227
1.3661830915457729 0.00043930677031076725
1.3666833416708353 0.00043974466885746995
1.3671835917958979 0.0004401865118909106
1.3676838419209605 0.00044063183547343775
1.368184092046023 0.0004410792015701126
1.3686843421710855 0.00044152764199645707
1.369184592296148 0.0004419771558209374
1.3696848424212105 0.0004424277420924608
1.370185092546273 0.0004428797166178211
1.3706853426713357 0.00044333247990545734
1.3711855927963983 0.0004437831519050555
1.3716858429214607 0.00044422976131184774
1.3721860930465233 0.00044467229519715813
1.3726863431715857 0.00044511153391223445
1.3731865932966483 0.0004455495284636315
1.3736868434217109 0.0004459875482706223
1.3741870935467735 0.00044642560214512377
1.3746873436718359 0.00044686369892823943
1.3751875937968985 0.0004473018474909615
1.3756878439219609 0.0004477418837202183
1.3761880940470235 0.0004481876492635781
1.376688344172086 0.0004486423097045796
1.3771885942971487 0.00044910703838609223
1.377688844422211 0.00044957980854798657
1.3781890945472737 0.0004500552427165916
1.378689344672336 0.0004505299917536008
1.3791895947973987 0.0004510040293137575
1.3796898449224613 0.0004514773290409094
1.3801900950475237 0.00045194986457253655
1.3806903451725863 0.00045242160954430565
1.3811905952976489 0.00045289003815193274
1.3816908454227113 0.0004533480093016005
1.3821910955477739 0.0004537899924757188
1.3826913456728365 0.0004542174281116714
1.3831915957978989 0.00045463646154249597
1.3836918459229615 0.00045505090009406084
1.3841920960480238 0.0004554607463803636
1.3846923461730865 0.0004558660027518494
1.385192596298149 0.0004562666712947114
1.3856928464232117 0.000456662753830146
1.386193096548274 0.00045705425191356936
1.3866933466733367 0.00045744193009795753
1.387193596798399 0.0004578276089525208
1.3876938469234616 0.000458210611873046
1.3881940970485243 0.0004585867150573211
1.3886943471735869 0.0004589534115323805
1.3891945972986492 0.0004593106704552378
1.3896948474237119 0.000459658461364341
1.3901950975487742 0.00045999675418358056
1.3906953476738368 0.0004603255192262645
1.3911955977988995 0.00046064472719906444
1.391695847923962 0.00046095434920592575
1.3921960980490244 0.0004612545538611295
1.392696348174087 0.0004615523377776811
1.3931965982991494 0.0004618574391887637
1.393696848424212 0.0004621727978636698
1.3941970985492746 0.0004624984487612646
1.3946973486743373 0.000462834427762427
1.3951975987993996 0.00046318077167824067
1.3956978489244622 0.00046353751825840167
1.3961980990495246 0.0004639047061998568
1.3966983491745872 0.0004642823751556676
1.3971985992996498 0.0004646705657441102
1.3976988494247125 0.000465068148187459
1.3981990995497748 0.0004654681078378732
1.3986993496748374 0.0004658641711324068
1.3991995997998998 0.0004662559304069789
1.3996998499249624 0.00046664338088537444
1.400200100050025 0.0004670265176358767
1.4007003501750876 0.00046740533557032554
1.40120060030015 0.00046777982944316414
1.4017008504252126 0.00046814999385046276
1.402201100550275 0.0004685158232289282
1.4027013506753376 0.00046887537524731987
1.4032016008004002 0.0004692247009747965
1.4037018509254626 0.00046956576303012055
1.4042021010505252 0.0004699029976148406
1.4047023511755878 0.0004702368541271887
1.4052026013006502 0.00047056731027263524
1.4057028514257128 0.00047089434395973094
1.4062031015507754 0.0004712179333039768
1.4067033516758378 0.0004715380566316712
1.4072036018009004 0.00047185469248373524
1.407703851925963 0.00047216855384387736
1.4082041020510254 0.00047248124745758434
1.408704352176088 0.00047279349011197975
1.4092046023011506 0.0004731036956495217
1.409704852426213 0.0004734115800606549
1.4102051025512756 0.00047371837189654734
1.410705352676338 0.00047402415807774005
1.4112056028014006 0.00047432893009311157
1.4117058529264632 0.0004746326794483535
1.4122061030515258 0.00047493539766661384
1.4127063531765882 0.0004752403627527953
1.4132066033016508 0.0004755551694887719
1.4137068534267132 0.0004758841598199835
1.4142071035517758 0.00047622748260555444
1.4147073536768384 0.00047658750982726357
1.415207603801901 0.00047696655104714064
1.4157078539269634 0.00047736472535870044
1.416208104052026 0.0004777821356904119
1.4167083541770884 0.0004782188648723763
1.417208604302151 0.0004786749989561605
1.4177088544272136 0.00047914560627140823
1.4182091045522762 0.00047961933407447504
1.4187093546773386 0.0004800897819278788
1.4192096048024012 0.00048055690912646404
1.4197098549274636 0.00048102067526212554
1.4202101050525262 0.0004814806972772381
1.4207103551775888 0.0004819365661912792
1.4212106053026514 0.00048238725131843533
1.4217108554277138 0.000482831683240677
1.4222111055527764 0.0004832697558405458
1.4227113556778388 0.0004837045576647515
1.4232116058029014 0.0004841428641923864
1.423711855927964 0.00048458835273063267
1.4242121060530266 0.0004850410472118532
1.424712356178089 0.00048550097188378486
1.4252126063031516 0.00048596815131211104
1.425712856428214 0.00048644063247027476
1.4262131065532766 0.0004869158967930229
1.4267133566783392 0.00048739423915449416
1.4272136068034016 0.0004878778869071755
1.4277138569284642 0.0004883672467627687
1.4282141070535268 0.0004888605748816678
1.4287143571785892 0.000489357104645433
1.4292146073036518 0.0004898568414824203
1.4297148574287144 0.0004903597908080072
1.4302151075537768 0.000490865958024455
1.4307153576788394 0.0004913753485207695
1.431215607803902 0.0004918906738488317
1.4317158579289644 0.0004924165936015294
1.432216108054027 0.00049295562834844
1.4327163581790896 0.0004935040781126342
1.433216608304152 0.0004940544282471582
1.4337168584292146 0.0004946034234180033
1.434217108554277 0.0004951510406624594
1.4347173586793396 0.0004956972570452635
1.4352176088044022 0.0004962420496614622
1.4357178589294648 0.000496785395639281
1.4362181090545272 0.0004973272721430035
1.4367183591795898 0.0004978668294729285
1.4372186093046522 0.0004984019926844739
1.4377188594297148 0.000498933754896685
1.4382191095547774 0.0004994670806549472
1.43871935967984 0.0005000058586202828
1.4392196098049024 0.0005005512569457884
1.439719859929965 0.0005011033043947263
1.4402201100550274 0.000501662030164854
1.44072036018009 0.0005022274638925873
1.4412206103051526 0.0005027996356572425
1.4417208604302152 0.0005033785759853499
1.4422211105552776 0.0005039641994212969
1.4427213606803402 0.0005045530502382246
1.4432216108054026 0.0005051395970877149
1.4437218609304652 0.0005057216536160073
1.4442221110555278 0.000506299912022233
1.4447223611805904 0.0005068760452055093
1.4452226113056528 0.0005074510185170902
1.4457228614307154 0.0005080248204050891
1.4462231115557778 0.0005085974393183346
1.4467233616808404 0.0005091688637069687
1.447223611805903 0.0005097390820230477
1.4477238619309656 0.0005103073511432735
1.448224112056028 0.0005108734277494647
1.4487243621810906 0.0005114382333475802
1.449224612306153 0.0005120021848676575
1.4497248624312156 0.0005125652626512469
1.4502251125562782 0.0005131271516042601
1.4507253626813406 0.0005136873934616197
1.4512256128064032 0.0005142458246321905
1.4517258629314658 0.0005148024237465581
1.4522261130565282 0.0005153571694941099
1.4527263631815908 0.0005159126362571387
1.4532266133066534 0.0005164749028172266
1.4537268634317158 0.0005170472163009236
1.4542271135567784 0.0005176288387588952
1.454727363681841 0.0005182193008450132
1.4552276138069034 0.0005188186441349909
1.455727863931966 0.0005194269110161994
1.4562281140570286 0.0005200433494013159
1.456728364182091 0.0005206670988251871
1.4572286143071536 0.0005212980933305997
1.457728864432216 0.0005219374334054925
1.4582291145572785 0.0005225870844764696
1.4587293646823412 0.0005232479653519636
1.4592296148074038 0.0005239201442802726
1.4597298649324661 0.0005246024555795764
1.4602301150575288 0.0005252936275440694
1.4607303651825911 0.0005259936228634831
1.4612306153076537 0.0005267025086556174
1.4617308654327164 0.0005274203969074259
1.462231115557779 0.0005281484150913865
1.4627313656828413 0.0005288789841579736
1.463231615807904 0.0005295934299901088
1.4637318659329663 0.0005302816160740082
1.464232116058029 0.0005309433683610211
1.4647323661830915 0.0005315785201417172
1.4652326163081542 0.0005321868911417529
1.4657328664332165 0.0005327682833578434
1.4662331165582791 0.0005333225273881768
1.4667333666833415 0.0005338494868230932
1.4672336168084041 0.000534349033141591
1.4677338669334667 0.0005348311340326223
1.4682341170585294 0.000535317373391661
1.4687343671835917 0.0005358193434461785
1.4692346173086543 0.0005363371184344634
1.4697348674337167 0.0005368707757779483
1.4702351175587793 0.0005374203961152494
1.470735367683842 0.0005379860633378663
1.4712356178089045 0.0005385689046548882
1.471735867933967 0.0005391701196706127
1.4722361180590295 0.0005397898734157498
1.472736368184092 0.0005404258877710417
1.4732366183091545 0.0005410724085899052
1.4737368684342171 0.0005417260678036084
1.4742371185592795 0.0005423870907072015
1.4747373686843421 0.0005430556630267628
1.4752376188094047 0.0005437318251247841
1.4757378689344671 0.0005444156179763412
1.4762381190595297 0.0005451070831760304
1.4767383691845923 0.0005458053561101687
1.4772386193096547 0.0005465080897108802
1.4777388694347173 0.0005472120341439411
1.47823911955978 0.0005479142790323495
1.4787393696848423 0.0005486136990638476
1.479239619809905 0.0005493102857501366
1.4797398699349675 0.0005500038414463836
1.48024012006003 0.0005506935510057123
1.4807403701850925 0.0005513787857245097
1.481240620310155 0.0005520595324776462
1.4817408704352175 0.0005527357780984564
1.4822411205602801 0.0005534068341270866
1.4827413706853427 0.0005540730966506331
1.4832416208104051 0.0005547349628949913
1.4837418709354677 0.0005553917249874979
1.48424212106053 0.0005560433329028194
1.4847423711855927 0.0005566897370080824
1.4852426213106553 0.0005573308880737601
1.485742871435718 0.0005579669815691345
1.4862431215607803 0.0005585991693787758
1.486743371685843 0.0005592283629106352
1.4872436218109053 0.0005598540635361384
1.487743871935968 0.0005604780525380671
1.4882441220610305 0.0005611050982353252
1.4887443721860931 0.0005617364789014787
1.4892446223111555 0.0005623709638260903
1.4897448724362181 0.0005630085552720304
1.4902451225612805 0.0005636492554630772
1.490745372686343 0.0005642930665837159
1.4912456228114057 0.0005649399907789394
1.4917458729364683 0.0005655899753613516
1.4922461230615307 0.000566242582217968
1.4927463731865933 0.0005668975559358735
1.4932466233116557 0.0005675548569056686
1.4937468734367183 0.0005682143155401937
1.494247123561781 0.0005688751616606972
1.4947473736868435 0.0005695355647192554
1.495247623811906 0.0005701944596935658
1.4957478739369685 0.0005708518381358986
1.496248124062031 0.0005715076915980321
1.4967483741870935 0.0005721620116314709
1.497248624312156 0.0005728147897876692
1.4977488744372185 0.0005734655538565332
1.498249124562281 0.0005741134827660783
1.4987493746873437 0.0005747582154415306
1.499249624812406 0.0005753997356639196
1.4997498749374687 0.0005760380280745781
1.5002501250625313 0.0005766733967474307
1.500750375187594 0.000577306300582282
1.5012506253126563 0.0005779368799840579
1.5017508754377187 0.0005785651216910689
1.5022511255627813 0.0005791910124685975
1.502751375687844 0.000579815975533801
1.5032516258129065 0.0005804427375055072
1.503751875937969 0.0005810726027100832
1.5042521260630315 0.0005817050998855903
1.5047523761880939 0.0005823396503930482
1.5052526263131565 0.0005829761616322082
1.505752876438219 0.0005836146471167328
1.5062531265632817 0.0005842559802495389
1.506753376688344 0.0005849011524579083
1.5072536268134067 0.0005855502970794052
1.507753876938469 0.000586200049231772
1.5082541270635317 0.0005868435163364734
1.5087543771885943 0.0005874771515316892
1.509254627313657 0.000588100899201712
1.5097548774387193 0.0005887147046818602
1.5102551275637819 0.0005893188517471955
1.5107553776888443 0.0005899138545246226
1.5112556278139069 0.000590499891563646
1.5117558779389695 0.0005910768670745365
1.512256128064032 0.0005916435925068458
1.5127563781890945 0.0005922046801442391
1.513256628314157 0.0005927719834823442
1.5137568784392195 0.000593351655362716
1.514257128564282 0.0005939437548163208
1.5147573786893447 0.0005945483426151356
1.5152576288144073 0.0005951654812904894
1.5157578789394697 0.0005957952351520414
1.5162581290645323 0.0005964379338395333
1.5167583791895947 0.0005970944629254524
1.5172586293146573 0.000597765448356468
1.5177588794397199 0.0005984465955594113
1.5182591295647825 0.0005991291474940371
1.5187593796898449 0.0005998086659462722
1.5192596298149073 0.0006004851259388776
1.5197598799399699 0.0006011585025844322
1.5202601300650325 0.0006018287710878871
1.520760380190095 0.0006024959067491221
1.5212606303151577 0.0006031598849654967
1.52176088044022 0.0006038206812344018
1.5222611305652824 0.0006044782710872803
1.522761380690345 0.0006051296204673838
1.5232616308154077 0.0006057697856839136
1.5237618809404703 0.0006063967690704943
1.5242621310655329 0.0006070103048889563
1.5247623811905953 0.0006076101723406679
1.5252626313156576 0.0006081963094826918
1.5257628814407203 0.0006087686559437836
1.5262631315657829 0.0006093271529415069
1.5267633816908455 0.0006098717432989135
1.527263631815908 0.0006104023714607733
1.5277638819409705 0.0006109238403434389
1.5282641320660328 0.0006114459688480843
1.5287643821910955 0.0006119738774065793
1.529264632316158 0.0006125077815499985
1.5297648824412207 0.0006130479817664315
1.530265132566283 0.0006135953705039671
1.5307653826913457 0.0006141506394991688
1.531265632816408 0.000614713820512948
1.5317658829414706 0.000615284945915888
1.5322661330665333 0.0006158640486936206
1.5327663831915959 0.0006164510478739128
1.5332666333166582 0.0006170461478742001
1.5337668834417209 0.0006176496697523194
1.5342671335667832 0.0006182616506631315
1.5347673836918458 0.0006188821642083657
1.5352676338169085 0.0006195114221875098
1.535767883941971 0.0006201493407224053
1.5362681340670334 0.0006207946781003119
1.536768384192096 0.0006214464512325441
1.5372686343171584 0.0006221046968847491
1.537768884442221 0.0006227706425800432
1.5382691345672836 0.0006234458738377264
1.5387693846923463 0.0006241307937659822
1.5392696348174086 0.0006248254590712522
1.5397698849424712 0.0006255299276267194
1.5402701350675336 0.0006262442584866405
1.5407703851925962 0.0006269685119010443
1.5412706353176588 0.0006277024877524176
1.5417708854427215 0.0006284459506116657
1.5422711355677838 0.0006291993390143225
1.5427713856928462 0.0006299572220494134
1.5432716358179088 0.0006307088902248651
1.5437718859429714 0.0006314494775166667
1.544272136068034 0.0006321789177338265
1.5447723861930966 0.0006328971455963275
1.545272636318159 0.0006336040967500591
1.5457728864432214 0.0006342997077815796
1.546273136568284 0.0006349839162327176
1.5467733866933466 0.0006356566606149955
1.5472736368184092 0.0006363179229322121
1.5477738869434718 0.0006369765762667896
1.5482741370685342 0.000637648796152627
1.5487743871935966 0.0006383419530537093
1.5492746373186592 0.0006390561649505871
1.5497748874437218 0.0006397915534160852
1.5502751375687844 0.0006405482445473567
1.550775387693847 0.0006413263690262309
1.5512756378189094 0.0006421260621821117
1.5517758879439718 0.0006429474640574804
1.5522761380690344 0.0006437907194760728
1.552776388194097 0.0006446461090953838
1.5532766383191596 0.000645496308146911
1.5537768884442222 0.0006463336310077111
1.5542771385692846 0.000647158331888281
1.554777388694347 0.0006479708945196441
1.5552776388194096 0.0006487713451793176
1.5557778889444722 0.0006495595976089071
1.5562781390695348 0.0006503355667963506
1.5567783891945972 0.0006510991690000322
1.5572786393196598 0.0006518503217726155
1.5577788894447222 0.0006525976418279719
1.5582791395697848 0.0006533561923456315
1.5587793896948474 0.0006541324263509657
1.55927963981991 0.0006549264493962698
1.5597798899449724 0.0006557383606075373
1.560280140070035 0.0006565674736382981
1.5607803901950974 0.0006574128654265571
1.56128064032016 0.000658274401763245
1.5617808904452226 0.0006591521968844019
1.5622811405702852 0.000660046367927705
1.5627813906953476 0.0006609484819507665
1.5632816408204102 0.0006618440490427839
1.5637818909454726 0.0006627270320534751
1.5642821410705352 0.0006635973398375307
1.5647823911955978 0.0006644548823167128
1.5652826413206604 0.000665299570502743
1.5657828914457228 0.0006661313165200199
1.5662831415707852 0.0006669498370246776
1.5667833916958478 0.0006677544148920064
1.5672836418209104 0.0006685445287915766
1.567783891945973 0.0006693220795716898
1.5682841420710356 0.0006700902168620451
1.568784392196098 0.0006708501218110017
1.5692846423211604 0.00067160174989453
1.569784892446223 0.0006723450569074024
1.5702851425712856 0.0006730799989689095
1.5707853926963482 0.0006738065325285639
1.5712856428214108 0.0006745246143717837
1.5717858929464732 0.0006752342016255585
1.5722861430715356 0.0006759352518383891
1.5727863931965982 0.0006766297155081794
1.5732866433216608 0.0006773197330536128
1.5737868934467234 0.0006780054587529952
1.574287143571786 0.0006786868674861073
1.5747873936968484 0.000679363934232222
1.5752876438219108 0.0006800366340722754
1.5757878939469734 0.0006807049421910384
1.576288144072036 0.000681368833879288
1.5767883941970986 0.0006820282845359765
1.5772886443221612 0.0006826832696704009
1.5777888944472236 0.0006833349216628514
1.578289144572286 0.0006839853195800287
1.5787893946973486 0.0006846352672009472
1.5792896448224112 0.0006852843631040085
1.5797898949474738 0.0006859323007593566
1.5802901450725362 0.0006865792928220291
1.5807903951975988 0.0006872257504052477
1.5812906453226612 0.000687871836304989
1.5817908954477238 0.0006885175501547392
1.5822911455727864 0.0006891628915862719
1.582791395697849 0.0006898106019671566
1.5832916458229114 0.0006904656216552087
1.583791895947974 0.00069113017436809
1.5842921460730364 0.0006918043122862261
1.584792396198099 0.0006924880496183946
1.5852926463231616 0.0006931812562072955
1.5857928964482242 0.0006938839946081305
1.5862931465732866 0.000694596473935688
1.5867933966983492 0.0006953187513423913
1.5872936468234116 0.0006960508850452538
1.5877938969484742 0.0006967873972433905
1.5882941470735368 0.0006975184475601528
1.5887943971985994 0.0006982396769472217
1.5892946473236618 0.0006989510291617822
1.5897948974487242 0.0006996524485689057
1.5902951475737868 0.0007003421208952039
1.5907953976988494 0.0007010171162887262
1.591295647823912 0.0007016765368391678
1.5917958979489746 0.0007023206486692484
1.592296148074037 0.0007029492080638885
1.5927963981990994 0.0007035669112511643
1.593296648324162 0.0007041825318166543
1.5937968984492246 0.0007047998842068877
1.5942971485742872 0.0007054189781833597
1.5947973986993498 0.000706039823570232
1.5952976488244122 0.0007066624302548815
1.5957978989494745 0.000707286808188455
1.5962981490745372 0.0007079129673864282
1.5967983991995998 0.0007085409179291707
1.5972986493246624 0.0007091706235454737
1.597798899449725 0.0007097944976820833
1.5982991495747874 0.0007103994367691409
1.5987993996998497 0.0007109798474965328
1.5992996498249124 0.0007115356368012469
1.599799899949975 0.0007120666976415574
1.6003001500750376 0.0007125750116770648
1.6008004002001002 0.0007130638280174903
1.6013006503251626 0.0007135343268827595
1.601800900450225 0.000713986442212943
1.6023011505752875 0.000714420110443754
1.6028014007003502 0.0007148451493683358
1.6033016508254128 0.0007152786571475536
1.6038019009504751 0.0007157280315376189
1.6043021510755378 0.0007161935224171557
1.6048024012006001 0.0007166752685570607
1.6053026513256627 0.0007171733699284001
1.6058029014507254 0.000717687920359914
1.606303151575788 0.0007182189895924941
1.6068034017008503 0.0007187666499309279
1.607303651825913 0.0007193309762700707
1.6078039019509753 0.0007199025919027935
1.608304152076038 0.0007204652776875971
1.6088044022011005 0.0007210121986909729
1.6093046523261632 0.0007215432863157547
1.6098049024512255 0.000722058484033246
1.6103051525762881 0.0007225581841527784
1.6108054027013505 0.0007230427634950166
1.6113056528264131 0.0007235121163533528
1.6118059029514757 0.0007239660092629349
1.6123061530765384 0.0007244042480636035
1.6128064032016007 0.0007248373044065795
1.6133066533266633 0.000725283105235091
1.6138069034517257 0.0007257491118438514
1.6143071535767883 0.0007262354007860595
1.614807403701851 0.0007267420522433607
1.6153076538269135 0.0007272691500601372
1.615807903951976 0.000727816781779488
1.6163081540770383 0.0007283849431478206
1.616808404202101 0.0007289734557119574
1.6173086543271635 0.0007295822396156716
1.6178089044522261 0.0007302080127439311
1.6183091545772887 0.000730845133465561
1.6188094047023511 0.0007314913176093299
1.6193096548274135 0.00073214661354919
1.6198099049524761 0.0007328110705273968
1.6203101550775387 0.0007334822366314693
1.6208104052026013 0.000734156263008856
1.621310655327664 0.0007348317838652438
1.6218109054527263 0.0007355088078051964
1.6223111555777887 0.0007361873434848758
1.6228114057028513 0.0007368652079491489
1.623311655827914 0.0007375387113476941
1.6238119059529765 0.0007382063360935777
1.6243121560780391 0.0007388680495102491
1.6248124062031015 0.0007395237188487359
1.625312656328164 0.0007401732109036717
1.6258129064532265 0.0007408164927321279
1.6263131565782891 0.0007414535318700524
1.6268134067033517 0.000742084296053271
1.6273136568284141 0.0007427087532210594
1.6278139069534767 0.0007433268715197059
1.628314157078539 0.0007439386193060672
1.6288144072036017 0.0007445439651511152
1.6293146573286643 0.0007451430862358321
1.629814907453727 0.0007457361963667881
1.6303151575787893 0.0007463249119698768
1.630815407703852 0.0007469116363480777
1.6313156578289143 0.0007474971104036
1.631815907953977 0.0007480812505650767
1.6323161580790395 0.0007486640354921648
1.6328164082041021 0.0007492454585389373
1.6333166583291645 0.0007498255130539188
1.6338169084542271 0.0007504041923801897
1.6343171585792895 0.0007509814898554954
1.634817408704352 0.0007515573988123525
1.6353176588294147 0.0007521319076078083
1.6358179089544773 0.0007527048390378358
1.6363181590795397 0.0007532760203312202
1.6368184092046023 0.0007538454439909148
1.6373186593296647 0.0007544131025166262
1.6378189094547273 0.0007549790953020018
1.63831915957979 0.00075554360330373
1.6388194097048525 0.0007561067010015665
1.639319659829915 0.000756668381769373
1.6398199099549773 0.0007572286389767859
1.64032016008004 0.0007577908859865075
1.6408204102051025 0.0007583605339659047
1.641320660330165 0.0007589395971660221
1.6418209104552277 0.0007595281640629037
1.64232116058029 0.0007601265684915445
1.6428214107053525 0.0007607351018454298
1.643321660830415 0.000761353812465538
1.6438219109554777 0.0007619827496126928
1.6443221610805403 0.0007626219446212742
1.644822411205603 0.0007632713798623962
1.6453226613306653 0.0007639310572955862
1.6458229114557277 0.0007646010295766542
1.6463231615807903 0.0007652813503221377
1.646823411705853 0.0007659720741204242
1.6473236618309155 0.0007666732565431205
1.647823911955978 0.0007673849541566671
1.6483241620810405 0.0007681072186705302
1.6488244122061029 0.0007688400826760742
1.6493246623311655 0.0007695835855647988
1.649824912456228 0.0007703377878406125
