1.1000500250125063 0.001230490172371463
1.1005502751375689 0.001231314619885481
1.1010505252626313 0.00123215389893336
1.1015507753876939 0.0012330014619530737
1.1020510255127565 0.0012338571059230664
1.1025512756378189 0.0012347175554275008
1.1030515257628815 0.0012355783302449115
1.103551775887944 0.0012364281171112744
1.1040520260130064 0.0012372569678377196
1.104552276138069 0.0012380630458286726
1.1050525262631314 0.0012388471119390556
1.105552776388194 0.0012396149317343774
1.1060530265132567 0.0012403696872058223
1.1065532766383193 0.001241111309252341
1.1070535267633816 0.0012418402566388975
1.1075537768884443 0.0012425628610102622
1.1080540270135066 0.001243284928003068
1.1085542771385692 0.0012440061642003425
1.1090545272636319 0.001244731577548721
1.1095547773886942 0.0012454652622728745
1.1100550275137568 0.0012462054774302733
1.1105552776388194 0.0012469516597381249
1.1110555277638818 0.0012477038204628478
1.1115557778889444 0.0012484619708117233
1.112056028014007 0.001249224431189832
1.1125562781390694 0.0012499718618817022
1.113056528264132 0.0012506874967039869
1.1135567783891946 0.0012513762458446142
1.114057028514257 0.0012520410948280265
1.1145572786393196 0.0012526809716108735
1.1150575287643822 0.0012532957686500826
1.1155577788894446 0.0012538853814016298
1.1160580290145072 0.0012544497083565639
1.1165582791395698 0.001254988651076195
1.1170585292646322 0.001255505082025177
1.1175587793896948 0.001256031103504176
1.1180590295147574 0.0012565873791994203
1.1185592796398198 0.0012571450221037968
1.1190595297648824 0.0012576836593027978
1.119559779889945 0.001258203252248839
1.1200600300150074 0.0012587037617221798
1.12056028014007 0.0012591851478262978
1.1210605302651326 0.001259647369983193
1.121560780390195 0.0012600903869286167
1.1220610305152576 0.001260514045567214
1.1225612806403202 0.0012609237487146226
1.1230615307653826 0.0012613293164084813
1.1235617808904452 0.001261744031152643
1.1240620310155078 0.001262176937897494
1.1245622811405702 0.001262628110751378
1.1250625312656328 0.001263097626256323
1.1255627813906954 0.0012635855634142597
1.1260630315157578 0.001264092003714108
1.1265632816408204 0.0012646170239724189
1.127063531765883 0.0012651524301627221
1.1275637818909454 0.0012656888251247197
1.128064032016008 0.0012662254713973074
1.1285642821410704 0.0012667651610853527
1.129064532266133 0.0012673102775711395
1.1295647823911956 0.0012678608511896329
1.1300650325162582 0.0012684169126702225
1.1305652826413206 0.0012689784931413093
1.1310655327663832 0.001269546946074339
1.1315657828914456 0.0012701293141321728
1.1320660330165082 0.0012707286685651146
1.1325662831415708 0.0012713372795627993
1.1330665332666334 0.0012719504861993585
1.1335667833916958 0.0012725710313370153
1.1340670335167584 0.001273201245244016
1.1345672836418208 0.0012738411676006694
1.1350675337668834 0.0012744908384912023
1.135567783891946 0.001275152308263459
1.1360680340170084 0.0012758315143430877
1.136568284142071 0.0012765297132619551
1.1370685342671336 0.0012772430049337446
1.137568784392196 0.0012779713200363706
1.1380690345172586 0.0012787147505359758
1.1385692846423212 0.0012794664481609057
1.1390695347673836 0.0012802206415914676
1.1395697848924462 0.0012809773284703473
1.1400700350175088 0.0012817328465583307
1.1405702851425712 0.0012824791982926932
1.1410705352676338 0.001283213242361337
1.1415707853926964 0.0012839382083768302
1.1420710355177588 0.001284656730646493
1.1425712856428214 0.0012853740330736993
1.143071535767884 0.001286093271233193
1.1435717858929464 0.0012868055750289997
1.144072036018009 0.0012875035042558135
1.1445722861430716 0.0012881891275075047
1.145072536268134 0.0012888663416472498
1.1455727863931966 0.0012895367218122757
1.1460730365182592 0.0012901966611381479
1.1465732866433216 0.0012908427336816928
1.1470735367683842 0.0012914731871396462
1.1475737868934468 0.0012920741439535173
1.1480740370185092 0.0012926369385835139
1.1485742871435718 0.0012931823134425383
1.1490745372686344 0.0012937266841201178
1.1495747873936968 0.001294268619842161
1.1500750375187594 0.0012948075232621513
1.150575287643822 0.0012953499026876743
1.1510755377688844 0.001295905099509315
1.151575787893947 0.0012964759627699632
1.1520760380190094 0.0012970642093550076
1.152576288144072 0.001297683014070993
1.1530765382691346 0.0012983415315150043
1.1535767883941972 0.001299028143274005
1.1540770385192596 0.0012997348840393607
1.1545772886443222 0.0013004631120118492
1.1550775387693846 0.0013012107635463654
1.1555777888944472 0.0013019709278606839
1.1560780390195098 0.0013027388001564443
1.1565782891445724 0.0013035144037711875
1.1570785392696348 0.0013042978060553172
1.1575787893946974 0.0013050893625469297
1.1580790395197598 0.0013058844261648018
1.1585792896448224 0.001306677509145748
1.159079539769885 0.0013074680820151087
1.1595797898949474 0.001308256153584804
1.16008004002001 0.0013090399786431595
1.1605802901450726 0.0013098175537917017
1.161080540270135 0.0013105886243784896
1.1615807903951976 0.0013113531852716807
1.1620810405202602 0.001312110074642955
1.1625812906453226 0.00131285380065089
1.1630815407703852 0.0013135797629683867
1.1635817908954478 0.0013142743463218068
1.1640820410205102 0.0013149240718097765
1.1645822911455728 0.0013155292049867402
1.1650825412706354 0.0013160907071002358
1.1655827913956978 0.0013166090804394915
1.1660830415207604 0.0013170841495715009
1.166583291645823 0.001317515746375911
1.1670835417708854 0.001317909349724403
1.167583791895948 0.0013182900194309084
1.1680840420210106 0.0013186830391910664
1.168584292146073 0.001319118414664429
1.1690845422711356 0.0013196205262084753
1.1695847923961982 0.0013202014742711937
1.1700850425212606 0.0013208747388723107
1.1705852926463232 0.0013216420049175924
1.1710855427713858 0.001322503672051017
1.1715857928964482 0.0013234597571673559
1.1720860430215108 0.001324507428356888
1.1725862931465734 0.001325633776930246
1.1730865432716358 0.0013268234634221177
1.1735867933966984 0.0013280502526658287
1.174087043521761 0.0013292860842385984
1.1745872936468233 0.0013305116750471902
1.175087543771886 0.00133171450914833
1.1755877938969483 0.0013328944426747999
1.176088044022011 0.0013340502707165419
1.1765882941470736 0.0013351718897620347
1.1770885442721362 0.0013362497198090234
1.1775887943971985 0.0013372802829532996
1.1780890445222612 0.001338263213237983
1.1785892946473235 0.0013392113170852744
1.1790895447723861 0.0013401383306081616
1.1795897948974488 0.0013410486759706283
1.1800900450225114 0.0013419433120353574
1.1805902951475737 0.0013428221802473802
1.1810905452726363 0.001343687547668118
1.1815907953976987 0.0013445419523670642
1.1820910455227613 0.001345385108333958
1.182591295647824 0.0013462137605154358
1.1830915457728866 0.0013470236201178422
1.183591795897949 0.0013478073383205585
1.1840920460230115 0.0013485593817327624
1.184592296148074 0.0013492799483733075
1.1850925462731365 0.0013499689009192968
1.1855927963981991 0.001350629100859619
1.1860930465232615 0.001351265005012734
1.1865932966483241 0.0013518780888228628
1.1870935467733867 0.0013524695701969004
1.1875937968984491 0.0013530474798127338
1.1880940470235117 0.0013536182874087925
1.1885942971485743 0.0013541799453724481
1.1890945472736367 0.0013547299890454743
1.1895947973986993 0.0013552676786283953
1.190095047523762 0.0013557916075443612
1.1905952976488243 0.001356298082399744
1.191095547773887 0.0013567847590506014
1.1915957978989495 0.0013572515723718364
1.192096048024012 0.0013577001961782352
1.1925962981490745 0.0013581409650269165
1.1930965482741371 0.0013585838443764154
1.1935967983991995 0.0013590392173184502
1.1940970485242621 0.0013595172904421146
1.1945972986493247 0.0013600194706572455
1.1950975487743871 0.0013605497961111136
1.1955977988994497 0.0013611121057710562
1.1960980490245123 0.0013617065195948214
1.1965982991495747 0.0013623331610960602
1.1970985492746373 0.0013629879527838357
1.1975987993997 0.001363646590659579
1.1980990495247623 0.0013642890106029119
1.198599299649825 0.0013649120755273563
1.1990995497748873 0.0013655124733317277
1.19959979989995 0.0013660828930663266
1.2001000500250125 0.0013666128916608596
1.2006003001500751 0.001367099219636551
1.2011005502751375 0.0013675417327822564
1.2016008004002001 0.0013679402907790798
1.2021010505252625 0.0013682975876183761
1.2026013006503251 0.0013686294650667042
1.2031015507753877 0.0013689491022868387
1.2036018009004503 0.0013692559478516385
1.2041020510255127 0.0013695516980950148
1.2046023011505753 0.0013698440301250355
1.2051025512756377 0.0013701382878945397
1.2056028014007003 0.0013704344763426424
1.206103051525763 0.001370732600424116
1.2066033016508255 0.0013710326651094542
1.207103551775888 0.0013713336870483932
1.2076038019009505 0.0013716302462327345
1.208104052026013 0.0013719181644370622
1.2086043021510755 0.0013721987277883797
1.2091045522761381 0.0013724748882482387
1.2096048024012005 0.0013727488427739412
1.210105052526263 0.0013730208572535385
1.2106053026513257 0.0013732909218836405
1.211105552776388 0.0013735590268977868
1.2116058029014507 0.0013738251625671882
1.2121060530265133 0.0013740928475931662
1.2126063031515757 0.0013743809446300464
1.2131065532766383 0.001374712044063338
1.213606803401701 0.0013750976967760384
1.2141070535267633 0.0013755415492799428
1.214607303651826 0.0013760430329251457
1.2151075537768885 0.0013766023415227268
1.215607803901951 0.0013772196772734507
1.2161080540270135 0.0013778952508524313
1.216608304152076 0.001378629281497099
1.2171085542771385 0.0013794153588176802
1.217608804402201 0.0013802191468211226
1.2181090545272637 0.0013809989613187657
1.218609304652326 0.001381720938767516
1.2191095547773887 0.001382363454546862
1.2196098049024513 0.0013829247756032355
1.2201100550275137 0.0013834046261108329
1.2206103051525763 0.0013838027445667927
1.221110555277639 0.0013841188839366653
1.2216108054027013 0.001384352811793824
1.222111055527764 0.0013845103023388343
1.2226113056528263 0.0013846215643620392
1.2231115557778889 0.001384724163638283
1.2236118059029515 0.0013848491276109887
1.224112056028014 0.0013850143111801677
1.2246123061530765 0.0013852198211674034
1.225112556278139 0.0013854657691126082
1.2256128064032015 0.0013857522713137675
1.226113056528264 0.0013860794488681836
1.2266133066533267 0.0013864474277152296
1.2271135567783893 0.001386853350238237
1.2276138069034517 0.0013872825668322475
1.2281140570285143 0.0013877202918802397
1.2286143071535767 0.0013881619091935214
1.2291145572786393 0.0013886058509153104
1.2296148074037019 0.001389052117478225
1.2301150575287645 0.0013895007092538142
1.2306153076538269 0.0013899516265522625
1.2311155577788895 0.0013904048696220964
1.2316158079039519 0.0013908604386498925
1.2321160580290145 0.0013913200481839747
1.232616308154077 0.0013917919090064615
1.2331165582791395 0.001392280770828274
1.233616808404202 0.0013927829109941841
1.2341170585292647 0.0013932963772578693
1.234617308654327 0.0013938212069265876
1.2351175587793897 0.00139435743771273
1.2356178089044523 0.001394905107737177
1.2361180590295147 0.0013954642555326947
1.2366183091545773 0.001396034920047377
1.2371185592796399 0.0013966174619000815
1.2376188094047023 0.0013972141717726887
1.2381190595297649 0.001397824005086401
1.2386193096548275 0.0013984442937199637
1.2391195597798899 0.0013990753942194037
1.2396198099049525 0.0013997173566853277
1.240120060030015 0.0014003702320442065
1.2406203101550775 0.0014010340720573857
1.24112056028014 0.0014017089293302826
1.2416208104052027 0.0014023948573217556
1.242121060530265 0.0014030904160141845
1.2426213106553277 0.0014037840961570495
1.2431215607803903 0.0014044690140835691
1.2436218109054527 0.0014051475777111752
1.2441220610305153 0.0014058190013588625
1.2446223111555779 0.001406483247607653
1.2451225612806402 0.0014071402792069164
1.2456228114057029 0.0014077900590780431
1.2461230615307652 0.001408432550318124
1.2466233116558278 0.0014090677162036285
1.2471235617808905 0.0014096953194696088
1.247623811905953 0.00141031858440907
1.2481240620310154 0.001410939913500699
1.248624312156078 0.0014115602049604458
1.2491245622811404 0.001412181404101509
1.249624812406203 0.0014128035091787597
1.2501250625312657 0.0014134265184273759
1.2506253126563283 0.0014140504300627845
1.2511255627813906 0.0014146752422806088
1.2516258129064533 0.0014153009532566151
1.2521260630315156 0.0014159274882394868
1.2526263131565782 0.001416555594057941
1.2531265632816408 0.0014171996846090791
1.2536268134067035 0.001417907526569251
1.2541270635317658 0.0014187135553694746
1.2546273136568284 0.001419618251481778
1.2551275637818908 0.0014206221360499442
1.2556278139069534 0.0014217257714659289
1.256128064032016 0.0014229297619907696
1.2566283141570787 0.0014242347544212173
1.257128564282141 0.001425641122414878
1.2576288144072036 0.0014271480877270301
1.258129064532266 0.001428729701997327
1.2586293146573286 0.0014302955297401715
1.2591295647823912 0.0014317798188336773
1.2596298149074536 0.0014331819134162404
1.2601300650325162 0.0014345011846444533
1.2606303151575788 0.0014357370312886965
1.2611305652826412 0.0014368888803078137
1.2616308154077038 0.0014379561874019284
1.2621310655327664 0.0014389304956893558
1.2626313156578288 0.0014397980838467578
1.2631315657828914 0.0014405654746968007
1.263631815907954 0.001441273131970685
1.2641320660330164 0.0014419491679032838
1.264632316158079 0.0014425932013736346
1.2651325662831416 0.0014432051255661605
1.265632816408204 0.0014437848340786413
1.2661330665332666 0.0014443322209290268
1.266633316658329 0.0014448471805622613
1.2671335667833916 0.0014453448778709492
1.2676338169084542 0.0014458482308988589
1.2681340670335168 0.0014463643357349207
1.2686343171585792 0.0014468884485915744
1.2691345672836418 0.0014474144995719844
1.2696348174087042 0.0014479405643954171
1.2701350675337668 0.0014484666372201113
1.2706353176588294 0.0014489927121808057
1.271135567783892 0.0014495187833888446
1.2716358179089544 0.0014500448449322819
1.272136068034017 0.001450564489693727
1.2726363181590794 0.0014510665128300345
1.273136568284142 0.0014515484002289828
1.2736368184092046 0.001452018871926786
1.2741370685342672 0.0014524873471778938
1.2746373186593296 0.0014529568109191227
1.2751375687843922 0.0014534272673245733
1.2756378189094546 0.0014538987205900658
1.2761380690345172 0.0014543711749332867
1.2766383191595798 0.001454844634593931
1.2771385692846424 0.0014553182915325914
1.2776388194097048 0.0014557918764492835
1.2781390695347674 0.0014562634060268347
1.2786393196598298 0.0014567245064571633
1.2791395697848924 0.0014571720186180453
1.279639819909955 0.0014576090426529171
1.2801400700350176 0.0014580359626736588
1.28064032016008 0.0014584527379443888
1.2811405702851426 0.0014588593281313178
1.281640820410205 0.0014592556933083554
1.2821410705352676 0.0014596433940884752
1.2826413206603302 0.0014600263055085058
1.2831415707853926 0.0014604098113146665
1.2836418209104552 0.001460803985656226
1.2841420710355178 0.0014612133609305492
1.2846423211605802 0.0014616323852592356
1.2851425712856428 0.0014620579789550504
1.2856428214107054 0.0014624901715569987
1.2861430715357678 0.0014629289930532204
1.2866433216608304 0.0014633744738856932
1.287143571785893 0.0014638308059979378
1.2876438219109554 0.0014643017603847024
1.288144072036018 0.0014647854605467654
1.2886443221610806 0.0014652771738829602
1.289144572286143 0.001465773637068004
1.2896448224112056 0.0014662771591539203
1.290145072536268 0.0014667901003342309
1.2906453226613306 0.0014673125279510858
1.2911455727863932 0.001467844467427966
1.2916458229114558 0.0014683859441832763
1.2921460730365182 0.0014689321802950352
1.2926463231615808 0.0014694794090363966
1.2931465732866432 0.0014700261492112145
1.2936468234117058 0.0014705644587399702
1.2941470735367684 0.0014710888790296893
1.294647323661831 0.0014716018169526456
1.2951475737868934 0.001472108373732663
1.295647823911956 0.0014726112105666747
1.2961480740370184 0.0014731103095968208
1.296648324162081 0.00147360565299586
1.2971485742871436 0.0014740982853352603
1.2976488244122062 0.0014745868676382106
1.2981490745372686 0.0014750728873398839
1.2986493246623312 0.0014755684402564132
1.2991495747873936 0.001476081770657937
1.2996498249124562 0.0014766129333273522
1.3001500750375188 0.001477165195920422
1.3006503251625814 0.001477742073953119
1.3011505752876438 0.0014783438782570095
1.3016508254127064 0.0014789706858136847
1.3021510755377688 0.0014796069453301656
1.3026513256628314 0.0014801977449053246
1.303151575787894 0.001480700587046121
1.3036518259129566 0.0014811060389792188
1.304152076038019 0.0014814076504330344
1.3046523261630816 0.0014816051286662894
1.305152576288144 0.0014817001164700136
1.3056528264132066 0.0014816979166318435
1.3061530765382692 0.0014816019975792158
1.3066533266633318 0.0014814122654389886
1.3071535767883942 0.0014811577693841368
1.3076538269134568 0.001480942005384738
1.3081540770385192 0.0014808409841456647
1.3086543271635818 0.0014808594969467816
1.3091545772886444 0.0014810008293070053
1.3096548274137068 0.0014812651900870822
1.3101550775387694 0.001481652838925895
1.310655327663832 0.0014821565163004678
1.3111555777888944 0.0014827659416600748
1.311655827913957 0.0014834784301742923
1.3121560780390196 0.0014842805328897763
1.312656328164082 0.001485126523886039
1.3131565782891446 0.0014859827947716062
1.313656828414207 0.0014868442970161924
1.3141570785392696 0.0014877074691003528
1.3146573286643322 0.001488572305899825
1.3151575787893948 0.0014894388022339581
1.3156578289144572 0.0014903068173852685
1.3161580790395198 0.0014911729437981547
1.3166583291645821 0.001492033897287692
1.3171585792896447 0.0014928903487163871
1.3176588294147074 0.001493747567851984
1.31815907953977 0.0014946138837726084
1.3186593296648323 0.001495496199567133
1.319159579789895 0.0014963977146238308
1.3196598299149573 0.0014973184972802297
1.32016008004002 0.0014982586167965406
1.3206603301650826 0.001499218143363941
1.3211605802901452 0.001500197299184497
1.3216608304152075 0.0015011966234473662
1.3221610805402702 0.0015022138820032101
1.3226613306653325 0.001503239251384143
1.3231615807903951 0.0015042621147861813
1.3236618309154577 0.001505278874050749
1.3241620810405204 0.0015062892884583974
1.3246623311655827 0.0015072933209306248
1.3251625812906453 0.0015082909344942106
1.3256628314157077 0.0015092820922840565
1.3261630815407703 0.0015102667575460416
1.326663331665833 0.0015112461490998388
1.3271635817908956 0.001512225317975241
1.327663831915958 0.0015132146917628123
1.3281640820410205 0.0015142198608824183
1.328664332166083 0.0015152428718116957
1.3291645822911455 0.0015162868551868477
1.3296648324162081 0.0015173519119136283
1.3301650825412707 0.0015184381449657744
1.3306653326663331 0.001519545659408617
1.3311655827913957 0.0015206745624232714
1.3316658329164581 0.001521824963331375
1.3321660830415207 0.0015229923557480835
1.3326663331665833 0.0015241639267435333
1.3331665832916457 0.0015253304310482944
1.3336668334167083 0.0015264876126656148
1.334167083541771 0.0015276321524150525
1.3346673336668333 0.0015287639600106337
1.335167583791896 0.0015298829459709708
1.3356678339169585 0.0015309890216368839
1.336168084042021 0.0015320820991889484
1.3366683341670835 0.0015331620916649482
1.337168584292146 0.0015342306151791482
1.3376688344172085 0.0015352912512742254
1.3381690845422711 0.0015363474550638809
1.3386693346673337 0.0015374012596794668
1.3391695847923961 0.0015384531152763427
1.3396698349174587 0.0015395029642779137
1.340170085042521 0.0015405507947812442
1.3406703351675837 0.0015415965948658563
1.3411705852926463 0.0015426403525938869
1.341670835417709 0.0015436820560102676
1.3421710855427713 0.0015447245776233878
1.342671335667834 0.0015457770289796105
1.3431715857928963 0.0015468467287474016
1.343671835917959 0.0015479333171183644
1.3441720860430215 0.0015490324704608824
1.3446723361680841 0.0015501413383826464
1.3451725862931465 0.0015512599889870983
1.3456728364182091 0.001552388491353035
1.3461730865432715 0.0015535269155477153
1.346673336668334 0.0015546753326402386
1.3471735867933967 0.0015558293311979346
1.3476738369184593 0.0015569750345846918
1.3481740870435217 0.0015581010119113676
1.3486743371685843 0.001559202017139765
1.3491745872936467 0.0015602712341617891
1.3496748374187093 0.0015613047713970273
1.350175087543772 0.001562302229872022
1.3506753376688345 0.0015632634681369954
1.351175587793897 0.0015641883469212723
1.3516758379189595 0.0015650767291610845
1.352176088044022 0.0015659319082685127
1.3526763381690845 0.0015667642560641016
1.353176588294147 0.0015675810330209076
1.3536768384192097 0.0015683830120837414
1.354177088544272 0.0015691694249611952
1.3546773386693347 0.001569935016890681
1.355177588794397 0.0015706757949641788
1.3556778389194597 0.0015713916941423648
1.3561780890445223 0.0015720826488836903
1.3566783391695847 0.001572748593140899
1.3571785892946473 0.0015733876492595614
1.35767883941971 0.0015739942894794638
1.3581790895447723 0.0015745644984876083
1.358679339669835 0.0015750974464337872
1.3591795897948975 0.0015755931443188157
1.3596798399199599 0.0015760652812638063
1.3601800900450225 0.0015765303700254597
1.3606803401700849 0.0015769917277997658
1.3611805902951475 0.001577449336004503
1.36168084042021 0.0015779031761285027
1.3621810905452727 0.0015783553401237623
1.362681340670335 0.001578812080896266
1.3631815907953977 0.0015792790401890347
1.36368184092046 0.0015797600604825373
1.3641820910455227 0.0015802575247061625
1.3646823411705853 0.0015807714890096805
1.365182591295648 0.0015813020369781548
1.3656828414207103 0.001581849251539598
1.3661830915457729 0.0015824131899700564
1.3666833416708353 0.001582993910426904
1.3671835917958979 0.0015835895741028194
1.3676838419209605 0.0015841946856456838
1.368184092046023 0.0015848047559012858
1.3686843421710855 0.0015854175836210736
1.369184592296148 0.0015860318256100184
1.3696848424212105 0.0015866474801152957
1.370185092546273 0.0015872643797507815
1.3706853426713357 0.0015878823071276424
1.3711855927963983 0.0015885012316186405
1.3716858429214607 0.0015891211719015678
1.3721860930465233 0.0015897422506530696
1.3726863431715857 0.0015903648276609612
1.3731865932966483 0.0015909911094798784
1.3736868434217109 0.0015916260694930219
1.3741870935467735 0.0015922727314725215
1.3746873436718359 0.0015929311352545642
1.3751875937968985 0.0015936013210753968
1.3756878439219609 0.001594281953290134
1.3761880940470235 0.001594968196747898
1.376688344172086 0.0015956558877566447
1.3771885942971487 0.0015963421444424694
1.377688844422211 0.0015970207084198104
1.3781890945472737 0.001597683733875055
1.378689344672336 0.0015983218011836452
1.3791895947973987 0.001598929213964719
1.3796898449224613 0.0015995058574098898
1.3801900950475237 0.0016000516192474913
1.3806903451725863 0.001600566389772224
1.3811905952976489 0.0016010512670083382
1.3816908454227113 0.001601511372354538
1.3821910955477739 0.001601957496697689
1.3826913456728365 0.0016024040861907461
1.3831915957978989 0.0016028631410525942
1.3836918459229615 0.0016033454141520904
1.3841920960480238 0.0016038573357295644
1.3846923461730865 0.0016043990009160895
1.385192596298149 0.001604970507337396
1.3856928464232117 0.0016055719551366253
1.386193096548274 0.0016062034469976605
1.3866933466733367 0.001606867055488446
1.387193596798399 0.001607562273349848
1.3876938469234616 0.0016082816102576186
1.3881940970485243 0.0016090146364531224
1.3886943471735869 0.0016097480434514545
1.3891945972986492 0.0016104739628405062
1.3896948474237119 0.001611192349383565
1.3901950975487742 0.001611903158180499
1.3906953476738368 0.001612606344674323
1.3911955977988995 0.0016133018646577535
1.391695847923962 0.0016139896622311362
1.3921960980490244 0.0016146685065625602
1.392696348174087 0.001615335627223545
1.3931965982991494 0.001615993383177877
1.393696848424212 0.001616655780324458
1.3941970985492746 0.001617332924280544
1.3946973486743373 0.0016180248683299746
1.3951975987993996 0.0016187316666089675
1.3956978489244622 0.0016194533741139
1.3961980990495246 0.0016201900467092216
1.3966983491745872 0.0016209417411355124
1.3971985992996498 0.0016217107428802577
1.3976988494247125 0.0016225030024705745
1.3981990995497748 0.001623319554316229
1.3986993496748374 0.001624156904807338
1.3991995997998998 0.001625015353820535
1.3996998499249624 0.0016258960747133893
1.400200100050025 0.0016267991507246126
1.4007003501750876 0.001627724666370281
1.40120060030015 0.0016286727074560717
1.4017008504252126 0.0016296433610897153
1.402201100550275 0.0016306364134789336
1.4027013506753376 0.001631651031967538
1.4032016008004002 0.0016326795631205506
1.4037018509254626 0.0016337065194067318
1.4042021010505252 0.0016347209356885632
1.4047023511755878 0.001635715438799742
1.4052026013006502 0.0016366851523846304
1.4057028514257128 0.001637629969279624
1.4062031015507754 0.0016385497836754023
1.4067033516758378 0.0016394444911360477
1.4072036018009004 0.0016403143018386118
1.407703851925963 0.001641159935781481
1.4082041020510254 0.0016419838588395896
1.408704352176088 0.001642786157942997
1.4092046023011506 0.0016435648730402988
1.409704852426213 0.0016443199320171702
1.4102051025512756 0.0016450551672336946
1.410705352676338 0.0016457747516988174
1.4112056028014006 0.001646478962520489
1.4117058529264632 0.0016471677511486437
1.4122061030515258 0.0016478393846814342
1.4127063531765882 0.0016484894546357238
1.4132066033016508 0.0016491282816187794
1.4137068534267132 0.0016497858897262815
1.4142071035517758 0.0016504832527456383
1.4147073536768384 0.0016512244324003457
1.415207603801901 0.001652009616373254
1.4157078539269634 0.0016528382065609437
1.416208104052026 0.0016537086563299871
1.4167083541770884 0.0016546202151248182
1.417208604302151 0.001655574084086531
1.4177088544272136 0.001656573018620609
1.4182091045522762 0.001657597402195349
1.4187093546773386 0.001658598927306549
1.4192096048024012 0.001659550425286956
1.4197098549274636 0.0016604513244544848
1.4202101050525262 0.001661301035195846
1.4207103551775888 0.0016620992995122139
1.4212106053026514 0.0016628458906838331
1.4217108554277138 0.0016635437393170286
1.4222111055527764 0.00166419373467149
1.4227113556778388 0.0016647901861585193
1.4232116058029014 0.0016653459682374927
1.423711855927964 0.001665897884935164
1.4242121060530266 0.001666466364513289
1.424712356178089 0.0016670514688797177
1.4252126063031516 0.001667655931510007
1.425712856428214 0.0016682832527518023
1.4262131065532766 0.0016689342720009994
1.4267133566783392 0.0016696090761888075
1.4272136068034016 0.0016703108163278718
1.4277138569284642 0.0016710470374016854
1.4282141070535268 0.0016718106145455862
1.4287143571785892 0.0016725758853114617
1.4292146073036518 0.001673328720308879
1.4297148574287144 0.0016740690634817475
1.4302151075537768 0.0016747968591602355
1.4307153576788394 0.0016755080545346026
1.431215607803902 0.0016761957162718109
1.4317158579289644 0.001676856890235179
1.432216108054027 0.0016774864710515848
1.4327163581790896 0.0016780776568477709
1.433216608304152 0.0016786390500610055
1.4337168584292146 0.0016791820580656844
1.434217108554277 0.0016797077051597423
1.4347173586793396 0.0016802159303240978
1.4352176088044022 0.0016807066731770247
1.4357178589294648 0.0016811798739820518
1.4362181090545272 0.001681636355725568
1.4367183591795898 0.0016820786508560078
1.4372186093046522 0.001682514730750716
1.4377188594297148 0.001682958508563963
1.4382191095547774 0.0016834160161432223
1.43871935967984 0.0016838854678997177
1.4392196098049024 0.00168436514364873
1.439719859929965 0.0016848535303549679
1.4402201100550274 0.0016853506613062424
1.44072036018009 0.0016858565702483556
1.4412206103051526 0.00168637129138938
1.4417208604302152 0.001686895064593037
1.4422211105552776 0.0016874234284835303
1.4427213606803402 0.0016879401334028053
1.4432216108054026 0.0016884383899508101
1.4437218609304652 0.0016889284712640548
1.4442221110555278 0.0016894158604300964
1.4447223611805904 0.0016898995168810878
1.4452226113056528 0.0016903769856037197
1.4457228614307154 0.0016908468307772666
1.4462231115557778 0.001691309024913274
1.4467233616808404 0.001691763540648942
1.447223611805903 0.0016922134614587138
1.4477238619309656 0.0016926630168655297
1.448224112056028 0.0016931082074868365
1.4487243621810906 0.0016935394892073257
1.449224612306153 0.0016939524205337878
1.4497248624312156 0.0016943469451723956
1.4502251125562782 0.0016947230072970752
1.4507253626813406 0.0016950810217474146
1.4512256128064032 0.0016954216320815478
1.4517258629314658 0.0016957450137223761
1.4522261130565282 0.0016960582580256892
1.4527263631815908 0.0016963780611502154
1.4532266133066534 0.0016967148076191326
1.4537268634317158 0.001697072388537155
1.4542271135567784 0.0016974539315702517
1.454727363681841 0.0016978595115860302
1.4552276138069034 0.0016982892049905943
1.455727863931966 0.0016987430897422821
1.4562281140570286 0.0016992212453656782
1.456728364182091 0.0016997270680146335
1.4572286143071536 0.0017002613748416785
1.457728864432216 0.001700817669762195
1.4582291145572785 0.0017013992790333241
1.4587293646823412 0.0017020213395250452
1.4592296148074038 0.0017026875139892188
1.4597298649324661 0.0017033933265570398
1.4602301150575288 0.001704138578957867
1.4607303651825911 0.0017049234352384264
1.4612306153076537 0.0017057480644929518
1.4617308654327164 0.0017066126409210009
1.462231115557779 0.001707502145013898
1.4627313656828413 0.001708374223968301
1.463231615807904 0.0017091867706978691
1.4637318659329663 0.0017099092191865304
1.464232116058029 0.001710525634445192
1.4647323661830915 0.0017110364747627803
1.4652326163081542 0.0017114432831856546
1.4657328664332165 0.001711746770522018
1.4662331165582791 0.0017119466368394661
1.4667333666833415 0.001712042616823909
1.4672336168084041 0.0017120587155339073
1.4677338669334667 0.0017120495782407086
1.4682341170585294 0.0017120596842656495
1.4687343671835917 0.001712120290812571
1.4692346173086543 0.001712248773698281
1.4697348674337167 0.0017124452939615183
1.4702351175587793 0.0017127100288323238
1.470735367683842 0.001713039726840555
1.4712356178089045 0.0017134309225092996
1.471735867933967 0.0017138836039263844
1.4722361180590295 0.0017143793939082533
1.472736368184092 0.001714876845114229
1.4732366183091545 0.0017153552071506855
1.4737368684342171 0.0017158189537634448
1.4742371185592795 0.00171627199851006
1.4747373686843421 0.001716722016393916
1.4752376188094047 0.0017171750286370442
1.4757378689344671 0.0017176310372853548
1.4762381190595297 0.001718091411986678
1.4767383691845923 0.0017185597590199599
1.4772386193096547 0.0017190514254235517
1.4777388694347173 0.0017195954596421926
1.47823911955978 0.0017202011959025966
1.4787393696848423 0.0017208554395838301
1.479239619809905 0.0017215516810780336
1.4797398699349675 0.001722290074235223
1.48024012006003 0.0017230674580036073
1.4807403701850925 0.001723869837070458
1.481240620310155 0.0017246864862343143
1.4817408704352175 0.0017255111559342506
1.4822411205602801 0.001726325961926956
1.4827413706853427 0.0017271180746846481
1.4832416208104051 0.0017278791471535989
1.4837418709354677 0.0017285951036018505
1.48424212106053 0.0017292588866185817
1.4847423711855927 0.001729870297738862
1.4852426213106553 0.0017304291435419057
1.485742871435718 0.001730935235712739
1.4862431215607803 0.0017313893928541178
1.486743371685843 0.0017317979235278779
1.4872436218109053 0.0017321679859736059
1.487743871935968 0.0017325015130560551
1.4882441220610305 0.0017328066667382756
1.4887443721860931 0.0017330974595918894
1.4892446223111555 0.0017333799031930663
1.4897448724362181 0.0017336539745248446
1.4902451225612805 0.0017339196505135861
1.490745372686343 0.0017341769080288425
1.4912456228114057 0.0017344257238832163
1.4917458729364683 0.0017346660748322326
1.4922461230615307 0.001734892696761399
1.4927463731865933 0.001735095446762558
1.4932466233116557 0.0017352745208525308
1.4937468734367183 0.0017354408898750725
1.494247123561781 0.0017356019736481762
1.4947473736868435 0.0017357593025331731
1.495247623811906 0.0017359128655095894
1.4957478739369685 0.0017360626515759894
1.496248124062031 0.0017362086497503375
1.4967483741870935 0.0017363508490703633
1.497248624312156 0.001736493653088231
1.4977488744372185 0.0017366464138277467
1.498249124562281 0.001736806654087515
1.4987493746873437 0.001736961291678286
1.499249624812406 0.0017371046535913086
1.4997498749374687 0.0017372361958758384
1.5002501250625313 0.0017373551219488767
1.500750375187594 0.0017374611485137324
1.5012506253126563 0.0017375542403379176
1.5017508754377187 0.001737634362709269
1.5022511255627813 0.0017377037103086734
1.502751375687844 0.0017377669284840724
1.5032516258129065 0.0017378316554404996
1.503751875937969 0.0017379077803385357
1.5042521260630315 0.0017380000084069984
1.5047523761880939 0.001738109444617236
1.5052526263131565 0.001738237430196295
1.505752876438219 0.0017383806229094407
1.5062531265632817 0.0017385349508584485
1.506753376688344 0.0017386999597810775
1.5072536268134067 0.001738867575761901
1.507753876938469 0.0017390209935465519
1.5082541270635317 0.0017391486194325186
1.5087543771885943 0.0017392450323626153
1.509254627313657 0.0017393076446994204
1.5097548774387193 0.0017393363683018066
1.5102551275637819 0.0017393311181889727
1.5107553776888443 0.001739291215976363
1.5112556278139069 0.0017392159605996826
1.5117558779389695 0.0017391141008248397
1.512256128064032 0.0017390108003191274
1.5127563781890945 0.0017389396536128204
1.513256628314157 0.0017389197637967552
1.5137568784392195 0.0017389545951453846
1.514257128564282 0.001739045831745278
1.5147573786893447 0.0017391936220201372
1.5152576288144073 0.0017393981235643242
1.5157578789394697 0.001739659503222716
1.5162581290645323 0.0017399779371745294
1.5167583791895947 0.0017403526844181282
1.5172586293146573 0.0017407655878429785
1.5177588794397199 0.0017411802461732109
1.5182591295647825 0.0017415757013591287
1.5187593796898449 0.0017419484736167692
1.5192596298149073 0.001742296921062071
1.5197598799399699 0.0017426209605953657
1.5202601300650325 0.0017429205106809474
1.520760380190095 0.0017431954913649278
1.5212606303151577 0.0017434458242928871
1.52176088044022 0.001743671432727314
1.5222611305652824 0.0017438697355270647
1.522761380690345 0.0017440356111569832
1.5232616308154077 0.0017441709587368954
1.5237618809404703 0.0017442766758638244
1.5242621310655329 0.0017443491328436183
1.5247623811905953 0.0017443882447931375
1.5252626313156576 0.001744393928757709
1.5257628814407203 0.0017443661037281643
1.5262631315657829 0.0017443046906576362
1.5267633816908455 0.0017442096124781125
1.527263631815908 0.0017440882423849892
1.5277638819409705 0.0017439553582717592
1.5282641320660328 0.0017438181341758552
1.5287643821910955 0.0017436762198341595
1.529264632316158 0.0017435342839396805
1.5297648824412207 0.001743409679972111
1.530265132566283 0.0017433149759430208
1.5307653826913457 0.0017432502422081752
1.531265632816408 0.0017432155503537587
1.5317658829414706 0.0017432109732053542
1.5322661330665333 0.0017432443577422906
1.5327663831915959 0.0017433311254292897
1.5332666333166582 0.0017434674190305803
1.5337668834417209 0.0017436326334542896
1.5342671335667832 0.0017438176598715534
1.5347673836918458 0.0017440225499165516
1.5352676338169085 0.00174424498356576
1.535767883941971 0.0017444734425074784
1.5362681340670334 0.0017446987440154524
1.536768384192096 0.001744920879414496
1.5372686343171584 0.001745132886690736
1.537768884442221 0.001745321153322308
1.5382691345672836 0.0017454977445540982
1.5387693846923463 0.0017456960300977144
1.5392696348174086 0.001745930711434208
1.5397698849424712 0.0017462019015880292
1.5402701350675336 0.0017465097188469622
1.5407703851925962 0.0017468542868124754
1.5412706353176588 0.0017472355271789981
1.5417708854427215 0.001747657081542935
1.5422711355677838 0.0017481190620773329
1.5427713856928462 0.0017486126134276208
1.5432716358179088 0.0017491196201671866
1.5437718859429714 0.0017496172221930205
1.544272136068034 0.001750095454976667
1.5447723861930966 0.0017505542357426531
1.545272636318159 0.0017509934832910159
1.5457728864432214 0.0017514131180185377
1.546273136568284 0.0017518130619397162
1.5467733866933466 0.001752193238707461
1.5472736368184092 0.0017525617536272415
1.5477738869434718 0.001752932105468847
1.5482741370685342 0.0017533162138236287
1.5487743871935966 0.0017537279860675983
1.5492746373186592 0.0017541748274522754
1.5497748874437218 0.0017546568689387595
1.5502751375687844 0.0017551742464339633
1.550775387693847 0.0017557271008438826
1.5512756378189094 0.0017563155781287734
1.5517758879439718 0.0017569398293602588
1.5522761380690344 0.001757594262005142
1.552776388194097 0.001758268095347073
1.5532766383191596 0.0017589420837285838
1.5537768884442222 0.0017595905003175267
1.5542771385692846 0.0017601996930878027
1.554777388694347 0.0017607665490494005
1.5552776388194096 0.0017612899360366172
1.5557778889444722 0.0017617696860506408
1.5562781390695348 0.0017622056354544282
1.5567783891945972 0.0017625976250270374
1.5572786393196598 0.0017629486535841626
1.5577788894447222 0.0017632645112932686
1.5582791395697848 0.0017635728633645968
1.5587793896948474 0.001763916665332054
1.55927963981991 0.0017643140139930174
1.5597798899449724 0.0017647657718695448
1.560280140070035 0.0017652733587813696
1.5607803901950974 0.0017658420362736
1.56128064032016 0.0017664765598601028
1.5617808904452226 0.0017671772330809172
1.5622811405702852 0.0017679423725564984
1.5627813906953476 0.0017687685701281647
1.5632816408204102 0.001769620436957687
1.5637818909454726 0.0017704401501135113
1.5642821410705352 0.0017712035779038193
1.5647823911955978 0.0017719104310138115
1.5652826413206604 0.001772560430012551
1.5657828914457228 0.0017731543242406154
1.5662831415707852 0.0017736950178404557
1.5667833916958478 0.0017741841397724669
1.5672836418209104 0.0017746227460071447
1.567783891945973 0.0017750139373693401
1.5682841420710356 0.0017753675340197797
1.568784392196098 0.00177569733783311
1.5692846423211604 0.001776008948209207
1.569784892446223 0.0017763022984615484
1.5702851425712856 0.0017765773231355245
1.5707853926963482 0.0017768339580233857
1.5712856428214108 0.00177707214017903
1.5717858929464732 0.001777291807780371
1.5722861430715356 0.0017774858231694255
1.5727863931965982 0.0017776436159266276
1.5732866433216608 0.001777771323520113
1.5737868934467234 0.0017778851248000207
1.574287143571786 0.0017779915883189763
1.5747873936968484 0.0017780906943366955
1.5752876438219108 0.001778182423131622
1.5757878939469734 0.0017782667550014079
1.576288144072036 0.0017783436702633792
1.5767883941970986 0.0017784131492550163
1.5772886443221612 0.0017784753817626734
1.5777888944472236 0.001778530728130678
1.578289144572286 0.0017785780021680317
1.5787893946973486 0.0017786150504746513
1.5792896448224112 0.0017786410527361365
1.5797898949474738 0.0017786565995919579
1.5802901450725362 0.001778662389956271
1.5807903951975988 0.001778658856051619
1.5812906453226612 0.001778646554757403
1.5817908954477238 0.0017786256932548203
1.5822911455727864 0.001778609232576917
1.582791395697849 0.0017786204924705926
1.5832916458229114 0.0017786698709820522
1.583791895947974 0.0017787574757225345
1.5842921460730364 0.0017788848333004303
1.584792396198099 0.001779058914184994
1.5852926463231616 0.0017792853075308303
1.5857928964482242 0.0017795643737654793
1.5862931465732866 0.0017799026153093225
1.5867933966983492 0.0017803063865752715
1.5872936468234116 0.0017807548172223296
1.5877938969484742 0.0017812104669697032
1.5882941470735368 0.0017816568656080357
1.5887943971985994 0.0017820939606034798
1.5892946473236618 0.0017825217001291
1.5897948974487242 0.0017829400330773423
1.5902951475737868 0.001783348909072399
1.5907953976988494 0.0017837328696245333
1.591295647823912 0.0017840682529722417
1.5917958979489746 0.0017843467420514108
1.592296148074037 0.001784581530313178
1.5927963981990994 0.001784790193492215
1.593296648324162 0.001784976976270347
1.5937968984492246 0.0017851418165515318
1.5942971485742872 0.0017852846527688234
1.5947973986993498 0.0017854054238902587
1.5952976488244122 0.0017855040694247156
1.5957978989494745 0.0017855805294277715
1.5962981490745372 0.001785634744507532
1.5967983991995998 0.0017856676177822814
1.5972986493246624 0.0017856726245141063
1.597798899449725 0.001785634064859831
1.5982991495747874 0.0017855436361076233
1.5987993996998497 0.0017854010733290278
1.5992996498249124 0.0017852056138768935
1.599799899949975 0.0017849566490346913
1.6003001500750376 0.0017846540831861595
1.6008004002001002 0.0017843079686983667
1.6013006503251626 0.0017839344703466673
1.601800900450225 0.0017835396368559087
1.6023011505752875 0.0017831392227768582
1.6028014007003502 0.0017827605627666774
1.6033016508254128 0.001782417143996819
1.6038019009504751 0.0017821119768488918
1.6043021510755378 0.0017818461802177085
1.6048024012006001 0.0017816198237916693
1.6053026513256627 0.001781433354121479
1.6058029014507254 0.001781288359079933
1.606303151575788 0.0017811860648012472
1.6068034017008503 0.0017811265702850963
1.607303651825913 0.0017810822968284208
1.6078039019509753 0.0017810057221436502
1.608304152076038 0.0017808769012828338
1.6088044022011005 0.0017806957206889763
1.6093046523261632 0.001780461967486393
1.6098049024512255 0.001780170537184999
1.6103051525762881 0.0017798164306129269
1.6108054027013505 0.0017794000271565363
1.6113056528264131 0.001778921990540761
1.6118059029514757 0.001778384234856915
1.6123061530765384 0.0017778318826618383
1.6128064032016007 0.0017773345838078952
1.6133066533266633 0.0017769185887061155
1.6138069034517257 0.0017765840035496806
1.6143071535767883 0.0017763309545305937
1.614807403701851 0.001776159587958964
1.6153076538269135 0.0017760700703950021
1.615807903951976 0.0017760628913454997
1.6163081540770383 0.001776139124698004
1.616808404202101 0.001776299565254949
1.6173086543271635 0.0017765354906744736
1.6178089044522261 0.0017768319781655414
1.6183091545772887 0.001777181682875972
1.6188094047023511 0.0017775745107706082
1.6193096548274135 0.001778001697621846
1.6198099049524761 0.0017784633838439628
1.6203101550775387 0.0017789597153584499
1.6208104052026013 0.0017794783092768202
1.621310655327664 0.0017799998074461024
1.6218109054527263 0.0017805173114017877
1.6223111555777887 0.0017810202782249293
1.6228114057028513 0.0017814908996979682
1.623311655827914 0.0017819218300749817
1.6238119059529765 0.001782312911130094
1.6243121560780391 0.0017826639887797316
1.6248124062031015 0.001782974913136445
1.625312656328164 0.0017832490588007757
1.6258129064532265 0.0017834898288718083
1.6263131565782891 0.0017836971171490933
1.6268134067033517 0.0017838708111308438
1.6273136568284141 0.0017840108019758995
1.6278139069534767 0.0017841169845437647
1.628314157078539 0.001784189257433742
1.6288144072036017 0.001784226847611105
1.6293146573286643 0.001784228867694806
1.629814907453727 0.001784194723961426
1.6303151575787893 0.001784123690078406
1.630815407703852 0.0017840234710309426
1.6313156578289143 0.0017839062894327708
1.631815907953977 0.0017837799288243626
1.6323161580790395 0.001783648796552595
1.6328164082041021 0.0017835137295171498
1.6333166583291645 0.0017833747214055055
1.6338169084542271 0.001783231766061802
1.6343171585792895 0.0017830848574879137
1.634817408704352 0.0017829337893116909
1.6353176588294147 0.0017827716761119898
1.6358179089544773 0.001782591812862044
1.6363181590795397 0.0017823941636947694
1.6368184092046023 0.0017821786934363846
1.6373186593296647 0.001781945367611632
1.6378189094547273 0.0017816941524489325
1.63831915957979 0.0017814225190577679
1.6388194097048525 0.001781126035813746
1.639319659829915 0.0017808027589461249
1.6398199099549773 0.0017804631490060897
1.64032016008004 0.0017801242713935046
1.6408204102051025 0.0017797982411227049
1.641320660330165 0.001779494739885512
1.6418209104552277 0.0017792253473245762
1.64232116058029 0.0017789975447521221
1.6428214107053525 0.0017788114158989996
1.643321660830415 0.0017786670500431268
1.6438219109554777 0.001778564542050799
1.6443221610805403 0.0017785039924199735
1.644822411205603 0.0017784857370724302
1.6453226613306653 0.001778510725705399
1.6458229114557277 0.0017785796867932145
1.6463231615807903 0.001778692748757457
1.646823411705853 0.0017788500461319442
1.6473236618309155 0.0017790517196207899
1.647823911955978 0.0017792980761412247
1.6483241620810405 0.0017795899783633756
1.6488244122061029 0.0017799281380591694
1.6493246623311655 0.0017803127259800368
1.649824912456228 0.0017807329187677244
1.6503251625812907 0.0017811712291477314
1.650825412706353 0.0017816216903664543
1.6513256628314157 0.001782085212454302
1.651825912956478 0.0017825654999428595
1.6523261630815407 0.0017830662551325531
1.6528264132066033 0.0017835878148891784
1.653326663331666 0.001784130254351464
1.6538269134567283 0.0017846936493282777
1.6543271635817909 0.0017852776708218404
1.6548274137068533 0.0017858807497800836
1.6553276638319159 0.001786501716634398
1.6558279139569785 0.0017871406384247558
1.656328164082041 0.0017877975827854024
1.6568284142071035 0.0017884726179500858
1.657328664332166 0.001789165812757359
1.6578289144572285 0.001789877236655932
1.658329164582291 0.001790607418543312
1.6588294147073537 0.0017913573015995064
1.6593296648324163 0.0017921273738646878
1.6598299149574787 0.0017929171911887623
1.6603301650825413 0.0017937260059452443
1.6608304152076037 0.0017945329617645028
1.6613306653326663 0.0017953018971614484
1.6618309154577289 0.001796017129127506
1.6623311655827915 0.001796678412061136
1.6628314157078539 0.0017972855086107594
1.6633316658329163 0.0017978381897893628
1.6638319159579789 0.001798336235086231
1.6643321660830415 0.001798779432575708
1.664832416208104 0.0017991674935465538
1.6653326663331667 0.0017994990609461916
1.665832916458229 0.0017997728680086173
1.6663331665832914 0.0017999887320920922
1.666833416708354 0.0018001464800224166
1.6673336668334167 0.0018002474472592499
1.6678339169584793 0.0018003027929512664
1.6683341670835419 0.0018003222192660413
1.6688344172086043 0.00180030564113519
1.6693346673336666 0.0018002529795487314
1.6698349174587293 0.0018001780888712692
1.6703351675837919 0.001800102532780148
1.6708354177088545 0.0018000499616354427
1.671335667833917 0.001800043428412209
1.6718359179589795 0.001800090606315862
1.6723361680840418 0.001800192590428658
1.6728364182091044 0.0018003499336203036
1.673336668334167 0.001800562773323762
1.6738369184592297 0.001800831254179129
1.674337168584292 0.0018011516737151453
1.6748374187093547 0.001801520312748718
1.675337668834417 0.0018019373064869896
1.6758379189594796 0.0018024028074336016
1.6763381690845423 0.0018029169745831279
1.6768384192096049 0.0018034799734827369
1.6773386693346672 0.0018040919762961909
1.6778389194597298 0.0018047531618702467
1.6783391695847922 0.0018054637399489131
1.6788394197098548 0.0018062297079612009
1.6793396698349174 0.0018070570703218334
1.67983991995998 0.0018079371405943015
1.6803401700850424 0.0018088564738110264
1.680840420210105 0.0018098014814119754
1.6813406703351674 0.001810760158638572
1.68184092046023 0.0018117294783162948
1.6823411705852926 0.00181270946756687
1.6828414207103553 0.0018137001534698038
1.6833416708354176 0.0018147015630614787
1.6838419209604802 0.0018157137233342498
1.6843421710855426 0.0018167366612355377
1.6848424212106052 0.0018177704036669168
1.6853426713356678 0.001818813868198831
1.6858429214607304 0.0018198642174092757
1.6863431715857928 0.0018209197133205208
1.6868434217108552 0.0018219803644217785
1.6873436718359178 0.0018230489257671121
1.6878439219609804 0.0018241302516581385
1.688344172086043 0.0018252264643739621
1.6888444222111056 0.0018263376028795017
1.689344672336168 0.001827463706079159
1.6898449224612304 0.0018285985437882452
1.690345172586293 0.0018297326815616916
1.6908454227113556 0.0018308678651188042
1.6913456728364182 0.0018320110027002193
1.6918459229614808 0.0018331640784212337
1.6923461730865432 0.0018343235345025957
1.6928464232116056 0.0018354843930856353
1.6933466733366682 0.001836645233143503
1.6938469234617308 0.0018378057824215515
1.6943471735867934 0.0018389650970727128
1.694847423711856 0.0018401224836868807
1.6953476738369184 0.0018412779179842742
1.6958479239619808 0.0018424313756511687
1.6963481740870434 0.0018435828323410221
1.696848424212106 0.0018447322636756202
1.6973486743371686 0.0018458796452462246
1.697848924462231 0.0018470249526147298
1.6983491745872936 0.0018481681613148344
1.698849424712356 0.0018493092468532162
1.6993496748374186 0.0018504502349671564
1.6998499249624812 0.0018515925048692284
1.7003501750875438 0.0018527350620861837
1.7008504252126062 0.0018538835468929476
1.7013506753376688 0.0018550473668998402
1.7018509254627312 0.0018562299911341268
1.7023511755877938 0.0018574315021923618
1.7028514257128564 0.0018586519838979666
1.703351675837919 0.0018598915213139111
1.7038519259629814 0.001861150200755609
1.704352176088044 0.0018624281098040506
1.7048524262131064 0.0018637253373191527
1.705352676338169 0.0018650419734533607
1.7058529264632316 0.0018663791820675772
1.7063531765882942 0.0018677421093743457
1.7068534267133566 0.0018691348495590385
1.7073536768384192 0.0018705570253691227
1.7078539269634816 0.0018720078064793043
1.7083541770885442 0.001873486866578096
1.7088544272136068 0.0018749943332157617
1.7093546773386694 0.001876530335879829
1.7098549274637318 0.0018781165959319763
1.7103551775887942 0.0018797849636650553
1.7108554277138568 0.0018815186524865795
1.7113556778389194 0.0018832809091736818
1.711855927963982 0.0018850620156693554
1.7123561780890446 0.0018868620526899598
1.712856428214107 0.001888678616869041
1.7133566783391694 0.0018905051898699182
1.713856928464232 0.0018923378068898128
1.7143571785892946 0.001894177783840994
1.7148574287143572 0.0018960263487791033
1.7153576788394198 0.0018978835467222668
1.7158579289644822 0.0018997494230357428
1.7163581790895446 0.0019016240234351535
1.7168584292146072 0.0019035073939897675
1.7173586793396698 0.0019053995811258153
1.7178589294647324 0.00190730063162984
1.718359179589795 0.0019092105926520836
1.7188594297148574 0.0019111295117099233
1.7193596798399198 0.0019130574366913369
1.7198599299649824 0.00191497762442737
1.720360180090045 0.0019168670297506222
1.7208604302151076 0.0019187285948434332
1.72136068034017 0.0019205744072239462
1.7218609304652326 0.0019224072880976131
1.722361180590295 0.0019242271253506783
1.7228614307153576 0.001926033807277857
1.7233616808404202 0.001927827222598175
1.7238619309654828 0.0019296072604708516
1.7243621810905452 0.001931373810511203
1.7248624312156078 0.0019331267628065808
1.7253626813406702 0.0019348660079323299
1.7258629314657328 0.001936591436967771
1.7263631815907954 0.0019383029415121966
1.726863431715858 0.0019400016824661635
1.7273636818409204 0.0019416898779793014
1.727863931965983 0.0019433620563039933
1.7283641820910454 0.001945011670050068
1.728864432216108 0.001946638588009659
1.7293646823411706 0.0019482426800859706
1.7298649324662332 0.0019498299233427817
1.7303651825912956 0.001951408900988472
1.7308654327163582 0.0019529857662980452
1.7313656828414206 0.001954565329225857
1.7318659329664832 0.001956148786615904
1.7323661830915458 0.0019577361580688534
1.7328664332166084 0.001959327463303499
1.7333666833416708 0.001960922722157674
1.7338669334667332 0.001962518889106947
1.7343671835917958 0.0019641115149385186
1.7348674337168584 0.001965701149115832
1.735367683841921 0.001967289737391453
1.7358679339669836 0.0019688772842846427
1.736368184092046 0.0019704637943232513
1.7368684342171083 0.0019720492720438384
1.737368684342171 0.0019736337219917904
1.7378689344672336 0.0019752171487214453
1.7383691845922962 0.001976799556796213
1.7388694347173588 0.001978380950788695
1.7393696848424212 0.0019799613352808098
1.7398699349674835 0.001981534756882017
1.7403701850925462 0.0019830928380549892
1.7408704352176088 0.0019846344206756023
1.7413706853426714 0.001986166309659201
1.741870935467734 0.001987695596642197
1.7423711855927964 0.001989223804326481
1.7428714357178587 0.001990750896470535
1.7433716858429213 0.001992276836731839
1.743871935967984 0.0019938015886689676
1.7443721860930466 0.001995325115743705
1.744872436218109 0.0019968473813231913
1.7453726863431716 0.001998368348682083
1.745872936468234 0.001999887981004749
1.7463731865932965 0.002001406241387476
1.7468734367183592 0.002002923092840704
1.7473736868434218 0.0020044384982912888
1.7478739369684841 0.002005953130214061
1.7483741870935467 0.002007466608954955
1.7488744372186091 0.002008977825472889
1.7493746873436717 0.0020104867233531787
1.7498749374687343 0.0020119815518785675
1.750375187593797 0.002013446031992084
1.7508754377188593 0.00201487443062463
1.751375687843922 0.002016265128218203
1.7518759379689843 0.0020176176040628043
1.752376188094047 0.0020189316610848616
1.7528764382191095 0.0020202071072902487
1.7533766883441722 0.002021443755832791
1.7538769384692345 0.0020226414250811655
1.7543771885942971 0.002023799938684181
1.7548774387193595 0.002024916839807806
1.7553776888444221 0.002025980778694366
1.7558779389694847 0.0020269826714137545
1.7563781890945473 0.0020279223229252765
1.7568784392196097 0.0020287995470318248
1.7573786893446721 0.00202961416645388
1.7578789394697347 0.0020303660129004286
1.7583791895947973 0.002031054927136757
1.75887943971986 0.002031680759049064
1.7593796898449225 0.0020322433677058536
1.759879939969985 0.0020327750883579574
1.7603801900950473 0.002033320070638225
1.76088044022011 0.002033890393923143
1.7613806903451725 0.002034486528376148
1.7618809404702351 0.0020351113681951007
1.7623811905952977 0.002035774238604724
1.7628814407203601 0.0020364818146312007
1.7633816908454225 0.0020372342758553435
1.7638819409704851 0.0020380317442448147
1.7643821910955477 0.0020388743471557585
1.7648824412206103 0.0020397622173732623
1.765382691345673 0.002040695493153511
1.7658829414707353 0.002041674318267653
1.7663831915957977 0.0020426988420474035
1.7668834417208603 0.002043769219432416
1.767383691845923 0.0020448856110194436
1.7678839419709855 0.002046048183113318
1.768384192096048 0.002047257107779785
1.7688844422211105 0.002048510350135008
1.769384692346173 0.002049802463648252
1.7698849424712355 0.0020511181064203844
1.7703851925962981 0.002052441291326452
1.7708854427213607 0.002053770728403131
1.771385692846423 0.002055109800534877
1.7718859429714857 0.002056459246484027
1.772386193096548 0.002057819121964607
1.7728864432216107 0.0020591894833298726
1.7733866933466733 0.002060570387579105
1.773886943471736 0.002061961892364532
1.7743871935967983 0.002063364055998345
1.774887443721861 0.002064776937459824
1.7753876938469233 0.002066200596402579
1.775887943971986 0.002067633712938469
1.7763881940970485 0.002069074999695911
1.7768884442221111 0.0020705268566510488
1.7773886943471735 0.0020719916562060314
1.777888944472236 0.0020734694669298954
1.7783891945972985 0.0020749603582157165
1.778889444722361 0.0020764644002895676
1.7793896948474237 0.0020779816642196225
1.7798899449724863 0.0020795080138286764
1.7803901950975487 0.0020810379167153863
1.780890445222611 0.002082583652106842
1.7813906953476737 0.0020841622679201245
1.7818909454727363 0.002085777259152207
1.782391195597799 0.0020874288274888545
1.7828914457228615 0.0020891205125484766
1.783391695847924 0.002090858726853659
1.7838919459729863 0.002092638608033573
1.7843921960980489 0.002094451956015428
1.7848924462231115 0.0020962985231090386
1.785392696348174 0.0020981785260925745
1.7858929464732367 0.0021000921864325686
1.786393196598299 0.002102039730352174
1.7868934467233615 0.0021040213889012304
1.787393696848424 0.0021060373980281584
1.7878939469734867 0.002108087998653753
1.7883941970985493 0.002110173436746888
1.788894447223612 0.002112293963402208
1.7893946973486743 0.002114449834919836
1.7898949474737367 0.002116639915115854
1.7903951975987993 0.002118861307712234
1.7908954477238619 0.0021210855844986205
1.7913956978489245 0.002123281997010639
1.791895947973987 0.0021254465338761195
1.7923961980990495 0.002127578963882268
1.7928964482241119 0.0021296790575610195
1.7933966983491745 0.002131746587236592
1.793896948474237 0.002133781327072996
1.7943971985992997 0.0021357830531214955
1.794897448724362 0.0021377515433680014
1.7953976988494247 0.0021396865777803756
1.795897948974487 0.002141587938355642
1.7963981990995497 0.002143455409167071
1.7968984492246123 0.0021452879995565682
1.7973986993496749 0.0021470833764871524
1.7978989494747373 0.0021488399778159394
1.7983991995997999 0.0021505563353449615
1.7988994497248623 0.00215223094588025
1.7993996998499249 0.002153863552223508
1.7998999499749875 0.002155455221449425
1.80040020010005 0.0021570074081007033
1.8009004502251125 0.002158528056110109
1.801400700350175 0.002160026445919172
1.8019009504752375 0.00216150412980558
1.8024012006003 0.0021629610143018554
1.8029014507253627 0.002164397006230306
1.8034017008504253 0.0021658120127098675
1.8039019509754877 0.0021672071457584296
1.80440220110055 0.002168588450920571
1.8049024512256127 0.002169960793237097
1.8054027013506753 0.0021713237600201004
1.8059029514757379 0.002172676402622891
1.8064032016008005 0.0021740181299031874
1.8069034517258629 0.0021753488842047803
1.8074037018509252 0.0021766686080004548
1.8079039519759879 0.002177977243895944
1.8084042021010505 0.002179274734633901
1.808904452226113 0.002180561023097874
1.8094047023511757 0.002181836052316304
1.809904952476238 0.0021830993922275247
1.8104052026013004 0.0021843505081875956
1.810905452726363 0.002185597037372996
1.8114057028514257 0.002186846104451678
1.8119059529764883 0.0021880969896834646
1.8124062031015509 0.0021893496377832916
1.8129064532266133 0.0021906093614686723
1.8134067033516756 0.0021918830563964014
1.8139069534767382 0.0021931723378448994
1.8144072036018009 0.002194477263982176
1.8149074537268635 0.002195797893446327
1.815407703851926 0.0021971342853494107
1.8159079539769885 0.002198486499281379
1.8164082041020508 0.0021998545953140383
1.8169084542271134 0.002201238634005061
1.817408704352176 0.0022026386764020397
1.8179089544772387 0.002204054784046579
1.818409204602301 0.00220548821752397
1.8189094547273637 0.002206940794183028
1.819409704852426 0.00220841313835792
1.8199099549774886 0.0022099017009506172
1.8204102051025512 0.0022113972660368474
1.8209104552276139 0.002212888959865025
1.8214107053526762 0.002214370537613636
1.8219109554777388 0.0022158409726562465
1.8224112056028012 0.002217300199045553
1.8229114557278638 0.002218748151010839
1.8234117058529264 0.0022201847629634086
1.823911955977989 0.002221609969502042
1.8244122061030514 0.002223023705418463
1.824912456228114 0.002224425905702823
1.8254127063531764 0.0022258151557277743
1.825912956478239 0.0022271874588189284
1.8264132066033016 0.0022285401551125424
1.8269134567283642 0.0022298731566152813
1.8274137068534266 0.002231189232443957
1.8279139569784892 0.0022324968132661654
1.8284142071035516 0.0022338015016905573
1.8289144572286142 0.0022351032620150446
1.8294147073536768 0.0022364020585169406
1.8299149574787394 0.002237681512642287
1.8304152076038018 0.002238921177741382
1.8309154577288642 0.0022401234757331487
1.8314157078539268 0.002241295948535414
1.8319159579789894 0.002242439570813831
1.832416208104052 0.002243554202545768
1.8329164582291146 0.0022446485902308058
1.833416708354177 0.002245732026673624
1.8339169584792394 0.0022468049388592645
1.834417208604302 0.0022478672417766705
1.8349174587293646 0.0022489079443343877
1.8354177088544272 0.00224990631966174
1.8359179589794898 0.002250852504550179
1.8364182091045522 0.002251746329080856
1.8369184592296146 0.0022525876286133596
1.8374187093546772 0.002253376243835425
1.8379189594797398 0.0022541120208113895
1.8384192096048024 0.0022547948110293687
1.838919459729865 0.0022554244714471186
1.8394197098549274 0.0022560008645365758
1.8399199599799898 0.002256555754082258
1.8404202101050524 0.0022571256976607872
1.840920460230115 0.0022577357018012827
1.8414207103551776 0.0022584093534781923
1.84192096048024 0.0022591500371394006
1.8424212106053026 0.002259966912285332
1.842921460730365 0.002260873711879636
1.8434217108554276 0.0022618753014177206
1.8439219609804902 0.0022629720513048634
1.8444222111055528 0.002264164356482564
1.8449224612306152 0.002265452636701607
1.8454227113556778 0.002266837336811823
1.8459229614807402 0.002268318927068899
1.8464232116058028 0.00226989790345863
1.8469234617308654 0.0022715747880390144
1.847423711855928 0.00227335150093875
1.8479239619809904 0.002275230031004889
1.848424212106053 0.0022772110268126796
1.8489244622311154 0.002279295130356641
1.849424712356178 0.0022814830124616896
1.8499249624812406 0.0022837611725957836
