1.1000500250125063 0.0001964892753798246
1.1005502751375689 0.00019683985307513774
1.1010505252626313 0.00019719052370093825
1.1015507753876939 0.00019753881857640984
1.1020510255127565 0.00019788397834494191
1.1025512756378189 0.0001982263548371198
1.1030515257628815 0.00019856592986993633
1.103551775887944 0.00019890303718600886
1.1040520260130064 0.00019923816328300834
1.104552276138069 0.00019957119503669643
1.1050525262631314 0.00019990187796230005
1.105552776388194 0.00020023130238421415
1.1060530265132567 0.00020056132268762318
1.1065532766383193 0.00020089193799057277
1.1070535267633816 0.00020121420078885593
1.1075537768884443 0.00020151985468003122
1.1080540270135066 0.00020180888045204167
1.1085542771385692 0.0002020812362082574
1.1090545272636319 0.00020233434348800814
1.1095547773886942 0.0002025656409097729
1.1100550275137568 0.00020277497012881508
1.1105552776388194 0.0002029621552469736
1.1110555277638818 0.00020312707744552872
1.1115557778889444 0.0002032711522410275
1.112056028014007 0.00020341049131886862
1.1125562781390694 0.00020355863095914176
1.113056528264132 0.0002037133959645503
1.1135567783891946 0.00020387366092439375
1.114057028514257 0.0002040387124809559
1.1145572786393196 0.00020420901677418578
1.1150575287643822 0.00020438650485954315
1.1155577788894446 0.0002045720315561934
1.1160580290145072 0.0002047656444494828
1.1165582791395698 0.00020496714864093183
1.1170585292646322 0.00020517653282090936
1.1175587793896948 0.00020539472592359857
1.1180590295147574 0.00020562247422188296
1.1185592796398198 0.0002058601346472711
1.1190595297648824 0.00020610969758893706
1.119559779889945 0.00020637255599635182
1.1200600300150074 0.0002066484849645147
1.12056028014007 0.0002069375712739108
1.1210605302651326 0.00020723990360048834
1.121560780390195 0.0002075522156284476
1.1220610305152576 0.00020786787173071076
1.1225612806403202 0.0002081835498258358
1.1230615307653826 0.0002084992654484159
1.1235617808904452 0.00020881234263050676
1.1240620310155078 0.00020911398545952662
1.1245622811405702 0.00020939803054177713
1.1250625312656328 0.00020966439269554617
1.1255627813906954 0.00020991356088918348
1.1260630315157578 0.00021014849152238975
1.1265632816408204 0.0002103714536721155
1.127063531765883 0.0002105811794450608
1.1275637818909454 0.00021077652184365263
1.128064032016008 0.00021095828505582044
1.1285642821410704 0.00021112989044506626
1.129064532266133 0.00021129584312740938
1.1295647823911956 0.00021145805979130535
1.1300650325162582 0.00021161717172123656
1.1305652826413206 0.00021177506278311813
1.1310655327663832 0.00021193297645130633
1.1315657828914456 0.00021209095224920035
1.1320660330165082 0.00021224936807167757
1.1325662831415708 0.00021240873237276874
1.1330665332666334 0.00021257064543389443
1.1335667833916958 0.00021273662677457461
1.1340670335167584 0.00021290723427715773
1.1345672836418208 0.00021308188411965664
1.1350675337668834 0.00021325827330367475
1.135567783891946 0.00021343515342237465
1.1360680340170084 0.00021361252711430006
1.136568284142071 0.00021379049787765517
1.1370685342671336 0.0002139699281605031
1.137568784392196 0.00021415234394840706
1.1380690345172586 0.00021433860486093733
1.1385692846423212 0.00021452897985379165
1.1390695347673836 0.0002147259909018969
1.1395697848924462 0.00021493324582486057
1.1400700350175088 0.00021515203092952853
1.1405702851425712 0.0002153824023909703
1.1410705352676338 0.00021562441804078318
1.1415707853926964 0.0002158777242653203
1.1420710355177588 0.0002161373642334366
1.1425712856428214 0.0002163978939351137
1.143071535767884 0.00021665844625350835
1.1435717858929464 0.0002169176345510787
1.144072036018009 0.00021717215634984007
1.1445722861430716 0.00021742006835339775
1.145072536268134 0.00021766132832137526
1.1455727863931966 0.00021789589474606192
1.1460730365182592 0.00021812372686670606
1.1465732866433216 0.00021834640431526192
1.1470735367683842 0.0002185704007412352
1.1475737868934468 0.00021880060908699783
1.1480740370185092 0.0002190371036891988
1.1485742871435718 0.00021927946233328238
1.1490745372686344 0.00021952457072882853
1.1495747873936968 0.00021976978528995196
1.1500750375187594 0.00022001508980310479
1.150575287643822 0.0002202604679689788
1.1510755377688844 0.00022050562476713743
1.151575787893947 0.0002207455855453917
1.1520760380190094 0.0002209764046798696
1.152576288144072 0.00022119763104454468
1.1530765382691346 0.00022140715676956276
1.1535767883941972 0.0002216050500985393
1.1540770385192596 0.00022179707792118267
1.1545772886443222 0.00022198804705389518
1.1550775387693846 0.00022217797577724467
1.1555777888944472 0.00022236688221473027
1.1560780390195098 0.00022255982368695861
1.1565782891445724 0.00022276368589008025
1.1570785392696348 0.00022297837950085422
1.1575787893946974 0.0002232023355604166
1.1580790395197598 0.00022343593593504945
1.1585792896448224 0.00022367848686187956
1.159079539769885 0.00022392584851443597
1.1595797898949474 0.00022417458539779933
1.16008004002001 0.0002244246852772598
1.1605802901450726 0.00022467421211330336
1.161080540270135 0.00022491685228975144
1.1615807903951976 0.00022515117870273223
1.1620810405202602 0.00022538706851792014
1.1625812906453226 0.00022563146642835252
1.1630815407703852 0.00022588441200433143
1.1635817908954478 0.00022614628292788098
1.1640820410205102 0.00022641897558492503
1.1645822911455728 0.0002267040669751091
1.1650825412706354 0.0002270016292931317
1.1655827913956978 0.00022731332159350883
1.1660830415207604 0.00022764008404400733
1.166583291645823 0.00022797838941213596
1.1670835417708854 0.00022832312723814385
1.167583791895948 0.00022867203878375629
1.1680840420210106 0.00022902514781476707
1.168584292146073 0.00022938169605848805
1.1690845422711356 0.0002297375106374807
1.1695847923961982 0.00023008915601664085
1.1700850425212606 0.000230435833971383
1.1705852926463232 0.00023077546262668011
1.1710855427713858 0.00023110513464436614
1.1715857928964482 0.00023142311366886566
1.1720860430215108 0.00023172867383371992
1.1725862931465734 0.0002320211842030796
1.1730865432716358 0.0002323005654928558
1.1735867933966984 0.00023256797560033786
1.174087043521761 0.00023282977632762078
1.1745872936468233 0.00023309114785720662
1.175087543771886 0.00023335881464784844
1.1755877938969483 0.00023363944559998812
1.176088044022011 0.00023393292181265107
1.1765882941470736 0.00023423901570656443
1.1770885442721362 0.00023455653350520027
1.1775887943971985 0.00023488446806972088
1.1780890445222612 0.00023522286645780244
1.1785892946473235 0.00023557079072798065
1.1790895447723861 0.00023592327068271468
1.1795897948974488 0.000236273120373317
1.1800900450225114 0.00023661321718785873
1.1805902951475737 0.000236940509007721
1.1810905452726363 0.000237255862162121
1.1815907953976987 0.00023755945566380812
1.1820910455227613 0.00023785277583331807
1.182591295647824 0.00023813707164812997
1.1830915457728866 0.0002384122962916151
1.183591795897949 0.00023867893033830678
1.1840920460230115 0.00023893953676745332
1.184592296148074 0.00023919580282333907
1.1850925462731365 0.0002394454126587628
1.1855927963981991 0.00023968641119403883
1.1860930465232615 0.00023991877260182303
1.1865932966483241 0.00024014310586143307
1.1870935467733867 0.00024036318723750317
1.1875937968984491 0.00024058218463270448
1.1880940470235117 0.00024080011541723902
1.1885942971485743 0.00024101670154852805
1.1890945472736367 0.00024123128070362195
1.1895947973986993 0.00024145119379451616
1.190095047523762 0.00024168419700067002
1.1905952976488243 0.00024193035102056324
1.191095547773887 0.00024218971842367948
1.1915957978989495 0.00024246116552388417
1.192096048024012 0.0002427377862758828
1.1925962981490745 0.0002430138125537383
1.1930965482741371 0.00024328921124713778
1.1935967983991995 0.00024356387541517446
1.1940970485242621 0.00024383064636772736
1.1945972986493247 0.000244078737544531
1.1950975487743871 0.00024430438569272573
1.1955977988994497 0.00024450749528573965
1.1960980490245123 0.00024468797589385075
1.1965982991495747 0.00024484662902522184
1.1970985492746373 0.000244988382067307
1.1975987993997 0.00024511730476310385
1.1980990495247623 0.00024523336327214953
1.198599299649825 0.0002453388971468082
1.1990995497748873 0.0002454437267673195
1.19959979989995 0.0002455557758527358
1.2001000500250125 0.00024567551214395
1.2006003001500751 0.00024580296052657726
1.2011005502751375 0.0002459381464651455
1.2016008004002001 0.0002460806957222476
1.2021010505252625 0.0002462284361742287
1.2026013006503251 0.0002463795838367917
1.2031015507753877 0.00024653414502789916
1.2036018009004503 0.00024669030456635996
1.2041020510255127 0.000246844140351163
1.2046023011505753 0.00024699354079671165
1.2051025512756377 0.0002471384907917979
1.2056028014007003 0.00024727897534261307
1.206103051525763 0.00024741497957425407
1.2066033016508255 0.00024754740556079516
1.207103551775888 0.0002476811455756061
1.2076038019009505 0.00024782020098608796
1.208104052026013 0.0002479654124080616
1.2086043021510755 0.0002481191845289945
1.2091045522761381 0.0002482839725049689
1.2096048024012005 0.00024846067961987604
1.210105052526263 0.0002486493600055925
1.2106053026513257 0.0002488500701305635
1.211105552776388 0.0002490628688293244
1.2116058029014507 0.0002492863832802342
1.2121060530265133 0.0002495132026919836
1.2126063031515757 0.00024973729417432204
1.2131065532766383 0.0002499513550407567
1.213606803401701 0.0002501471652856091
1.2141070535267633 0.00025032360968936946
1.214607303651826 0.0002504804589450181
1.2151075537768885 0.00025061763678160175
1.215607803901951 0.000250735070354281
1.2161080540270135 0.00025083269028481096
1.216608304152076 0.0002509115666008268
1.2171085542771385 0.00025097740531396484
1.217608804402201 0.00025103820987651404
1.2181090545272637 0.00025110355173251777
1.218609304652326 0.0002511830880870264
1.2191095547773887 0.00025128253436246354
1.2196098049024513 0.0002514041597785017
1.2201100550275137 0.0002515480360422809
1.2206103051525763 0.0002517142370870212
1.221110555277639 0.0002519028390940571
1.2216108054027013 0.000252113319708413
1.222111055527764 0.00025234278367388096
1.2226113056528263 0.0002525878925339192
1.2231115557778889 0.0002528473637071958
1.2236118059029515 0.00025311498762708133
1.224112056028014 0.0002533825618958503
1.2246123061530765 0.00025364780951751614
1.225112556278139 0.00025391071662032817
1.2256128064032015 0.00025417126939523396
1.226113056528264 0.00025442945409737166
1.2266133066533267 0.00025468559419299433
1.2271135567783893 0.0002549408270441622
1.2276138069034517 0.00025519329826326854
1.2281140570285143 0.000255440335818313
1.2286143071535767 0.0002556847000133302
1.2291145572786393 0.00025593027305413185
1.2296148074037019 0.00025617817554483537
1.2301150575287645 0.0002564284208843351
1.2306153076538269 0.0002566810226446465
1.2311155577788895 0.000256935994572942
1.2316158079039519 0.0002571934346711216
1.2321160580290145 0.00025745510872522746
1.232616308154077 0.0002577241019259903
1.2331165582791395 0.00025800184340906535
1.233616808404202 0.00025828776090994877
1.2341170585292647 0.0002585812463092555
1.234617308654327 0.00025888230207355936
1.2351175587793897 0.00025919096565514164
1.2356178089044523 0.00025950727526139714
1.2361180590295147 0.00025983126986408797
1.2366183091545773 0.0002601626773250927
1.2371185592796399 0.0002604982376518072
1.2376188094047023 0.0002608345010800195
1.2381190595297649 0.00026117099101580324
1.2386193096548275 0.0002615076327526985
1.2391195597798899 0.00026184347919861405
1.2396198099049525 0.00026217765059607294
1.240120060030015 0.0002625101330681226
1.2406203101550775 0.0002628409127502945
1.24112056028014 0.00026316997579176364
1.2416208104052027 0.00026349741038475663
1.242121060530265 0.0002638253082268961
1.2426213106553277 0.00026415566801015606
1.2431215607803903 0.0002644884896029197
1.2436218109054527 0.00026482125562404
1.2441220610305153 0.0002651509052397921
1.2446223111555779 0.00026547688865577804
1.2451225612806402 0.00026579918826021763
1.2456228114057029 0.0002661177864757872
1.2461230615307652 0.00026643266576072854
1.2466233116558278 0.00026674341149031313
1.2471235617808905 0.00026704871428363374
1.247623811905953 0.00026734765940328065
1.2481240620310154 0.0002676402247398026
1.248624312156078 0.00026792911664624494
1.2491245622811404 0.0002682182793899651
1.249624812406203 0.0002685089389941033
1.2501250625312657 0.0002688010975370666
1.2506253126563283 0.0002690947570760247
1.2511255627813906 0.0002693899196467218
1.2516258129064533 0.0002696866760228845
1.2521260630315156 0.00026998528820691855
1.2526263131565782 0.00027028593091902144
1.2531265632816408 0.0002705886087682885
1.2536268134067035 0.00027089279274290025
1.2541270635317658 0.0002711986516593587
1.2546273136568284 0.0002715068996419709
1.2551275637818908 0.00027181755958028103
1.2556278139069534 0.0002721306546997034
1.256128064032016 0.0002724462085671744
1.2566283141570787 0.0002727604777330037
1.257128564282141 0.0002730673007448662
1.2576288144072036 0.00027336426194268256
1.258129064532266 0.0002736513386074171
1.2586293146573286 0.00027393328349666735
1.2591295647823912 0.0002742266949010778
1.2596298149074536 0.00027454352677723493
1.2601300650325162 0.000274883996575572
1.2606303151575788 0.0002752483398997204
1.2611305652826412 0.0002756368109330723
1.2616308154077038 0.00027605617947338445
1.2621310655327664 0.00027651576439173835
1.2626313156578288 0.00027701846438834426
1.2631315657828914 0.00027756474756243904
1.263631815907954 0.00027814551854191664
1.2641320660330164 0.0002787267379230174
1.264632316158079 0.0002792834431214888
1.2651325662831416 0.0002798152588158125
1.265632816408204 0.0002803218248077493
1.2661330665332666 0.00028080279663418405
1.266633316658329 0.00028125476543030365
1.2671335667833916 0.0002816730452052108
1.2676338169084542 0.0002820560301112913
1.2681340670335168 0.00028240340578160686
1.2686343171585792 0.00028271944479362567
1.2691345672836418 0.0002830184456974682
1.2696348174087042 0.00028331008466218844
1.2701350675337668 0.0002835941275639157
1.2706353176588294 0.0002838705313693528
1.271135567783892 0.00028413925363079295
1.2716358179089544 0.0002844009253349632
1.272136068034017 0.00028465620601963407
1.2726363181590794 0.00028490508404238407
1.273136568284142 0.0002851475231615143
1.2736368184092046 0.0002853837007128871
1.2741370685342672 0.0002856142191117198
1.2746373186593296 0.00028583940523468286
1.2751375687843922 0.0002860591648818433
1.2756378189094546 0.00028627347135358244
1.2761380690345172 0.0002864822982864967
1.2766383191595798 0.0002866857396732068
1.2771385692846424 0.00028688495412756206
1.2776388194097048 0.0002870809887631213
1.2781390695347674 0.0002872738317927154
1.2786393196598298 0.000287463878829468
1.2791395697848924 0.0002876525297937327
1.279639819909955 0.0002878409026051512
1.2801400700350176 0.00028802911745123697
1.28064032016008 0.00028821717740971963
1.2811405702851426 0.00028840508556545635
1.281640820410205 0.000288595617333216
1.2821410705352676 0.00028879211354914183
1.2826413206603302 0.0002889951499121391
1.2831415707853926 0.0002892047490965238
1.2836418209104552 0.0002894205155350862
1.2841420710355178 0.00028964108405474216
1.2846423211605802 0.0002898674693419622
1.2851425712856428 0.00029010196578450274
1.2856428214107054 0.0002903449029882998
1.2861430715357678 0.00029059630269714996
1.2866433216608304 0.0002908531781321573
1.287143571785893 0.000291111198831941
1.2876438219109554 0.0002913690318869216
1.288144072036018 0.0002916266733213938
1.2886443221610806 0.00029188471428921465
1.289144572286143 0.0002921450934537845
1.2896448224112056 0.0002924080961587639
1.290145072536268 0.0002926713247243163
1.2906453226613306 0.00029293344451553045
1.2911455727863932 0.0002931944589618068
1.2916458229114558 0.00029345489916636464
1.2921460730365182 0.00029371435960105855
1.2926463231615808 0.0002939718950314345
1.2931465732866432 0.00029422749047405264
1.2936468234117058 0.00029448094773758916
1.2941470735367684 0.00029473166333059803
1.294647323661831 0.000294979213395685
1.2951475737868934 0.0002952246705867163
1.295647823911956 0.0002954691321634383
1.2961480740370184 0.00029571260386543173
1.296648324162081 0.00029594945723735165
1.2971485742871436 0.0002961601144194283
1.2976488244122062 0.00029633052019455787
1.2981490745372686 0.0002964605186286725
1.2986493246623312 0.00029654931234581746
1.2991495747873936 0.00029659468806332334
1.2996498249124562 0.0002965951353168151
1.3001500750375188 0.00029655188158021767
1.3006503251625814 0.0002964675639957729
1.3011505752876438 0.00029634359909179393
1.3016508254127064 0.0002961911547196404
1.3021510755377688 0.0002960498569919752
1.3026513256628314 0.0002959481423926288
1.303151575787894 0.00029588595336366093
1.3036518259129566 0.00029586399298633454
1.304152076038019 0.000295884531820917
1.3046523261630816 0.00029594914219568084
1.305152576288144 0.00029605789448428006
1.3056528264132066 0.000296211601881041
1.3061530765382692 0.000296411167658672
1.3066533266633318 0.0002966517138608199
1.3071535767883942 0.000296917077639594
1.3076538269134568 0.00029719632425447446
1.3081540770385192 0.0002974897103968127
1.3086543271635818 0.0002977968601506286
1.3091545772886444 0.00029811650867159537
1.3096548274137068 0.0002984478138365217
1.3101550775387694 0.0002987908175580523
1.310655327663832 0.00029914970736439613
1.3111555777888944 0.0002995366134330307
1.311655827913957 0.00029995932420768097
1.3121560780390196 0.0003004172393074115
1.312656328164082 0.00030091006358166586
1.3131565782891446 0.0003014379796501572
1.313656828414207 0.00030200136383755035
1.3141570785392696 0.00030260112894113517
1.3146573286643322 0.00030323793279963033
1.3151575787893948 0.0003039119061306314
1.3156578289144572 0.00030462318181108703
1.3161580790395198 0.0003053616344470082
1.3166583291645821 0.0003061124995084539
1.3171585792896447 0.00030687009099769527
1.3176588294147074 0.0003076331669041083
1.31815907953977 0.0003084016130803408
1.3186593296648323 0.000309175131908189
1.319159579789895 0.0003099528134834572
1.3196598299149573 0.00031073404510119097
1.32016008004002 0.0003115188172838415
1.3206603301650826 0.00031230712032449034
1.3211605802901452 0.0003130989594592906
1.3216608304152075 0.00031389518933874365
1.3221610805402702 0.0003146977771704852
1.3226613306653325 0.0003155057609450569
1.3231615807903951 0.00031631673004427305
1.3236618309154577 0.0003171306007005825
1.3241620810405204 0.0003179480686283188
1.3246623311655827 0.0003187696051718133
1.3251625812906453 0.0003195952369603627
1.3256628314157077 0.00032042499087330217
1.3261630815407703 0.0003212588940428367
1.326663331665833 0.0003220956458736268
1.3271635817908956 0.0003229310391398609
1.327663831915958 0.0003237633008306227
1.3281640820410205 0.00032459497154832865
1.328664332166083 0.0003254275685441291
1.3291645822911455 0.000326261391166864
1.3296648324162081 0.000327096632709448
1.3301650825412707 0.0003279332809388292
1.3306653326663331 0.00032877132351475443
1.3311655827913957 0.0003296107479900326
1.3316658329164581 0.0003304517609549954
1.3321660830415207 0.00033129581036564336
1.3326663331665833 0.0003321447172232596
1.3331665832916457 0.00033299790595377855
1.3336668334167083 0.000333854438777001
1.334167083541771 0.0003347149930610643
1.3346673336668333 0.0003355800322211757
1.335167583791896 0.0003364495743908045
1.3356678339169585 0.000337323637823504
1.336168084042021 0.0003382022408938386
1.3366683341670835 0.0003390862221239958
1.337168584292146 0.00033997820130019147
1.3376688344172085 0.00034087963296463783
1.3381690845422711 0.00034178875428670096
1.3386693346673337 0.0003427018027648618
1.3391695847923961 0.0003436148269218372
1.3396698349174587 0.00034452621246869493
1.340170085042521 0.0003454359602121902
1.3406703351675837 0.00034634407094013344
1.3411705852926463 0.00034725054542130335
1.341670835417709 0.0003481544545973833
1.3421710855427713 0.00034905289519985026
1.342671335667834 0.0003499438580414339
1.3431715857928963 0.00035082477485918703
1.343671835917959 0.0003516927079059578
1.3441720860430215 0.0003525482775374576
1.3446723361680841 0.00035339248119338105
1.3451725862931465 0.000354225271149583
1.3456728364182091 0.000355046599785999
1.3461730865432715 0.00035585641958933977
1.346673336668334 0.00035665524189296187
1.3471735867933967 0.00035744473761080317
1.3476738369184593 0.0003582260374788945
1.3481740870435217 0.000358999196325215
1.3486743371685843 0.00035976247114443647
1.3491745872936467 0.00036050628919560775
1.3496748374187093 0.00036122284579768007
1.350175087543772 0.00036191207749369114
1.3506753376688345 0.00036257391850520325
1.351175587793897 0.00036320830071113916
1.3516758379189595 0.0003638148082016706
1.352176088044022 0.000364392323627853
1.3526763381690845 0.00036494006346741287
1.353176588294147 0.0003654579339247028
1.3536768384192097 0.000365944359001349
1.354177088544272 0.0003664045656217253
1.3546773386693347 0.00036684976195668084
1.355177588794397 0.0003672843709316475
1.3556778389194597 0.0003677083406850256
1.3561780890445223 0.00036812161984563766
1.3566783391695847 0.0003685245563141443
1.3571785892946473 0.00036891828715429083
1.35767883941971 0.0003693035595881069
1.3581790895447723 0.00036968033923487175
1.358679339669835 0.0003700489672359183
1.3591795897948975 0.0003704107067823591
1.3596798399199599 0.0003707683104752828
1.3601800900450225 0.0003711236235866471
1.3606803401700849 0.00037147663874162695
1.3611805902951475 0.0003718273485280753
1.36168084042021 0.00037217544892056986
1.3621810905452727 0.0003725200630582507
1.362681340670335 0.0003728606047568259
1.3631815907953977 0.00037319705587950716
1.36368184092046 0.00037352909525387526
1.3641820910455227 0.0003738559088826601
1.3646823411705853 0.00037417788586368536
1.365182591295648 0.00037449926851079284
1.3656828414207103 0.00037482341077764696
1.3661830915457729 0.0003751503132241936
1.3666833416708353 0.000375479838739821
1.3671835917958979 0.0003758115900650084
1.3676838419209605 0.0003761453047798018
1.368184092046023 0.0003764809782497711
1.3686843421710855 0.00037681957254316384
1.369184592296148 0.00037716358887613597
1.3696848424212105 0.0003775145772059317
1.370185092546273 0.00037787169337477584
1.3706853426713357 0.00037823228237933096
1.3711855927963983 0.00037859454840988706
1.3716858429214607 0.00037895819914041633
1.3721860930465233 0.0003793223874391855
1.3726863431715857 0.00037968656079360324
1.3731865932966483 0.00038005071690738805
1.3736868434217109 0.00038041411372202874
1.3741870935467735 0.00038077485560392697
1.3746873436718359 0.0003811317746641701
1.3751875937968985 0.0003814848462732251
1.3756878439219609 0.0003818344564574987
1.3761880940470235 0.0003821809339821224
1.376688344172086 0.00038252527854514424
1.3771885942971487 0.00038287052674159213
1.377688844422211 0.0003832186534258109
1.3781890945472737 0.00038356967128925004
1.378689344672336 0.00038392406434603306
1.3791895947973987 0.00038428303621381793
1.3796898449224613 0.00038464732695414155
1.3801900950475237 0.00038501696399210886
1.3806903451725863 0.0003853919751924319
1.3811905952976489 0.0003857751083413413
1.3816908454227113 0.0003861666581284757
1.3821910955477739 0.0003865623187870968
1.3826913456728365 0.0003869602297844393
1.3831915957978989 0.00038736039775930526
1.3836918459229615 0.0003877621124158297
1.3841920960480238 0.0003881635905977886
1.3846923461730865 0.00038856375412784115
1.385192596298149 0.00038896258719312054
1.3856928464232117 0.00038936007399186477
1.386193096548274 0.00038975612378477697
1.3866933466733367 0.0003901476775757125
1.387193596798399 0.00039053375362996587
1.3876938469234616 0.00039091848209301565
1.3881940970485243 0.00039130398714894637
1.3886943471735869 0.0003916913085917696
1.3891945972986492 0.0003920830359635322
1.3896948474237119 0.0003924807166722374
1.3901950975487742 0.0003928843622700797
1.3906953476738368 0.0003932939841926623
1.3911955977988995 0.0003937095937579351
1.391695847923962 0.0003941329093680091
1.3921960980490244 0.0003945705082435823
1.392696348174087 0.0003950264472757152
1.3931965982991494 0.00039549830788618995
1.393696848424212 0.0003959832001689312
1.3941970985492746 0.0003964779865516816
1.3946973486743373 0.0003969808216870422
1.3951975987993996 0.0003974917283445779
1.3956978489244622 0.00039801072934406937
1.3961980990495246 0.00039853784755557414
1.3966983491745872 0.00039907266800480473
1.3971985992996498 0.00039961370731743774
1.3976988494247125 0.0004001574725313896
1.3981990995497748 0.0004007013808444003
1.3986993496748374 0.0004012444376976162
1.3991995997998998 0.00040178802873649
1.3996998499249624 0.00040233440676782246
1.400200100050025 0.0004028836005333788
1.4007003501750876 0.00040343563910097104
1.40120060030015 0.0004039905518697346
1.4017008504252126 0.0004045487231754774
1.402201100550275 0.00040511111530171576
1.4027013506753376 0.00040567810313982906
1.4032016008004002 0.00040624739867462905
1.4037018509254626 0.00040681626414654026
1.4042021010505252 0.00040738441139787524
1.4047023511755878 0.0004079527272432234
1.4052026013006502 0.00040852172936153245
1.4057028514257128 0.00040909143593367305
1.4062031015507754 0.00040966186526433503
1.4067033516758378 0.0004102318978854647
1.4072036018009004 0.0004107985987194488
1.407703851925963 0.00041136014620300325
1.4082041020510254 0.0004119165660789877
1.408704352176088 0.0004124677968983857
1.4092046023011506 0.0004130118912459371
1.409704852426213 0.000413546475798119
1.4102051025512756 0.00041407006005338446
1.410705352676338 0.00041458164105886096
1.4112056028014006 0.00041508114754016117
1.4117058529264632 0.0004155693838467724
1.4122061030515258 0.0004160485201046238
1.4127063531765882 0.0004165198684891085
1.4132066033016508 0.0004169833905765515
1.4137068534267132 0.00041743958934671615
1.4142071035517758 0.00041788988573630164
1.4147073536768384 0.00041833518354745614
1.415207603801901 0.00041877547696618213
1.4157078539269634 0.0004192103181230936
1.416208104052026 0.0004196392217294716
1.4167083541770884 0.00042006157091486844
1.417208604302151 0.0004204759323608973
1.4177088544272136 0.00042088142200961954
1.4182091045522762 0.0004212780005407908
1.4187093546773386 0.0004216697497722802
1.4192096048024012 0.0004220660913809166
1.4197098549274636 0.00042247450207088784
1.4202101050525262 0.0004228977813482301
1.4207103551775888 0.00042333662050432003
1.4212106053026514 0.00042379096979298627
1.4217108554277138 0.0004242614555807693
1.4222111055527764 0.00042475012473662055
1.4227113556778388 0.00042525837122576185
1.4232116058029014 0.00042578633712976886
1.423711855927964 0.00042632712958284814
1.4242121060530266 0.000426864892532925
1.424712356178089 0.00042739068239810096
1.4252126063031516 0.00042790115718943037
1.425712856428214 0.0004283906324287675
1.4262131065532766 0.00042885665377054635
1.4267133566783392 0.0004292978343711792
1.4272136068034016 0.000429712466045644
1.4277138569284642 0.00043010018657397886
1.4282141070535268 0.0004304609507179765
1.4287143571785892 0.0004307999987238946
1.4292146073036518 0.0004311292621102953
1.4297148574287144 0.00043145536543854425
1.4302151075537768 0.0004317783093315766
1.4307153576788394 0.0004320990165416825
1.431215607803902 0.0004324201974490702
1.4317158579289644 0.00043274521000743956
1.432216108054027 0.0004330778707701115
1.4327163581790896 0.0004334196009178827
1.433216608304152 0.00043376819957350763
1.4337168584292146 0.0004341184203702365
1.434217108554277 0.0004344616604719185
1.4347173586793396 0.0004347931610601441
1.4352176088044022 0.00043511286908544784
1.4357178589294648 0.00043542073205269695
1.4362181090545272 0.00043571685077277287
1.4367183591795898 0.0004360020947013605
1.4372186093046522 0.000436274539161454
1.4377188594297148 0.0004365314744759309
1.4382191095547774 0.0004367750088396011
1.43871935967984 0.00043701309594482575
1.4392196098049024 0.0004372524894908889
1.439719859929965 0.00043749413278108574
1.4402201100550274 0.00043773802516975356
1.44072036018009 0.00043798416586770004
1.4412206103051526 0.0004382325539415565
1.4417208604302152 0.0004384839871199336
1.4422211105552776 0.00043873894389552103
1.4427213606803402 0.00043899656293337524
1.4432216108054026 0.00043925549481198755
1.4437218609304652 0.0004395139830625622
1.4442221110555278 0.00043977091684302313
1.4447223611805904 0.0004400249869119219
1.4452226113056528 0.00044027503600726754
1.4457228614307154 0.0004405210452816185
1.4462231115557778 0.00044076299605605023
1.4467233616808404 0.0004410024485950213
1.447223611805903 0.00044124309004744917
1.4477238619309656 0.0004414875796904375
1.448224112056028 0.00044173747964652534
1.4487243621810906 0.00044199530937666175
1.449224612306153 0.0004422642844644069
1.4497248624312156 0.0004425461508654566
1.4502251125562782 0.00044284000767050037
1.4507253626813406 0.0004431436353229346
1.4512256128064032 0.00044345576581741967
1.4517258629314658 0.0004437758222689542
1.4522261130565282 0.0004441024041533919
1.4527263631815908 0.0004444347276047048
1.4532266133066534 0.00044477282677374996
1.4537268634317158 0.0004451164973932037
1.4542271135567784 0.00044546478530138026
1.454727363681841 0.00044581696833361916
1.4552276138069034 0.0004461730689359382
1.455727863931966 0.0004465331098553896
1.4562281140570286 0.0004468975000122348
1.456728364182091 0.0004472620875436096
1.4572286143071536 0.0004476161806140151
1.457728864432216 0.00044795358463124187
1.4582291145572785 0.0004482742020044004
1.4587293646823412 0.000448576839442364
1.4592296148074038 0.00044885925348359606
1.4597298649324661 0.0004491204850924513
1.4602301150575288 0.0004493606249114609
1.4607303651825911 0.00044957957900342694
1.4612306153076537 0.0004497772595673574
1.4617308654327164 0.0004499616432350528
1.462231115557779 0.0004501515648339351
1.4627313656828413 0.0004503579590237664
1.463231615807904 0.0004505809722327742
1.4637318659329663 0.0004508226345737226
1.464232116058029 0.0004510871042448861
1.4647323661830915 0.00045137659553218603
1.4652326163081542 0.00045168957978993315
1.4657328664332165 0.00045202442487240465
1.4662331165582791 0.0004523811453434083
1.4667333666833415 0.00045275375524008203
1.4672336168084041 0.00045312866525679335
1.4677338669334667 0.0004534982658455112
1.4682341170585294 0.0004538613513185737
1.4687343671835917 0.00045421294204200393
1.4692346173086543 0.00045454513092287773
1.4697348674337167 0.0004548537876791321
1.4702351175587793 0.00045513879575854744
1.470735367683842 0.00045540097368316243
1.4712356178089045 0.00045564266534654297
1.471735867933967 0.0004558697233685307
1.4722361180590295 0.0004560918756005276
1.472736368184092 0.0004563144667446153
1.4732366183091545 0.0004565374954297587
1.4737368684342171 0.00045676471836829055
1.4742371185592795 0.0004570039416293455
1.4747373686843421 0.0004572592466201123
1.4752376188094047 0.00045753069954896367
1.4757378689344671 0.00045781836972626775
1.4762381190595297 0.0004581198586276355
1.4767383691845923 0.00045842632764301575
1.4772386193096547 0.00045873034799536096
1.4777388694347173 0.000459030896320795
1.47823911955978 0.0004593279673821047
1.4787393696848423 0.00045962146160286266
1.479239619809905 0.0004599111833758087
1.4797398699349675 0.0004601972588665753
1.48024012006003 0.0004604807312592818
1.4807403701850925 0.000460762418870958
1.481240620310155 0.00046104323863489034
1.4817408704352175 0.00046132518478288887
1.4822411205602801 0.00046160951268448284
1.4827413706853427 0.00046189764234326
1.4832416208104051 0.0004621908309668908
1.4837418709354677 0.0004624884139451148
1.48424212106053 0.00046278903373193675
1.4847423711855927 0.0004630920195177737
1.4852426213106553 0.00046339738670212957
1.485742871435718 0.0004637047150242002
1.4862431215607803 0.0004640121606625189
1.486743371685843 0.00046431661960083065
1.4872436218109053 0.000464614465590469
1.487743871935968 0.000464903740426837
1.4882441220610305 0.0004651854431405436
1.4887443721860931 0.0004654596705718741
1.4892446223111555 0.0004657232107091457
1.4897448724362181 0.00046597373945711854
1.4902451225612805 0.0004662111925692024
1.490745372686343 0.00046643550767411354
1.4912456228114057 0.0004666466243032919
1.4917458729364683 0.0004668453584453828
1.4922461230615307 0.0004670337247447321
1.4927463731865933 0.00046721287325362853
1.4932466233116557 0.00046738276613547393
1.4937468734367183 0.0004675450552099201
1.494247123561781 0.000467702593588567
1.4947473736868435 0.0004678563559080378
1.495247623811906 0.00046800612759412274
1.4957478739369685 0.00046815189482422593
1.496248124062031 0.0004682936438778905
1.4967483741870935 0.0004684326005978868
1.497248624312156 0.0004685713555940573
1.4977488744372185 0.00046871131495734137
1.498249124562281 0.00046885284910452407
1.4987493746873437 0.0004689975496578248
1.499249624812406 0.0004691478760938261
1.4997498749374687 0.000469305032012686
1.5002501250625313 0.0004694683396829719
1.500750375187594 0.0004696370246890578
1.5012506253126563 0.00046981101592731794
1.5017508754377187 0.0004699881202180594
1.5022511255627813 0.00047016375201211225
1.502751375687844 0.0004703355235259387
1.5032516258129065 0.00047050342081046394
1.503751875937969 0.0004706656036859268
1.5042521260630315 0.00047081891131208685
1.5047523761880939 0.0004709619984812825
1.5052526263131565 0.00047109482826971895
1.505752876438219 0.00047121741592622896
1.5062531265632817 0.00047133099344428246
1.506753376688344 0.0004714410228536178
1.5072536268134067 0.0004715562765574812
1.507753876938469 0.0004716812810071389
1.5082541270635317 0.00047181607024710757
1.5087543771885943 0.00047196201801230126
1.509254627313657 0.00047212170720182904
1.5097548774387193 0.00047229639423015577
1.5102551275637819 0.0004724867438857421
1.5107553776888443 0.00047269355804759267
1.5112556278139069 0.00047291704029826993
1.5117558779389695 0.00047315306112265737
1.512256128064032 0.0004733929621639175
1.5127563781890945 0.0004736322474669242
1.513256628314157 0.0004738709100044371
1.5137568784392195 0.0004741078732718962
1.514257128564282 0.0004743411131909882
1.5147573786893447 0.0004745696658023795
1.5152576288144073 0.00047479350507429407
1.5157578789394697 0.0004750126052965485
1.5162581290645323 0.000475226743376617
1.5167583791895947 0.00047543566719026714
1.5172586293146573 0.0004756394289110516
1.5177588794397199 0.000475837862880146
1.5182591295647825 0.0004760298081135821
1.5187593796898449 0.0004762159689975972
1.5192596298149073 0.00047639934340632737
1.5197598799399699 0.0004765813198360895
1.5202601300650325 0.0004767618930858437
1.520760380190095 0.000476941057950306
1.5212606303151577 0.0004771188092200292
1.52176088044022 0.00047729591570001845
1.5222611305652824 0.000477473379081711
1.522761380690345 0.00047765029906622993
1.5232616308154077 0.0004778255431800762
1.5237618809404703 0.0004779972714009035
1.5242621310655329 0.00047816321903859757
1.5247623811905953 0.00047832294925665873
1.5252626313156576 0.0004784764373800381
1.5257628814407203 0.0004786236591364084
1.5262631315657829 0.0004787645906613547
1.5267633816908455 0.0004789017971254623
1.527263631815908 0.00047904037042168385
1.5277638819409705 0.000479182832520253
1.5282641320660328 0.00047932919795272693
1.5287643821910955 0.0004794819525396835
1.529264632316158 0.0004796447968553077
1.5297648824412207 0.00047981889068745556
1.530265132566283 0.0004800038712300013
1.5307653826913457 0.0004801994584352849
1.531265632816408 0.000480405696889581
1.5317658829414706 0.0004806207603335498
1.5322661330665333 0.0004808410278039434
1.5327663831915959 0.00048106473429490164
1.5332666333166582 0.00048129189381455607
1.5337668834417209 0.0004815237176994233
1.5342671335667832 0.00048176239643986466
1.5347673836918458 0.0004820094915946094
1.5352676338169085 0.00048226593050405044
1.535767883941971 0.00048253203743238394
1.5362681340670334 0.0004828074620716365
1.536768384192096 0.0004830904935476396
1.5372686343171584 0.0004833784411711225
1.537768884442221 0.00048367000902930287
1.5382691345672836 0.00048396521176816506
1.5387693846923463 0.00048425842665259243
1.5392696348174086 0.0004845395078572559
1.5397698849424712 0.0004848038968289063
1.5402701350675336 0.00048505150523540176
1.5407703851925962 0.00048528182095997297
1.5412706353176588 0.0004854926903819583
1.5417708854427215 0.00048568442373055244
1.5422711355677838 0.00048586046334140616
1.5427713856928462 0.00048602222726978493
1.5432716358179088 0.0004861696629652812
1.5437718859429714 0.0004863104165373591
1.544272136068034 0.00048645816993315023
1.5447723861930966 0.0004866189574495531
1.545272636318159 0.0004867928317137339
1.5457728864432214 0.0004869798480844594
1.546273136568284 0.00048718006468336986
1.5467733866933466 0.00048739204594777023
1.5472736368184092 0.00048761428155909867
1.5477738869434718 0.0004878472113841986
1.5482741370685342 0.00048809069241367067
1.5487743871935966 0.0004883405517752688
1.5492746373186592 0.0004885906291583819
1.5497748874437218 0.000488838305339708
1.5502751375687844 0.0004890835689452518
1.550775387693847 0.0004893264086065886
1.5512756378189094 0.0004895668129613532
1.5517758879439718 0.0004898059674131854
1.5522761380690344 0.0004900461178581958
1.552776388194097 0.0004902883243112683
1.5532766383191596 0.0004905322399580219
1.5537768884442222 0.0004907746787124539
1.5542771385692846 0.0004910118689284891
1.554777388694347 0.0004912430071141715
1.5552776388194096 0.0004914682134146925
1.5557778889444722 0.0004916874632370025
1.5562781390695348 0.0004919007320784835
1.5567783891945972 0.0004921061784057105
1.5572786393196598 0.0004923003833002449
1.5577788894447222 0.0004924817304681313
1.5582791395697848 0.0004926501662937302
1.5587793896948474 0.0004928052844766246
1.55927963981991 0.000492946418830415
1.5597798899449724 0.000493073830469101
1.560280140070035 0.0004931889467699736
1.5607803901950974 0.0004932938556606583
1.56128064032016 0.0004933897493403582
1.5617808904452226 0.0004934791805121523
1.5622811405702852 0.0004935668974319456
1.5627813906953476 0.0004936550788319605
1.5632816408204102 0.000493743725270887
1.5637818909454726 0.0004938426527589792
1.5642821410705352 0.0004939687666846139
1.5647823911955978 0.0004941292221460836
1.5652826413206604 0.000494324162214607
1.5657828914457228 0.0004945537602091225
1.5662831415707852 0.0004948189251693429
1.5667833916958478 0.0004951178327015789
1.5672836418209104 0.0004954465840698372
1.567783891945973 0.000495804007717632
1.5682841420710356 0.000496190287439782
1.568784392196098 0.0004965896475550506
1.5692846423211604 0.0004969749204564376
1.569784892446223 0.0004973347322862493
1.5702851425712856 0.0004976689114882285
1.5707853926963482 0.0004979772940909611
1.5712856428214108 0.0004982597238527413
1.5717858929464732 0.0004985147011264762
1.5722861430715356 0.0004987393428234406
1.5727863931965982 0.000498930973765914
1.5732866433216608 0.0004990879436093092
1.5737868934467234 0.0004992134907245018
1.574287143571786 0.0004993138172688707
1.5747873936968484 0.0004993914146526858
1.5752876438219108 0.0004994462115730502
1.5757878939469734 0.0004994781420579076
1.576288144072036 0.000499487145516104
1.5767883941970986 0.0004994794912403077
1.5772886443221612 0.0004994664946241013
1.5777888944472236 0.0004994531711966458
1.578289144572286 0.000499439520032119
1.5787893946973486 0.0004994315745562889
1.5792896448224112 0.0004994409344244391
1.5797898949474738 0.0004994731953586965
1.5802901450725362 0.0004995284204562676
1.5807903951975988 0.0004996066788836004
1.5812906453226612 0.0004997080459331601
1.5817908954477238 0.0004998240127307638
1.5822911455727864 0.0004999393351870898
1.582791395697849 0.000500047305310203
1.5832916458229114 0.0005001478951459317
1.583791895947974 0.0005002410774574443
1.5842921460730364 0.000500326825733846
1.584792396198099 0.000500405114198621
1.5852926463231616 0.0005004751869417507
1.5857928964482242 0.0005005358997820252
1.5862931465732866 0.0005005869908424316
1.5867933966983492 0.0005006324974211867
1.5872936468234116 0.0005006792269161842
1.5877938969484742 0.0005007300934264591
1.5882941470735368 0.0005007851091671531
1.5887943971985994 0.0005008442866226042
1.5892946473236618 0.0005009076385486707
1.5897948974487242 0.000500975177975106
1.5902951475737868 0.0005010469182079821
1.5907953976988494 0.0005011228728321658
1.591295647823912 0.0005012034394725778
1.5917958979489746 0.0005012920100108261
1.592296148074037 0.0005013928661850943
1.5927963981990994 0.0005015073107549146
1.593296648324162 0.000501635391551207
1.5937968984492246 0.0005017771583133912
1.5942971485742872 0.0005019326627095626
1.5947973986993498 0.0005021019583573988
1.5952976488244122 0.0005022851008458115
1.5957978989494745 0.0005024821477573651
1.5962981490745372 0.0005026872963894822
1.5967983991995998 0.0005028914236048553
1.5972986493246624 0.0005030915164260475
1.597798899449725 0.0005032871693997114
1.5982991495747874 0.0005034770750554552
1.5987993996998497 0.000503660591698724
1.5992996498249124 0.0005038376907740849
1.599799899949975 0.0005040083441525972
1.6003001500750376 0.00050417252413811
1.6008004002001002 0.0005043302034735019
1.6013006503251626 0.0005044813553468704
1.601800900450225 0.0005046151005881039
1.6023011505752875 0.000504712722654168
1.6028014007003502 0.0005047663087409806
1.6033016508254128 0.0005047757363464318
1.6038019009504751 0.0005047408887022603
1.6043021510755378 0.0005046608261066388
1.6048024012006001 0.0005045344172907893
1.6053026513256627 0.0005043614001304928
1.6058029014507254 0.0005041417676463609
1.606303151575788 0.0005038814815476933
1.6068034017008503 0.0005036074687425619
1.607303651825913 0.0005033528996919943
1.6078039019509753 0.0005031299679094986
1.608304152076038 0.0005029386571635103
1.6088044022011005 0.0005027789638742441
1.6093046523261632 0.0005026508971344934
1.6098049024512255 0.0005025544787431868
1.6103051525762881 0.0005024900485996509
1.6108054027013505 0.000502458469570426
1.6113056528264131 0.0005024601354172189
1.6118059029514757 0.0005024909324883096
1.6123061530765384 0.0005025441617314867
1.6128064032016007 0.0005026171252557103
1.6133066533266633 0.0005027098861912296
1.6138069034517257 0.000502822512688751
1.6143071535767883 0.0005029550779710032
1.614807403701851 0.0005031076603876764
1.6153076538269135 0.0005032803434738063
1.615807903951976 0.0005034732160116747
1.6163081540770383 0.0005036867342517148
1.616808404202101 0.0005039155650480245
1.6173086543271635 0.0005041502159982011
1.6178089044522261 0.0005043880293822131
1.6183091545772887 0.0005046301027904716
1.6188094047023511 0.0005048764541752436
1.6193096548274135 0.000505127101644282
1.6198099049524761 0.0005053820634622697
1.6203101550775387 0.0005056413580522774
1.6208104052026013 0.0005059050039972407
1.621310655327664 0.0005061730200414539
1.6218109054527263 0.0005064454250920801
1.6223111555777887 0.0005067222382206818
1.6228114057028513 0.0005070034786647681
1.623311655827914 0.0005072884650561817
1.6238119059529765 0.0005075762580135468
1.6243121560780391 0.000507865569542236
1.6248124062031015 0.0005081552505117176
1.625312656328164 0.0005084451944233738
1.6258129064532265 0.0005087354035973104
1.6263131565782891 0.0005090183271485696
1.6268134067033517 0.0005092821942774143
1.6273136568284141 0.0005095227322091198
1.6278139069534767 0.0005097398224763867
1.628314157078539 0.0005099333523338886
1.6288144072036017 0.00051010321484282
1.6293146573286643 0.0005102493126127399
1.629814907453727 0.000510371676178747
1.6303151575787893 0.0005104703389337354
1.630815407703852 0.0005105453528616119
1.6313156578289143 0.0005105967769100452
1.631815907953977 0.0005106245421476487
1.6323161580790395 0.0005106285854271386
1.6328164082041021 0.0005106088498179926
1.6333166583291645 0.0005105652846568024
1.6338169084542271 0.0005104978455936114
1.6343171585792895 0.0005104128939135097
1.634817408704352 0.0005103208151451019
1.6353176588294147 0.0005102256093836683
1.6358179089544773 0.0005101273244462806
1.6363181590795397 0.0005100310773033983
1.6368184092046023 0.0005099444598385055
1.6373186593296647 0.0005098707654300424
1.6378189094547273 0.0005098109547402487
1.63831915957979 0.0005097652313668087
1.6388194097048525 0.0005097336217732947
1.639319659829915 0.0005097161545540501
1.6398199099549773 0.000509712860448912
1.64032016008004 0.0005097237723587826
1.6408204102051025 0.0005097489253620615
1.641320660330165 0.0005097883567319501
1.6418209104552277 0.0005098421059546441
1.64232116058029 0.0005099102868147293
1.6428214107053525 0.000509993262795598
1.643321660830415 0.0005100913286822024
1.6438219109554777 0.00051020416808087
1.6443221610805403 0.0005103247223728105
1.644822411205603 0.0005104423841260334
1.6453226613306653 0.0005105532538753349
1.6458229114557277 0.000510657306477866
1.6463231615807903 0.000510757447761969
1.646823411705853 0.0005108580746450063
1.6473236618309155 0.000510960667076032
1.647823911955978 0.0005110652309945332
1.6483241620810405 0.0005111717723760695
1.6488244122061029 0.0005112803604001007
1.6493246623311655 0.000511391257480956
1.649824912456228 0.0005115046637631528
1.6503251625812907 0.0005116205779188734
1.650825412706353 0.000511738975032299
1.6513256628314157 0.0005118598390552219
1.651825912956478 0.0005119831775403436
1.6523261630815407 0.0005121089980866434
1.6528264132066033 0.0005122373083396907
1.653326663331666 0.0005123681159919579
1.6538269134567283 0.0005125014287831374
1.6543271635817909 0.0005126368569931985
1.6548274137068533 0.0005127737802158631
1.6553276638319159 0.0005129116527773436
1.6558279139569785 0.0005130489894782847
1.656328164082041 0.0005131850960078213
1.6568284142071035 0.0005133206739200262
1.657328664332166 0.0005134570516350762
1.6578289144572285 0.0005135954188322036
1.658329164582291 0.0005137358677678673
1.6588294147073537 0.0005138784052108869
1.6593296648324163 0.0005140230379751398
1.6598299149574787 0.0005141697729198838
1.6603301650825413 0.0005143186169500825
1.6608304152076037 0.0005144695770167339
1.6613306653326663 0.000514622660117201
1.6618309154577289 0.0005147780175303834
1.6623311655827915 0.0005149367451569975
1.6628314157078539 0.0005150997988044506
1.6633316658329163 0.0005152671922681495
1.6638319159579789 0.0005154395522754652
1.6643321660830415 0.0005156262606574257
1.664832416208104 0.0005158406575593021
1.6653326663331667 0.0005160873874079433
1.665832916458229 0.0005163665971989688
1.6663331665832914 0.0005166684171348391
1.666833416708354 0.0005169782901701999
1.6673336668334167 0.0005172916182417251
1.6678339169584793 0.0005176084086009609
1.6683341670835419 0.0005179286684169517
1.6688344172086043 0.0005182522607481902
1.6693346673336666 0.0005185790474740646
1.6698349174587293 0.0005189090340736453
1.6703351675837919 0.0005192422193177024
1.6708354177088545 0.0005195785132403893
1.671335667833917 0.0005199178323924496
1.6718359179589795 0.0005202601816564836
1.6723361680840418 0.0005206055658341489
1.6728364182091044 0.0005209539896454099
1.673336668334167 0.0005213054577277892
1.6738369184592297 0.0005216599746356197
1.674337168584292 0.0005220122682484491
1.6748374187093547 0.0005223542447451722
1.675337668834417 0.0005226822282843649
1.6758379189594796 0.0005229951218177431
1.6763381690845423 0.0005233002116283935
1.6768384192096049 0.0005236083529329953
1.6773386693346672 0.0005239228883313921
1.6778389194597298 0.0005242438486456122
1.6783391695847922 0.0005245712612767356
1.6788394197098548 0.0005249051510593103
1.6793396698349174 0.00052524554312011
1.67983991995998 0.0005255924628808784
1.6803401700850424 0.0005259459360611208
1.680840420210105 0.0005263059886809245
1.6813406703351674 0.0005266726470638285
1.68184092046023 0.0005270463349570951
1.6823411705852926 0.0005274277799909902
1.6828414207103553 0.000527817315192718
1.6833416708354176 0.0005282149727645956
1.6838419209604802 0.0005286207930706115
1.6843421710855426 0.000529033392259669
1.6848424212106052 0.0005294497035556822
1.6853426713356678 0.000529868063909211
1.6858429214607304 0.000530288462618855
1.6863431715857928 0.0005307093050429936
1.6868434217108552 0.000531128320539413
1.6873436718359178 0.0005315448115676894
1.6878439219609804 0.0005319587425225164
1.688344172086043 0.0005323700876783751
1.6888444222111056 0.0005327788471368484
1.689344672336168 0.0005331850116514378
1.6898449224612304 0.0005335885466636906
1.690345172586293 0.0005339894178432859
1.6908454227113556 0.0005343882877638295
1.6913456728364182 0.000534786920529247
1.6918459229614808 0.0005351863884489821
1.6923461730865432 0.0005355866665477261
1.6928464232116056 0.0005359877296600238
1.6933466733366682 0.0005363895524352006
1.6938469234617308 0.0005367921093423764
1.6943471735867934 0.0005371948362194571
1.694847423711856 0.0005375969058524342
1.6953476738369184 0.0005379968369767875
1.6958479239619808 0.0005383933117998761
1.6963481740870434 0.0005387886047896547
1.696848424212106 0.0005391860559549319
1.6973486743371686 0.000539586612485067
1.697848924462231 0.0005399867218353363
1.6983491745872936 0.0005403814295230348
1.698849424712356 0.0005407693163518707
1.6993496748374186 0.0005411503558419773
1.6998499249624812 0.0005415245219997135
1.7003501750875438 0.0005418917893223895
1.7008504252126062 0.000542252132802912
1.7013506753376688 0.0005426055279343416
1.7018509254627312 0.0005429512919044202
1.7023511755877938 0.0005432881508243006
1.7028514257128564 0.0005436154885739154
1.703351675837919 0.0005439332795988871
1.7038519259629814 0.0005442414990605586
1.704352176088044 0.0005445514444571473
1.7048524262131064 0.0005448810683436487
1.705352676338169 0.0005452370623960245
1.7058529264632316 0.0005456195278086712
1.7063531765882942 0.0005460345972238034
1.7068534267133566 0.0005464907396911646
1.7073536768384192 0.000546990437804044
1.7078539269634816 0.0005475339089304187
1.7083541770885442 0.0005481213992017353
1.7088544272136068 0.0005487532708378728
1.7093546773386694 0.0005494299008275692
1.7098549274637318 0.0005501515940929073
1.7103551775887942 0.0005509186781885261
1.7108554277138568 0.0005517315036913831
1.7113556778389194 0.0005525909144835522
1.711855927963982 0.0005534995241958421
1.7123561780890446 0.00055445951363778
1.712856428214107 0.000555471352704795
1.7133566783391694 0.0005565355390077748
1.713856928464232 0.0005576525984977985
1.7143571785892946 0.0005588144391974754
1.7148574287143572 0.0005600090440835186
1.7153576788394198 0.0005612329217660666
1.7158579289644822 0.0005624863677378417
1.7163581790895446 0.0005637536324292736
1.7168584292146072 0.0005650128852589106
1.7173586793396698 0.0005662581187174934
1.7178589294647324 0.0005674890924560014
1.718359179589795 0.0005687044296220734
1.7188594297148574 0.0005699008658489289
1.7193596798399198 0.0005710762597622242
1.7198599299649824 0.0005722303475484036
1.720360180090045 0.0005733628689819533
1.7208604302151076 0.0005744735675683651
1.72136068034017 0.0005755621906861958
1.7218609304652326 0.0005766284812976722
1.722361180590295 0.0005776701670410059
1.7228614307153576 0.0005786849760432063
1.7233616808404202 0.0005796726548881829
1.7238619309654828 0.0005806329556781764
1.7243621810905452 0.0005815675200780974
1.7248624312156078 0.00058247880846004
1.7253626813406702 0.0005833679897605477
1.7258629314657328 0.0005842360523197105
1.7263631815907954 0.0005850893635291698
1.726863431715858 0.0005859358010859685
1.7273636818409204 0.0005867773586967815
1.727863931965983 0.0005876140002145534
1.7283641820910454 0.0005884456895180441
1.728864432216108 0.0005892716320064973
1.7293646823411706 0.0005900898323881886
1.7298649324662332 0.0005908990461844437
1.7303651825912956 0.0005916992230692115
1.7308654327163582 0.0005924903128527944
1.7313656828414206 0.0005932722654862405
1.7318659329664832 0.0005940450310657509
1.7323661830915458 0.000594810072122837
1.7328664332166084 0.0005955701437827211
1.7333666833416708 0.0005963264987149924
1.7338669334667332 0.0005970791074713194
1.7343671835917958 0.0005978250207599573
1.7348674337168584 0.0005985600942018448
1.735367683841921 0.000599283078754802
1.7358679339669836 0.0005999977713471102
1.736368184092046 0.000600711703678546
1.7368684342171083 0.0006014292709966762
1.737368684342171 0.0006021511714972968
1.7378689344672336 0.0006028773947921751
1.7383691845922962 0.0006036079301554744
1.7388694347173588 0.0006043427665231571
1.7393696848424212 0.0006050799146146877
1.7398699349674835 0.0006058156835940392
1.7403701850925462 0.0006065483493674749
1.7408704352176088 0.0006072778774997671
1.7413706853426714 0.000608004233629895
1.741870935467734 0.0006087273834753307
1.7423711855927964 0.0006094472928363312
1.7428714357178587 0.0006101623861297458
1.7433716858429213 0.0006108710704761911
1.743871935967984 0.0006115732917068862
1.7443721860930466 0.0006122615228333888
1.744872436218109 0.0006129253316482819
1.7453726863431716 0.0006135617220640456
1.745872936468234 0.0006141705386832571
1.7463731865932965 0.0006147518763580316
1.7468734367183592 0.0006153064153966837
1.7473736868434218 0.0006158346007680523
1.7478739369684841 0.0006163363059672497
1.7483741870935467 0.0006168114116631836
1.7488744372186091 0.0006172598057767064
1.7493746873436717 0.0006176808656984474
1.7498749374687343 0.0006180720562772122
1.750375187593797 0.0006184313645913481
1.7508754377188593 0.0006187587039703327
1.751375687843922 0.0006190539966908125
1.7518759379689843 0.0006193171740279568
1.752376188094047 0.0006195481763005246
1.7528764382191095 0.0006197469529095807
1.7533766883441722 0.0006199139965247033
1.7538769384692345 0.0006200507298904496
1.7543771885942971 0.0006201772114546145
1.7548774387193595 0.0006203195114860044
1.7553776888444221 0.0006204845572844434
1.7558779389694847 0.0006206723731095545
1.7563781890945473 0.0006208843769064854
1.7568784392196097 0.0006211240627111631
1.7573786893446721 0.000621393544220922
1.7578789394697347 0.0006216928729711833
1.7583791895947973 0.0006220221072651049
1.75887943971986 0.0006223813122047638
1.7593796898449225 0.000622770559726218
1.759879939969985 0.0006231899286384874
1.7603801900950473 0.0006236388528006922
1.76088044022011 0.0006241141064823382
1.7613806903451725 0.0006246131162092146
1.7618809404702351 0.0006251359767318221
1.7623811905952977 0.0006256827883989039
1.7628814407203601 0.0006262536572114093
1.7633816908454225 0.0006268480929730213
1.7638819409704851 0.0006274649748313315
1.7643821910955477 0.0006280970357840771
1.7648824412206103 0.0006287352807656659
1.765382691345673 0.0006293774261705263
1.7658829414707353 0.000630023498282717
1.7663831915957977 0.000630673049970461
1.7668834417208603 0.0006313255009752102
1.767383691845923 0.0006319807422651318
1.7678839419709855 0.0006326401328390284
1.768384192096048 0.000633305078627381
1.7688844422211105 0.0006339756498166861
1.769384692346173 0.0006346518746848771
1.7698849424712355 0.0006353337818438523
1.7703851925962981 0.0006360198068625759
1.7708854427213607 0.0006367070264366152
1.771385692846423 0.0006373941033585003
1.7718859429714857 0.0006380810518135635
1.772386193096548 0.0006387678860316473
1.7728864432216107 0.0006394546202883085
1.7733866933466733 0.0006401412689060329
1.773886943471736 0.000640827846255462
1.7743871935967983 0.0006415119103553372
1.774887443721861 0.0006421892213861388
1.7753876938469233 0.0006428575258800729
1.775887943971986 0.0006435163421486417
1.7763881940970485 0.000644167568707458
1.7768884442221111 0.0006448136174155066
1.7773886943471735 0.0006454570584248696
1.777888944472236 0.0006461017512715566
1.7783891945972985 0.0006467494882176943
1.778889444722361 0.0006474002865561275
1.7793896948474237 0.000648054163727408
1.7798899449724863 0.000648711137321276
1.7803901950975487 0.0006493712250781631
1.780890445222611 0.0006500344448907084
1.7813906953476737 0.0006507008148053
1.7818909454727363 0.0006513712950367754
1.782391195597799 0.0006520486477966466
1.7828914457228615 0.0006527347024160474
1.783391695847924 0.0006534294939494898
1.7838919459729863 0.0006541330578282999
1.7843921960980489 0.0006548452023510997
1.7848924462231115 0.0006555651371250317
1.785392696348174 0.0006562922984531885
1.7858929464732367 0.0006570267223504295
1.786393196598299 0.0006577769613271004
1.7868934467233615 0.0006585537131916354
1.787393696848424 0.000659359220929319
1.7878939469734867 0.0006601936748295671
1.7883941970985493 0.0006610572727826986
1.788894447223612 0.0006619502204009299
1.7893946973486743 0.0006628669635593598
1.7898949474737367 0.0006638015919320289
1.7903951975987993 0.0006647539516234183
1.7908954477238619 0.0006657242266761053
1.7913956978489245 0.0006667120386836927
1.791895947973987 0.000667716031164055
1.7923961980990495 0.0006687354128533553
1.7928964482241119 0.0006697703744028194
1.7933966983491745 0.0006708211113220771
1.793896948474237 0.0006718878240943874
1.7943971985992997 0.0006729705289963688
1.794897448724362 0.0006740691898389451
1.7953976988494247 0.0006751839629131447
1.795897948974487 0.0006763150645225839
1.7963981990995497 0.0006774454849053144
1.7968984492246123 0.0006785556351910319
1.7973986993496749 0.0006796429862127976
1.7978989494747373 0.0006807073154959612
1.7983991995997999 0.0006817491104364593
1.7988994497248623 0.0006827717609942631
1.7993996998499249 0.0006837779744171646
1.7998999499749875 0.0006847675747205965
1.80040020010005 0.0006857403878314237
1.8009004502251125 0.0006866962416576755
1.801400700350175 0.0006876349661580408
1.8019009504752375 0.0006885563934110792
1.8024012006003 0.0006894603576840975
1.8029014507253627 0.0006903466955016479
1.8034017008504253 0.0006912152457135917
1.8039019509754877 0.0006920651516016837
1.80440220110055 0.0006928961076995571
1.8049024512256127 0.0006937086695333786
1.8054027013506753 0.0006945028469215593
1.8059029514757379 0.0006952770269242638
1.8064032016008005 0.0006960347434948242
1.8069034517258629 0.000696782153263454
1.8074037018509252 0.0006975202964859642
1.8079039519759879 0.000698249112931592
1.8084042021010505 0.0006989685426985322
1.808904452226113 0.0006996785262227933
1.8094047023511757 0.0007003790042870614
1.809904952476238 0.0007010699180295699
1.8104052026013004 0.0007017512089529786
1.810905452726363 0.000702422359224897
1.8114057028514257 0.0007030821674407669
1.8119059529764883 0.0007037298880330082
1.8124062031015509 0.0007043654561047175
1.8129064532266133 0.0007049898880515301
1.8134067033516756 0.0007056047027281734
1.8139069534767382 0.0007062103434247699
1.8144072036018009 0.0007068044195916258
1.8149074537268635 0.0007073839191339472
1.815407703851926 0.000707948155727494
1.8159079539769885 0.0007084970459788633
1.8164082041020508 0.000709034576402715
1.8169084542271134 0.0007095655697827426
1.817408704352176 0.0007100908012123258
1.8179089544772387 0.0007106102429441304
1.818409204602301 0.0007111282791523596
1.8189094547273637 0.0007116506119185422
1.819409704852426 0.000712178545825454
1.8199099549774886 0.000712711047214847
1.8204102051025512 0.0007132450907376926
1.8209104552276139 0.0007137786818583387
1.8214107053526762 0.0007143118092828349
1.8219109554777388 0.0007148444616890542
1.8224112056028012 0.0007153766277272554
1.8229114557278638 0.0007159082960206513
1.8234117058529264 0.0007164394551659832
1.823911955977989 0.0007169700937340998
1.8244122061030514 0.0007174899354094602
1.824912456228114 0.0007179861430463805
1.8254127063531764 0.0007184557240677682
1.825912956478239 0.0007188940803866741
1.8264132066033016 0.0007192962700001138
1.8269134567283642 0.0007196613130208979
1.8274137068534266 0.0007199953059504813
1.8279139569784892 0.0007203048695956878
1.8284142071035516 0.0007205902820307475
1.8289144572286142 0.0007208514603599576
1.8294147073536768 0.0007210883279511336
1.8299149574787394 0.0007213008144876996
1.8304152076038018 0.0007214888560167386
1.8309154577288642 0.0007216523949929426
1.8314157078539268 0.0007217913803184064
1.8319159579789894 0.0007219057673782151
1.832416208104052 0.0007219955180717818
1.8329164582291146 0.0007220627173424097
1.833416708354177 0.0007221136405529129
1.8339169584792394 0.0007221524552348545
1.834417208604302 0.0007221992043849449
1.8349174587293646 0.0007222767701504211
1.8354177088544272 0.0007223879957490205
1.8359179589794898 0.0007225329088232323
1.8364182091045522 0.0007227131090900507
1.8369184592296146 0.0007229304718541825
1.8374187093546772 0.000723185316509798
1.8379189594797398 0.0007234777050874624
1.8384192096048024 0.0007238077077918366
1.838919459729865 0.0007241754030409555
1.8394197098549274 0.0007245808775100218
1.8399199599799898 0.0007250242261797624
1.8404202101050524 0.000725497915449724
1.840920460230115 0.0007259876104009661
1.8414207103551776 0.0007264865942340082
1.84192096048024 0.0007269956803187494
1.8424212106053026 0.0007275157051834605
1.842921460730365 0.0007280467661385084
1.8434217108554276 0.0007285889441594966
1.8439219609804902 0.0007291423228693088
1.8444222111055528 0.0007297012061414448
1.8449224612306152 0.000730258633779714
1.8454227113556778 0.0007308134021194753
1.8459229614807402 0.0007313655327420555
1.8464232116058028 0.0007319279548999268
1.8469234617308654 0.0007325157038554684
1.847423711855928 0.0007331309716859523
1.8479239619809904 0.000733779594453581
1.848424212106053 0.0007344703103288112
1.8489244622311154 0.0007352067390363388
1.849424712356178 0.0007359903817654053
1.8499249624812406 0.0007368222756848602
