1.1000500250125063 0.0008382454483130718
1.1005502751375689 0.0008388636325980254
1.1010505252626313 0.0008394703475827279
1.1015507753876939 0.0008400762459770638
1.1020510255127565 0.0008406932618879022
1.1025512756378189 0.0008413261479373599
1.1030515257628815 0.0008419776885468753
1.103551775887944 0.0008426488800618813
1.1040520260130064 0.0008433400073263291
1.104552276138069 0.0008440488454545787
1.1050525262631314 0.0008447733446192733
1.105552776388194 0.0008455135889880545
1.1060530265132567 0.0008462682870532007
1.1065532766383193 0.000847023743206666
1.1070535267633816 0.0008477672029615927
1.1075537768884443 0.0008484967303955611
1.1080540270135066 0.0008492096834536936
1.1085542771385692 0.0008499049347362267
1.1090545272636319 0.0008505778167521358
1.1095547773886942 0.0008511759404309698
1.1100550275137568 0.0008516511284461403
1.1105552776388194 0.0008520030769940142
1.1110555277638818 0.0008522320178487221
1.1115557778889444 0.0008523345523018328
1.112056028014007 0.0008523105040203775
1.1125562781390694 0.0008521659293475775
1.113056528264132 0.0008519034397515851
1.1135567783891946 0.0008515230861381612
1.114057028514257 0.0008510338735055348
1.1145572786393196 0.0008505318128826572
1.1150575287643822 0.0008501015284373375
1.1155577788894446 0.0008497384734861731
1.1160580290145072 0.0008494416173230993
1.1165582791395698 0.0008492177582621267
1.1170585292646322 0.0008490708852766336
1.1175587793896948 0.0008489993594164823
1.1180590295147574 0.000849003247987015
1.1185592796398198 0.0008490826624428895
1.1190595297648824 0.0008492364920185387
1.119559779889945 0.0008494557632936816
1.1200600300150074 0.0008497338606892869
1.12056028014007 0.000850072081546837
1.1210605302651326 0.0008504676454679828
1.121560780390195 0.0008509065089276208
1.1220610305152576 0.000851377584167005
1.1225612806403202 0.000851881033337872
1.1230615307653826 0.0008524170274880424
1.1235617808904452 0.0008529857426486477
1.1240620310155078 0.0008535805272173644
1.1245622811405702 0.0008541749986601005
1.1250625312656328 0.0008547494403093973
1.1255627813906954 0.0008553038180501377
1.1260630315157578 0.000855839230276317
1.1265632816408204 0.0008563624370068511
1.127063531765883 0.0008568791126128668
1.1275637818909454 0.0008573892430111903
1.128064032016008 0.0008578934450927218
1.1285642821410704 0.0008583950530245531
1.129064532266133 0.0008588962668507926
1.1295647823911956 0.0008593922712839549
1.1300650325162582 0.0008598793554453973
1.1305652826413206 0.0008603632919909575
1.1310655327663832 0.0008608495210427558
1.1315657828914456 0.000861339753198136
1.1320660330165082 0.0008618354506451049
1.1325662831415708 0.0008623379226119787
1.1330665332666334 0.0008628509731516546
1.1335667833916958 0.0008633771326883696
1.1340670335167584 0.0008639165769705385
1.1345672836418208 0.0008644704889395841
1.1350675337668834 0.0008650388533239352
1.135567783891946 0.0008656205265212755
1.1360680340170084 0.000866216159984862
1.136568284142071 0.0008668303843547029
1.1370685342671336 0.0008674649325532967
1.137568784392196 0.0008681150781908793
1.1380690345172586 0.0008687782910550471
1.1385692846423212 0.0008694546483470807
1.1390695347673836 0.0008701444201431035
1.1395697848924462 0.0008708472353938029
1.1400700350175088 0.0008715614351571158
1.1405702851425712 0.0008722860007388762
1.1410705352676338 0.0008730203387829448
1.1415707853926964 0.0008737615477607398
1.1420710355177588 0.0008745083703263117
1.1425712856428214 0.0008752618463440245
1.143071535767884 0.0008760220207347913
1.1435717858929464 0.0008767889389631922
1.144072036018009 0.0008775619543457818
1.1445722861430716 0.0008783309936188806
1.145072536268134 0.0008790865782725417
1.1455727863931966 0.0008798286015477892
1.1460730365182592 0.0008805543211728973
1.1465732866433216 0.0008812503000650299
1.1470735367683842 0.0008819056396978402
1.1475737868934468 0.000882520079880923
1.1480740370185092 0.000883093371143466
1.1485742871435718 0.0008836251795537488
1.1490745372686344 0.0008841151174658489
1.1495747873936968 0.0008845737290429998
1.1500750375187594 0.0008850117025014479
1.150575287643822 0.0008854306103017853
1.1510755377688844 0.0008858367853772294
1.151575787893947 0.0008862523442767651
1.1520760380190094 0.0008866947733427251
1.152576288144072 0.0008871641955735869
1.1530765382691346 0.0008876607387418978
1.1535767883941972 0.0008881881819187153
1.1540770385192596 0.0008887524999830675
1.1545772886443222 0.0008893599967014689
1.1550775387693846 0.0008900109409884308
1.1555777888944472 0.000890698729353153
1.1560780390195098 0.0008914178209009962
1.1565782891445724 0.000892152445212015
1.1570785392696348 0.0008928895363110111
1.1575787893946974 0.0008936291061929567
1.1580790395197598 0.0008943702529462739
1.1585792896448224 0.0008951099937596836
1.159079539769885 0.0008958448675219698
1.1595797898949474 0.0008965667206076136
1.16008004002001 0.0008972705552883694
1.1605802901450726 0.0008979581033791937
1.161080540270135 0.0008986306560261027
1.1615807903951976 0.0008992958059613952
1.1620810405202602 0.0008999598025762081
1.1625812906453226 0.0009006226321879229
1.1630815407703852 0.0009012818873961935
1.1635817908954478 0.0009019348066518044
1.1640820410205102 0.0009025844797198968
1.1645822911455728 0.0009032475792863563
1.1650825412706354 0.0009039374254044211
1.1655827913956978 0.0009046541732333325
1.1660830415207604 0.0009053953184182203
1.166583291645823 0.0009061467489757144
1.1670835417708854 0.0009068969045451584
1.167583791895948 0.0009076457914961439
1.1680840420210106 0.0009083934596058882
1.168584292146073 0.0009091398664483848
1.1690845422711356 0.0009098835904461717
1.1695847923961982 0.0009106164692255382
1.1700850425212606 0.0009113316129163703
1.1705852926463232 0.0009120288967902061
1.1710855427713858 0.0009127119427235325
1.1715857928964482 0.0009134001423948113
1.1720860430215108 0.0009141092854950793
1.1725862931465734 0.0009148489270680953
1.1730865432716358 0.0009156290269224048
1.1735867933966984 0.0009164443270631675
1.174087043521761 0.0009172888820197138
1.1745872936468233 0.0009181608154717745
1.175087543771886 0.0009190585470468025
1.1755877938969483 0.0009199822189360558
1.176088044022011 0.0009209292805643647
1.1765882941470736 0.0009218861623360498
1.1770885442721362 0.0009228369043721255
1.1775887943971985 0.0009237674627129823
1.1780890445222612 0.000924669905788104
1.1785892946473235 0.0009255454187188813
1.1790895447723861 0.0009263931218976697
1.1795897948974488 0.0009272073767209796
1.1800900450225114 0.0009279833645346396
1.1805902951475737 0.0009287208696196986
1.1810905452726363 0.0009294211574253082
1.1815907953976987 0.0009300913318629158
1.1820910455227613 0.0009307399481631607
1.182591295647824 0.0009313729548783661
1.1830915457728866 0.0009319946828269766
1.183591795897949 0.0009326063000156177
1.1840920460230115 0.000933208551392299
1.184592296148074 0.0009338063466677349
1.1850925462731365 0.0009344038232880141
1.1855927963981991 0.0009350009750922039
1.1860930465232615 0.0009355969859481141
1.1865932966483241 0.0009361878542838926
1.1870935467733867 0.0009367690100049169
1.1875937968984491 0.0009373375341711548
1.1880940470235117 0.0009378918518683785
1.1885942971485743 0.0009384318969890476
1.1890945472736367 0.0009389600557294539
1.1895947973986993 0.000939490939524776
1.190095047523762 0.0009400367978545123
1.1905952976488243 0.0009405977140187922
1.191095547773887 0.0009411734925438961
1.1915957978989495 0.0009417628094378934
1.192096048024012 0.0009423662469120964
1.1925962981490745 0.0009429855215731951
1.1930965482741371 0.0009436207237601198
1.1935967983991995 0.000944271945913963
1.1940970485242621 0.0009449349689060339
1.1945972986493247 0.0009455848029309141
1.1950975487743871 0.0009462005940248098
1.1955977988994497 0.0009467821505269845
1.1960980490245123 0.000947330110360707
1.1965982991495747 0.0009478468735351549
1.1970985492746373 0.0009483330234449422
1.1975987993997 0.0009487874006593423
1.1980990495247623 0.0009492098642510969
1.198599299649825 0.0009496002780381771
1.1990995497748873 0.0009499618699060938
1.19959979989995 0.0009503134796958016
1.2001000500250125 0.0009506706836536318
1.2006003001500751 0.0009510335115522839
1.2011005502751375 0.0009514027299359409
1.2016008004002001 0.0009517779009544188
1.2021010505252625 0.000952157847027003
1.2026013006503251 0.0009525425961595263
1.2031015507753877 0.0009529321768011198
1.2036018009004503 0.0009533266178498006
1.2041020510255127 0.0009537242964231173
1.2046023011505753 0.0009541161670095684
1.2051025512756377 0.0009544947862372297
1.2056028014007003 0.0009548601013393814
1.206103051525763 0.0009552152561197013
1.2066033016508255 0.0009555649918792729
1.207103551775888 0.0009559108666553441
1.2076038019009505 0.0009562528580483307
1.208104052026013 0.0009565909437859062
1.2086043021510755 0.0009569251017258164
1.2091045522761381 0.0009572584325621428
1.2096048024012005 0.0009576076264333531
1.210105052526263 0.0009579863373980007
1.2106053026513257 0.0009583946573787377
1.211105552776388 0.0009588324329343054
1.2116058029014507 0.0009592988529492126
1.2121060530265133 0.0009597933560741579
1.2126063031515757 0.000960316077246882
1.2131065532766383 0.0009608671560389691
1.213606803401701 0.0009614467367168784
1.2141070535267633 0.0009620505998918027
1.214607303651826 0.0009626561379570765
1.2151075537768885 0.0009632449560096439
1.215607803901951 0.0009638065043851523
1.2161080540270135 0.0009643336463590563
1.216608304152076 0.0009648323572921692
1.2171085542771385 0.0009653051747927402
1.217608804402201 0.0009657519732413789
1.2181090545272637 0.0009661726302810068
1.218609304652326 0.0009665670268657075
1.2191095547773887 0.0009669381743903231
1.2196098049024513 0.0009673018474786663
1.2201100550275137 0.0009676762599651685
1.2206103051525763 0.0009680768761926397
1.221110555277639 0.0009685052020574132
1.2216108054027013 0.0009689506745685285
1.222111055527764 0.000969411239296541
1.2226113056528263 0.0009698869637345684
1.2231115557778889 0.000970377916766968
1.2236118059029515 0.0009708841686855053
1.224112056028014 0.0009714040908609824
1.2246123061530765 0.0009719293374730593
1.225112556278139 0.0009724500448581229
1.2256128064032015 0.0009729620890824087
1.226113056528264 0.0009734680392428966
1.2266133066533267 0.0009739725600069059
1.2271135567783893 0.0009744767921291429
1.2276138069034517 0.000974980727347799
1.2281140570285143 0.0009754843573712395
1.2286143071535767 0.0009759876738782259
1.2291145572786393 0.0009764916004403187
1.2296148074037019 0.0009770007209679897
1.2301150575287645 0.0009775192145794777
1.2306153076538269 0.00097804762099432
1.2311155577788895 0.0009785867011606547
1.2316158079039519 0.000979138713630634
1.2321160580290145 0.0009797052107677511
1.232616308154077 0.0009802862583792166
1.2331165582791395 0.0009808819233171203
1.233616808404202 0.000981492273490296
1.2341170585292647 0.0009821177012806354
1.234617308654327 0.0009827600150424994
1.2351175587793897 0.000983420930668056
1.2356178089044523 0.0009841007594400821
1.2361180590295147 0.0009847979277361474
1.2366183091545773 0.0009855069682525811
1.2371185592796399 0.0009862240466331543
1.2376188094047023 0.0009869491964763775
1.2381190595297649 0.0009876824516119904
1.2386193096548275 0.0009884238461028605
1.2391195597798899 0.0009891724656294217
1.2396198099049525 0.0009899208196447354
1.240120060030015 0.00099066150496372
1.2406203101550775 0.0009913936607873976
1.24112056028014 0.0009921147550386745
1.2416208104052027 0.0009928221774674645
1.242121060530265 0.0009935157967291797
1.2426213106553277 0.000994195549277111
1.2431215607803903 0.0009948613716831694
1.2436218109054527 0.0009955132006420038
1.2441220610305153 0.000996151288114406
1.2446223111555779 0.0009967797947904513
1.2451225612806402 0.0009974025875309329
1.2456228114057029 0.0009980196365845181
1.2461230615307652 0.0009986352017325958
1.2466233116558278 0.0009992567192111713
1.2471235617808905 0.0009998873652160686
1.247623811905953 0.001000527170973666
1.2481240620310154 0.001001176167785008
1.248624312156078 0.0010018343870258158
1.2491245622811404 0.0010025012743413088
1.249624812406203 0.0010031749751631968
1.2501250625312657 0.0010038542152860366
1.2506253126563283 0.0010045390164180104
1.2511255627813906 0.0010052310922617613
1.2516258129064533 0.001005939959098731
1.2521260630315156 0.0010066735182634374
1.2526263131565782 0.0010074319242977011
1.2531265632816408 0.0010082153365088577
1.2536268134067035 0.0010090239190437393
1.2541270635317658 0.001009858078212026
1.2546273136568284 0.001010719040362864
1.2551275637818908 0.0010116078086078782
1.2556278139069534 0.0010125245828746423
1.256128064032016 0.0010134851467672621
1.2566283141570787 0.0010145452329237995
1.257128564282141 0.0010157455366733414
1.2576288144072036 0.0010170872827955856
1.258129064532266 0.0010185718172033374
1.2586293146573286 0.0010202006098885231
1.2591295647823912 0.0010219701068681958
1.2596298149074536 0.0010238738679372397
1.2601300650325162 0.0010259106791600334
1.2606303151575788 0.001028082405975756
1.2611305652826412 0.0010303509602909856
1.2616308154077038 0.001032575253437788
1.2621310655327664 0.0010346518663820066
1.2626313156578288 0.0010365787265071754
1.2631315657828914 0.0010383538666636513
1.263631815907954 0.0010399754293120107
1.2641320660330164 0.0010414512976572505
1.264632316158079 0.001042791836252325
1.2651325662831416 0.001043997938819857
1.265632816408204 0.0010450683224903891
1.2661330665332666 0.0010460201850123773
1.266633316658329 0.0010469149635533835
1.2671335667833916 0.00104779604408657
1.2676338169084542 0.001048663063583645
1.2681340670335168 0.0010495158935830689
1.2686343171585792 0.0010503544070437692
1.2691345672836418 0.0010511744472062549
1.2696348174087042 0.0010519705064630281
1.2701350675337668 0.0010527410915451068
1.2706353176588294 0.0010534860380789935
1.271135567783892 0.0010542075653817407
1.2716358179089544 0.001054911649824351
1.272136068034017 0.001055600466639186
1.2726363181590794 0.0010562724662215733
1.273136568284142 0.0010569275621713093
1.2736368184092046 0.0010575656687621614
1.2741370685342672 0.0010581858365020902
1.2746373186593296 0.0010587852770533885
1.2751375687843922 0.0010593620517439376
1.2756378189094546 0.0010599160508061086
1.2761380690345172 0.0010604480468339433
1.2766383191595798 0.0010609616408269475
1.2771385692846424 0.0010614618636016447
1.2776388194097048 0.0010619509449936054
1.2781390695347674 0.0010624288314188153
1.2786393196598298 0.0010628954697169735
1.2791395697848924 0.001063352826835621
1.279639819909955 0.001063807646250459
1.2801400700350176 0.0010642646874063975
1.28064032016008 0.0010647239603464322
1.2811405702851426 0.0010651849235509732
1.281640820410205 0.001065645758005515
1.2821410705352676 0.0010661068484429785
1.2826413206603302 0.0010665701172916891
1.2831415707853926 0.0010670358300929016
1.2836418209104552 0.0010675039929426448
1.2841420710355178 0.0010679774077127873
1.2846423211605802 0.0010684588884543645
1.2851425712856428 0.0010689484575404273
1.2856428214107054 0.0010694461362143765
1.2861430715357678 0.0010699533054489396
1.2866433216608304 0.0010704744224062247
1.287143571785893 0.00107101096333235
1.2876438219109554 0.0010715592793907717
1.288144072036018 0.001072117354612403
1.2886443221610806 0.0010726852293087765
1.289144572286143 0.0010732580377374287
1.2896448224112056 0.0010738272142394889
1.290145072536268 0.0010743890677047461
1.2906453226613306 0.001074943573255967
1.2911455727863932 0.0010754905667943967
1.2916458229114558 0.0010760295766537795
1.2921460730365182 0.0010765602676056616
1.2926463231615808 0.0010770840041107335
1.2931465732866432 0.001077602182553417
1.2936468234117058 0.001078114808282863
1.2941470735367684 0.001078619647185443
1.294647323661831 0.0010791048296500535
1.2951475737868934 0.0010795606269020342
1.295647823911956 0.001079986898686656
1.2961480740370184 0.0010803814331771474
1.296648324162081 0.0010807375428780433
1.2971485742871436 0.001081050593608997
1.2976488244122062 0.0010813222131953967
1.2981490745372686 0.0010815560087128549
1.2986493246623312 0.0010817538116590255
1.2991495747873936 0.0010818967961359473
1.2996498249124562 0.0010819183278712216
1.3001500750375188 0.001081770373141438
1.3006503251625814 0.0010814527295491955
1.3011505752876438 0.001080967057566109
1.3016508254127064 0.0010803187489418049
1.3021510755377688 0.0010795116353456943
1.3026513256628314 0.0010785461128149697
1.303151575787894 0.0010774244787173277
1.3036518259129566 0.0010761492949380345
1.304152076038019 0.0010747677082555477
1.3046523261630816 0.0010734435821476002
1.305152576288144 0.0010722935657233648
1.3056528264132066 0.0010713168999572015
1.3061530765382692 0.0010705123359638592
1.3066533266633318 0.0010698774467563126
1.3071535767883942 0.0010694106198936033
1.3076538269134568 0.0010691117398798902
1.3081540770385192 0.0010689820158633022
1.3086543271635818 0.0010690250523732758
1.3091545772886444 0.0010692231199199037
1.3096548274137068 0.00106950768354193
1.3101550775387694 0.0010698305898263047
1.310655327663832 0.001070192212322983
1.3111555777888944 0.0010705931770928418
1.311655827913957 0.001071035122614978
1.3121560780390196 0.0010715192001579169
1.312656328164082 0.0010720455655863063
1.3131565782891446 0.0010726143812816687
1.313656828414207 0.0010732213454324392
1.3141570785392696 0.0010738577294066743
1.3146573286643322 0.0010745151060966333
1.3151575787893948 0.0010751909991820556
1.3156578289144572 0.0010758870635485386
1.3161580790395198 0.0010766028266967092
1.3166583291645821 0.0010773367259065902
1.3171585792896447 0.0010780877421702314
1.3176588294147074 0.001078855940729695
1.31815907953977 0.0010796413874977215
1.3186593296648323 0.0010804440156133126
1.319159579789895 0.0010812595738706723
1.3196598299149573 0.0010820808430071463
1.32016008004002 0.001082902293586309
1.3206603301650826 0.0010837214546549835
1.3211605802901452 0.0010845386362251662
1.3216608304152075 0.0010853547726478755
1.3221610805402702 0.0010861704806762289
1.3226613306653325 0.0010869857574413858
1.3231615807903951 0.0010878006000630714
1.3236618309154577 0.001088615005649527
1.3241620810405204 0.0010894299150082307
1.3246623311655827 0.001090248380627919
1.3251625812906453 0.001091070740346528
1.3256628314157077 0.001091894945562514
1.3261630815407703 0.0010927211990966353
1.326663331665833 0.0010935508692721599
1.3271635817908956 0.0010943848642530753
1.327663831915958 0.0010952232131122863
1.3281640820410205 0.001096065945204667
1.328664332166083 0.0010969130901703546
1.3291645822911455 0.001097763176799074
1.3296648324162081 0.0010986122753495688
1.3301650825412707 0.0010994604239249535
1.3306653326663331 0.0011003123256877049
1.3311655827913957 0.0011011703138942835
1.3316658329164581 0.001102034709894872
1.3321660830415207 0.0011029057286123655
1.3326663331665833 0.0011037833863278771
1.3331665832916457 0.001104667699290212
1.3336668334167083 0.0011055586837152292
1.334167083541771 0.0011064565097729877
1.3346673336668333 0.0011073616882724716
1.335167583791896 0.0011082734870221306
1.3356678339169585 0.001109188991489932
1.336168084042021 0.0011101043533651173
1.3366683341670835 0.0011110139655024877
1.337168584292146 0.0011119141994566535
1.3376688344172085 0.0011128049906296276
1.3381690845422711 0.0011136862748029768
1.3386693346673337 0.0011145579881476624
1.3391695847923961 0.0011154223740762706
1.3396698349174587 0.0011162866615650158
1.340170085042521 0.0011171558188131322
1.3406703351675837 0.0011180274211193442
1.3411705852926463 0.0011188985375668245
1.341670835417709 0.0011197716105050923
1.3421710855427713 0.0011206496016331828
1.342671335667834 0.0011215325522334531
1.3431715857928963 0.0011224205040541758
1.343671835917959 0.0011233134993161112
1.3441720860430215 0.0011242096678069375
1.3446723361680841 0.0011251030984003308
1.3451725862931465 0.0011259897536287345
1.3456728364182091 0.0011268695933761628
1.3461730865432715 0.0011277418496016638
1.346673336668334 0.0011286083818336464
1.3471735867933967 0.0011294717987960449
1.3476738369184593 0.0011303321061793769
1.3481740870435217 0.0011311893095798278
1.3486743371685843 0.0011320434144990509
1.3491745872936467 0.0011328951844464567
1.3496748374187093 0.0011337469501586075
1.350175087543772 0.001134600299745224
1.3506753376688345 0.001135455266461717
1.351175587793897 0.0011363067278045583
1.3516758379189595 0.0011371412153148147
1.352176088044022 0.0011379503355814368
1.3526763381690845 0.001138733972684494
1.353176588294147 0.0011394920113519855
1.3536768384192097 0.0011402243369732416
1.354177088544272 0.0011409302475953252
1.3546773386693347 0.0011416078552489546
1.355177588794397 0.001142255850208966
1.3556778389194597 0.0011428741021614849
1.3561780890445223 0.0011434639186239798
1.3566783391695847 0.001144033934955235
1.3571785892946473 0.0011445934151785415
1.35767883941971 0.0011451443361267103
1.3581790895447723 0.001145686659589461
1.358679339669835 0.0011462203474128176
1.3591795897948975 0.001146746012297858
1.3596798399199599 0.0011472655519147957
1.3601800900450225 0.001147780223605192
1.3606803401700849 0.0011482900081685172
1.3611805902951475 0.001148793949120868
1.36168084042021 0.0011492897153471523
1.3621810905452727 0.0011497798556976031
1.362681340670335 0.001150271732413799
1.3631815907953977 0.0011507687781800464
1.36368184092046 0.001151271002769334
1.3641820910455227 0.0011517780357713434
1.3646823411705853 0.0011522887736476408
1.365182591295648 0.001152802486914587
1.3656828414207103 0.001153319174196301
1.3661830915457729 0.0011538415903522203
1.3666833416708353 0.001154376873149483
1.3671835917958979 0.0011549290681370013
1.3676838419209605 0.0011554969864689948
1.368184092046023 0.0011560773035657575
1.3686843421710855 0.001156667563679125
1.369184592296148 0.0011572672605415521
1.3696848424212105 0.0011578748503602455
1.370185092546273 0.0011584893303002253
1.3706853426713357 0.0011591107285374776
1.3711855927963983 0.0011597366713100913
1.3716858429214607 0.001160361042783163
1.3721860930465233 0.001160980095529345
1.3726863431715857 0.0011615927545215441
1.3731865932966483 0.0011621971389569163
1.3736868434217109 0.0011627927641175823
1.3741870935467735 0.0011633798461773482
1.3746873436718359 0.001163958007304685
1.3751875937968985 0.001164526968299065
1.3756878439219609 0.00116508668249561
1.3761880940470235 0.0011656381037414177
1.376688344172086 0.001166183711369831
1.3771885942971487 0.001166724997319594
1.377688844422211 0.001167261939421245
1.3781890945472737 0.0011677957234981463
1.378689344672336 0.0011683279150872833
1.3791895947973987 0.0011688596721919481
1.3796898449224613 0.0011693955207378985
1.3801900950475237 0.0011699392183026397
1.3806903451725863 0.0011704908009163993
1.3811905952976489 0.0011710492891271944
1.3816908454227113 0.0011716121864680737
1.3821910955477739 0.0011721779997619682
1.3826913456728365 0.0011727467420719684
1.3831915957978989 0.001173318426553602
1.3836918459229615 0.0011738936313067038
1.3841920960480238 0.0011744710572585905
1.3846923461730865 0.0011750476681071148
1.385192596298149 0.0011756238951929061
1.3856928464232117 0.0011762013324994986
1.386193096548274 0.0011767819508001292
1.3866933466733367 0.0011773706164488243
1.387193596798399 0.0011779702415619538
1.3876938469234616 0.0011785808647605013
1.3881940970485243 0.0011792025249094831
1.3886943471735869 0.0011798352753518368
1.3891945972986492 0.0011804777778846125
1.3896948474237119 0.0011811254860131565
1.3901950975487742 0.001181774770797779
1.3906953476738368 0.0011824243082460121
1.3911955977988995 0.001183070774712464
1.391695847923962 0.0011837082096598246
1.3921960980490244 0.0011843330649814392
1.392696348174087 0.0011849452674620531
1.3931965982991494 0.0011855447449078665
1.393696848424212 0.0011861314261645986
1.3941970985492746 0.0011867097007373282
1.3946973486743373 0.0011872907540523474
1.3951975987993996 0.0011878813675916795
1.3956978489244622 0.0011884814629344147
1.3961980990495246 0.0011890915528745556
1.3966983491745872 0.0011897158386072928
1.3971985992996498 0.001190357956896121
1.3976988494247125 0.0011910179894515278
1.3981990995497748 0.0011916960197696342
1.3986993496748374 0.0011923921331528755
1.3991995997998998 0.0011931047661986928
1.3996998499249624 0.0011938296165574327
1.400200100050025 0.00119456397761078
1.4007003501750876 0.0011953078632314816
1.40120060030015 0.0011960603245774447
1.4017008504252126 0.0011968211823684379
1.402201100550275 0.0011975920706122976
1.4027013506753376 0.0011983738513342923
1.4032016008004002 0.0011991665671332074
1.4037018509254626 0.0011999702609487449
1.4042021010505252 0.0012007860543385457
1.4047023511755878 0.0012016168219253708
1.4052026013006502 0.0012024639430628827
1.4057028514257128 0.0012033232815976509
1.4062031015507754 0.0012041888172201118
1.4067033516758378 0.001205055192574925
1.4072036018009004 0.0012059171339642392
1.407703851925963 0.0012067682894301227
1.4082041020510254 0.0012076044671312256
1.408704352176088 0.001208425608738221
1.4092046023011506 0.0012092284755168333
1.409704852426213 0.0012100047672686668
1.4102051025512756 0.0012107493168369648
1.410705352676338 0.0012114620929432416
1.4112056028014006 0.0012121466276432586
1.4117058529264632 0.0012128074152743125
1.4122061030515258 0.0012134454071819271
1.4127063531765882 0.0012140605035285807
1.4132066033016508 0.0012146563219713692
1.4137068534267132 0.0012152368081156295
1.4142071035517758 0.0012158049728100066
1.4147073536768384 0.0012163678316296348
1.415207603801901 0.0012169296637056857
1.4157078539269634 0.0012174904639919903
1.416208104052026 0.0012180591375986077
1.4167083541770884 0.001218655721049073
1.417208604302151 0.0012192914128112732
1.4177088544272136 0.0012199663776865737
1.4182091045522762 0.0012206808180469722
1.4187093546773386 0.0012214342525029816
1.4192096048024012 0.001222224219279457
1.4197098549274636 0.0012230471895397776
1.4202101050525262 0.0012239016070314163
1.4207103551775888 0.001224787668044696
1.4212106053026514 0.001225689905393788
1.4217108554277138 0.0012265729413351034
1.4222111055527764 0.0012274185113974592
1.4227113556778388 0.0012282285383491101
1.4232116058029014 0.0012290032848623904
1.423711855927964 0.0012297425467647026
1.4242121060530266 0.0012304473021539884
1.424712356178089 0.001231122776422102
1.4252126063031516 0.0012317732079286806
1.425712856428214 0.0012323986173199202
1.4262131065532766 0.001233010598878461
1.4267133566783392 0.0012336353264616714
1.4272136068034016 0.001234287379798867
1.4277138569284642 0.0012349644166726452
1.4282141070535268 0.0012356623155687684
1.4287143571785892 0.0012363794138998535
1.4292146073036518 0.0012371135233789693
1.4297148574287144 0.0012378590974052907
1.4302151075537768 0.0012386119360831246
1.4307153576788394 0.0012393696707765796
1.431215607803902 0.0012401224139580358
1.4317158579289644 0.00124085149509422
1.432216108054027 0.001241546564586433
1.4327163581790896 0.0012422074514969923
1.433216608304152 0.0012428344830742427
1.4337168584292146 0.0012434289491279119
1.434217108554277 0.0012439944901704754
1.4347173586793396 0.0012445378598725694
1.4352176088044022 0.001245063012141759
1.4357178589294648 0.0012455746639519491
1.4362181090545272 0.0012460856599221953
1.4367183591795898 0.0012466048090639965
1.4372186093046522 0.0012471328488115384
1.4377188594297148 0.0012476698188127688
1.4382191095547774 0.0012482157592132036
1.43871935967984 0.001248770835308311
1.4392196098049024 0.001249334416869554
1.439719859929965 0.001249901596983643
1.4402201100550274 0.001250468234192806
1.44072036018009 0.0012510324213768046
1.4412206103051526 0.0012515900277145944
1.4417208604302152 0.0012521386801011855
1.4422211105552776 0.0012526773478425109
1.4427213606803402 0.0012532051148916158
1.4432216108054026 0.0012537219257937515
1.4437218609304652 0.0012542277256445957
1.4442221110555278 0.001254723613954518
1.4447223611805904 0.001255209912930348
1.4452226113056528 0.0012556848853918865
1.4457228614307154 0.0012561475747554975
1.4462231115557778 0.001256600784469166
1.4467233616808404 0.001257050591196439
1.447223611805903 0.0012575002447724574
1.4477238619309656 0.0012579490303700586
1.448224112056028 0.001258395244233903
1.4487243621810906 0.0012588378938114466
1.449224612306153 0.0012592796281601442
1.4497248624312156 0.00125972667615853
1.4502251125562782 0.0012601850502669215
1.4507253626813406 0.001260661795631651
1.4512256128064032 0.0012611609485439735
1.4517258629314658 0.0012616812817485197
1.4522261130565282 0.0012622221862035167
1.4527263631815908 0.0012627837483197197
1.4532266133066534 0.0012633660561215368
1.4537268634317158 0.0012639695234724592
1.4542271135567784 0.0012645937981496757
1.454727363681841 0.001265236984021779
1.4552276138069034 0.0012658979445429688
1.455727863931966 0.0012665767567190572
1.4562281140570286 0.001267266587144306
1.456728364182091 0.0012679571422186857
1.4572286143071536 0.0012686449967636373
1.457728864432216 0.0012693301351393482
1.4582291145572785 0.0012700125416756046
1.4587293646823412 0.0012706922006720494
1.4592296148074038 0.0012713588129443518
1.4597298649324661 0.0012719916534508634
1.4602301150575288 0.0012725805621258792
1.4607303651825911 0.0012731257071654466
1.4612306153076537 0.0012736307496748552
1.4617308654327164 0.0012741043030504453
1.462231115557779 0.0012745520729260484
1.4627313656828413 0.0012749748647056377
1.463231615807904 0.0012753725701509693
1.4637318659329663 0.0012757450847454685
1.464232116058029 0.0012761103087696561
1.4647323661830915 0.0012765089368428854
1.4652326163081542 0.0012769635153144433
1.4657328664332165 0.001277466824810061
1.4662331165582791 0.001278004479156005
1.4667333666833415 0.0012785613142323247
1.4672336168084041 0.0012791295562423286
1.4677338669334667 0.0012797065280092887
1.4682341170585294 0.0012802893679935406
1.4687343671835917 0.001280877943761795
1.4692346173086543 0.0012814588721396542
1.4697348674337167 0.0012820020876355743
1.4702351175587793 0.0012824908090680314
1.470735367683842 0.0012829248121485751
1.4712356178089045 0.00128331192060908
1.471735867933967 0.0012836709085437075
1.4722361180590295 0.0012840125880988738
1.472736368184092 0.0012843368974257922
1.4732366183091545 0.0012846447837647078
1.4737368684342171 0.0012849388442627255
1.4742371185592795 0.0012852302746351914
1.4747373686843421 0.0012855402990674218
1.4752376188094047 0.0012858806230927943
1.4757378689344671 0.0012862513585218888
1.4762381190595297 0.0012866519719227437
1.4767383691845923 0.0012870812739353827
1.4772386193096547 0.0012875403530287727
1.4777388694347173 0.0012880368155822098
1.47823911955978 0.00128857667250136
1.4787393696848423 0.0012891546523756715
1.479239619809905 0.0012897563444555738
1.4797398699349675 0.0012903719502637178
1.48024012006003 0.0012910007515129112
1.4807403701850925 0.0012916427968694042
1.481240620310155 0.0012922976242687356
1.4817408704352175 0.001292964261515219
1.4822411205602801 0.0012936422426970508
1.4827413706853427 0.0012943316075021665
1.4832416208104051 0.0012950291387765227
1.4837418709354677 0.0012957231364564544
1.48424212106053 0.0012964076303839584
1.4847423711855927 0.001297085247703062
1.4852426213106553 0.0012977570557863216
1.485742871435718 0.0012984239965863503
1.4862431215607803 0.0012990811915401903
1.486743371685843 0.0012997189912217983
1.4872436218109053 0.001300332573675138
1.487743871935968 0.001300921838849541
1.4882441220610305 0.0013014866872942796
1.4887443721860931 0.0013020270201694628
1.4892446223111555 0.0013025405161072121
1.4897448724362181 0.0013030251461484006
1.4902451225612805 0.001303481094483259
1.490745372686343 0.0013039090268663392
1.4912456228114057 0.0013043142173640475
1.4917458729364683 0.0013047045331339739
1.4922461230615307 0.0013050832708870004
1.4927463731865933 0.0013054503841938082
1.4932466233116557 0.0013058058269575215
1.4937468734367183 0.0013061495534190397
1.494247123561781 0.001306482227115881
1.4947473736868435 0.0013068053079161085
1.495247623811906 0.0013071197316456308
1.4957478739369685 0.001307426901626805
1.496248124062031 0.0013077298182141294
1.4967483741870935 0.0013080315318356364
1.497248624312156 0.0013083331626704104
1.4977488744372185 0.0013086345384384645
1.498249124562281 0.0013089356581887164
1.4987493746873437 0.001309236520966355
1.499249624812406 0.0013095403088955052
1.4997498749374687 0.0013098537103134569
1.5002501250625313 0.0013101802571717374
1.500750375187594 0.0013105200015571656
1.5012506253126563 0.0013108703674707478
1.5017508754377187 0.0013112272935032843
1.5022511255627813 0.0013115893342485797
1.502751375687844 0.0013119533438612442
1.5032516258129065 0.001312315734269311
1.503751875937969 0.0013126760765740575
1.5042521260630315 0.001313029989714126
1.5047523761880939 0.00131336836934057
1.5052526263131565 0.0013136864506009978
1.505752876438219 0.0013139841558920807
1.5062531265632817 0.0013142633831194227
1.506753376688344 0.0013145278125402107
1.5072536268134067 0.0013147791645293375
1.507753876938469 0.0013150180909901011
1.5082541270635317 0.0013152457350910241
1.5087543771885943 0.0013154703687618767
1.509254627313657 0.0013157082364459885
1.5097548774387193 0.0013159766926672178
1.5102551275637819 0.001316284733318663
1.5107553776888443 0.001316632506762887
1.5112556278139069 0.0013170178945630011
1.5117558779389695 0.001317436772145175
1.512256128064032 0.0013178872731659235
1.5127563781890945 0.0013183695271434459
1.513256628314157 0.0013188836668995777
1.5137568784392195 0.001319429445631242
1.514257128564282 0.0013199972927956047
1.5147573786893447 0.0013205657387275647
1.5152576288144073 0.0013211225349906521
1.5157578789394697 0.0013216676197404511
1.5162581290645323 0.0013222058203758052
1.5167583791895947 0.0013227462098116245
1.5172586293146573 0.0013232930147082343
1.5177588794397199 0.0013238462612248931
1.5182591295647825 0.0013244059757216264
1.5187593796898449 0.0013249721847609396
1.5192596298149073 0.0013255456522327845
1.5197598799399699 0.0013261271386295188
1.5202601300650325 0.0013267132927641454
1.520760380190095 0.0013272943094910922
1.5212606303151577 0.0013278561732531547
1.52176088044022 0.0013283848722189927
1.5222611305652824 0.0013288738791537105
1.522761380690345 0.0013293230268577624
1.5232616308154077 0.0013297321513583418
1.5237618809404703 0.0013301010919560827
1.5242621310655329 0.0013304302711303398
1.5247623811905953 0.0013307206929462085
1.5252626313156576 0.001330972789319743
1.5257628814407203 0.0013311864215798464
1.5262631315657829 0.0013313710828150422
1.5267633816908455 0.0013315511635876177
1.527263631815908 0.001331741513405663
1.5277638819409705 0.0013319421625864521
1.5282641320660328 0.0013321531412820952
1.5287643821910955 0.0013323744794772135
1.529264632316158 0.0013326117142746826
1.5297648824412207 0.0013328757585171136
1.530265132566283 0.0013331720596751996
1.5307653826913457 0.0013335007328457583
1.531265632816408 0.0013338665457063943
1.5317658829414706 0.0013342780671246476
1.5322661330665333 0.0013347392978176576
1.5327663831915959 0.0013352467585892155
1.5332666333166582 0.0013357969194492578
1.5337668834417209 0.0013363899758058722
1.5342671335667832 0.00133702215917741
1.5347673836918458 0.001337685894449471
1.5352676338169085 0.0013383775413216667
1.535767883941971 0.001339097234597567
1.5362681340670334 0.0013398289333403663
1.536768384192096 0.001340543612764094
1.5372686343171584 0.0013412282740475215
1.537768884442221 0.0013418827407081558
1.5382691345672836 0.0013425054953638887
1.5387693846923463 0.0013430892162245138
1.5392696348174086 0.001343625896639168
1.5397698849424712 0.0013441114426800968
1.5402701350675336 0.0013445437585522177
1.5407703851925962 0.0013449226253872243
1.5412706353176588 0.001345268393166191
1.5417708854427215 0.0013456175482397881
1.5422711355677838 0.0013459861538560375
1.5427713856928462 0.001346374290522552
1.5432716358179088 0.0013467820411699678
1.5437718859429714 0.0013472094911795881
1.544272136068034 0.0013476597099863563
1.5447723861930966 0.0013481420387841494
1.545272636318159 0.0013486645202889544
1.5457728864432214 0.0013492289764942286
1.546273136568284 0.0013498290070291356
1.5467733866933466 0.0013504531380218196
1.5472736368184092 0.001351096439020686
1.5477738869434718 0.0013517589997747053
1.5482741370685342 0.0013524409115520035
1.5487743871935966 0.0013531422671579014
1.5492746373186592 0.0013538609142568327
1.5497748874437218 0.0013545926688114576
1.5502751375687844 0.0013553355712962497
1.550775387693847 0.0013560882273584202
1.5512756378189094 0.001356834015130853
1.5517758879439718 0.0013575482354853026
1.5522761380690344 0.0013582212907199001
1.552776388194097 0.0013588529662728914
1.5532766383191596 0.0013594430538540361
1.5537768884442222 0.0013599913515447498
1.5542771385692846 0.0013605002613012133
1.554777388694347 0.0013609744910355393
1.5552776388194096 0.0013614161771964423
1.5557778889444722 0.0013618251825764378
1.5562781390695348 0.0013622090749691761
1.5567783891945972 0.0013625815307832083
1.5572786393196598 0.0013629469016503372
1.5577788894447222 0.0013633023929926853
1.5582791395697848 0.0013636468788104173
1.5587793896948474 0.001363980321321858
1.55927963981991 0.001364297108072136
1.5597798899449724 0.0013645867948294172
1.560280140070035 0.0013648444756439182
1.5607803901950974 0.0013650700392252683
1.56128064032016 0.001365289339069968
1.5617808904452226 0.0013655469772091457
1.5622811405702852 0.001365861750106885
1.5627813906953476 0.0013662347195486381
1.5632816408204102 0.001366668808710984
1.5637818909454726 0.0013671702765836095
1.5642821410705352 0.0013677521705918465
1.5647823911955978 0.0013684307467709837
1.5652826413206604 0.001369213797165694
1.5657828914457228 0.0013701019333968517
1.5662831415707852 0.0013710495403236852
1.5667833916958478 0.0013719780311859085
1.5672836418209104 0.0013728546060387497
1.567783891945973 0.0013736789191122307
1.5682841420710356 0.0013744506365159803
1.568784392196098 0.0013751694363450823
1.5692846423211604 0.0013758281817703112
1.569784892446223 0.0013764158764888196
1.5702851425712856 0.0013769278998311547
1.5707853926963482 0.001377363469996213
1.5712856428214108 0.0013777318037333532
1.5717858929464732 0.0013780487660162285
1.5722861430715356 0.0013783207425818718
1.5727863931965982 0.0013785475686685803
1.5732866433216608 0.00137872908777996
1.5737868934467234 0.0013788651517774953
1.574287143571786 0.001378950300956255
1.5747873936968484 0.001378974752373527
1.5752876438219108 0.0013789327367699296
1.5757878939469734 0.0013788220361568159
1.576288144072036 0.0013786595113632273
1.5767883941970986 0.0013784748992624921
1.5772886443221612 0.0013782802195476415
1.5777888944472236 0.0013780754519350685
1.578289144572286 0.0013778605761984202
1.5787893946973486 0.0013776355721691746
1.5792896448224112 0.0013774187349425186
1.5797898949474738 0.0013772429477219425
1.5802901450725362 0.0013771228416547517
1.5807903951975988 0.0013770585335586534
1.5812906453226612 0.0013770514186007418
1.5817908954477238 0.0013771077668461112
1.5822911455727864 0.0013772326238510309
1.582791395697849 0.001377426449180127
1.5832916458229114 0.0013776897644501183
1.583791895947974 0.0013780228145183766
1.5842921460730364 0.0013784026332728755
1.584792396198099 0.0013787881420758792
1.5852926463231616 0.0013791612839308982
1.5857928964482242 0.0013795220009689142
1.5862931465732866 0.0013798702360779663
1.5867933966983492 0.001380205932915292
1.5872936468234116 0.001380529035919373
1.5877938969484742 0.0013808344849019622
1.5882941470735368 0.0013811153960533453
1.5887943971985994 0.0013813700614086714
1.5892946473236618 0.001381612238667235
1.5897948974487242 0.0013818612233528218
1.5902951475737868 0.0013821227062622552
1.5907953976988494 0.0013823967311924431
1.591295647823912 0.0013826833425149804
1.5917958979489746 0.0013829825851815129
1.592296148074037 0.0013832945047291736
1.5927963981990994 0.001383619147286106
1.593296648324162 0.0013839565595770644
1.5937968984492246 0.0013842883051289224
1.5942971485742872 0.0013846005887975734
1.5947973986993498 0.0013849086004828228
1.5952976488244122 0.001385221610173892
1.5957978989494745 0.001385531494569057
1.5962981490745372 0.0013858313444627035
1.5967983991995998 0.001386121124200808
1.5972986493246624 0.00138640079825267
1.597798899449725 0.0013866703312131635
1.5982991495747874 0.0013869296878049958
1.5987993996998497 0.0013871788328809686
1.5992996498249124 0.001387409139604535
1.599799899949975 0.0013876056488135086
1.6003001500750376 0.0013877640977672599
1.6008004002001002 0.0013878877093826982
1.6013006503251626 0.0013879775698093166
1.601800900450225 0.0013880335126319893
1.6023011505752875 0.001388055151312884
1.6028014007003502 0.001388042168989002
1.6033016508254128 0.0013879944783465055
1.6038019009504751 0.0013879319249420806
1.6043021510755378 0.0013878575156754665
1.6048024012006001 0.0013877336081913134
1.6053026513256627 0.0013875393883732432
1.6058029014507254 0.0013872747350691431
1.606303151575788 0.0013869394482441872
1.6068034017008503 0.0013865288321484974
1.607303651825913 0.0013860383039410768
1.6078039019509753 0.0013854678173460691
1.608304152076038 0.0013848177174305113
1.6088044022011005 0.001384089493649834
1.6093046523261632 0.001383334991412218
1.6098049024512255 0.0013826405256278144
1.6103051525762881 0.00138204168845828
1.6108054027013505 0.0013815384812066944
1.6113056528264131 0.0013811309470799958
1.6118059029514757 0.0013808191713327012
1.6123061530765384 0.0013806032814572438
1.6128064032016007 0.0013804836936277122
1.6133066533266633 0.001380461325625152
1.6138069034517257 0.0013805374463364232
1.6143071535767883 0.0013807028989101544
1.614807403701851 0.0013809425220487612
1.6153076538269135 0.0013812572105254776
1.615807903951976 0.0013816533431037286
1.6163081540770383 0.0013821312730692256
1.616808404202101 0.0013826913798419848
1.6173086543271635 0.0013833340693294935
1.6178089044522261 0.0013840597743024002
1.6183091545772887 0.0013848689547933232
1.6188094047023511 0.0013857620985194337
1.6193096548274135 0.0013867203380151841
1.6198099049524761 0.0013877114786131652
1.6203101550775387 0.001388722505360995
1.6208104052026013 0.001389753515026119
1.621310655327664 0.00139080325178644
1.6218109054527263 0.001391861589648815
1.6223111555777887 0.0013929196962778655
1.6228114057028513 0.0013939775738450913
1.623311655827914 0.00139503522453436
1.6238119059529765 0.0013960680546745035
1.6243121560780391 0.001397037679149758
1.6248124062031015 0.001397930084931724
1.625312656328164 0.0013987447842149397
1.6258129064532265 0.0013994810491278517
1.6263131565782891 0.0014001381281060392
1.6268134067033517 0.0014007156187865921
1.6273136568284141 0.001401213229978242
1.6278139069534767 0.0014016306303460165
1.628314157078539 0.0014019709666521654
1.6288144072036017 0.0014022374349627472
1.6293146573286643 0.001402429766115279
1.629814907453727 0.0014025477040669988
1.6303151575787893 0.0014025910160018014
1.630815407703852 0.0014025594925679988
1.6313156578289143 0.0014024529480982668
1.631815907953977 0.0014022710158392332
1.6323161580790395 0.0014020065265556419
1.6328164082041021 0.0014016525227331595
1.6333166583291645 0.001401208892010225
1.6338169084542271 0.0014006916146290292
1.6343171585792895 0.0014001251636570511
1.634817408704352 0.0013995215257494732
1.6353176588294147 0.0013988850810311558
1.6358179089544773 0.0013982166602677034
1.6363181590795397 0.001397516259223779
1.6368184092046023 0.0013968049706334998
1.6373186593296647 0.0013961170872382209
1.6378189094547273 0.0013954658046541446
1.63831915957979 0.001394852470208991
1.6388194097048525 0.0013942859146802618
1.639319659829915 0.0013937736418162977
1.6398199099549773 0.0013933156988771716
1.64032016008004 0.0013929121428912206
1.6408204102051025 0.0013925630407012576
1.641320660330165 0.0013922658964856127
1.6418209104552277 0.0013920162622452089
1.64232116058029 0.0013918122622130177
1.6428214107053525 0.0013916539809291945
1.643321660830415 0.0013915415113557826
1.6438219109554777 0.0013914847795444404
1.6443221610805403 0.0013914987066448654
1.644822411205603 0.001391588512802724
1.6453226613306653 0.0013917547421065312
1.6458229114557277 0.0013919978931953524
1.6463231615807903 0.0013923182466621825
1.646823411705853 0.0013926944569626935
1.6473236618309155 0.0013930920641303248
1.647823911955978 0.0013934983895250417
1.6483241620810405 0.0013939144213499126
1.6488244122061029 0.001394340889594259
1.6493246623311655 0.001394777832755928
1.649824912456228 0.0013952252896125795
1.6503251625812907 0.0013956832992239416
1.650825412706353 0.0013961519009340834
1.6513256628314157 0.0013966307355252475
1.651825912956478 0.0013971182235531343
1.6523261630815407 0.0013976131779837664
1.6528264132066033 0.0013981156277527405
1.653326663331666 0.0013986256020053712
1.6538269134567283 0.0013991432835487466
1.6543271635817909 0.0013996689304160805
1.6548274137068533 0.0014002056989491655
1.6553276638319159 0.0014007569243352422
1.6558279139569785 0.0014013229000550574
1.656328164082041 0.0014019036828720143
1.6568284142071035 0.001402498716118731
1.657328664332166 0.00140310708611201
1.6578289144572285 0.0014037266630907137
1.658329164582291 0.0014043490172015534
1.6588294147073537 0.0014049675078494704
1.6593296648324163 0.0014055821219218121
1.6598299149574787 0.0014061928462283492
1.6603301650825413 0.0014067996675007283
1.6608304152076037 0.0014074025723919117
1.6613306653326663 0.0014080017791669643
1.6618309154577289 0.001408597714948379
1.6623311655827915 0.001409190576693716
1.6628314157078539 0.001409780354016616
1.6633316658329163 0.0014103670364685253
1.6638319159579789 0.00141091970738062
1.6643321660830415 0.0014113944902630965
1.664832416208104 0.0014117879326230704
1.6653326663331667 0.0014121093773391794
1.665832916458229 0.0014123585373295138
1.6663331665832914 0.0014125351519831378
1.666833416708354 0.0014126660974652099
1.6673336668334167 0.001412793304361761
1.6678339169584793 0.001412931622590738
1.6683341670835419 0.0014130799659628865
1.6688344172086043 0.0014132373263037233
1.6693346673336666 0.0014134037245984933
1.6698349174587293 0.001413579181670932
1.6703351675837919 0.001413763718181687
1.6708354177088545 0.00141395735462674
1.671335667833917 0.0014141563195341853
1.6718359179589795 0.0014143568179944375
1.6723361680840418 0.001414558840513551
1.6728364182091044 0.0014147623882506068
1.673336668334167 0.0014149674623289922
1.6738369184592297 0.0014151957109278602
1.674337168584292 0.0014154783837474643
1.6748374187093547 0.001415825720663028
1.675337668834417 0.001416238902968877
1.6758379189594796 0.0014167185857831535
1.6763381690845423 0.0014172650231842482
1.6768384192096049 0.0014178608292011207
1.6773386693346672 0.0014184792136949492
1.6778389194597298 0.0014191070703637525
1.6783391695847922 0.0014197396475474037
1.6788394197098548 0.0014203760498644922
1.6793396698349174 0.0014210162933118962
1.67983991995998 0.0014216603939997152
1.6803401700850424 0.0014223083681521899
1.680840420210105 0.0014229602321086325
1.6813406703351674 0.0014236160242922543
1.68184092046023 0.0014242810431235636
1.6823411705852926 0.0014249605882550548
1.6828414207103553 0.0014256547113969012
1.6833416708354176 0.0014263634646560228
1.6838419209604802 0.0014270845991592306
1.6843421710855426 0.001427817703423057
1.6848424212106052 0.0014285668073201279
1.6853426713356678 0.0014293341012866266
1.6858429214607304 0.0014301196392704815
1.6863431715857928 0.0014309234751670675
1.6868434217108552 0.0014317345764343745
1.6873436718359178 0.0014325362449472913
1.6878439219609804 0.0014333227964826044
1.688344172086043 0.0014340928157168954
1.6888444222111056 0.001434842822572001
1.689344672336168 0.0014355706353328176
1.6898449224612304 0.0014362761326456523
1.690345172586293 0.0014369591961902945
1.6908454227113556 0.0014376194232605015
1.6913456728364182 0.0014382556535649323
1.6918459229614808 0.0014388670144591937
1.6923461730865432 0.0014394533952013823
1.6928464232116056 0.0014400146886139398
1.6933466733366682 0.0014405507911263102
1.6938469234617308 0.0014410678512782288
1.6943471735867934 0.0014415745419771458
1.694847423711856 0.0014420733132657442
1.6953476738369184 0.0014425615583153672
1.6958479239619808 0.0014430356529318755
1.6963481740870434 0.00144349453626702
1.696848424212106 0.0014439379854546226
1.6973486743371686 0.001444365694874637
1.697848924462231 0.001444774209650128
1.6983491745872936 0.0014451598923365414
1.698849424712356 0.0014455224249862759
1.6993496748374186 0.0014458617499843614
1.6998499249624812 0.0014461778116123447
1.7003501750875438 0.0014464705560620003
1.7008504252126062 0.001446739931448664
1.7013506753376688 0.0014469858878241976
1.7018509254627312 0.0014472083771895645
1.7023511755877938 0.0014474092412455535
1.7028514257128564 0.0014475903414088518
1.703351675837919 0.0014477516549625895
1.7038519259629814 0.0014479128427290924
1.704352176088044 0.001448100839163549
1.7048524262131064 0.0014483227015193543
1.705352676338169 0.0014485782728035869
1.7058529264632316 0.0014488676247237926
1.7063531765882942 0.0014491908337913705
1.7068534267133566 0.0014495821423314858
1.7073536768384192 0.0014500916649183768
1.7078539269634816 0.0014507355319467257
1.7083541770885442 0.001451514244729644
1.7088544272136068 0.001452429231523073
1.7093546773386694 0.0014534851560984187
1.7098549274637318 0.0014546859269304986
1.7103551775887942 0.0014560323879855212
1.7108554277138568 0.0014575255563476766
1.7113556778389194 0.0014591676465419603
1.711855927963982 0.0014609608801639312
1.7123561780890446 0.0014629064624426986
1.712856428214107 0.0014650056914606337
1.7133566783391694 0.001467259960132249
1.713856928464232 0.0014696218986290361
1.7143571785892946 0.0014720258348644988
1.7148574287143572 0.0014744543757071711
1.7153576788394198 0.001476907685857801
1.7158579289644822 0.0014793838999641721
1.7163581790895446 0.001481877780547126
1.7168584292146072 0.001484361360530465
1.7173586793396698 0.0014867987651967169
1.7178589294647324 0.0014891779252123223
1.718359179589795 0.0014914971384394405
1.7188594297148574 0.001493755303578621
1.7193596798399198 0.0014959517868428996
1.7198599299649824 0.0014980859667744388
1.720360180090045 0.001500157234634687
1.7208604302151076 0.001502164994789875
1.72136068034017 0.0015041086650914482
1.7218609304652326 0.001505987677250981
1.722361180590295 0.0015078014772091845
1.7228614307153576 0.0015095512433338126
1.7233616808404202 0.0015112399910579733
1.7238619309654828 0.0015128861038850518
1.7243621810905452 0.001514512169793
1.7248624312156078 0.0015161180823526255
1.7253626813406702 0.001517697897835085
1.7258629314657328 0.0015192514384943063
1.7263631815907954 0.001520778528139541
1.726863431715858 0.0015222816919090972
1.7273636818409204 0.0015237646133612187
1.727863931965983 0.0015252282994845873
1.7283641820910454 0.001526672630313267
1.728864432216108 0.0015280974865363721
1.7293646823411706 0.0015295027495150772
1.7298649324662332 0.0015308892474145946
1.7303651825912956 0.001532258617743128
1.7308654327163582 0.0015336115586933007
1.7313656828414206 0.0015349494058285494
1.7318659329664832 0.0015362757726731806
1.7323661830915458 0.0015375928483621893
1.7328664332166084 0.0015389005570714707
1.7333666833416708 0.0015401988232371907
1.7338669334667332 0.0015414944511481631
1.7343671835917958 0.0015427965365503997
1.7348674337168584 0.001544107340712461
1.735367683841921 0.0015454268971872788
1.7358679339669836 0.001546755239728651
1.736368184092046 0.0015480924022926994
1.7368684342171083 0.0015494285092492357
1.737368684342171 0.0015507485186937561
1.7378689344672336 0.001552047229885444
1.7383691845922962 0.0015533273627512114
1.7388694347173588 0.0015545927695713756
1.7393696848424212 0.001555844473349367
1.7398699349674835 0.0015570823815376405
1.7403701850925462 0.0015583064022276064
1.7408704352176088 0.001559516444164726
1.7413706853426714 0.0015607124167635708
1.741870935467734 0.0015618942301228564
1.7423711855927964 0.0015630617950404444
1.7428714357178587 0.0015642150230282985
1.7433716858429213 0.0015653538263274097
1.743871935967984 0.0015664784975887667
1.7443721860930466 0.0015675904884537646
1.744872436218109 0.001568690874717198
1.7453726863431716 0.0015697774741904923
1.745872936468234 0.001570848081805793
1.7463731865932965 0.0015719025904628596
1.7468734367183592 0.0015729170633421911
1.7473736868434218 0.0015738583607955554
1.7478739369684841 0.0015747170810754927
1.7483741870935467 0.00157549288236392
1.7488744372186091 0.001576185449859062
1.7493746873436717 0.0015767944960528547
1.7498749374687343 0.001577319760986404
1.750375187593797 0.0015777610124831033
1.7508754377188593 0.0015781185878776603
1.751375687843922 0.0015783937874253582
1.7518759379689843 0.0015785864522082096
1.752376188094047 0.0015786920060742707
1.7528764382191095 0.0015787068446086034
1.7533766883441722 0.0015786309024516311
1.7538769384692345 0.0015784654967489434
1.7543771885942971 0.0015782123672299143
1.7548774387193595 0.0015778719307953223
1.7553776888444221 0.0015774442405290653
1.7558779389694847 0.0015769293779930725
1.7563781890945473 0.001576327453176542
1.7568784392196097 0.00157569609502407
1.7573786893446721 0.0015751135332483426
1.7578789394697347 0.0015745995219312381
1.7583791895947973 0.0015741494854730389
1.75887943971986 0.0015737619610241699
1.7593796898449225 0.0015734427567098879
1.759879939969985 0.0015731954870838066
1.7603801900950473 0.0015730201371122376
1.76088044022011 0.00157291671113388
1.7613806903451725 0.0015728852328743277
1.7618809404702351 0.0015729257454736541
1.7623811905952977 0.0015730383115271178
1.7628814407203601 0.0015732230131390473
1.7633816908454225 0.00157347995198998
1.7638819409704851 0.0015738078384328075
1.7643821910955477 0.0015742050117979974
1.7648824412206103 0.001574671237737048
1.765382691345673 0.001575208354913044
1.7658829414707353 0.0015758164425124558
1.7663831915957977 0.0015764919928710679
1.7668834417208603 0.0015772143275350628
1.767383691845923 0.0015779581176969216
1.7678839419709855 0.001578716927001323
1.768384192096048 0.0015794908119223078
1.7688844422211105 0.0015802798300570153
1.769384692346173 0.0015810840401358887
1.7698849424712355 0.0015819035020331132
1.7703851925962981 0.0015827382767772864
1.7708854427213607 0.0015835884265623134
1.771385692846423 0.0015844540147585432
1.7718859429714857 0.0015853351059241453
1.772386193096548 0.0015862308823582582
1.7728864432216107 0.001587139115692467
1.7733866933466733 0.0015880576039837776
1.773886943471736 0.0015889906983129734
1.7743871935967983 0.0015899449600693862
1.774887443721861 0.0015909218273217778
1.7753876938469233 0.0015919214161341524
1.775887943971986 0.0015929438455691428
1.7763881940970485 0.00159398923772428
1.7768884442221111 0.0015950501886935165
1.7773886943471735 0.0015961168004651578
1.777888944472236 0.001597186664079371
1.7783891945972985 0.0015982598099023378
1.778889444722361 0.0015993362685479413
1.7793896948474237 0.001600417030413653
1.7798899449724863 0.001601507550363783
1.7803901950975487 0.0016026145943892412
1.780890445222611 0.0016037404872578022
1.7813906953476737 0.0016048853092342581
1.7818909454727363 0.0016060491416552605
1.782391195597799 0.001607232066940196
1.7828914457228615 0.0016084341686022272
1.783391695847924 0.0016096555312595238
1.7838919459729863 0.001610920963451637
1.7843921960980489 0.0016122614696933953
1.7848924462231115 0.0016136834886830956
1.785392696348174 0.0016151875004340492
1.7858929464732367 0.0016167740093567839
1.786393196598299 0.001618443544635666
1.7868934467233615 0.0016201899841632504
1.787393696848424 0.0016220056174737867
1.7878939469734867 0.0016238894098775498
1.7883941970985493 0.0016258419263363586
1.788894447223612 0.0016278637545651196
1.7893946973486743 0.001629955505481182
1.7898949474737367 0.0016321178136742558
1.7903951975987993 0.0016343513378976116
1.7908954477238619 0.0016366567615812612
1.7913956978489245 0.0016390347933679147
1.791895947973987 0.001641486167672505
1.7923961980990495 0.0016440116452661427
1.7928964482241119 0.0016466120138853813
1.7933966983491745 0.0016492880888677637
1.793896948474237 0.0016519872648455526
1.7943971985992997 0.0016546449463545826
1.794897448724362 0.0016572494201263447
1.7953976988494247 0.0016598001014534079
1.795897948974487 0.0016622964120779123
1.7963981990995497 0.0016647377804534715
1.7968984492246123 0.00166712209622931
1.7973986993496749 0.0016694467862343658
1.7978989494747373 0.0016717108157335281
1.7983991995997999 0.0016739136063731639
1.7988994497248623 0.0016760545893010964
1.7993996998499249 0.001678133205461751
1.7998999499749875 0.001680148905888927
1.80040020010005 0.0016821011519959532
1.8009004502251125 0.0016839903847392056
1.801400700350175 0.0016858201080438967
1.8019009504752375 0.0016875928659037254
1.8024012006003 0.001689308175638562
1.8029014507253627 0.0016909655881782732
1.8034017008504253 0.0016925646648758787
1.8039019509754877 0.0016941185480634467
1.80440220110055 0.001695643399544467
1.8049024512256127 0.0016971419022479542
1.8054027013506753 0.0016986138670959726
1.8059029514757379 0.0017000591069119763
1.8064032016008005 0.0017014774364678515
1.8069034517258629 0.0017028703736002412
1.8074037018509252 0.0017042399189614941
1.8079039519759879 0.0017055863846688211
1.8084042021010505 0.001706907461098452
1.808904452226113 0.0017082003333003637
1.8094047023511757 0.0017094643388015373
1.809904952476238 0.0017106993120476843
1.8104052026013004 0.0017119050894659272
1.810905452726363 0.0017130815095028338
1.8114057028514257 0.0017142284126622394
1.8119059529764883 0.0017153456415428452
1.8124062031015509 0.0017164330408755669
1.8129064532266133 0.0017174904575606405
1.8134067033516756 0.0017185177407044454
1.8139069534767382 0.0017195264319685019
1.8144072036018009 0.0017205304675707463
1.8149074537268635 0.0017215321479364487
1.815407703851926 0.001722532458014511
1.8159079539769885 0.0017235371368926505
1.8164082041020508 0.001724552219462437
1.8169084542271134 0.0017255727238913775
1.817408704352176 0.0017265907419795022
1.8179089544772387 0.0017276046164160185
1.818409204602301 0.0017286143064753623
1.8189094547273637 0.0017296197714831284
1.819409704852426 0.0017306209708200097
1.8199099549774886 0.0017316178639257527
1.8204102051025512 0.0017326104103031273
1.8209104552276139 0.0017335985695219219
1.8214107053526762 0.0017345823012229421
1.8219109554777388 0.0017355615651220382
1.8224112056028012 0.0017365352416759904
1.8229114557278638 0.0017374997884675588
1.8234117058529264 0.001738448805001296
1.823911955977989 0.001739378915214239
1.8244122061030514 0.0017402907805949856
1.824912456228114 0.0017411844402469606
1.8254127063531764 0.00174205981925348
1.825912956478239 0.001742916843316664
1.8264132066033016 0.0017437554387665592
1.8269134567283642 0.0017445454377584596
1.8274137068534266 0.0017452492067909291
1.8279139569784892 0.0017458591067167264
1.8284142071035516 0.0017463748121672028
1.8289144572286142 0.001746796025738423
1.8294147073536768 0.0017471224782518275
1.8299149574787394 0.001747361000313468
1.8304152076038018 0.0017475212279921932
1.8309154577288642 0.0017476104145592545
1.8314157078539268 0.0017476330875079867
1.8319159579789894 0.0017475891505286645
1.832416208104052 0.0017474785277254202
1.8329164582291146 0.0017473011636975912
1.833416708354177 0.001747057023605416
1.8339169584792394 0.0017467489766864032
1.834417208604302 0.001746380401325501
1.8349174587293646 0.0017459518102841201
1.8354177088544272 0.0017454632443679495
1.8359179589794898 0.0017449147615613155
1.8364182091045522 0.0017443064370052154
1.8369184592296146 0.001743699737916879
1.8374187093546772 0.0017431679522777912
1.8379189594797398 0.0017427140664472277
1.8384192096048024 0.001742321277400447
1.838919459729865 0.0017419816643041667
1.8394197098549274 0.0017416952033509228
1.8399199599799898 0.0017414618841807125
1.8404202101050524 0.001741281709887551
1.840920460230115 0.001741154697034554
1.8414207103551776 0.001741080875677581
1.84192096048024 0.0017410602893974665
1.8424212106053026 0.0017410929953408925
1.842921460730365 0.0017411790642699492
1.8434217108554276 0.001741318580620461
1.8439219609804902 0.0017415467560153042
1.8444222111055528 0.001741905399360827
1.8449224612306152 0.0017424013621074712
1.8454227113556778 0.0017430424895321657
1.8459229614807402 0.0017438404512452516
1.8464232116058028 0.0017447996453090655
1.8469234617308654 0.0017459058494975032
1.847423711855928 0.0017471416346727829
1.8479239619809904 0.0017485045260970358
1.848424212106053 0.0017499952766933426
1.8489244622311154 0.0017516146961439293
1.849424712356178 0.0017533636518209062
1.8499249624812406 0.0017552430697843958
