1.1000500250125063 0.00021273854888947488
1.1005502751375689 0.00021311854571365145
1.1010505252626313 0.00021349580291486436
1.1015507753876939 0.00021386770361913308
1.1020510255127565 0.00021423541192932546
1.1025512756378189 0.00021460118878840692
1.1030515257628815 0.00021496502768680566
1.103551775887944 0.00021532733841764855
1.1040520260130064 0.0002156890438651416
1.104552276138069 0.00021605039553297594
1.1050525262631314 0.00021641114581508314
1.105552776388194 0.00021677258800270222
1.1060530265132567 0.00021713690896658043
1.1065532766383193 0.00021750475061538174
1.1070535267633816 0.00021787285406070075
1.1075537768884443 0.00021823821591280607
1.1080540270135066 0.00021860077381240407
1.1085542771385692 0.00021895982259887578
1.1090545272636319 0.0002193115627450771
1.1095547773886942 0.00021965280360120492
1.1100550275137568 0.00021998364041806532
1.1105552776388194 0.00022030427672226638
1.1110555277638818 0.0002206147615875653
1.1115557778889444 0.00022091547322898656
1.112056028014007 0.00022121106093087826
1.1125562781390694 0.00022150463316979914
1.113056528264132 0.00022179398725986408
1.1135567783891946 0.00022207809312512915
1.114057028514257 0.00022235718876976483
1.1145572786393196 0.00022263199809046855
1.1150575287643822 0.00022290342420633487
1.1155577788894446 0.00022317185560372815
1.1160580290145072 0.00022343729404675024
1.1165582791395698 0.00022369988586486424
1.1170585292646322 0.0002239635915905883
1.1175587793896948 0.000224232953731707
1.1180590295147574 0.000224508714446034
1.1185592796398198 0.00022479119449156753
1.1190595297648824 0.0002250825716556396
1.119559779889945 0.00022538482912828764
1.1200600300150074 0.00022569810804969203
1.12056028014007 0.00022602248368929292
1.1210605302651326 0.00022635803178131704
1.121560780390195 0.00022670143636148305
1.1220610305152576 0.00022704685211349945
1.1225612806403202 0.00022739179322809222
1.1230615307653826 0.00022773627715937258
1.1235617808904452 0.00022807739841590848
1.1240620310155078 0.00022840475558195554
1.1245622811405702 0.00022871079808973639
1.1250625312656328 0.00022899542287667027
1.1255627813906954 0.0002292592046513153
1.1260630315157578 0.0002295056260847426
1.1265632816408204 0.00022973737385316488
1.127063531765883 0.00022995308807268036
1.1275637818909454 0.0002301515399460846
1.128064032016008 0.00023033362370778918
1.1285642821410704 0.00023050334198811983
1.129064532266133 0.00023066704576602624
1.1295647823911956 0.00023082801561031781
1.1300650325162582 0.00023098693636503006
1.1305652826413206 0.00023114583566036904
1.1310655327663832 0.00023130605307758963
1.1315657828914456 0.00023146759769652992
1.1320660330165082 0.0002316305333393637
1.1325662831415708 0.00023179502581412815
1.1330665332666334 0.00023196209508096773
1.1335667833916958 0.00023213278686422034
1.1340670335167584 0.0002323079685197595
1.1345672836418208 0.00023248738131834948
1.1350675337668834 0.00023266885700604567
1.135567783891946 0.00023285122186770288
1.1360680340170084 0.00023303448092086977
1.136568284142071 0.00023321880572971118
1.1370685342671336 0.00023340562064514756
1.137568784392196 0.0002335979844424318
1.1380690345172586 0.00023379791767340533
1.1385692846423212 0.00023400568977398242
1.1390695347673836 0.00023422317563044168
1.1395697848924462 0.0002344536014055197
1.1400700350175088 0.0002346984004464979
1.1405702851425712 0.0002349576348532737
1.1410705352676338 0.0002352313686137864
1.1415707853926964 0.00023551917707620914
1.1420710355177588 0.00023581437459728883
1.1425712856428214 0.00023610927583170386
1.143071535767884 0.00023640242303715295
1.1435717858929464 0.00023669215953470483
1.144072036018009 0.0002369744410183772
1.1445722861430716 0.0002372468390370416
1.145072536268134 0.00023750929687099776
1.1455727863931966 0.0002377617593439084
1.1460730365182592 0.0002380041728475295
1.1465732866433216 0.00023823875093177398
1.1470735367683842 0.00023847431110144286
1.1475737868934468 0.00023871745098272417
1.1480740370185092 0.00023896802714233408
1.1485742871435718 0.00023922533602451963
1.1490745372686344 0.000239486620227518
1.1495747873936968 0.00023974966173480257
1.1500750375187594 0.0002400144523064504
1.150575287643822 0.00024028098349409988
1.1510755377688844 0.00024054892365426447
1.151575787893947 0.00024081234391394485
1.1520760380190094 0.00024106537148685587
1.152576288144072 0.00024130715975258208
1.1530765382691346 0.00024153668791005315
1.1535767883941972 0.00024175453719354234
1.1540770385192596 0.00024196673557862105
1.1545772886443222 0.00024217830446085262
1.1550775387693846 0.00024238926178869847
1.1555777888944472 0.000242599625460822
1.1560780390195098 0.00024281481969482376
1.1565782891445724 0.00024304228729496265
1.1570785392696348 0.00024328192250362918
1.1575787893946974 0.00024353153595831485
1.1580790395197598 0.000243791091872858
1.1585792896448224 0.00024406003813141016
1.159079539769885 0.0002443350694579295
1.1595797898949474 0.0002446134461306952
1.16008004002001 0.00024489516495576895
1.1605802901450726 0.0002451779450703174
1.161080540270135 0.0002454543258352392
1.1615807903951976 0.0002457223181805232
1.1620810405202602 0.00024599354722612386
1.1625812906453226 0.0002462764830278969
1.1630815407703852 0.00024657118809355143
1.1635817908954478 0.00024687783577605936
1.1640820410205102 0.0002471970895787596
1.1645822911455728 0.0002475295126679362
1.1650825412706354 0.0002478751871635197
1.1655827913956978 0.0002482374487643251
1.1660830415207604 0.00024861906683021064
1.166583291645823 0.0002490161697910012
1.1670835417708854 0.0002494215935414983
1.167583791895948 0.00024983151969521053
1.1680840420210106 0.0002502459666539383
1.168584292146073 0.00025066403218099024
1.1690845422711356 0.00025108079498502674
1.1695847923961982 0.00025149220152920876
1.1700850425212606 0.0002518964270418727
1.1705852926463232 0.0002522889566942338
1.1710855427713858 0.0002526660328063356
1.1715857928964482 0.0002530264181362867
1.1720860430215108 0.0002533689995081498
1.1725862931465734 0.0002536928128749833
1.1730865432716358 0.0002539977544015176
1.1735867933966984 0.0002542856806531646
1.174087043521761 0.00025456668744206255
1.1745872936468233 0.0002548489914741228
1.175087543771886 0.00025514132709933353
1.1755877938969483 0.00025545148893899467
1.176088044022011 0.0002557783681788589
1.1765882941470736 0.00025612179215503406
1.1770885442721362 0.0002564815884020462
1.1775887943971985 0.00025685762661506977
1.1780890445222612 0.0002572499990522469
1.1785892946473235 0.0002576569757906395
1.1790895447723861 0.00025806935961983997
1.1795897948974488 0.0002584760292596884
1.1800900450225114 0.000258869592348712
1.1805902951475737 0.00025924785177758916
1.1810905452726363 0.0002596122740957653
1.1815907953976987 0.00025996309695858487
1.1820910455227613 0.0002603022537996507
1.182591295647824 0.0002606313704017292
1.1830915457728866 0.00026095039202386544
1.183591795897949 0.0002612602247216394
1.1840920460230115 0.00026156556952942997
1.184592296148074 0.0002618690833674441
1.1850925462731365 0.00026216672640907263
1.1855927963981991 0.00026245556605428556
1.1860930465232615 0.00026273558613597596
1.1865932966483241 0.0002630073003186978
1.1870935467733867 0.00026327386831478066
1.1875937968984491 0.0002635379421032866
1.1880940470235117 0.0002637995413659469
1.1885942971485743 0.00026405807219057157
1.1890945472736367 0.00026431160142775985
1.1895947973986993 0.00026456850416723305
1.190095047523762 0.0002648385261420404
1.1905952976488243 0.0002651217231384197
1.191095547773887 0.0002654181521856482
1.1915957978989495 0.0002657266251854653
1.192096048024012 0.0002660399487981551
1.1925962981490745 0.0002663521135618368
1.1930965482741371 0.00026666307609029736
1.1935967983991995 0.0002669726696179109
1.1940970485242621 0.00026727256717990323
1.1945972986493247 0.00026755012203560864
1.1950975487743871 0.00026780081716090617
1.1955977988994497 0.0002680245431565172
1.1960980490245123 0.0002682211977876144
1.1965982991495747 0.0002683913927437578
1.1970985492746373 0.00026853902993623246
1.1975987993997 0.00026866732839077605
1.1980990495247623 0.00026877623851629187
1.198599299649825 0.0002688687240494758
1.1990995497748873 0.0002689574621001475
1.19959979989995 0.0002690527070978852
1.2001000500250125 0.0002691550274489819
1.2006003001500751 0.0002692644386209596
1.2011005502751375 0.00026938095618476987
1.2016008004002001 0.0002695044677592886
1.2021010505252625 0.0002696342861097272
1.2026013006503251 0.000269769849023359
1.2031015507753877 0.000269911167171295
1.2036018009004503 0.00027005470342924106
1.2041020510255127 0.00027019450535418165
1.2046023011505753 0.0002703281573485237
1.2051025512756377 0.0002704556463281183
1.2056028014007003 0.00027057695918437225
1.206103051525763 0.00027069208278420533
1.2066033016508255 0.0002708020748739743
1.207103551775888 0.00027091265094911964
1.2076038019009505 0.00027102847919123924
1.208104052026013 0.0002711514743853815
1.2086043021510755 0.00027128664489188564
1.2091045522761381 0.00027143776872211864
1.2096048024012005 0.00027160554757345523
1.210105052526263 0.0002717900455570117
1.2106053026513257 0.00027199133051657414
1.211105552776388 0.0002722094740703179
1.2116058029014507 0.0002724423010143896
1.2121060530265133 0.00027267816310609015
1.2126063031515757 0.0002729075821355674
1.2131065532766383 0.00027312115396144047
1.213606803401701 0.0002733083082876103
1.2141070535267633 0.00027346763098871137
1.214607303651826 0.00027359884743101854
1.2151075537768885 0.0002737018696410247
1.215607803901951 0.00027377661822039706
1.2161080540270135 0.0002738230224196033
1.216608304152076 0.00027384309893749666
1.2171085542771385 0.0002738473407476505
1.217608804402201 0.00027384809986095716
1.2181090545272637 0.0002738563677603456
1.218609304652326 0.0002738836232993739
1.2191095547773887 0.00027393745770295396
1.2196098049024513 0.0002740211058480374
1.2201100550275137 0.00027413464025125397
1.2206103051525763 0.0002742781389634122
1.221110555277639 0.0002744516856136561
1.2216108054027013 0.000274654292563405
1.222111055527764 0.00027488072293838664
1.2226113056528263 0.0002751259854336181
1.2231115557778889 0.0002753890835700688
1.2236118059029515 0.0002756619670445887
1.224112056028014 0.00027593291215415467
1.2246123061530765 0.00027619801787030724
1.225112556278139 0.0002764572559061812
1.2256128064032015 0.00027671059852236903
1.226113056528264 0.00027695801853406827
1.2266133066533267 0.00027720017520037766
1.2271135567783893 0.00027743965008922967
1.2276138069034517 0.0002776744298277518
1.2281140570285143 0.0002779005793060436
1.2286143071535767 0.00027812285956262047
1.2291145572786393 0.00027834853605188624
1.2296148074037019 0.00027858011779655686
1.2301150575287645 0.00027881763128645036
1.2306153076538269 0.00027906110374686
1.2311155577788895 0.00027931056314647586
1.2316158079039519 0.0002795661754892598
1.2321160580290145 0.000279830556444423
1.232616308154077 0.00028010819120305154
1.2331165582791395 0.00028040113129475377
1.233616808404202 0.00028070692131815163
1.2341170585292647 0.00028102194128191467
1.234617308654327 0.0002813450781734221
1.2351175587793897 0.0002816763725911477
1.2356178089044523 0.000282015866134439
1.2361180590295147 0.00028236360141568455
1.2366183091545773 0.0002827190166410629
1.2371185592796399 0.0002830770798668816
1.2376188094047023 0.00028343274298470926
1.2381190595297649 0.0002837854058655922
1.2386193096548275 0.00028413591727693646
1.2391195597798899 0.0002844849125887424
1.2396198099049525 0.00028483216441083385
1.240120060030015 0.0002851776599879379
1.2406203101550775 0.00028552138658513533
1.24112056028014 0.00028586333148885836
1.2416208104052027 0.00028620351331911195
1.242121060530265 0.00028654395866333795
1.2426213106553277 0.0002868866687253886
1.2431215607803903 0.0002872316392757765
1.2436218109054527 0.00028757641001877365
1.2441220610305153 0.0002879186708810876
1.2446223111555779 0.0002882585697570021
1.2451225612806402 0.0002885960994155367
1.2456228114057029 0.00028893125260074206
1.2461230615307652 0.0002892640220315946
1.2466233116558278 0.0002895940648844242
1.2471235617808905 0.0002899204084661604
1.247623811905953 0.00029024241691628445
1.2481240620310154 0.0002905600846094114
1.248624312156078 0.00029087566095823764
1.2491245622811404 0.00029119102365424983
1.249624812406203 0.00029150578826016424
1.2501250625312657 0.0002918199430764556
1.2506253126563283 0.0002921334763951194
1.2511255627813906 0.00029244637650085965
1.2516258129064533 0.00029275873913187534
1.2521260630315156 0.0002930708594185392
1.2526263131565782 0.00029338292655060866
1.2531265632816408 0.00029369493148022845
1.2536268134067035 0.0002940061285306923
1.2541270635317658 0.000294315895892688
1.2546273136568284 0.0002946243535267588
1.2551275637818908 0.0002949314994643633
1.2556278139069534 0.000295237331715048
1.256128064032016 0.00029554184826630683
1.2566283141570787 0.00029584034142378964
1.257128564282141 0.00029612463778784043
1.2576288144072036 0.000296391244995155
1.258129064532266 0.00029664011027116
1.2586293146573286 0.0002968756733629041
1.2591295647823912 0.0002971135057470706
1.2596298149074536 0.0002973647760698782
1.2601300650325162 0.0002976295927753037
1.2606303151575788 0.0002979080717588954
1.2611305652826412 0.00029820033651108894
1.2616308154077038 0.00029851499130454127
1.2621310655327664 0.00029886496256489956
1.2626313156578288 0.00029925477911210615
1.2631315657828914 0.00029968474869221504
1.263631815907954 0.00030014793435716446
1.2641320660330164 0.00030061884244668495
1.264632316158079 0.00030107895593256193
1.2651325662831416 0.00030152811431245915
1.265632816408204 0.0003019661609875297
1.2661330665332666 0.0003023929434137644
1.266633316658329 0.00030280308885581353
1.2671335667833916 0.00030318836836809256
1.2676338169084542 0.00030354574845520293
1.2681340670335168 0.00030387502728275754
1.2686343171585792 0.0003041794852239963
1.2691345672836418 0.0003044692053625407
1.2696348174087042 0.0003047506261116579
1.2701350675337668 0.00030502345447007195
1.2706353176588294 0.00030528765489626526
1.271135567783892 0.00030554319226456454
1.2716358179089544 0.00030579279193691924
1.272136068034017 0.00030604051027599934
1.2726363181590794 0.00030628765728084496
1.273136568284142 0.0003065342279939408
1.2736368184092046 0.0003067797516784478
1.2741370685342672 0.00030702254638536274
1.2746373186593296 0.00030726132912685264
1.2751375687843922 0.0003074960206832081
1.2756378189094546 0.0003077265989549639
1.2761380690345172 0.0003079530421255039
1.2766383191595798 0.0003081744075995717
1.2771385692846424 0.00030839002834084743
1.2776388194097048 0.0003086001598706354
1.2781390695347674 0.00030880478122860154
1.2786393196598298 0.0003090051111105419
1.2791395697848924 0.00030920529276000564
1.279639819909955 0.0003094082061964387
1.2801400700350176 0.00030961382360681294
1.28064032016008 0.00030982216290747827
1.2811405702851426 0.00031003324235874275
1.281640820410205 0.00031024971360869456
1.2821410705352676 0.00031047397093437274
1.2826413206603302 0.0003107057758188433
1.2831415707853926 0.0003109451545118424
1.2836418209104552 0.00031119077078801976
1.2841420710355178 0.00031143813061360726
1.2846423211605802 0.00031168641959097626
1.2851425712856428 0.0003119383359900633
1.2856428214107054 0.00031219423936846555
1.2861430715357678 0.0003124541226735735
1.2866433216608304 0.000312715587648111
1.287143571785893 0.0003129767972303724
1.2876438219109554 0.0003132383116328632
1.288144072036018 0.0003135001286558569
1.2886443221610806 0.0003137636827099343
1.289144572286143 0.00031403365903124165
1.2896448224112056 0.000314312170811456
1.290145072536268 0.0003145966422567846
1.2906453226613306 0.000314885654507324
1.2911455727863932 0.00031517924320420483
1.2916458229114558 0.00031547820790463665
1.2921460730365182 0.0003157831185925123
1.2926463231615808 0.0003160937771666307
1.2931465732866432 0.00031641021450945733
1.2936468234117058 0.0003167317342092664
1.2941470735367684 0.00031705602955353775
1.294647323661831 0.0003173815054732174
1.2951475737868934 0.00031770957433636325
1.295647823911956 0.0003180416803442497
1.2961480740370184 0.0003183778614796204
1.296648324162081 0.00031871295883181274
1.2971485742871436 0.0003190289494224639
1.2976488244122062 0.00031931287082375673
1.2981490745372686 0.0003195645529370584
1.2986493246623312 0.00031978304220766637
1.2991495747873936 0.00031996567440205066
1.2996498249124562 0.000320110598664656
1.3001500750375188 0.00032021895597689377
1.3006503251625814 0.000320293274752929
1.3011505752876438 0.00032033486376418217
1.3016508254127064 0.0003203520495069731
1.3021510755377688 0.0003203743476753048
1.3026513256628314 0.00032042293514551214
1.303151575787894 0.00032049783308503985
1.3036518259129566 0.0003206005619178929
1.304152076038019 0.00032073578604441255
1.3046523261630816 0.00032090670992846967
1.305152576288144 0.00032111343581224305
1.3056528264132066 0.00032135771018976456
1.3061530765382692 0.0003216414251801014
1.3066533266633318 0.000321960964047715
1.3071535767883942 0.0003223048388769525
1.3076538269134568 0.0003226656754839936
1.3081540770385192 0.00032304381318560806
1.3086543271635818 0.0003234380071494941
1.3091545772886444 0.0003238442999275633
1.3096548274137068 0.0003242600169297812
1.3101550775387694 0.00032468517398636
1.310655327663832 0.0003251253605318933
1.3111555777888944 0.00032559684290852417
1.311655827913957 0.0003261108894892299
1.3121560780390196 0.0003266694988818788
1.312656328164082 0.00032727421891173977
1.3131565782891446 0.000327925241954841
1.313656828414207 0.00032862346973396836
1.3141570785392696 0.0003293713630168143
1.3146573286643322 0.00033017064177223574
1.3151575787893948 0.0003310214932507511
1.3156578289144572 0.00033192411046948457
1.3161580790395198 0.00033286472040792357
1.3166583291645821 0.00033382244203067807
1.3171585792896447 0.00033478692768918735
1.3176588294147074 0.00033575485951692927
1.31815907953977 0.00033672626034556035
1.3186593296648323 0.0003377002564624272
1.319159579789895 0.0003386742885987196
1.3196598299149573 0.0003396466127750339
1.32016008004002 0.0003406171441620867
1.3206603301650826 0.00034158579791122813
1.3211605802901452 0.0003425525367313854
1.3216608304152075 0.00034352007287239274
1.3221610805402702 0.0003444948081334969
1.3226613306653325 0.0003454779654734166
1.3231615807903951 0.0003464666862172591
1.3236618309154577 0.00034746142122589593
1.3241620810405204 0.00034846459911452
1.3246623311655827 0.0003494778609823611
1.3251625812906453 0.00035050128550233463
1.3256628314157077 0.000351534952673117
1.3261630815407703 0.0003525789438388309
1.326663331665833 0.0003536305541926331
1.3271635817908956 0.00035468093002109953
1.327663831915958 0.00035572515990853003
1.3281640820410205 0.0003567659730271388
1.328664332166083 0.0003578047046944343
1.3291645822911455 0.0003588408322531507
1.3296648324162081 0.0003598739899021345
1.3301650825412707 0.0003609041164651319
1.3306653326663331 0.0003619311508692581
1.3311655827913957 0.0003629550321559823
1.3316658329164581 0.0003639765895880515
1.3321660830415207 0.0003649998314809191
1.3326663331665833 0.0003660288386063202
1.3331665832916457 0.0003670630460545905
1.3336668334167083 0.00036810193386245277
1.334167083541771 0.0003691483350996613
1.3346673336668333 0.00037020414486914826
1.335167583791896 0.00037126943006938416
1.3356678339169585 0.000372344258605982
1.336168084042021 0.00037342869940529803
1.3366683341670835 0.0003745238199707827
1.337168584292146 0.0003756328567461597
1.3376688344172085 0.0003767570857541217
1.3381690845422711 0.0003778940097863539
1.3386693346673337 0.0003790389947630034
1.3391695847923961 0.0003801859626819319
1.3396698349174587 0.0003813319082327336
1.340170085042521 0.00038247684831651835
1.3406703351675837 0.00038362079986845575
1.3411705852926463 0.0003847637798589416
1.341670835417709 0.0003859038884181427
1.3421710855427713 0.0003870351524976338
1.342671335667834 0.00038815343708220964
1.3431715857928963 0.0003892557867715803
1.343671835917959 0.000390337905620481
1.3441720860430215 0.00039139936657742083
1.3446723361680841 0.0003924410934358433
1.3451725862931465 0.0003934629820700693
1.3456728364182091 0.00039446492985088273
1.3461730865432715 0.0003954468356685729
1.346673336668334 0.0003964103242009881
1.3471735867933967 0.00039736059961747127
1.3476738369184593 0.0003983011996640975
1.3481740870435217 0.00039923222815493604
1.3486743371685843 0.00040015103164896737
1.3491745872936467 0.00040104350433596585
1.3496748374187093 0.0004018982500838039
1.350175087543772 0.00040271519277797907
1.3506753376688345 0.0004034942534137061
1.351175587793897 0.0004042353500731736
1.3516758379189595 0.00040493738218016107
1.352176088044022 0.00040559719145265283
1.3526763381690845 0.0004062126072191554
1.353176588294147 0.0004067834924165478
1.3536768384192097 0.0004073089882716678
1.354177088544272 0.0004077992795085021
1.3546773386693347 0.000408271346707215
1.355177588794397 0.0004087311666624141
1.3556778389194597 0.0004091786928412266
1.3561780890445223 0.00040961387915187844
1.3566783391695847 0.0004100377832860788
1.3571785892946473 0.0004104536437893616
1.35767883941971 0.00041086361703653946
1.3581790895447723 0.00041126769569079294
1.358679339669835 0.00041166573880969953
1.3591795897948975 0.00041205777741506826
1.3596798399199599 0.0004124459227023309
1.3601800900450225 0.0004128321198894783
1.3606803401700849 0.00041321637008321217
1.3611805902951475 0.00041359867432550374
1.36168084042021 0.0004139779882810518
1.3621810905452727 0.00041435124953892607
1.362681340670335 0.00041471642177250834
1.3631815907953977 0.0004150734712806195
1.36368184092046 0.0004154223632548351
1.3641820910455227 0.0004157630609050023
1.3646823411705853 0.0004160968753953515
1.365182591295648 0.00041642929452156556
1.3656828414207103 0.00041676447828956406
1.3661830915457729 0.00041710242554248084
1.3666833416708353 0.0004174433386901078
1.3671835917958979 0.0004177878048884667
1.3676838419209605 0.00041813621081147824
1.368184092046023 0.0004184885608580605
1.3686843421710855 0.00041884542322972204
1.369184592296148 0.00041920826328631713
1.3696848424212105 0.0004195779907263636
1.370185092546273 0.00041995330587801295
1.3706853426713357 0.00042033119381180615
1.3711855927963983 0.00042070995035042613
1.3716858429214607 0.00042108835017694085
1.3721860930465233 0.0004214628989800607
1.3726863431715857 0.00042183131058452626
1.3731865932966483 0.0004221935512558686
1.3736868434217109 0.000422549204693628
1.3741870935467735 0.0004228972584756497
1.3746873436718359 0.00042323707866046256
1.3751875937968985 0.00042356862423196157
1.3756878439219609 0.00042389293542764364
1.3761880940470235 0.0004242109856185872
1.376688344172086 0.00042452467116461425
1.3771885942971487 0.00042483962568447725
1.377688844422211 0.00042515950921937146
1.3781890945472737 0.00042548433882005557
1.378689344672336 0.0004258152709722763
1.3791895947973987 0.00042615519949561496
1.3796898449224613 0.0004265058942178905
1.3801900950475237 0.0004268674017744519
1.3806903451725863 0.00042723977023625536
1.3811905952976489 0.00042762608345500074
1.3816908454227113 0.0004280264467014719
1.3821910955477739 0.0004284358554768071
1.3826913456728365 0.00042885227777705816
1.3831915957978989 0.00042927574495990085
1.3836918459229615 0.00042970429086717983
1.3841920960480238 0.0004301329618114303
1.3846923461730865 0.00043055877180557794
1.385192596298149 0.0004309816961502751
1.3856928464232117 0.0004314017102874119
1.386193096548274 0.00043181868371013955
1.3866933466733367 0.00043222903403070535
1.387193596798399 0.00043263302498399965
1.3876938469234616 0.0004330371343760966
1.3881940970485243 0.0004334441034357371
1.3886943471735869 0.00043385614750128315
1.3891945972986492 0.00043427873961099676
1.3896948474237119 0.000434715158347663
1.3901950975487742 0.00043516545240599846
1.3906953476738368 0.00043562967157323153
1.3911955977988995 0.0004361078667392317
1.391695847923962 0.0004366008901172605
1.3921960980490244 0.0004371138532485408
1.392696348174087 0.00043764998366623985
1.3931965982991494 0.0004382061239055245
1.393696848424212 0.00043877726564647905
1.3941970985492746 0.0004393562998004763
1.3946973486743373 0.00043993901602316015
1.3951975987993996 0.00044052539584994
1.3956978489244622 0.00044111542039093935
1.3961980990495246 0.0004417090703321812
1.3966983491745872 0.00044230647908710734
1.3971985992996498 0.00044290755884548067
1.3976988494247125 0.00044350867359141253
1.3981990995497748 0.00044410622722963414
1.3986993496748374 0.00044470076556625586
1.3991995997998998 0.0004452982433989488
1.3996998499249624 0.0004459039199419422
1.400200100050025 0.0004465178625257691
1.4007003501750876 0.0004471401399858511
1.40120060030015 0.00044777082268673753
1.4017008504252126 0.00044840998416765306
1.402201100550275 0.00044905770218701664
1.4027013506753376 0.000449713834825933
1.4032016008004002 0.0004503763295078544
1.4037018509254626 0.00045104228450425357
1.4042021010505252 0.000451710697820958
1.4047023511755878 0.0004523821770259007
1.4052026013006502 0.00045305732353628493
1.4057028514257128 0.00045373617945303673
1.4062031015507754 0.00045441878739392
1.4067033516758378 0.0004551045352684025
1.4072036018009004 0.0004557917656203382
1.407703851925963 0.0004564794619438997
1.4082041020510254 0.0004571676729511791
1.408704352176088 0.0004578537101103234
1.4092046023011506 0.00045853011120698044
1.409704852426213 0.00045919164863567183
1.4102051025512756 0.00045983694961616644
1.410705352676338 0.0004604650757712269
1.4112056028014006 0.00046107591762529934
1.4117058529264632 0.00046166981673086084
1.4122061030515258 0.0004622478172539566
1.4127063531765882 0.00046281052529000276
1.4132066033016508 0.00046335785589338304
1.4137068534267132 0.000463891145307276
1.4142071035517758 0.0004644140447256747
1.4147073536768384 0.00046492884152741864
1.415207603801901 0.0004654355305101922
1.4157078539269634 0.0004659328437938779
1.416208104052026 0.0004664194065366599
1.4167083541770884 0.0004668937321573046
1.417208604302151 0.0004673523905837803
1.4177088544272136 0.00046779327392901054
1.4182091045522762 0.0004682163057537483
1.4187093546773386 0.0004686279184961214
1.4192096048024012 0.000469042969253941
1.4197098549274636 0.00046947255543598266
1.4202101050525262 0.0004699201901186719
1.4207103551775888 0.00047038673070070496
1.4212106053026514 0.0004708722684547252
1.4217108554277138 0.00047137923175756617
1.4222111055527764 0.0004719135943083924
1.4227113556778388 0.000472479047570091
1.4232116058029014 0.00047307580880323954
1.423711855927964 0.0004736937789520533
1.4242121060530266 0.00047430971466373917
1.424712356178089 0.0004749105168816725
1.4252126063031516 0.0004754919304928558
1.425712856428214 0.00047604671720862587
1.4262131065532766 0.0004765717575338455
1.4267133566783392 0.000477064260911833
1.4272136068034016 0.00047751924991233836
1.4277138569284642 0.00047793446423520535
1.4282141070535268 0.0004783098165789057
1.4287143571785892 0.00047865290442275266
1.4292146073036518 0.0004789810001117665
1.4297148574287144 0.0004793036860757422
1.4302151075537768 0.0004796209588622278
1.4307153576788394 0.00047993400682292336
1.431215607803902 0.00048024632769403145
1.4317158579289644 0.0004805637189284017
1.432216108054027 0.00048089466698709906
1.4327163581790896 0.000481243115862091
1.433216608304152 0.000481606251423741
1.4337168584292146 0.0004819767786664095
1.434217108554277 0.0004823423999608884
1.4347173586793396 0.0004826963295798411
1.4352176088044022 0.0004830385236620816
1.4357178589294648 0.000483368938485106
1.4362181090545272 0.00048368771538279164
1.4367183591795898 0.0004839938286117204
1.4372186093046522 0.000484279924545757
1.4377188594297148 0.00048453977235372923
1.4382191095547774 0.0004847761564545598
1.43871935967984 0.0004849997238849421
1.4392196098049024 0.00048521955201806885
1.439719859929965 0.0004854369015890044
1.4402201100550274 0.00048565175152531147
1.44072036018009 0.00048586408101312884
1.4412206103051526 0.00048607386950291786
1.4417208604302152 0.0004862823330214737
1.4422211105552776 0.0004864908097293146
1.4427213606803402 0.00048669880233481646
1.4432216108054026 0.00048690484502711124
1.4437218609304652 0.0004871070786441915
1.4442221110555278 0.0004873042853543289
1.4447223611805904 0.0004874947485107496
1.4452226113056528 0.000487676952063916
1.4457228614307154 0.00048785086877516407
1.4462231115557778 0.0004880164722181553
1.4467233616808404 0.0004881777571306397
1.447223611805903 0.0004883441244233464
1.4477238619309656 0.0004885214540041383
1.448224112056028 0.000488711138967993
1.4487243621810906 0.0004889167263668261
1.449224612306153 0.0004891438778615336
1.4497248624312156 0.0004893956619294336
1.4502251125562782 0.0004896708910700073
1.4507253626813406 0.0004899666181287534
1.4512256128064032 0.0004902811746094842
1.4517258629314658 0.0004906130452975491
1.4522261130565282 0.0004909585918420621
1.4527263631815908 0.0004913157699156606
1.4532266133066534 0.0004916846474382005
1.4537268634317158 0.0004920645046726192
1.4542271135567784 0.0004924523627310113
1.454727363681841 0.0004928460112389835
1.4552276138069034 0.0004932454827395262
1.455727863931966 0.0004936508102994299
1.4562281140570286 0.0004940625479161679
1.456728364182091 0.0004944741178359847
1.4572286143071536 0.0004948688508086465
1.457728864432216 0.0004952371117949338
1.4582291145572785 0.0004955787506762617
1.4587293646823412 0.0004958926793515811
1.4592296148074038 0.0004961767937317164
1.4597298649324661 0.0004964299604445061
1.4602301150575288 0.000496652073858493
1.4607303651825911 0.0004968430175393721
1.4612306153076537 0.0004970026870601224
1.4617308654327164 0.0004971426334925133
1.462231115557779 0.0004972899214821365
1.4627313656828413 0.0004974601544459477
1.463231615807904 0.0004976535030450332
1.4637318659329663 0.0004978737328456756
1.464232116058029 0.0004981286001379937
1.4647323661830915 0.0004984222086094506
1.4652326163081542 0.0004987529337272103
1.4657328664332165 0.0004991190473575311
1.4662331165582791 0.0004995206223656733
1.4667333666833415 0.0004999491559666202
1.4672336168084041 0.0005003853189025081
1.4677338669334667 0.0005008183209220054
1.4682341170585294 0.0005012470224698917
1.4687343671835917 0.0005016622721122558
1.4692346173086543 0.0005020474411117666
1.4697348674337167 0.000502393866774749
1.4702351175587793 0.0005027013564092395
1.470735367683842 0.0005029709217837876
1.4712356178089045 0.0005032055334755609
1.471735867933967 0.0005034132493823035
1.4722361180590295 0.0005036078036082688
1.472736368184092 0.0005037967292608937
1.4732366183091545 0.0005039800045547599
1.4737368684342171 0.0005041649817415116
1.4742371185592795 0.0005043666201765606
1.4747373686843421 0.0005045925555476546
1.4752376188094047 0.0005048428687834393
1.4757378689344671 0.0005051176471034261
1.4762381190595297 0.0005054137512546939
1.4767383691845923 0.0005057194919666624
1.4772386193096547 0.0005060249941791547
1.4777388694347173 0.0005063288955968815
1.47823911955978 0.0005066312041733633
1.4787393696848423 0.0005069334399160538
1.479239619809905 0.000507238661056958
1.4797398699349675 0.0005075485037228464
1.48024012006003 0.0005078633522603051
1.4807403701850925 0.0005081835175748794
1.481240620310155 0.0005085099931873412
1.4817408704352175 0.0005088448915055085
1.4822411205602801 0.0005091896041965669
1.4827413706853427 0.0005095460150914896
1.4832416208104051 0.0005099157994202894
1.4837418709354677 0.0005102947820947414
1.48424212106053 0.0005106745281496364
1.4847423711855927 0.0005110508136417136
1.4852426213106553 0.000511423626450506
1.485742871435718 0.0005117928928052503
1.4862431215607803 0.0005121583376854924
1.486743371685843 0.0005125167932084268
1.4872436218109053 0.0005128618963566772
1.487743871935968 0.0005131902011254673
1.4882441220610305 0.0005135030033731132
1.4887443721860931 0.0005138002161146367
1.4892446223111555 0.0005140771680867218
1.4897448724362181 0.000514330555448811
1.4902451225612805 0.000514560265699488
1.490745372686343 0.000514766192911862
1.4912456228114057 0.000514948237819358
1.4917458729364683 0.0005151085649221782
1.4922461230615307 0.0005152515310776532
1.4927463731865933 0.0005153792556956237
1.4932466233116557 0.0005154916904328365
1.4937468734367183 0.0005155917829759645
1.494247123561781 0.000515684786024157
1.4947473736868435 0.0005157727045173697
1.495247623811906 0.0005158552555416968
1.4957478739369685 0.0005159324255614751
1.496248124062031 0.0005160042012455893
1.4967483741870935 0.0005160716264635528
1.497248624312156 0.0005161369070802996
1.4977488744372185 0.0005162012553276521
1.498249124562281 0.0005162651330089598
1.4987493746873437 0.0005163319808940801
1.499249624812406 0.0005164076757839538
1.4997498749374687 0.0005164950748778633
1.5002501250625313 0.000516593370883779
1.500750375187594 0.0005167016427287766
1.5012506253126563 0.0005168198093806703
1.5017508754377187 0.000516943786615924
1.5022511255627813 0.000517065053918866
1.502751375687844 0.0005171791801640333
1.5032516258129065 0.0005172861442099156
1.503751875937969 0.000517381499358058
1.5042521260630315 0.0005174572574684739
1.5047523761880939 0.0005175098387223782
1.5052526263131565 0.0005175391865901716
1.505752876438219 0.0005175452980738756
1.5062531265632817 0.0005175293255091667
1.506753376688344 0.0005175012696202056
1.5072536268134067 0.0005174793607747097
1.507753876938469 0.000517472970868214
1.5082541270635317 0.000517482128673862
1.5087543771885943 0.000517510244254565
1.509254627313657 0.0005175637710814556
1.5097548774387193 0.0005176458059043285
1.5102551275637819 0.000517756959416655
1.5107553776888443 0.0005178979691260355
1.5112556278139069 0.0005180690542435515
1.5117558779389695 0.0005182622193456945
1.512256128064032 0.0005184610950439794
1.5127563781890945 0.0005186573541831496
1.513256628314157 0.0005188509829730978
1.5137568784392195 0.0005190402139384002
1.514257128564282 0.0005192217283758914
1.5147573786893447 0.0005193939493106038
1.5152576288144073 0.0005195568388973744
1.5157578789394697 0.0005197103604354608
1.5162581290645323 0.0005198543627312002
1.5167583791895947 0.0005199869559002448
1.5172586293146573 0.0005201046806850226
1.5177588794397199 0.0005202057281482448
1.5182591295647825 0.0005202896772396806
1.5187593796898449 0.0005203569246964878
1.5192596298149073 0.000520408795674607
1.5197598799399699 0.0005204458871184082
1.5202601300650325 0.00052046816712935
1.520760380190095 0.0005204756064612119
1.5212606303151577 0.0005204681785372099
1.52176088044022 0.0005204504936529372
1.5222611305652824 0.0005204310528189707
1.522761380690345 0.000520412239046534
1.5232616308154077 0.0005203925561341107
1.5237618809404703 0.0005203720071811225
1.5242621310655329 0.0005203507575127568
1.5247623811905953 0.0005203289680306117
1.5252626313156576 0.0005203066375665436
1.5257628814407203 0.0005202837649360082
1.5262631315657829 0.000520260348937967
1.5267633816908455 0.0005202399164667629
1.527263631815908 0.000520229426083422
1.5277638819409705 0.0005202323210633094
1.5282641320660328 0.00052024862707531
1.5287643821910955 0.0005202813858817484
1.529264632316158 0.000520335100570639
1.5297648824412207 0.0005204114059364943
1.530265132566283 0.000520511008846749
1.5307653826913457 0.0005206344931968064
1.531265632816408 0.0005207819375258499
1.5317658829414706 0.0005209502273991366
1.5322661330665333 0.0005211331889172187
1.5327663831915959 0.0005213278263833283
1.5332666333166582 0.0005215341863471605
1.5337668834417209 0.0005217511780657416
1.5342671335667832 0.0005219767816957452
1.5347673836918458 0.000522210803403835
1.5352676338169085 0.0005224543862325013
1.535767883941971 0.000522707921103321
1.5362681340670334 0.0005229709578311383
1.536768384192096 0.0005232398411718996
1.5372686343171584 0.0005235082774159339
1.537768884442221 0.0005237732076500634
1.5382691345672836 0.000524034610566429
1.5387693846923463 0.0005242873629994006
1.5392696348174086 0.0005245222552369041
1.5397698849424712 0.0005247351430345165
1.5402701350675336 0.0005249259314118786
1.5407703851925962 0.000525094064456003
1.5412706353176588 0.0005252371959342721
1.5417708854427215 0.0005253582246349421
1.5422711355677838 0.0005254656806544725
1.5427713856928462 0.0005255633417311397
1.5432716358179088 0.0005256511798816469
1.5437718859429714 0.0005257388188717765
1.544272136068034 0.0005258434385605517
1.5447723861930966 0.0005259726202006172
1.545272636318159 0.0005261264474044751
1.5457728864432214 0.0005263050118867764
1.546273136568284 0.0005265084135497286
1.5467733866933466 0.0005267330967380984
1.5472736368184092 0.0005269734226120378
1.5477738869434718 0.0005272278335149231
1.5482741370685342 0.0005274962725286158
1.5487743871935966 0.0005277693606036265
1.5492746373186592 0.0005280315363998315
1.5497748874437218 0.0005282760493053005
1.5502751375687844 0.0005285028166157155
1.550775387693847 0.0005287117586680883
1.5512756378189094 0.0005289027988828291
1.5517758879439718 0.000529077771851759
1.5522761380690344 0.0005292402026739307
1.552776388194097 0.0005293917237553467
1.5532766383191596 0.000529531926709355
1.5537768884442222 0.000529668898241482
1.5542771385692846 0.0005298186210144026
1.554777388694347 0.0005299887262729918
1.5552776388194096 0.0005301793841088924
1.5557778889444722 0.0005303906872379271
1.5562781390695348 0.0005306227345568942
1.5567783891945972 0.0005308748300157438
1.5572786393196598 0.0005311455874618461
1.5577788894447222 0.000531434419803833
1.5582791395697848 0.0005317414333190986
1.5587793896948474 0.0005320556490828372
1.55927963981991 0.0005323578757740489
1.5597798899449724 0.0005326406900017111
1.560280140070035 0.0005329059730269234
1.5607803901950974 0.000533156443825004
1.56128064032016 0.0005333936342007185
1.5617808904452226 0.0005336175398511333
1.5622811405702852 0.0005338282156955223
1.5627813906953476 0.0005340256522979855
1.5632816408204102 0.0005342097858910722
1.5637818909454726 0.0005343926838324761
1.5642821410705352 0.0005345951897305865
1.5647823911955978 0.0005348261088563587
1.5652826413206604 0.0005350855754634587
1.5657828914457228 0.0005353737499630642
1.5662831415707852 0.0005356915847691953
1.5667833916958478 0.0005360367045989598
1.5672836418209104 0.000536404317853621
1.567783891945973 0.0005367929376000127
1.5682841420710356 0.0005372026957719315
1.568784392196098 0.0005376199818231283
1.5692846423211604 0.0005380213805914596
1.569784892446223 0.0005383970777294692
1.5702851425712856 0.000538746903790786
1.5707853926963482 0.000539070696615063
1.5712856428214108 0.0005393683014641508
1.5717858929464732 0.0005396408539825701
1.5722861430715356 0.00053989011609003
1.5727863931965982 0.0005401150241791485
1.5732866433216608 0.0005403134568522478
1.5737868934467234 0.0005404863756420155
1.574287143571786 0.0005406362536025332
1.5747873936968484 0.0005407640545568744
1.5752876438219108 0.000540869700310743
1.5757878939469734 0.0005409531170740812
1.576288144072036 0.0005410142355079528
1.5767883941970986 0.0005410587198250139
1.5772886443221612 0.0005410968101878295
1.5777888944472236 0.0005411330455233115
1.578289144572286 0.000541167421399278
1.5787893946973486 0.0005412062984467822
1.5792896448224112 0.0005412619574895664
1.5797898949474738 0.0005413403511887612
1.5802901450725362 0.000541441552263125
1.5807903951975988 0.000541565638948447
1.5812906453226612 0.0005417126950544149
1.5817908954477238 0.0005418719791563312
1.5822911455727864 0.0005420242502944202
1.582791395697849 0.0005421610242303403
1.5832916458229114 0.0005422822398880618
1.583791895947974 0.0005423878390126359
1.5842921460730364 0.000542477766203363
1.584792396198099 0.0005425519689457443
1.5852926463231616 0.0005426099039763625
1.5857928964482242 0.0005426506941339171
1.5862931465732866 0.0005426736755568634
1.5867933966983492 0.00054268813668998
1.5872936468234116 0.000542711154019664
1.5877938969484742 0.0005427502299769488
1.5882941470735368 0.0005428054078562375
1.5887943971985994 0.0005428767338987148
1.5892946473236618 0.0005429642573184162
1.5897948974487242 0.0005430680303297289
1.5902951475737868 0.0005431881081763516
1.5907953976988494 0.0005433245491617364
1.591295647823912 0.000543477790840952
1.5917958979489746 0.0005436379494416036
1.592296148074037 0.0005437864982377298
1.5927963981990994 0.0005439151669997706
1.593296648324162 0.0005440238811194226
1.5937968984492246 0.0005441125706801499
1.5942971485742872 0.0005441811705083849
1.5947973986993498 0.000544229620222052
1.5952976488244122 0.0005442578642763487
1.5957978989494745 0.0005442658520067319
1.5962981490745372 0.0005442503477880696
1.5967983991995998 0.0005442184010479887
1.5972986493246624 0.0005441892686809144
1.597798899449725 0.000544171192063434
1.5982991495747874 0.0005441634252109029
1.5987993996998497 0.0005441659846951462
1.5992996498249124 0.0005441788926383683
1.599799899949975 0.0005442021723070614
1.6003001500750376 0.0005442358481202263
1.6008004002001002 0.0005442799456579286
1.6013006503251626 0.0005443344916701981
1.601800900450225 0.000544386196217323
1.6023011505752875 0.000544412171138492
1.6028014007003502 0.0005444027973735757
1.6033016508254128 0.0005443580048244562
1.6038019009504751 0.0005442777186782083
1.6043021510755378 0.0005441609356094703
1.6048024012006001 0.0005440063368171624
1.6053026513256627 0.0005438135595655307
1.6058029014507254 0.0005435826028503411
1.606303151575788 0.0005433170567186958
1.6068034017008503 0.0005430374983428663
1.607303651825913 0.0005427713307018145
1.6078039019509753 0.0005425289586841376
1.608304152076038 0.0005423103673407949
1.6088044022011005 0.0005421155484552172
1.6093046523261632 0.0005419445005501848
1.6098049024512255 0.0005417972288995064
1.6103051525762881 0.0005416742024275466
1.6108054027013505 0.0005415766283400864
1.6113056528264131 0.0005415049026858644
1.6118059029514757 0.0005414570808254109
1.6123061530765384 0.0005414304714356789
1.6128064032016007 0.0005414240015412305
1.6133066533266633 0.0005414377144202063
1.6138069034517257 0.0005414716580199236
1.6143071535767883 0.0005415258849927732
1.614807403701851 0.0005416004527349372
1.6153076538269135 0.000541695423427973
1.615807903951976 0.0005418108640833121
1.6163081540770383 0.0005419468458091161
1.616808404202101 0.0005420972297034095
1.6173086543271635 0.0005422519400953401
1.6178089044522261 0.000542408088851929
1.6183091545772887 0.0005425666903131525
1.6188094047023511 0.0005427277520918277
1.6193096548274135 0.0005428912818321949
1.6198099049524761 0.0005430572872100797
1.6203101550775387 0.0005432257759330564
1.6208104052026013 0.0005433967557406118
1.621310655327664 0.0005435702344043119
1.6218109054527263 0.0005437462197279667
1.6223111555777887 0.0005439247195477984
1.6228114057028513 0.0005441057417326096
1.623311655827914 0.000544288409688907
1.6238119059529765 0.000544471630215242
1.6243121560780391 0.0005446550905864845
1.6248124062031015 0.0005448388865680264
1.625312656328164 0.0005450232163030424
1.6258129064532265 0.0005452080824837932
1.6263131565782891 0.0005453892136546028
1.6268134067033517 0.0005455599595746046
1.6273136568284141 0.0005457179203881925
1.6278139069534767 0.0005458630465375568
1.628314157078539 0.000545995290004178
1.6288144072036017 0.0005461146043273154
1.6293146573286643 0.0005462209704532806
1.629814907453727 0.0005463152314324626
1.6303151575787893 0.0005463982091729684
1.630815407703852 0.0005464697886970637
1.6313156578289143 0.0005465298559533774
1.631815907953977 0.0005465783776467213
1.6323161580790395 0.0005466153221707639
1.6328164082041021 0.0005466406593972748
1.6333166583291645 0.0005466543606888617
1.6338169084542271 0.000546656398911258
1.6343171585792895 0.0005466501477797814
1.634817408704352 0.0005466411212283863
1.6353176588294147 0.0005466314446950477
1.6358179089544773 0.000546621027496821
1.6363181590795397 0.0005466119285110499
1.6368184092046023 0.0005466076949817068
1.6373186593296647 0.0005466104337573056
1.6378189094547273 0.000546621028729075
1.63831915957979 0.0005466396636061601
1.6388194097048525 0.0005466663572406651
1.639319659829915 0.000546701129133955
1.6398199099549773 0.0005467439994415348
1.64032016008004 0.0005467949889780716
1.6408204102051025 0.0005468541192225594
1.641320660330165 0.0005469214123236333
1.6418209104552277 0.0005469968911050319
1.64232116058029 0.000547080686520685
1.6428214107053525 0.0005471732991011972
1.643321660830415 0.0005472751241206113
1.6438219109554777 0.0005473858008282531
1.6443221610805403 0.0005475008358638649
1.644822411205603 0.0005476138019793649
1.6453226613306653 0.0005477223847330361
1.6458229114557277 0.0005478265691589294
1.6463231615807903 0.0005479287688789601
1.646823411705853 0.0005480326320981335
1.6473236618309155 0.0005481393890078618
1.647823911955978 0.0005482490482743617
1.6483241620810405 0.0005483616186506174
1.6488244122061029 0.0005484772363256274
1.6493246623311655 0.0005485964270184525
1.649824912456228 0.0005487195908200197
1.6503251625812907 0.0005488467345122805
1.650825412706353 0.0005489778514055827
1.6513256628314157 0.0005491129400085236
1.651825912956478 0.0005492520124999495
1.6523261630815407 0.0005493950811809447
1.6528264132066033 0.0005495421584757927
1.653326663331666 0.0005496932569329468
1.6538269134567283 0.0005498483892260147
1.6543271635817909 0.0005500075690031667
1.6548274137068533 0.0005501708105321594
1.6553276638319159 0.0005503378304273886
1.6558279139569785 0.0005505072637036253
1.656328164082041 0.0005506779490355696
1.6568284142071035 0.0005508497599724351
1.657328664332166 0.0005510238157996954
1.6578289144572285 0.0005512013731643383
1.658329164582291 0.0005513825339566342
1.6588294147073537 0.0005515673101706371
1.6593296648324163 0.0005517557139081016
1.6598299149574787 0.0005519477573793497
1.6603301650825413 0.0005521434529041438
1.6608304152076037 0.0005523428129125736
1.6613306653326663 0.0005525458499459481
1.6618309154577289 0.0005527526422079847
1.6623311655827915 0.0005529636972909834
1.6628314157078539 0.00055317945920254
1.6633316658329163 0.0005533999439326778
1.6638319159579789 0.0005536259375792564
1.6643321660830415 0.0005538635622854232
1.664832416208104 0.0005541207607607873
1.6653326663331667 0.0005544001758520866
1.665832916458229 0.0005547019036335388
1.6663331665832914 0.000555018807283978
1.666833416708354 0.0005553403679729392
1.6673336668334167 0.0005556632571135254
1.6678339169584793 0.0005559874702901001
1.6683341670835419 0.0005563130029946449
1.6688344172086043 0.0005566399357110791
1.6693346673336666 0.0005569683494393553
1.6698349174587293 0.0005572982401822931
1.6703351675837919 0.0005576296028091935
1.6708354177088545 0.0005579624220830399
1.671335667833917 0.0005582966834170523
1.6718359179589795 0.0005586323821069918
1.6723361680840418 0.0005589695133492649
1.6728364182091044 0.0005593080722408519
1.673336668334167 0.0005596480537792435
1.6738369184592297 0.0005599894528623941
1.674337168584292 0.0005603293522323104
1.6748374187093547 0.0005606632801430398
1.675337668834417 0.0005609889034780739
1.6758379189594796 0.0005613052400584945
1.6763381690845423 0.0005616192657031156
1.6768384192096049 0.0005619413447520738
1.6773386693346672 0.0005622746716325329
1.6778389194597298 0.0005626192784573316
1.6783391695847922 0.0005629752045577248
1.6788394197098548 0.0005633424950526055
1.6793396698349174 0.000563721196036529
1.67983991995998 0.0005641113545898808
1.6803401700850424 0.0005645130187892825
1.680840420210105 0.0005649262377182304
1.6813406703351674 0.0005653510614779818
1.68184092046023 0.0005657879601330011
1.6823411705852926 0.0005662377249947572
1.6828414207103553 0.0005667007318024837
1.6833416708354176 0.0005671770397266257
1.6838419209604802 0.0005676667167553104
1.6843421710855426 0.0005681689402686417
1.6848424212106052 0.0005686814973787751
1.6853426713356678 0.0005692030495585669
1.6858429214607304 0.0005697336228308483
1.6863431715857928 0.0005702700699251306
1.6868434217108552 0.0005708078864551967
1.6873436718359178 0.0005713457173314176
1.6878439219609804 0.0005718835329884655
1.688344172086043 0.0005724213092834319
1.6888444222111056 0.0005729590366367973
1.689344672336168 0.0005734966998776908
1.6898449224612304 0.0005740342690921899
1.690345172586293 0.0005745717142581227
1.6908454227113556 0.0005751101524206069
1.6913456728364182 0.0005756525145486879
1.6918459229614808 0.0005762005929013904
1.6923461730865432 0.0005767543726797536
1.6928464232116056 0.0005773138383975046
1.6933466733366682 0.0005778789738808537
1.6938469234617308 0.0005784497622684811
1.6943471735867934 0.000579026286740373
1.694847423711856 0.00057960867913766
1.6953476738369184 0.000580195721225134
1.6958479239619808 0.0005807860444600175
1.6963481740870434 0.0005813824982330444
1.696848424212106 0.0005819892366856223
1.6973486743371686 0.0005826074613963992
1.697848924462231 0.0005832326080016928
1.6983491745872936 0.0005838582945625898
1.698849424712356 0.0005844827099978979
1.6993496748374186 0.0005851058443013747
1.6998499249624812 0.0005857276874667344
1.7003501750875438 0.0005863482294880328
1.7008504252126062 0.0005869674603600521
1.7013506753376688 0.0005875853700786895
1.7018509254627312 0.0005882011201580907
1.7023511755877938 0.0005888131270965901
1.7028514257128564 0.000589420632596138
1.703351675837919 0.0005900236199955354
1.7038519259629814 0.0005906220726908162
1.704352176088044 0.0005912242541233578
1.7048524262131064 0.0005918441754021515
1.705352676338169 0.0005924876459383767
1.7058529264632316 0.0005931548069020991
1.7063531765882942 0.0005938484979270532
1.7068534267133566 0.0005945726164664931
1.7073536768384192 0.000595328381964646
1.7078539269634816 0.0005961159992155916
1.7083541770885442 0.0005969356842187944
1.7088544272136068 0.0005977876742193754
1.7093546773386694 0.0005986722163469133
1.7098549274637318 0.0005995895578957658
1.7103551775887942 0.0006005399572170517
1.7108554277138568 0.0006015236839161021
1.7113556778389194 0.0006025415011537827
1.711855927963982 0.0006035959748668874
1.7123561780890446 0.0006046892130199503
1.712856428214107 0.0006058215538894049
1.7133566783391694 0.000606993349669671
1.713856928464232 0.0006082049667588025
1.7143571785892946 0.0006094483619622175
1.7148574287143572 0.0006107116651438728
1.7153576788394198 0.0006119913228677806
1.7158579289644822 0.0006132874738222971
1.7163581790895446 0.0006145899515317059
1.7168584292146072 0.0006158846983363998
1.7173586793396698 0.0006171678212710157
1.7178589294647324 0.0006184391284425688
1.718359179589795 0.0006196972051772161
1.7188594297148574 0.0006209386082135026
1.7193596798399198 0.0006221611036422943
1.7198599299649824 0.0006233644759114457
1.720360180090045 0.0006245485121663619
1.7208604302151076 0.0006257130023449461
1.72136068034017 0.0006268577392719316
1.7218609304652326 0.0006279825104758182
1.722361180590295 0.000629085124324395
1.7228614307153576 0.0006301633902365035
1.7233616808404202 0.0006312170984643519
1.7238619309654828 0.0006322460433776629
1.7243621810905452 0.0006332538567724558
1.7248624312156078 0.0006342458258163225
1.7253626813406702 0.0006352238728119029
1.7258629314657328 0.00063618877387826
1.7263631815907954 0.0006371446927853221
1.726863431715858 0.0006380966939341108
1.7273636818409204 0.0006390460647177677
1.727863931965983 0.0006399927897976747
1.7283641820910454 0.0006409368537999699
1.728864432216108 0.000641876991817797
1.7293646823411706 0.0006428099615948754
1.7298649324662332 0.0006437337584856588
1.7303651825912956 0.0006446483449090252
1.7308654327163582 0.000645553683235087
1.7313656828414206 0.000646449735785751
1.7318659329664832 0.000647336464835284
1.7323661830915458 0.0006482158440003067
1.7328664332166084 0.0006490915652511679
1.7333666833416708 0.0006499653214485064
1.7338669334667332 0.0006508371000290204
1.7343671835917958 0.0006517032487915607
1.7348674337168584 0.000652558625130315
1.735367683841921 0.0006534016946268173
1.7358679339669836 0.0006542373848034186
1.736368184092046 0.0006550739992136249
1.7368684342171083 0.0006559153089549602
1.737368684342171 0.000656761745771
1.7378689344672336 0.0006576132941972246
1.7383691845922962 0.0006584699383242653
1.7388694347173588 0.0006593316617975876
1.7393696848424212 0.0006601962865525388
1.7398699349674835 0.0006610597755929231
1.7403701850925462 0.0006619202414994739
1.7408704352176088 0.0006627776432434059
1.7413706853426714 0.0006636319398666504
1.741870935467734 0.0006644830904873163
1.7423711855927964 0.0006653310543051652
1.7428714357178587 0.0006661737337716318
1.7433716858429213 0.0006670090086658125
1.743871935967984 0.000667836812135466
1.7443721860930466 0.0006686537462189092
1.744872436218109 0.0006694551132691645
1.7453726863431716 0.0006702395397123204
1.745872936468234 0.0006710069214149824
1.7463731865932965 0.0006717580250362764
1.7468734367183592 0.0006724942372735345
1.7473736868434218 0.0006732160831051219
1.7478739369684841 0.0006739234774140162
1.7483741870935467 0.0006746163369981422
1.7488744372186091 0.0006752945805978072
1.7493746873436717 0.0006759576016650552
1.7498749374687343 0.0006766028401145849
1.750375187593797 0.0006772282601013776
1.7508754377188593 0.0006778337804112298
1.751375687843922 0.0006784193226279089
1.7518759379689843 0.0006789848111604986
1.752376188094047 0.0006795301732697694
1.7528764382191095 0.0006800553390935618
1.7533766883441722 0.0006805609563264192
1.7538769384692345 0.0006810489092052267
1.7543771885942971 0.0006815327244286224
1.7548774387193595 0.0006820292120686249
1.7553776888444221 0.000682542878915374
1.7558779389694847 0.0006830737851338148
1.7563781890945473 0.0006836220753650216
1.7568784392196097 0.0006841897079396509
1.7573786893446721 0.0006847785623731482
1.7578789394697347 0.0006853887070794382
1.7583791895947973 0.0006860202131363957
1.75887943971986 0.0006866731543071649
1.7593796898449225 0.0006873476070623429
1.759879939969985 0.0006880436506030427
1.7603801900950473 0.0006887606373013358
1.76088044022011 0.0006894949368528021
1.7613806903451725 0.0006902436420102787
1.7618809404702351 0.0006910068270134282
1.7623811905952977 0.0006917845680303149
1.7628814407203601 0.0006925769431793492
1.7633816908454225 0.0006933835771419436
1.7638819409704851 0.0006942036149268558
1.7643821910955477 0.0006950322305129306
1.7648824412206103 0.0006958635232214629
1.765382691345673 0.0006966959888805931
1.7658829414707353 0.0006975296372790626
1.7663831915957977 0.0006983651603803433
1.7668834417208603 0.0006992034428544275
1.767383691845923 0.0007000446916486355
1.7678839419709855 0.0007008904955744504
1.768384192096048 0.0007017424984794372
1.7688844422211105 0.0007026007792163777
1.769384692346173 0.0007034653674501368
1.7698849424712355 0.0007043362931474203
1.7703851925962981 0.0007052114529263932
1.7708854427213607 0.0007060869235439629
1.771385692846423 0.0007069609054620596
1.7718859429714857 0.0007078334086692245
1.772386193096548 0.0007087044431422118
1.7728864432216107 0.0007095740188464679
1.7733866933466733 0.0007104421457366108
1.773886943471736 0.0007113088337569129
1.7743871935967983 0.0007121725040001804
1.774887443721861 0.0007130294121731843
1.7753876938469233 0.0007138766338977305
1.775887943971986 0.0007147133886128825
1.7763881940970485 0.0007155409136757353
1.7768884442221111 0.0007163607842176992
1.7773886943471735 0.0007171756028174541
1.777888944472236 0.0007179896121374199
1.7783891945972985 0.0007188047790409009
1.778889444722361 0.0007196211163243961
1.7793896948474237 0.0007204386368600254
1.7798899449724863 0.0007212573535963883
1.7803901950975487 0.000722077279559433
1.780890445222611 0.000722898427853337
1.7813906953476737 0.0007237208116613934
1.7818909454727363 0.0007245459342888322
1.782391195597799 0.0007253781491928162
1.7828914457228615 0.0007262203340288232
1.783391695847924 0.0007270725281261297
1.7838919459729863 0.0007279347712055116
1.7843921960980489 0.000728806145666213
1.7848924462231115 0.0007296850667554262
1.785392696348174 0.0007305709012684315
1.7858929464732367 0.0007314636759081918
1.786393196598299 0.0007323683510163685
1.7868934467233615 0.0007332911307905566
1.787393696848424 0.0007342333211430938
1.7878939469734867 0.0007351950372786885
1.7883941970985493 0.0007361763971237493
1.788894447223612 0.0007371775213635168
1.7893946973486743 0.0007381907234431666
1.7898949474737367 0.0007392078317601215
1.7903951975987993 0.0007402284659154759
1.7908954477238619 0.0007412526969964447
1.7913956978489245 0.000742279834462205
1.791895947973987 0.0007433078689077815
1.7923961980990495 0.0007443355454309232
1.7928964482241119 0.0007453629220114547
1.7933966983491745 0.0007463900568894178
1.793896948474237 0.0007474170085779801
1.7943971985992997 0.0007484452862070159
1.794897448724362 0.0007494768372276896
1.7953976988494247 0.000750512172125072
1.795897948974487 0.0007515513826346404
1.7963981990995497 0.0007525855863203754
1.7968984492246123 0.0007536056379841303
1.7973986993496749 0.0007546112962292064
1.7978989494747373 0.0007556024623164336
1.7983991995997999 0.0007565798255464531
1.7988994497248623 0.0007575473028459819
1.7993996998499249 0.0007585080440257573
1.7998999499749875 0.0007594619852707429
1.80040020010005 0.0007604090629256791
1.8009004502251125 0.0007613492135041465
1.801400700350175 0.0007622823736976701
1.8019009504752375 0.0007632084803848658
1.8024012006003 0.000764127470640624
1.8029014507253627 0.0007650392817453304
1.8034017008504253 0.0007659438511941207
1.8039019509754877 0.0007668407501054647
1.80440220110055 0.0007677287237130678
1.8049024512256127 0.000768606651689058
1.8054027013506753 0.0007694742323481461
1.8059029514757379 0.0007703296810196117
1.8064032016008005 0.0007711734293621928
1.8069034517258629 0.0007720081169408834
1.8074037018509252 0.0007728341743717381
1.8079039519759879 0.0007736515500382027
1.8084042021010505 0.000774460192508287
1.808904452226113 0.000775260050539937
1.8094047023511757 0.0007760510730864235
1.809904952476238 0.0007768332093017429
1.8104052026013004 0.0007776064085460325
1.810905452726363 0.0007783699634882988
1.8114057028514257 0.000779122189826534
1.8119059529764883 0.0007798620544850484
1.8124062031015509 0.0007805894966800866
1.8129064532266133 0.000781306242176043
1.8134067033516756 0.0007820148463832646
1.8139069534767382 0.0007827160864061157
1.8144072036018009 0.0007834084031219631
1.8149074537268635 0.0007840898339549998
1.815407703851926 0.0007847599246964633
1.8159079539769885 0.0007854186119418407
1.8164082041020508 0.0007860701239044927
1.8169084542271134 0.0007867195714465662
1.817408704352176 0.0007873677969965599
1.8179089544772387 0.0007880147961717052
1.818409204602301 0.0007886664101066809
1.8189094547273637 0.0007893302267812777
1.819409704852426 0.0007900080084253348
1.8199099549774886 0.0007906981683418119
1.8204102051025512 0.0007913960001512915
1.8209104552276139 0.0007920984115590003
1.8214107053526762 0.0007928054166394162
1.8219109554777388 0.000793517029519807
1.8224112056028012 0.0007942332643804764
1.8229114557278638 0.0007949541354550085
1.8234117058529264 0.0007956796570305178
1.823911955977989 0.0007964098434478942
1.8244122061030514 0.0007971388288409183
1.824912456228114 0.0007978592725049938
1.8254127063531764 0.0007985691566128123
1.825912956478239 0.0007992621498480556
1.8264132066033016 0.0007999286139457089
1.8269134567283642 0.0008005639091446862
1.8274137068534266 0.00080117573674536
1.8279139569784892 0.000801773025880982
1.8284142071035516 0.000802356178097543
1.8289144572286142 0.0008029251037315605
1.8294147073536768 0.0008034797153801572
1.8299149574787394 0.000804019927936937
1.8304152076038018 0.000804545658627002
1.8309154577288642 0.0008050568270410802
1.8314157078539268 0.0008055533551687447
1.8319159579789894 0.0008060351674306891
1.832416208104052 0.0008065021907100428
1.8329164582291146 0.000806957184507603
1.833416708354177 0.0008074085121568903
1.8339169584792394 0.0008078617241608377
1.834417208604302 0.0008083274334777611
1.8349174587293646 0.0008088166718696461
1.8354177088544272 0.000809329854939843
1.8359179589794898 0.0008098670371009491
1.8364182091045522 0.0008104330218873285
1.8369184592296146 0.0008110334459012344
1.8374187093546772 0.0008116692189983945
1.8379189594797398 0.0008123404518893323
1.8384192096048024 0.0008130472605587835
1.838919459729865 0.0008137897663099833
1.8394197098549274 0.0008145680958110044
1.8399199599799898 0.000815382381143179
1.8404202101050524 0.0008162229312886966
1.840920460230115 0.0008170712857573025
1.8414207103551776 0.000817918771999405
1.84192096048024 0.0008187658418336166
1.8424212106053026 0.0008196129585770873
1.842921460730365 0.0008204601924921676
1.8434217108554276 0.0008213076040233329
1.8439219609804902 0.0008221552538580126
1.8444222111055528 0.0008230005947794522
1.8449224612306152 0.0008238405041854889
1.8454227113556778 0.000824674452486439
1.8459229614807402 0.0008255024621204312
1.8464232116058028 0.0008263320167707441
1.8469234617308654 0.000827171828285679
1.847423711855928 0.0008280231891374617
1.8479239619809904 0.0008288932037565926
1.848424212106053 0.0008297925523621583
1.8489244622311154 0.0008307256878250818
1.849424712356178 0.0008316945881703976
1.8499249624812406 0.0008327005433294256
