1.1000500250125063 0.0001701642066777277
1.1005502751375689 0.000170287395396058
1.1010505252626313 0.00017041146810666788
1.1015507753876939 0.00017053720682919639
1.1020510255127565 0.00017066541666674727
1.1025512756378189 0.00017079612532923182
1.1030515257628815 0.00017092953891730708
1.103551775887944 0.00017106639671631357
1.1040520260130064 0.00017120608986712064
1.104552276138069 0.0001713474703346494
1.1050525262631314 0.00017149053498702858
1.105552776388194 0.00017163528052566797
1.1060530265132567 0.00017178135928189877
1.1065532766383193 0.00017192820173084992
1.1070535267633816 0.00017207628654578318
1.1075537768884443 0.0001722262606693922
1.1080540270135066 0.00017237801582670564
1.1085542771385692 0.00017253185371758075
1.1090545272636319 0.00017269067110768202
1.1095547773886942 0.00017285702791681388
1.1100550275137568 0.0001730309521306211
1.1105552776388194 0.0001732129685173329
1.1110555277638818 0.00017340395345287214
1.1115557778889444 0.00017360449845682863
1.112056028014007 0.00017381739437737466
1.1125562781390694 0.00017404542355339755
1.113056528264132 0.00017428883784394376
1.1135567783891946 0.00017454732176022311
1.114057028514257 0.000174817849778014
1.1145572786393196 0.00017509776502402154
1.1150575287643822 0.00017538296871446988
1.1155577788894446 0.00017566655217414955
1.1160580290145072 0.00017594572687456463
1.1165582791395698 0.00017621976278673143
1.1170585292646322 0.00017648644457260963
1.1175587793896948 0.00017674426830695307
1.1180590295147574 0.00017699320351789082
1.1185592796398198 0.0001772333495036105
1.1190595297648824 0.00017746565745682994
1.119559779889945 0.00017769631841682863
1.1200600300150074 0.00017793472000340172
1.12056028014007 0.00017818502683925838
1.1210605302651326 0.0001784478597410381
1.121560780390195 0.00017872358185427742
1.1220610305152576 0.00017901082281791264
1.1225612806403202 0.00017930835039189574
1.1230615307653826 0.00017961619270611721
1.1235617808904452 0.00017993453654412006
1.1240620310155078 0.00018026264146725197
1.1245622811405702 0.0001805977562427804
1.1250625312656328 0.0001809377443777768
1.1255627813906954 0.00018128172647885726
1.1260630315157578 0.00018162912767995343
1.1265632816408204 0.00018197997477035458
1.127063531765883 0.00018233436798554352
1.1275637818909454 0.00018269239950511573
1.128064032016008 0.00018305408905713708
1.1285642821410704 0.0001834193731233272
1.129064532266133 0.0001837853342059724
1.1295647823911956 0.00018414817538015978
1.1300650325162582 0.00018450584020763427
1.1305652826413206 0.00018485718503672452
1.1310655327663832 0.00018520214900167144
1.1315657828914456 0.00018554084734187702
1.1320660330165082 0.00018587471404472283
1.1325662831415708 0.0001862050244492112
1.1330665332666334 0.00018653117529492856
1.1335667833916958 0.00018685152262332038
1.1340670335167584 0.00018716794318133335
1.1345672836418208 0.00018748368934204648
1.1350675337668834 0.00018779907729072563
1.135567783891946 0.00018811411491915616
1.1360680340170084 0.00018842881012772435
1.136568284142071 0.00018874276159972032
1.1370685342671336 0.00018905262148319105
1.137568784392196 0.0001893554670797823
1.1380690345172586 0.00018965170457869304
1.1385692846423212 0.00018994132923978323
1.1390695347673836 0.000190224453719131
1.1395697848924462 0.00019050156366758048
1.1400700350175088 0.00019077263200932372
1.1405702851425712 0.00019103763213453926
1.1410705352676338 0.00019129653790527577
1.1415707853926964 0.00019154978200773
1.1420710355177588 0.00019180094750260532
1.1425712856428214 0.00019205316640304054
1.143071535767884 0.00019231081302000893
1.1435717858929464 0.00019258128770876986
1.144072036018009 0.00019286783619054177
1.1445722861430716 0.00019317072243779112
1.145072536268134 0.00019349001173739309
1.1455727863931966 0.0001938257720640346
1.1460730365182592 0.00019417807410924655
1.1465732866433216 0.0001945468408810182
1.1470735367683842 0.00019493140808101388
1.1475737868934468 0.00019532580264662637
1.1480740370185092 0.00019572036969601924
1.1485742871435718 0.00019611052264358934
1.1490745372686344 0.00019649407447688
1.1495747873936968 0.00019686916823281642
1.1500750375187594 0.000197235767889309
1.150575287643822 0.00019759383772845809
1.1510755377688844 0.0001979433423412733
1.151575787893947 0.00019828400308218838
1.1520760380190094 0.00019861631309509636
1.152576288144072 0.0001989429613009195
1.1530765382691346 0.0001992658687245394
1.1535767883941972 0.00019958474144849341
1.1540770385192596 0.00019989797967959004
1.1545772886443222 0.00020020423191930217
1.1550775387693846 0.00020050344530377393
1.1555777888944472 0.00020079556841264804
1.1560780390195098 0.00020108053080844358
1.1565782891445724 0.0002013580598868199
1.1570785392696348 0.0002016312690654664
1.1575787893946974 0.00020190350914922074
1.1580790395197598 0.0002021747857637442
1.1585792896448224 0.0002024459770689672
1.159079539769885 0.00020272216388951252
1.1595797898949474 0.0002030075945177447
1.16008004002001 0.00020330234261763412
1.1605802901450726 0.00020360648543286925
1.161080540270135 0.000203919754241909
1.1615807903951976 0.00020424252153516064
1.1620810405202602 0.00020457254081318276
1.1625812906453226 0.00020490689669593493
1.1630815407703852 0.00020524562966289702
1.1635817908954478 0.00020558835155893885
1.1640820410205102 0.00020593267394965884
1.1645822911455728 0.0002062766129801988
1.1650825412706354 0.00020662016957508105
1.1655827913956978 0.00020696429680331244
1.1660830415207604 0.00020731180720432726
1.166583291645823 0.00020766438943311885
1.1670835417708854 0.00020802085893082924
1.167583791895948 0.00020838020122556603
1.1680840420210106 0.00020874241656344304
1.168584292146073 0.00020910747181036835
1.1690845422711356 0.0002094751840281028
1.1695847923961982 0.00020984540138552346
1.1700850425212606 0.00021021812024849166
1.1705852926463232 0.00021059205087867045
1.1710855427713858 0.00021096571329079744
1.1715857928964482 0.00021133886583743147
1.1720860430215108 0.0002117112153314167
1.1725862931465734 0.00021208250937324217
1.1730865432716358 0.0002124527290328372
1.1735867933966984 0.00021282104150163598
1.174087043521761 0.00021318306285813177
1.1745872936468233 0.0002135351806962692
1.175087543771886 0.000213877245191399
1.1755877938969483 0.00021420941082481499
1.176088044022011 0.00021453189872610348
1.1765882941470736 0.0002148450423230219
1.1770885442721362 0.00021515130190299665
1.1775887943971985 0.00021545274929792472
1.1780890445222612 0.0002157493459527725
1.1785892946473235 0.00021604303048972494
1.1790895447723861 0.0002163440645905826
1.1795897948974488 0.00021666087258583058
1.1800900450225114 0.00021699355928098157
1.1805902951475737 0.00021734215647731947
1.1810905452726363 0.00021770675443952528
1.1815907953976987 0.00021808776886074794
1.1820910455227613 0.00021848712946311542
1.182591295647824 0.0002189064915028053
1.1830915457728866 0.00021934602508124525
1.183591795897949 0.000219803923368749
1.1840920460230115 0.00022027026861670568
1.184592296148074 0.0002207373824613273
1.1850925462731365 0.00022120562639887245
1.1855927963981991 0.00022167498965432677
1.1860930465232615 0.00022214546100306543
1.1865932966483241 0.00022261601143070162
1.1870935467733867 0.0002230806989144537
1.1875937968984491 0.00022353452795562212
1.1880940470235117 0.0002239773727506549
1.1885942971485743 0.0002244101128929017
1.1890945472736367 0.00022483860654386802
1.1895947973986993 0.00022526795234172994
1.190095047523762 0.00022569823821820404
1.1905952976488243 0.0002261293674043659
1.191095547773887 0.00022656131592314186
1.1915957978989495 0.00022699456273090352
1.192096048024012 0.00022743193055501683
1.1925962981490745 0.00022787576818845235
1.1930965482741371 0.00022832609956003195
1.1935967983991995 0.0002287812495079778
1.1940970485242621 0.000229234658263907
1.1945972986493247 0.00022968129814253234
1.1950975487743871 0.00023012099642425525
1.1955977988994497 0.00023055370544043148
1.1960980490245123 0.00023097937829533839
1.1965982991495747 0.00023139800776071493
1.1970985492746373 0.00023180976243065824
1.1975987993997 0.00023221477477067498
1.1980990495247623 0.00023261300423018465
1.198599299649825 0.00023300575792956543
1.1990995497748873 0.00023339449683759927
1.19959979989995 0.00023377941734882782
1.2001000500250125 0.0002341605667506655
1.2006003001500751 0.000234537912347579
1.2011005502751375 0.00023491142186151417
1.2016008004002001 0.00023528201101288823
1.2021010505252625 0.0002356547256216949
1.2026013006503251 0.00023603370421641258
1.2031015507753877 0.00023641860495497014
1.2036018009004503 0.00023680905447146804
1.2041020510255127 0.00023720658283346016
1.2046023011505753 0.00023761268072364857
1.2051025512756377 0.00023802732697320362
1.2056028014007003 0.0002384505932706816
1.206103051525763 0.00023888255367655599
1.2066033016508255 0.00023932098060198696
1.207103551775888 0.00023975393211723978
1.2076038019009505 0.00024017165400408536
1.208104052026013 0.00024057419905195037
1.2086043021510755 0.00024096178938121698
1.2091045522761381 0.00024133488232943454
1.2096048024012005 0.00024169378123041878
1.210105052526263 0.00024203840295561105
1.2106053026513257 0.0002423686687365038
1.211105552776388 0.00024268450421865688
1.2116058029014507 0.00024298814413122597
1.2121060530265133 0.00024329123461438803
1.2126063031515757 0.00024360318766909698
1.2131065532766383 0.00024392405510270733
1.213606803401701 0.00024425353980903964
1.2141070535267633 0.00024459012453752134
1.214607303651826 0.00024493263400325664
1.2151075537768885 0.0002452811091567673
1.215607803901951 0.0002456355921032295
1.2161080540270135 0.0002459961261185341
1.216608304152076 0.0002463616097007792
1.2171085542771385 0.00024672640989956965
1.217608804402201 0.00024708625478191425
1.2181090545272637 0.0002474414519933197
1.218609304652326 0.0002477921598403677
1.2191095547773887 0.00024813888471911255
1.2196098049024513 0.00024848202818592556
1.2201100550275137 0.00024882157115128564
1.2206103051525763 0.00024915749473088003
1.221110555277639 0.00024948978024848457
1.2216108054027013 0.0002498191318213238
1.222111055527764 0.0002501490469355566
1.2226113056528263 0.00025048245401838713
1.2231115557778889 0.0002508195051601165
1.2236118059029515 0.00025116062783206704
1.224112056028014 0.0002515068350321112
1.2246123061530765 0.0002518587409631192
1.225112556278139 0.00025221637919808286
1.2256128064032015 0.0002525797841088683
1.226113056528264 0.00025294899087613767
1.2266133066533267 0.0002533240736999224
1.2271135567783893 0.00025370516860958805
1.2276138069034517 0.0002540922919737391
1.2281140570285143 0.00025448540068340967
1.2286143071535767 0.0002548833656235004
1.2291145572786393 0.0002552835032377103
1.2296148074037019 0.0002556842841001037
1.2301150575287645 0.00025608572088681056
1.2306153076538269 0.00025648782635569997
1.2311155577788895 0.00025689061334791517
1.2316158079039519 0.00025729350743161335
1.2321160580290145 0.0002576941762330863
1.232616308154077 0.00025809094645193716
1.2331165582791395 0.0002584838875508524
1.233616808404202 0.00025887368889250523
1.2341170585292647 0.0002592625031702829
1.234617308654327 0.0002596517854444508
1.2351175587793897 0.0002600415396906473
1.2356178089044523 0.00026043176990548804
1.2361180590295147 0.000260822480106754
1.2366183091545773 0.00026121350918809484
1.2371185592796399 0.00026160423758661127
1.2376188094047023 0.0002619942047313577
1.2381190595297649 0.0002623834042030308
1.2386193096548275 0.0002627714258090293
1.2391195597798899 0.0002631570911485408
1.2396198099049525 0.00026353961716032954
1.240120060030015 0.00026391898269305917
1.2406203101550775 0.00026429516673216665
1.24112056028014 0.00026466814840280867
1.2416208104052027 0.000265038308178988
1.242121060530265 0.0002654074209464224
1.2426213106553277 0.00026577687514385236
1.2431215607803903 0.00026614667511417743
1.2436218109054527 0.0002665167162451948
1.2441220610305153 0.00026688699175124377
1.2446223111555779 0.00026725760488458894
1.2451225612806402 0.0002676285615563031
1.2456228114057029 0.00026799986770739085
1.2461230615307652 0.0002683715293091913
1.2466233116558278 0.000268743425710969
1.2471235617808905 0.00026911495194166524
1.247623811905953 0.00026948562446532073
1.2481240620310154 0.0002698554404890458
1.248624312156078 0.0002702244420228124
1.2491245622811404 0.00027059331013488166
1.249624812406203 0.0002709626879887872
1.2501250625312657 0.0002713325843223729
1.2506253126563283 0.0002717030079259285
1.2511255627813906 0.00027207396764301385
1.2516258129064533 0.00027244503668280047
1.2521260630315156 0.0002728151367882027
1.2526263131565782 0.00027318361922027974
1.2531265632816408 0.0002735504818234536
1.2536268134067035 0.0002739150372808392
1.2541270635317658 0.00027427458001502003
1.2546273136568284 0.0002746270682366545
1.2551275637818908 0.0002749724632833586
1.2556278139069534 0.00027531072712603903
1.256128064032016 0.0002756418223786735
1.2566283141570787 0.0002759669776567714
1.257128564282141 0.00027628916495749887
1.2576288144072036 0.0002766101068124285
1.258129064532266 0.00027692979559217686
1.2586293146573286 0.00027724878988100274
1.2591295647823912 0.0002775688546163298
1.2596298149074536 0.00027789119917656283
1.2601300650325162 0.0002782158347477422
1.2606303151575788 0.0002785427726310609
1.2611305652826412 0.0002788720242439895
1.2616308154077038 0.0002792028133639103
1.2621310655327664 0.0002795327127601703
1.2626313156578288 0.0002798600673185819
1.2631315657828914 0.0002801848613801302
1.263631815907954 0.0002805101887129547
1.2641320660330164 0.00028084746011606827
1.264632316158079 0.0002812050639919659
1.2651325662831416 0.000281583142136249
1.265632816408204 0.0002819818463817064
1.2661330665332666 0.00028240133876815025
1.266633316658329 0.00028284223608909565
1.2671335667833916 0.00028330603393941615
1.2676338169084542 0.0002837938076994986
1.2681340670335168 0.00028430578720046583
1.2686343171585792 0.0002848359577599023
1.2691345672836418 0.0002853628896500803
1.2696348174087042 0.0002858711513639305
1.2701350675337668 0.0002863605445848514
1.2706353176588294 0.00028683087820495403
1.271135567783892 0.00028728196851936103
1.2716358179089544 0.00028771375071508633
1.272136068034017 0.0002881260528323528
1.2726363181590794 0.00028851859826531763
1.273136568284142 0.00028889123308265154
1.2736368184092046 0.0002892469688059689
1.2741370685342672 0.00028959597702935816
1.2746373186593296 0.00028994525268960985
1.2751375687843922 0.00029029469663415945
1.2756378189094546 0.0002906443091757607
1.2761380690345172 0.0002909940906281744
1.2766383191595798 0.0002913439730966148
1.2771385692846424 0.0002916931536444457
1.2776388194097048 0.00029204089017327415
1.2781390695347674 0.00029238717073766876
1.2786393196598298 0.0002927313021281148
1.2791395697848924 0.00029307064441077516
1.279639819909955 0.0002934030134124942
1.2801400700350176 0.00029372815891298975
1.28064032016008 0.0002940460397671091
1.2811405702851426 0.0002943566157265672
1.281640820410205 0.000294660631982049
1.2821410705352676 0.00029496113147777213
1.2826413206603302 0.00029526039228594796
1.2831415707853926 0.00029555840961110173
1.2836418209104552 0.00029585643019648704
1.2841420710355178 0.0002961588470041259
1.2846423211605802 0.0002964693753778742
1.2851425712856428 0.00029678860712981504
1.2856428214107054 0.00029711658907424006
1.2861430715357678 0.00029745336956574117
1.2866433216608304 0.00029779836935327745
1.287143571785893 0.00029814965292164426
1.2876438219109554 0.00029850590220245555
1.288144072036018 0.00029886714785611854
1.2886443221610806 0.0002992321429075193
1.289144572286143 0.0002995966755757861
1.2896448224112056 0.0002999573364185865
1.290145072536268 0.00030031358600157465
1.2906453226613306 0.0003006653285437622
1.2911455727863932 0.0003010125379230641
1.2916458229114558 0.00030135163392427364
1.2921460730365182 0.0003016695462987362
1.2926463231615808 0.00030195667733930024
1.2931465732866432 0.00030221287043125756
1.2936468234117058 0.0003024396188024915
1.2941470735367684 0.00030264211891443857
1.294647323661831 0.00030282381578331105
1.2951475737868934 0.00030298430129802436
1.295647823911956 0.0003031233298740787
1.2961480740370184 0.00030324085756684287
1.296648324162081 0.00030334385619227417
1.2971485742871436 0.00030345647698134024
1.2976488244122062 0.00030359591080742664
1.2981490745372686 0.0003037622192656954
1.2986493246623312 0.00030395443201468786
1.2991495747873936 0.0003041692813172066
1.2996498249124562 0.0003044045460341584
1.3001500750375188 0.0003046606620505404
1.3006503251625814 0.0003049380822171212
1.3011505752876438 0.00030523692508727346
1.3016508254127064 0.0003055538368501989
1.3021510755377688 0.0003058775576758299
1.3026513256628314 0.00030620033132503914
1.303151575787894 0.0003065222563885336
1.3036518259129566 0.00030684244074670767
1.304152076038019 0.0003071580749385952
1.3046523261630816 0.0003074672184886301
1.305152576288144 0.00030776887241103673
1.3056528264132066 0.00030806098356266537
1.3061530765382692 0.00030834245668602203
1.3066533266633318 0.00030861399593765543
1.3071535767883942 0.00030887842691736426
1.3076538269134568 0.0003091380601089675
1.3081540770385192 0.0003093930979551676
1.3086543271635818 0.0003096453613021484
1.3091545772886444 0.00030990054422149333
1.3096548274137068 0.0003101625369457918
1.3101550775387694 0.0003104313821493597
1.310655327663832 0.0003107031705331703
1.3111555777888944 0.0003109736901875517
1.311655827913957 0.00031124130156780867
1.3121560780390196 0.0003115012113972181
1.312656328164082 0.0003117493981803274
1.3131565782891446 0.00031198525746640673
1.313656828414207 0.0003122071957375
1.3141570785392696 0.00031241040007730944
1.3146573286643322 0.0003125915911398298
1.3151575787893948 0.0003127506908713197
1.3156578289144572 0.0003128805349995817
1.3161580790395198 0.0003129603845572555
1.3166583291645821 0.0003129779320720057
1.3171585792896447 0.000312937632047607
1.3176588294147074 0.00031284302367920366
1.31815907953977 0.00031269450582988023
1.3186593296648323 0.0003124928390363772
1.319159579789895 0.00031224036710886325
1.3196598299149573 0.00031193860576454225
1.32016008004002 0.0003115874089507628
1.3206603301650826 0.0003111866249119314
1.3211605802901452 0.00031075415383610645
1.3216608304152075 0.0003103134875777206
1.3221610805402702 0.00030986619172172173
1.3226613306653325 0.0003094084876806218
1.3231615807903951 0.0003089407358425643
1.3236618309154577 0.00030846217456663905
1.3241620810405204 0.000307969954048724
1.3246623311655827 0.000307462196794325
1.3251625812906453 0.00030693892227854117
1.3256628314157077 0.00030640015355867263
1.3261630815407703 0.00030584574520476455
1.326663331665833 0.00030527251170558355
1.3271635817908956 0.00030467985314463575
1.327663831915958 0.0003040701951189895
1.3281640820410205 0.0003034431703522894
1.328664332166083 0.00030279934621785807
1.3291645822911455 0.000302141449536527
1.3296648324162081 0.00030147125934249327
1.3301650825412707 0.0003007887462843391
1.3306653326663331 0.0003000938806872225
1.3311655827913957 0.0002993866325508742
1.3316658329164581 0.00029866984813984665
1.3321660830415207 0.00029795242952366277
1.3326663331665833 0.0002972403981251148
1.3331665832916457 0.0002965347237437863
1.3336668334167083 0.0002958372222306443
1.334167083541771 0.00029514822529676065
1.3346673336668333 0.0002944672285656112
1.335167583791896 0.00029379421419693374
1.3356678339169585 0.000293129165137726
1.336168084042021 0.00029247206512227563
1.3366683341670835 0.0002918210886606128
1.337168584292146 0.000291167865045331
1.3376688344172085 0.0002905037283645044
1.3381690845422711 0.0002898265694586984
1.3386693346673337 0.0002891415869838113
1.3391695847923961 0.0002884562145673043
1.3396698349174587 0.00028777269101072146
1.340170085042521 0.0002870910211156087
1.3406703351675837 0.000286411209694297
1.3411705852926463 0.0002857332615699273
1.341670835417709 0.0002850586681257353
1.3421710855427713 0.00028439196185787335
1.342671335667834 0.0002837405150603451
1.3431715857928963 0.00028311000403044486
1.343671835917959 0.00028250773363545304
1.3441720860430215 0.0002819512688783351
1.3446723361680841 0.00028145229331040224
1.3451725862931465 0.0002810109546170872
1.3456728364182091 0.0002806274020985707
1.3461730865432715 0.00028030178668166864
1.346673336668334 0.00028003348854560713
1.3471735867933967 0.00027982033855346625
1.3476738369184593 0.0002796609379528013
1.3481740870435217 0.00027955846152243015
1.3486743371685843 0.000279516685132938
1.3491745872936467 0.00027951807896454484
1.3496748374187093 0.00027953685906746906
1.350175087543772 0.0002795654662188946
1.3506753376688345 0.00027960392432706607
1.351175587793897 0.00027965225696217596
1.3516758379189595 0.0002797113988806605
1.352176088044022 0.0002797840811076451
1.3526763381690845 0.00027987213313001945
1.353176588294147 0.0002799753447109912
1.3536768384192097 0.00028008540047786345
1.354177088544272 0.00028019432720504674
1.3546773386693347 0.00028030657496348223
1.355177588794397 0.0002804264917555804
1.3556778389194597 0.0002805541024414054
1.3561780890445223 0.00028068943250889576
1.3566783391695847 0.0002808315959585029
1.3571785892946473 0.00028097794893539263
1.35767883941971 0.0002811267470289779
1.3581790895447723 0.0002812779937647002
1.358679339669835 0.0002814329752443806
1.3591795897948975 0.00028160377715635235
1.3596798399199599 0.00028179917868003415
1.3601800900450225 0.0002820128627449289
1.3606803401700849 0.00028224055834527107
1.3611805902951475 0.00028248229982873955
1.36168084042021 0.00028273837981507516
1.3621810905452727 0.00028300957930178685
1.362681340670335 0.00028329642519547057
1.3631815907953977 0.0002835989595889759
1.36368184092046 0.00028391693151201287
1.3641820910455227 0.00028424862725588907
1.3646823411705853 0.00028458563964833567
1.365182591295648 0.0002849238881598223
1.3656828414207103 0.00028526849577260426
1.3661830915457729 0.0002856217035502816
1.3666833416708353 0.00028598243825042017
1.3671835917958979 0.00028634761074372464
1.3676838419209605 0.00028671520005942714
1.368184092046023 0.00028708518255701553
1.3686843421710855 0.00028745777009295525
1.369184592296148 0.00028783355787408745
1.3696848424212105 0.00028821296817716776
1.370185092546273 0.00028859655882968713
1.3706853426713357 0.0002889802647782319
1.3711855927963983 0.00028935807868899296
1.3716858429214607 0.0002897300971355252
1.3721860930465233 0.0002901006293921632
1.3726863431715857 0.00029047246326554366
1.3731865932966483 0.00029084560938678514
1.3736868434217109 0.00029121996447445056
1.3741870935467735 0.0002915952438271082
1.3746873436718359 0.000291971274950235
1.3751875937968985 0.0002923479241592513
1.3756878439219609 0.00029272164330004124
1.3761880940470235 0.0002930858470787126
1.376688344172086 0.00029343671130169214
1.3771885942971487 0.000293772940220982
1.377688844422211 0.00029409387089542684
1.3781890945472737 0.00029439947015228406
1.378689344672336 0.0002946897969643137
1.3791895947973987 0.0002949650537824478
1.3796898449224613 0.0002952253521539827
1.3801900950475237 0.00029547066116280846
1.3806903451725863 0.0002957009497955834
1.3811905952976489 0.0002959163983364638
1.3816908454227113 0.0002961256578150536
1.3821910955477739 0.0002963372601514735
1.3826913456728365 0.00029655127919684787
1.3831915957978989 0.00029676772055246283
1.3836918459229615 0.00029698757059814444
1.3841920960480238 0.0002972133106625243
1.3846923461730865 0.00029744645331543454
1.385192596298149 0.0002976870270959598
1.3856928464232117 0.00029793506140972034
1.386193096548274 0.00029819058653729084
1.3866933466733367 0.00029845684219744373
1.387193596798399 0.000298727092057898
1.3876938469234616 0.0002989913632494513
1.3881940970485243 0.0002992496526636429
1.3886943471735869 0.0002995000450988171
1.3891945972986492 0.00029973776877948203
1.3896948474237119 0.00029995993840714293
1.3901950975487742 0.0003001665036261373
1.3906953476738368 0.0003003574154795424
1.3911955977988995 0.0003005326264231434
1.391695847923962 0.000300692414161475
1.3921960980490244 0.00030083279612106676
1.392696348174087 0.00030095256254796616
1.3931965982991494 0.0003010547716320906
1.393696848424212 0.0003011413177056601
1.3941970985492746 0.0003012169233306581
1.3946973486743373 0.0003012843889007122
1.3951975987993996 0.000301343699708208
1.3956978489244622 0.00030139483999398373
1.3961980990495246 0.0003014377929399131
1.3966983491745872 0.00030147228281132465
1.3971985992996498 0.0003014976149533887
1.3976988494247125 0.0003015147325111999
1.3981990995497748 0.00030152725489894223
1.3986993496748374 0.0003015350856514016
1.3991995997998998 0.00030153252659651463
1.3996998499249624 0.00030151620627194293
1.400200100050025 0.0003014860890877857
1.4007003501750876 0.0003014421411157922
1.40120060030015 0.0003013843301038976
1.4017008504252126 0.0003013127486365656
1.402201100550275 0.00030122768607441255
1.4027013506753376 0.00030112931073823855
1.4032016008004002 0.0003010180473552922
1.4037018509254626 0.00030090625283366463
1.4042021010505252 0.0003008102087629577
1.4047023511755878 0.000300734291118257
1.4052026013006502 0.0003006785404574116
1.4057028514257128 0.0003006430011049215
1.4062031015507754 0.00030062772118064865
1.4067033516758378 0.0003006326544132793
1.4072036018009004 0.00030065760576093525
1.407703851925963 0.00030070248132247024
1.4082041020510254 0.00030076734275998756
1.408704352176088 0.00030085138528421256
1.4092046023011506 0.0003009503118181973
1.409704852426213 0.0003010597786511124
1.4102051025512756 0.00030117892257795585
1.410705352676338 0.00030130778016294895
1.4112056028014006 0.0003014463889998701
1.4117058529264632 0.00030159374301052963
1.4122061030515258 0.0003017472436677102
1.4127063531765882 0.0003019053237940888
1.4132066033016508 0.00030206799765000053
1.4137068534267132 0.00030223213631322643
1.4142071035517758 0.00030239037367352364
1.4147073536768384 0.00030253414922364703
1.415207603801901 0.00030265865881029633
1.4157078539269634 0.0003027633942118651
1.416208104052026 0.0003028482845081224
1.4167083541770884 0.00030291529711873284
1.417208604302151 0.00030296943395697603
1.4177088544272136 0.0003030136832507801
1.4182091045522762 0.00030304801934893607
1.4187093546773386 0.0003030738211082429
1.4192096048024012 0.0003030943160124589
1.4197098549274636 0.0003031113366012061
1.4202101050525262 0.00030313098703535626
1.4207103551775888 0.0003031672801403693
1.4212106053026514 0.0003032284439297036
1.4217108554277138 0.00030331277936431785
1.4222111055527764 0.00030341530062868
1.4227113556778388 0.00030353305355025026
1.4232116058029014 0.0003036660601932997
1.423711855927964 0.0003038188908950217
1.4242121060530266 0.0003040019940733637
1.424712356178089 0.00030422131025670957
1.4252126063031516 0.00030447694406055616
1.425712856428214 0.00030476749121868086
1.4262131065532766 0.00030508814698278436
1.4267133566783392 0.00030543754610893014
1.4272136068034016 0.00030582130592929363
1.4277138569284642 0.0003062431690370373
1.4282141070535268 0.00030670335389737985
1.4287143571785892 0.0003071948544874373
1.4292146073036518 0.0003077014467418893
1.4297148574287144 0.00030821400941827385
1.4302151075537768 0.0003087325200150121
1.4307153576788394 0.00030925695492441807
1.431215607803902 0.00030978697135633385
1.4317158579289644 0.00031031331403994487
1.432216108054027 0.00031082112894704827
1.4327163581790896 0.0003113043219859335
1.433216608304152 0.0003117626388239509
1.4337168584292146 0.0003122015549345734
1.434217108554277 0.000312633588863829
1.4347173586793396 0.0003130656976504158
1.4352176088044022 0.0003134978817595178
1.4357178589294648 0.0003139301416577821
1.4362181090545272 0.00031436247781332536
1.4367183591795898 0.00031479584839991264
1.4372186093046522 0.000315235007671059
1.4377188594297148 0.00031568694347155427
1.4382191095547774 0.0003161584933216999
1.43871935967984 0.00031664955360074696
1.4392196098049024 0.0003171517777160999
1.439719859929965 0.0003176605478569363
1.4402201100550274 0.00031817581967222123
1.44072036018009 0.0003186975471913105
1.4412206103051526 0.00031922568283606587
1.4417208604302152 0.0003197636617975141
1.4422211105552776 0.00032031962644333493
1.4427213606803402 0.00032089778383859315
1.4432216108054026 0.00032149800189363014
1.4437218609304652 0.00032211205289594153
1.4442221110555278 0.00032272842152311247
1.4447223611805904 0.0003233441973258465
1.4452226113056528 0.00032395943477324255
1.4457228614307154 0.0003245741883913842
1.4462231115557778 0.0003251885127800131
1.4467233616808404 0.00032580088484857403
1.447223611805903 0.0003264076885453411
1.4477238619309656 0.0003270068544601432
1.448224112056028 0.00032759849658566833
1.4487243621810906 0.00032817919663612107
1.449224612306153 0.0003287456241733136
1.4497248624312156 0.00032930179918344755
1.4502251125562782 0.000329851536817887
1.4507253626813406 0.0003303948356027293
1.4512256128064032 0.0003309316936929208
1.4517258629314658 0.00033145690987248513
1.4522261130565282 0.00033195853108400054
1.4527263631815908 0.00033242971802577894
1.4532266133066534 0.0003328703098194879
1.4537268634317158 0.0003332820288528363
1.4542271135567784 0.00033366925150145484
1.454727363681841 0.0003340351029051015
1.4552276138069034 0.0003343818122070071
1.455727863931966 0.0003347133898223996
1.4562281140570286 0.00033503213759459574
1.456728364182091 0.00033534625715530295
1.4572286143071536 0.00033567441551100787
1.457728864432216 0.0003360271101458477
1.4582291145572785 0.00033640446110577336
1.4587293646823412 0.0003368045547741238
1.4592296148074038 0.00033722318519072587
1.4597298649324661 0.00033765817201746197
1.4602301150575288 0.0003381107946337368
1.4607303651825911 0.0003385824164198596
1.4612306153076537 0.00033907308139881766
1.4617308654327164 0.00033957629213336336
1.462231115557779 0.00034007772093586704
1.4627313656828413 0.0003405694030041564
1.463231615807904 0.00034105125620428927
1.4637318659329663 0.0003415229462045551
1.464232116058029 0.00034198385954938243
1.4647323661830915 0.0003424336354535067
1.4652326163081542 0.00034287219309151
1.4657328664332165 0.0003432971415516667
1.4662331165582791 0.00034370231345906587
1.4667333666833415 0.00034408813934775284
1.4672336168084041 0.0003444616998278515
1.4677338669334667 0.0003448255100212426
1.4682341170585294 0.0003451792500120119
1.4687343671835917 0.00034552615725272497
1.4692346173086543 0.00034587297280622755
1.4697348674337167 0.0003462232309011983
1.4702351175587793 0.00034657699676950593
1.470735367683842 0.00034693433700179075
1.4712356178089045 0.00034729387423763924
1.471735867933967 0.00034766309415077405
1.4722361180590295 0.0003480540545429587
1.472736368184092 0.0003484700796934691
1.4732366183091545 0.00034891392144135005
1.4737368684342171 0.00034938099736546397
1.4742371185592795 0.00034985650734066563
1.4747373686843421 0.0003503327833420154
1.4752376188094047 0.00035080975772914917
1.4757378689344671 0.00035128736237289204
1.4762381190595297 0.00035176539485983046
1.4767383691845923 0.00035224349494802166
1.4772386193096547 0.0003527208843618776
1.4777388694347173 0.0003531929357284108
1.47823911955978 0.00035365555888337434
1.4787393696848423 0.00035411492694522787
1.479239619809905 0.00035458334829447757
1.4797398699349675 0.0003550669436809877
1.48024012006003 0.00035556577753939156
1.4807403701850925 0.00035607991649598314
1.481240620310155 0.00035660942939144636
1.4817408704352175 0.0003571522880463102
1.4822411205602801 0.0003577040480345569
1.4827413706853427 0.00035826233249850825
1.4832416208104051 0.0003588253521422357
1.4837418709354677 0.00035939156444472764
1.48424212106053 0.0003599640012079948
1.4847423711855927 0.000360545635585855
1.4852426213106553 0.0003611372627565248
1.485742871435718 0.0003617395243682678
1.4862431215607803 0.0003623524989776501
1.486743371685843 0.000362978579412795
1.4872436218109053 0.00036362277404441274
1.487743871935968 0.0003642878253909314
1.4882441220610305 0.0003649739097538904
1.4887443721860931 0.0003656751420984353
1.4892446223111555 0.0003663796957938894
1.4897448724362181 0.00036708177897353683
1.4902451225612805 0.0003677814350727194
1.490745372686343 0.00036847819428587297
1.4912456228114057 0.0003691701587004889
1.4917458729364683 0.0003698561496035442
1.4922461230615307 0.00037053673256632556
1.4927463731865933 0.00037121218944750136
1.4932466233116557 0.00037188248634134407
1.4937468734367183 0.00037254488666061097
1.494247123561781 0.00037319399432618277
1.4947473736868435 0.0003738270726610639
1.495247623811906 0.0003744464861675062
1.4957478739369685 0.0003750549456596473
1.496248124062031 0.0003756526861096675
1.4967483741870935 0.0003762365401479891
1.497248624312156 0.0003768018599398501
1.4977488744372185 0.00037734702947349335
1.498249124562281 0.00037787187666698087
1.4987493746873437 0.00037837986334500305
1.499249624812406 0.0003788779424073457
1.4997498749374687 0.00037936948505872014
1.5002501250625313 0.0003798544212091017
1.500750375187594 0.00038033256864142
1.5012506253126563 0.0003808011013046581
1.5017508754377187 0.00038126560690512266
1.5022511255627813 0.00038174311666280516
1.502751375687844 0.00038224220199231
1.5032516258129065 0.00038276102042404594
1.503751875937969 0.00038330042779480885
1.5042521260630315 0.00038386529538174597
1.5047523761880939 0.00038445807888014743
1.5052526263131565 0.0003850789647192098
1.505752876438219 0.00038572815222403265
1.5062531265632817 0.00038640585380995317
1.506753376688344 0.0003871051126573931
1.5072536268134067 0.0003878118823216316
1.507753876938469 0.00038851917964130366
1.5082541270635317 0.00038922700012697495
1.5087543771885943 0.00038993166620367013
1.509254627313657 0.00039062584431579265
1.5097548774387193 0.00039130581695710775
1.5102551275637819 0.0003919714662525906
1.5107553776888443 0.0003926226779994652
1.5112556278139069 0.00039325934100194936
1.5117558779389695 0.0003938782132052587
1.512256128064032 0.00039447285716341684
1.5127563781890945 0.0003950397699803331
1.513256628314157 0.00039557802323412307
1.5137568784392195 0.0003960894949450721
1.514257128564282 0.0003965790458217872
1.5147573786893447 0.0003970489378230755
1.5152576288144073 0.00039749806673503306
1.5157578789394697 0.00039792511066855097
1.5162581290645323 0.0003983297712202329
1.5167583791895947 0.00039871887692166744
1.5172586293146573 0.00039910613360971106
1.5177588794397199 0.00039949839636707325
1.5182591295647825 0.00039989569523029113
1.5187593796898449 0.0004002971758401924
1.5192596298149073 0.0004007022806075065
1.5197598799399699 0.0004011113298241947
1.5202601300650325 0.0004015243393645891
1.520760380190095 0.0004019413253642674
1.5212606303151577 0.00040236298627724067
1.52176088044022 0.00040279350384008774
1.5222611305652824 0.00040323933027122536
1.522761380690345 0.00040370346413143657
1.5232616308154077 0.00040418598298111534
1.5237618809404703 0.00040468696808398165
1.5242621310655329 0.00040520650455733664
1.5247623811905953 0.0004057440103363551
1.5252626313156576 0.00040629627759576056
1.5257628814407203 0.0004068607680121272
1.5262631315657829 0.00040743757285788626
1.5267633816908455 0.00040802275919966675
1.527263631815908 0.00040860951671047946
1.5277638819409705 0.0004091971060461673
1.5282641320660328 0.0004097876238319955
1.5287643821910955 0.00041038193625905333
1.529264632316158 0.00041098164167338824
1.5297648824412207 0.0004115874916187668
1.530265132566283 0.000412199516655671
1.5307653826913457 0.00041281799766143676
1.531265632816408 0.0004134449736443938
1.5317658829414706 0.00041407950049813564
1.5322661330665333 0.0004147162962227056
1.5327663831915959 0.0004153527820315175
1.5332666333166582 0.00041598892572943425
1.5337668834417209 0.00041662259785722186
1.5342671335667832 0.0004172530468527438
1.5347673836918458 0.0004178816327008659
1.5352676338169085 0.00041850834782799346
1.535767883941971 0.0004191331846595291
1.5362681340670334 0.00041975613562001264
1.536768384192096 0.0004203812809888748
1.5372686343171584 0.0004210167395515949
1.537768884442221 0.0004216665971483983
1.5382691345672836 0.0004223309578742005
1.5387693846923463 0.00042300841502234527
1.5392696348174086 0.00042369632100990723
1.5397698849424712 0.0004243936922810644
1.5402701350675336 0.0004251008700650628
1.5407703851925962 0.0004258180296356953
1.5412706353176588 0.00042654524837062644
1.5417708854427215 0.00042727967035496514
1.5422711355677838 0.00042801577216039564
1.5427713856928462 0.00042875092095314056
1.5432716358179088 0.00042948616157304555
1.5437718859429714 0.00043021870006577966
1.544272136068034 0.00043094140498514
1.5447723861930966 0.00043165093334580413
1.545272636318159 0.0004323471689959357
1.5457728864432214 0.0004330302222964926
1.546273136568284 0.0004337010678359663
1.5467733866933466 0.0004343619746001319
1.5472736368184092 0.0004350156992815589
1.5477738869434718 0.00043566350594380446
1.5482741370685342 0.0004363053340163673
1.5487743871935966 0.0004369493895208041
1.5492746373186592 0.00043760968851496156
1.5497748874437218 0.00043829159259557574
1.5502751375687844 0.00043899475685243484
1.550775387693847 0.0004397193234648343
1.5512756378189094 0.00044046544059573553
1.5517758879439718 0.0004412332634194781
1.5522761380690344 0.0004420219880289409
1.552776388194097 0.00044283046390837516
1.5532766383191596 0.0004436585082961064
1.5537768884442222 0.0004444984730182329
1.5542771385692846 0.00044533664386728724
1.554777388694347 0.00044616700753202055
1.5552776388194096 0.00044698844752156044
1.5557778889444722 0.0004477976505199055
1.5562781390695348 0.0004485923368807819
1.5567783891945972 0.0004493714315477425
1.5572786393196598 0.00045013301704108406
1.5577788894447222 0.0004508761487861152
1.5582791395697848 0.0004516009755893589
1.5587793896948474 0.0004523192308561465
1.55927963981991 0.00045305044681496944
1.5597798899449724 0.0004538027137635632
1.560280140070035 0.00045457622035416373
1.5607803901950974 0.00045537116305121076
1.56128064032016 0.0004561877464851119
1.5617808904452226 0.00045702822148141405
1.5622811405702852 0.0004578932554716691
1.5627813906953476 0.00045878146347421415
1.5632816408204102 0.0004596930447297241
1.5637818909454726 0.0004606150137158068
1.5642821410705352 0.00046152452778649983
1.5647823911955978 0.0004624111360923617
1.5652826413206604 0.0004632736841878161
1.5657828914457228 0.0004641116051101071
1.5662831415707852 0.0004649246626947371
1.5667833916958478 0.00046571439110512473
1.5672836418209104 0.00046648378265007746
1.567783891945973 0.0004672339196973073
1.5682841420710356 0.0004679643592950253
1.568784392196098 0.00046868750456057276
1.5692846423211604 0.00046942508807239116
1.569784892446223 0.0004701863331054933
1.5702851425712856 0.0004709714166730645
1.5707853926963482 0.0004717804884892739
1.5712856428214108 0.000472612142426406
1.5717858929464732 0.0004734697512109973
1.5722861430715356 0.00047436209043322144
1.5727863931965982 0.00047529328311879165
1.5732866433216608 0.00047626371941141216
1.5737868934467234 0.0004772597779074158
1.574287143571786 0.00047825701051962906
1.5747873936968484 0.0004792447605393912
1.5752876438219108 0.00048022294134060777
1.5757878939469734 0.0004811914666452315
1.576288144072036 0.000482150250538785
1.5767883941970986 0.00048308947514897943
1.5772886443221612 0.00048399208802525184
1.5777888944472236 0.00048485154085651605
1.578289144572286 0.0004856683682519989
1.5787893946973486 0.00048644522916672445
1.5792896448224112 0.0004871869174085454
1.5797898949474738 0.0004878952565195147
1.5802901450725362 0.0004885710402539013
1.5807903951975988 0.0004892154494069382
1.5812906453226612 0.0004898286491251786
1.5817908954477238 0.0004904196394317159
1.5822911455727864 0.0004910045183583199
1.582791395697849 0.0004915902800954714
1.5832916458229114 0.0004921769257486932
1.583791895947974 0.000492768345796467
1.5842921460730364 0.0004933711241515001
1.584792396198099 0.0004939879945935971
1.5852926463231616 0.0004946190429271018
1.5857928964482242 0.0004952643576892798
1.5862931465732866 0.0004959237514072404
1.5867933966983492 0.0004965836202958246
1.5872936468234116 0.0004972212536014901
1.5877938969484742 0.0004978272282466162
1.5882941470735368 0.0004984013662160453
1.5887943971985994 0.0004989435001156395
1.5892946473236618 0.0004994534733072077
1.5897948974487242 0.0004999311400345563
1.5902951475737868 0.000500375425613504
1.5907953976988494 0.0005007851038558473
1.591295647823912 0.0005011600558995264
1.5917958979489746 0.0005015156107260402
1.592296148074037 0.0005018781205849632
1.5927963981990994 0.0005022593585510138
1.593296648324162 0.0005026603578764392
1.5937968984492246 0.0005030815435232747
1.5942971485742872 0.0005035230052756547
1.5947973986993498 0.0005039848388766705
1.5952976488244122 0.0005044671460899559
1.5957978989494745 0.0005049700347657746
1.5962981490745372 0.0005054936494646281
1.5967983991995998 0.0005060247918827369
1.5972986493246624 0.0005065398221489686
1.597798899449725 0.0005070283292618938
1.5982991495747874 0.0005074901863567284
1.5987993996998497 0.0005079253106818774
1.5992996498249124 0.0005083352664745022
1.599799899949975 0.0005087215924891835
1.6003001500750376 0.0005090841970223546
1.6008004002001002 0.0005094229953365191
1.6013006503251626 0.0005097351906216271
1.601800900450225 0.0005100316642276882
1.6023011505752875 0.0005103368839761192
1.6028014007003502 0.0005106614979356991
1.6033016508254128 0.0005110042359617941
1.6038019009504751 0.0005113640329884081
1.6043021510755378 0.000511740947892511
1.6048024012006001 0.0005121350432778158
1.6053026513256627 0.00051254587280292
1.6058029014507254 0.0005129720394757269
1.606303151575788 0.0005134126598763596
1.6068034017008503 0.0005138645043341233
1.607303651825913 0.0005143220521977635
1.6078039019509753 0.0005147830619226958
1.608304152076038 0.0005152475592120784
1.6088044022011005 0.0005157155701238059
1.6093046523261632 0.0005161871527070706
1.6098049024512255 0.0005166624739330208
1.6103051525762881 0.0005171416698699332
1.6108054027013505 0.000517624768667294
1.6113056528264131 0.000518114937936485
1.6118059029514757 0.0005186130020858535
1.6123061530765384 0.0005191137333031535
1.6128064032016007 0.0005196142391350862
1.6133066533266633 0.0005201145234226777
1.6138069034517257 0.0005206145900151937
1.6143071535767883 0.0005211144427702838
1.614807403701851 0.0005216140855541284
1.6153076538269135 0.0005221135222415843
1.615807903951976 0.000522612857804573
1.6163081540770383 0.0005231125062998928
1.616808404202101 0.0005236127818785323
1.6173086543271635 0.0005241136904724332
1.6178089044522261 0.0005246152380440653
1.6183091545772887 0.0005251184027268038
1.6188094047023511 0.0005256243325663357
1.6193096548274135 0.0005261330354045894
1.6198099049524761 0.0005266442401533613
1.6203101550775387 0.0005271578446739521
1.6208104052026013 0.0005276738578890301
1.621310655327664 0.0005281923046253823
1.6218109054527263 0.0005287132190082894
1.6223111555777887 0.0005292364297952453
1.6228114057028513 0.0005297610660791938
1.623311655827914 0.0005302864440364748
1.6238119059529765 0.0005308125686876887
1.6243121560780391 0.0005313394133473872
1.6248124062031015 0.0005318658943202761
1.625312656328164 0.0005323909559606597
1.6258129064532265 0.0005329145977151781
1.6263131565782891 0.0005334368190116135
1.6268134067033517 0.0005339576192587961
1.6273136568284141 0.0005344769978465118
1.6278139069534767 0.0005349949541454044
1.628314157078539 0.0005355114875068813
1.6288144072036017 0.0005360265954683287
1.6293146573286643 0.0005365432460823292
1.629814907453727 0.0005370663019674729
1.6303151575787893 0.0005375976809252845
1.630815407703852 0.0005381376500901464
1.6313156578289143 0.0005386837386966514
1.631815907953977 0.0005392310825682408
1.6323161580790395 0.000539777527323677
1.6328164082041021 0.000540323066474686
1.6333166583291645 0.0005408676935207756
1.6338169084542271 0.0005414114019493291
1.6343171585792895 0.0005419541852357014
1.634817408704352 0.0005424960368433164
1.6353176588294147 0.000543036950223765
1.6358179089544773 0.000543576555897973
1.6363181590795397 0.000544114481964764
1.6368184092046023 0.0005446507187354862
1.6373186593296647 0.0005451852243403391
1.6378189094547273 0.0005457178429169505
1.63831915957979 0.0005462484512945862
1.6388194097048525 0.0005467770399366196
1.639319659829915 0.0005473001164267351
1.6398199099549773 0.000547812068492411
1.64032016008004 0.0005483107388309048
1.6408204102051025 0.0005487960574433668
1.641320660330165 0.0005492707417825582
1.6418209104552277 0.0005497389991626526
1.64232116058029 0.0005502020607925326
1.6428214107053525 0.0005506596432170873
1.643321660830415 0.0005511116728639549
1.6438219109554777 0.0005515580196224723
1.6443221610805403 0.00055199822870806
1.644822411205603 0.0005524319505299944
1.6453226613306653 0.0005528591596650417
1.6458229114557277 0.0005532798308973422
1.6463231615807903 0.0005536939392211145
1.646823411705853 0.0005541014598433503
1.6473236618309155 0.0005545023681864983
1.647823911955978 0.0005548966398911362
1.6483241620810405 0.0005552842508186308
1.6488244122061029 0.0005556656928310506
1.6493246623311655 0.0005560418339537965
1.649824912456228 0.0005564130183853831
1.6503251625812907 0.0005567794158200518
1.650825412706353 0.000557141931336735
1.6513256628314157 0.0005575036014593628
1.651825912956478 0.0005578679260614361
1.6523261630815407 0.0005582360897911098
1.6528264132066033 0.0005586081066311179
1.653326663331666 0.0005589839907210835
1.6538269134567283 0.0005593637563588048
1.6543271635817909 0.000559747418001565
1.6548274137068533 0.0005601349902674544
1.6553276638319159 0.0005605263897186713
1.6558279139569785 0.0005609212732295948
1.656328164082041 0.0005613193950914357
1.6568284142071035 0.0005617207707649533
1.657328664332166 0.0005621254281728001
1.6578289144572285 0.0005625333935397811
1.658329164582291 0.0005629446809390964
1.6588294147073537 0.0005633593045895034
1.6593296648324163 0.000563781568557475
1.6598299149574787 0.0005642181687714801
1.6603301650825413 0.0005646715421317943
1.6608304152076037 0.000565141771773478
1.6613306653326663 0.0005656284283202032
1.6618309154577289 0.0005661308328863894
1.6623311655827915 0.0005666486676335485
1.6628314157078539 0.0005671818529039722
1.6633316658329163 0.0005677304653046869
1.6638319159579789 0.000568294976535635
1.6643321660830415 0.0005688758638656453
1.664832416208104 0.000569473228025572
1.6653326663331667 0.0005700871717140376
1.665832916458229 0.0005707178007134306
1.6663331665832914 0.0005713652239355562
1.666833416708354 0.0005720295534688388
1.6673336668334167 0.0005727109046271254
1.6678339169584793 0.0005734093960001233
1.6683341670835419 0.0005741251495055194
1.6688344172086043 0.0005748572718498972
1.6693346673336666 0.0005756008839525553
1.6698349174587293 0.0005763504663761026
1.6703351675837919 0.0005771046694086667
1.6708354177088545 0.0005778638096364408
1.671335667833917 0.0005786207977326396
1.6718359179589795 0.0005793650991143382
1.6723361680840418 0.0005800932914331641
1.6728364182091044 0.0005808052515668162
1.673336668334167 0.0005815008582665239
1.6738369184592297 0.0005821799922013524
1.674337168584292 0.0005828425360021128
1.6748374187093547 0.0005834883743048447
1.675337668834417 0.0005841174008732907
1.6758379189594796 0.0005847296008036103
1.6763381690845423 0.0005853249546785905
1.6768384192096049 0.0005859028097826319
1.6773386693346672 0.000586462097758575
1.6778389194597298 0.0005870022960022327
1.6783391695847922 0.0005875232988941184
1.6788394197098548 0.0005880250034018354
1.6793396698349174 0.0005885047009878921
1.67983991995998 0.0005889583516204514
1.6803401700850424 0.0005893845096295952
1.680840420210105 0.000589783046422832
1.6813406703351674 0.000590161797011494
1.68184092046023 0.0005905321477059678
1.6823411705852926 0.0005908978574480434
1.6828414207103553 0.0005912594158738857
1.6833416708354176 0.0005916171338208765
1.6838419209604802 0.000591971380302063
1.6843421710855426 0.0005923224210990878
1.6848424212106052 0.0005926702466669718
1.6853426713356678 0.0005930148474496608
1.6858429214607304 0.0005933562138800862
1.6863431715857928 0.0005936943363802278
1.6868434217108552 0.0005940292053611744
1.6873436718359178 0.0005943608112231886
1.6878439219609804 0.000594689144355768
1.688344172086043 0.000595014195137711
1.6888444222111056 0.0005953359431328479
1.689344672336168 0.0005956523588585514
1.6898449224612304 0.0005959616964018265
1.690345172586293 0.0005962643809547525
1.6908454227113556 0.0005965605731390461
1.6913456728364182 0.0005968468376327721
1.6918459229614808 0.0005971182691485464
1.6923461730865432 0.0005973733789805896
1.6928464232116056 0.0005976121146703858
1.6933466733366682 0.0005978344250221931
1.6938469234617308 0.0005980402601157821
1.6943471735867934 0.000598229571318954
1.694847423711856 0.0005984023112998391
1.6953476738369184 0.0005985584340389648
1.6958479239619808 0.0005986962357698957
1.6963481740870434 0.0005988113924135079
1.696848424212106 0.000598902307776642
1.6973486743371686 0.0005989709692593079
1.697848924462231 0.0005990182931971324
1.6983491745872936 0.0005990442334927905
1.698849424712356 0.0005990487458168277
1.6993496748374186 0.0005990396266948964
1.6998499249624812 0.0005990283026988482
1.7003501750875438 0.0005990183805232221
1.7008504252126062 0.0005990098624100976
1.7013506753376688 0.0005990048552777526
1.7018509254627312 0.0005990063125310689
1.7023511755877938 0.0005990150899880921
1.7028514257128564 0.0005990361234970158
1.703351675837919 0.000599076295880561
1.7038519259629814 0.0005991374982827833
1.704352176088044 0.0005992197012761936
1.7048524262131064 0.0005993229733063917
1.705352676338169 0.0005994473873309459
1.7058529264632316 0.0005995930208662715
1.7063531765882942 0.000599759956037094
1.7068534267133566 0.0005999482796285522
1.7073536768384192 0.0006001580831409963
1.7078539269634816 0.0006003894628475396
1.7083541770885442 0.0006006425198544302
1.7088544272136068 0.0006009173601643051
1.7093546773386694 0.0006012055825309553
1.7098549274637318 0.0006014922392455877
1.7103551775887942 0.0006017705050099705
1.7108554277138568 0.0006020397923577909
1.7113556778389194 0.0006023028090895579
1.711855927963982 0.0006025636441251324
1.7123561780890446 0.0006028234265229805
1.712856428214107 0.0006030821574743887
1.7133566783391694 0.0006033398381339944
1.713856928464232 0.0006035964696196252
1.7143571785892946 0.0006038520530121333
1.7148574287143572 0.0006041065893552245
1.7153576788394198 0.000604360079655281
1.7158579289644822 0.0006046125248811803
1.7163581790895446 0.0006048639243045849
1.7168584292146072 0.0006051142824164192
1.7173586793396698 0.0006053663409118647
1.7178589294647324 0.0006056228514085065
1.718359179589795 0.000605883837798819
1.7188594297148574 0.0006061493242940196
1.7193596798399198 0.0006064230322999986
1.7198599299649824 0.0006067102621432631
1.720360180090045 0.0006070126448967665
1.7208604302151076 0.000607330269676007
1.72136068034017 0.0006076535705548806
1.7218609304652326 0.0006079694145079852
1.722361180590295 0.000608274258924681
1.7228614307153576 0.0006085680374435628
1.7233616808404202 0.0006088510805058985
1.7238619309654828 0.0006091261450120107
1.7243621810905452 0.0006093984001526252
1.7248624312156078 0.0006096706148116839
1.7253626813406702 0.0006099427732029894
1.7258629314657328 0.0006102148594589076
1.7263631815907954 0.0006104868576328472
1.726863431715858 0.0006107587517017797
1.7273636818409204 0.0006110305255688066
1.727863931965983 0.0006113021630657642
1.7283641820910454 0.0006115736479558724
1.728864432216108 0.0006118449639364227
1.7293646823411706 0.0006121137853145951
1.7298649324662332 0.0006123768487441196
1.7303651825912956 0.0006126337705296701
1.7308654327163582 0.0006128804195625334
1.7313656828414206 0.0006131133988418558
1.7318659329664832 0.0006133351569727308
1.7323661830915458 0.0006135468198100886
1.7328664332166084 0.0006137483444188402
1.7333666833416708 0.0006139396885952261
1.7338669334667332 0.0006141208108771785
1.7343671835917958 0.0006142916705545866
1.7348674337168584 0.0006144522276794544
1.735367683841921 0.0006146024430759493
1.7358679339669836 0.0006147422783503394
1.736368184092046 0.0006148716959008105
1.7368684342171083 0.0006149906589271649
1.737368684342171 0.000615096410971568
1.7378689344672336 0.0006151868229774987
1.7383691845922962 0.0006152625067364075
1.7388694347173588 0.0006153234396518649
1.7393696848424212 0.0006153663146051342
1.7398699349674835 0.000615386574257395
1.7403701850925462 0.0006153829174952578
1.7408704352176088 0.0006153552843629014
1.7413706853426714 0.0006153049405228892
1.741870935467734 0.0006152335882311647
1.7423711855927964 0.0006151416143479323
1.7428714357178587 0.0006150289801173412
1.7433716858429213 0.0006148956496965637
1.743871935967984 0.0006147415901749157
1.7443721860930466 0.000614567793519677
1.744872436218109 0.0006143761366438692
1.7453726863431716 0.0006141674806330327
1.745872936468234 0.0006139418106645846
1.7463731865932965 0.0006136991143818911
1.7468734367183592 0.0006134393819042891
1.7473736868434218 0.0006131626058362305
1.7478739369684841 0.0006128687812755434
1.7483741870935467 0.0006125579058207965
1.7488744372186091 0.0006122299795777693
1.7493746873436717 0.0006118952827559187
1.7498749374687343 0.000611567796836839
1.750375187593797 0.0006112512217226063
1.7508754377188593 0.0006109455520400507
1.751375687843922 0.000610651944421222
1.7518759379689843 0.0006103722319010256
1.752376188094047 0.0006101070905844601
1.7528764382191095 0.0006098565257092812
1.7533766883441722 0.0006096205445472625
1.7538769384692345 0.0006093991564116129
1.7543771885942971 0.0006091923726651338
1.7548774387193595 0.0006090002067291139
1.7553776888444221 0.0006088226740929745
1.7558779389694847 0.0006086597923246727
1.7563781890945473 0.0006085115810818691
1.7568784392196097 0.0006083780621238707
1.7573786893446721 0.0006082592593243598
1.7578789394697347 0.0006081551986849146
1.7583791895947973 0.0006080626830856656
1.75887943971986 0.0006079733502421151
1.7593796898449225 0.0006078785088044133
1.759879939969985 0.0006077733931551213
1.7603801900950473 0.000607656760859796
1.76088044022011 0.0006075285785929452
1.7613806903451725 0.0006073873553288413
1.7618809404702351 0.0006072311723970477
1.7623811905952977 0.0006070595647374597
1.7628814407203601 0.0006068724896050292
1.7633816908454225 0.0006066699039538667
1.7638819409704851 0.0006064517644351954
1.7643821910955477 0.0006062180273952894
1.7648824412206103 0.0006059686488733925
1.765382691345673 0.0006057082272203326
1.7658829414707353 0.0006054511912273923
1.7663831915957977 0.0006052073717536147
1.7668834417208603 0.0006049768043439602
1.767383691845923 0.0006047595248009016
1.7678839419709855 0.0006045555691861891
1.768384192096048 0.000604364973822626
1.7688844422211105 0.0006041877752958657
1.769384692346173 0.0006040226595923039
1.7698849424712355 0.0006038678706234591
1.7703851925962981 0.0006037230001104722
1.7708854427213607 0.0006035880776720355
1.771385692846423 0.0006034640816808474
1.7718859429714857 0.0006033522531269287
1.772386193096548 0.0006032518225063622
1.7728864432216107 0.0006031556046125416
1.7733866933466733 0.000603057287587031
1.773886943471736 0.0006029566998176993
1.7743871935967983 0.0006028538350844973
1.774887443721861 0.0006027486871490407
1.7753876938469233 0.0006026412497545484
1.775887943971986 0.0006025315166257783
1.7763881940970485 0.0006024194814689634
1.7768884442221111 0.0006023051379717479
1.7773886943471735 0.0006021884798031212
1.777888944472236 0.000602069500613357
1.7783891945972985 0.0006019481940339433
1.778889444722361 0.0006018245536775222
1.7793896948474237 0.0006016969250668166
1.7798899449724863 0.0006015667733204051
1.7803901950975487 0.0006014393131973571
1.780890445222611 0.0006013166477415176
1.7813906953476737 0.0006011995132537911
1.7818909454727363 0.0006010888343956423
1.782391195597799 0.0006009848154368932
1.7828914457228615 0.000600887474782192
1.783391695847924 0.000600796830932159
1.7838919459729863 0.0006007129024839617
1.7843921960980489 0.0006006357081318919
1.7848924462231115 0.0006005652666679504
1.785392696348174 0.0006005015969824328
1.7858929464732367 0.000600444718064522
1.786393196598299 0.000600397404384881
1.7868934467233615 0.0006003635724131087
1.787393696848424 0.0006003374775989394
1.7878939469734867 0.0006003122200323008
1.7883941970985493 0.0006002878020448863
1.788894447223612 0.0006002642259807178
1.7893946973486743 0.0006002430110722255
1.7898949474737367 0.0006002261228558831
1.7903951975987993 0.0006002140146073662
1.7908954477238619 0.0006002067000019696
1.7913956978489245 0.0006002080885207937
1.791895947973987 0.0006002230512191875
1.7923961980990495 0.0006002525769870378
1.7928964482241119 0.0006002967134382016
1.7933966983491745 0.0006003536009848348
1.793896948474237 0.0006004135619166437
1.7943971985992997 0.0006004847813295129
1.794897448724362 0.0006005842378461634
1.7953976988494247 0.000600712963442268
1.795897948974487 0.0006008710718234925
1.7963981990995497 0.0006010586814093351
1.7968984492246123 0.0006012759153898482
1.7973986993496749 0.0006015229017844726
1.7978989494747373 0.0006017997735030358
1.7983991995997999 0.0006021066684089614
1.7988994497248623 0.0006024437293847406
1.7993996998499249 0.0006028101011476323
1.7998999499749875 0.000603204650011866
1.80040020010005 0.0006036272435581036
1.8009004502251125 0.0006040835840409204
1.801400700350175 0.000604566395743282
1.8019009504752375 0.0006050559729802289
1.8024012006003 0.0006055455273558749
1.8029014507253627 0.0006060350365409705
1.8034017008504253 0.0006065244780819444
1.8039019509754877 0.0006070138294034225
1.80440220110055 0.0006075030678107939
1.8049024512256127 0.0006079921704928281
1.8054027013506753 0.0006084811145243396
1.8059029514757379 0.0006089698768689001
1.8064032016008005 0.0006094584343816011
1.8069034517258629 0.0006099467638118603
1.8074037018509252 0.000610434841806279
1.8079039519759879 0.0006109177891008273
1.8084042021010505 0.0006113884683199831
1.808904452226113 0.0006118441908007484
1.8094047023511757 0.0006122836992407445
1.809904952476238 0.000612705911285514
1.8104052026013004 0.0006131105363872617
1.810905452726363 0.0006134974875192623
1.8114057028514257 0.0006138684627536175
1.8119059529764883 0.0006142255534615313
1.8124062031015509 0.0006145690773282605
1.8129064532266133 0.0006148989748104472
1.8134067033516756 0.0006152151870468433
1.8139069534767382 0.0006155176558691667
1.8144072036018009 0.0006158063238129128
1.8149074537268635 0.0006160850125474294
1.815407703851926 0.0006163649657695853
1.8159079539769885 0.0006166550794203731
1.8164082041020508 0.0006169590761130428
1.8169084542271134 0.0006172792010983334
1.817408704352176 0.0006176154948582874
1.8179089544772387 0.0006179679968987284
1.818409204602301 0.0006183367457393979
1.8189094547273637 0.0006187217789041981
1.819409704852426 0.0006191188274059476
1.8199099549774886 0.0006195225471149973
1.8204102051025512 0.0006199318771575855
1.8209104552276139 0.0006203467977075366
1.8214107053526762 0.0006207708435639496
1.8219109554777388 0.0006212082749834542
1.8224112056028012 0.000621642692875237
1.8229114557278638 0.0006220559462959907
1.8234117058529264 0.0006224372634090317
1.823911955977989 0.0006227739712007054
1.8244122061030514 0.0006230630815516796
1.824912456228114 0.0006233044646518909
1.8254127063531764 0.0006234979947549446
1.825912956478239 0.0006236435502140599
1.8264132066033016 0.0006237410135172247
1.8269134567283642 0.000623790271321541
1.8274137068534266 0.0006237912144867436
1.8279139569784892 0.0006237437381078811
1.8284142071035516 0.0006236477415471395
1.8289144572286142 0.0006235031284647977
1.8294147073536768 0.0006233240979943097
1.8299149574787394 0.0006231321453586889
1.8304152076038018 0.0006229355106070008
1.8309154577288642 0.0006227461962380209
1.8314157078539268 0.000622571127075065
1.8319159579789894 0.0006224054656146456
1.832416208104052 0.0006222484756773295
1.8329164582291146 0.000622100174589239
1.833416708354177 0.0006219605800242869
1.8339169584792394 0.0006218297100065223
1.834417208604302 0.0006217075829125165
1.8349174587293646 0.0006215942174737933
1.8354177088544272 0.0006214896327792965
1.8359179589794898 0.0006213938482779031
1.8364182091045522 0.0006213068837809776
1.8369184592296146 0.0006212291634957482
1.8374187093546772 0.0006211611236591962
1.8379189594797398 0.0006210970186733084
1.8384192096048024 0.0006210196463747826
1.838919459729865 0.0006209175349595336
1.8394197098549274 0.0006207887242977706
1.8399199599799898 0.000620630846043289
1.8404202101050524 0.0006204434235145682
1.840920460230115 0.0006202263821076073
1.8414207103551776 0.0006199842986295134
1.84192096048024 0.0006197225472760145
1.8424212106053026 0.000619441854821807
1.842921460730365 0.0006191421573086754
1.8434217108554276 0.0006188233887352535
1.8439219609804902 0.0006184839195437971
1.8444222111055528 0.0006181197968692753
1.8449224612306152 0.0006177286149854737
1.8454227113556778 0.0006173270262917041
1.8459229614807402 0.0006169466526760639
1.8464232116058028 0.000616602460315096
1.8469234617308654 0.0006162945439602179
1.847423711855928 0.0006160230022435368
1.8479239619809904 0.000615787937713921
1.848424212106053 0.0006155894568742464
1.8489244622311154 0.0006154276702198338
1.849424712356178 0.000615298995953873
1.8499249624812406 0.0006151991102947023
