1.1000500250125063 0.0006877959863199263
1.1005502751375689 0.0006881933375998046
1.1010505252626313 0.0006885870392804768
1.1015507753876939 0.0006889762077574058
1.1020510255127565 0.0006893566800887422
1.1025512756378189 0.0006897248337020085
1.1030515257628815 0.0006900805998968925
1.103551775887944 0.0006904253111932997
1.1040520260130064 0.0006907693084537003
1.104552276138069 0.000691121479480771
1.1050525262631314 0.0006914817442336813
1.105552776388194 0.0006918502972760633
1.1060530265132567 0.0006922274441427712
1.1065532766383193 0.0006926086093893494
1.1070535267633816 0.0006929397279617468
1.1075537768884443 0.0006931711475951035
1.1080540270135066 0.000693302665736716
1.1085542771385692 0.0006933333217775917
1.1090545272636319 0.0006932519054808573
1.1095547773886942 0.0006930481385849165
1.1100550275137568 0.0006927208858118342
1.1105552776388194 0.0006922683846950695
1.1110555277638818 0.0006916901339362189
1.1115557778889444 0.0006909956867269288
1.112056028014007 0.0006902845854693736
1.1125562781390694 0.0006896452940834936
1.113056528264132 0.0006890748232558246
1.1135567783891946 0.0006885710790742698
1.114057028514257 0.0006881296274105739
1.1145572786393196 0.0006877485464258173
1.1150575287643822 0.0006874310682913828
1.1155577788894446 0.0006871785643369167
1.1160580290145072 0.0006869910212244968
1.1165582791395698 0.0006868674589794213
1.1170585292646322 0.0006867999090996112
1.1175587793896948 0.0006867820707232852
1.1180590295147574 0.0006868146827955123
1.1185592796398198 0.000686899098745776
1.1190595297648824 0.0006870438592807487
1.119559779889945 0.0006872557114991825
1.1200600300150074 0.0006875342900250399
1.12056028014007 0.0006878798788678217
1.1210605302651326 0.0006882927990466674
1.121560780390195 0.0006887695190716554
1.1220610305152576 0.0006892846482780646
1.1225612806403202 0.000689816509473448
1.1230615307653826 0.0006903652070668988
1.1235617808904452 0.0006909285383531541
1.1240620310155078 0.0006914937460442567
1.1245622811405702 0.0006920502827223886
1.1250625312656328 0.0006925980938925713
1.1255627813906954 0.0006931370456461732
1.1260630315157578 0.0006936666613727554
1.1265632816408204 0.0006941859765130504
1.127063531765883 0.0006946896611755049
1.1275637818909454 0.0006951729101528631
1.128064032016008 0.0006956355458922626
1.1285642821410704 0.0006960782683945948
1.129064532266133 0.0006965077783616233
1.1295647823911956 0.0006969299513714879
1.1300650325162582 0.0006973454987942577
1.1305652826413206 0.0006977565774961003
1.1310655327663832 0.0006981646066046011
1.1315657828914456 0.0006985697289743554
1.1320660330165082 0.0006989733676863787
1.1325662831415708 0.0006993771093344126
1.1330665332666334 0.0006997839053037172
1.1335667833916958 0.0007001966737899376
1.1340670335167584 0.0007006171949872106
1.1345672836418208 0.000701046042783862
1.1350675337668834 0.0007014811790048187
1.135567783891946 0.0007019215086211832
1.1360680340170084 0.000702367056362899
1.136568284142071 0.0007028179873835886
1.1370685342671336 0.0007032755220743277
1.137568784392196 0.0007037412813100052
1.1380690345172586 0.0007042158991526339
1.1385692846423212 0.0007047002271114848
1.1390695347673836 0.0007051993796043948
1.1395697848924462 0.0007057180285347954
1.1400700350175088 0.0007062565517243632
1.1405702851425712 0.0007068150657980918
1.1410705352676338 0.000707393690495299
1.1415707853926964 0.000707991002525527
1.1420710355177588 0.0007085922104365369
1.1425712856428214 0.00070918276317667
1.143071535767884 0.0007097614018401617
1.1435717858929464 0.0007103272055113521
1.144072036018009 0.0007108756411001771
1.1445722861430716 0.0007114029851797448
1.145072536268134 0.000711909107270253
1.1455727863931966 0.0007123938796305251
1.1460730365182592 0.0007128571773113525
1.1465732866433216 0.0007133010841040154
1.1470735367683842 0.0007137399426930959
1.1475737868934468 0.0007141859885782437
1.1480740370185092 0.0007146404829619376
1.1485742871435718 0.0007151033774060721
1.1490745372686344 0.000715562729317988
1.1495747873936968 0.0007160078241175358
1.1500750375187594 0.0007164385715687998
1.150575287643822 0.0007168548832874946
1.1510755377688844 0.0007172566282376112
1.151575787893947 0.0007176435551805776
1.1520760380190094 0.0007180196835683743
1.152576288144072 0.0007183871014310707
1.1530765382691346 0.0007187421161841458
1.1535767883941972 0.0007190867636594892
1.1540770385192596 0.0007194422334522962
1.1545772886443222 0.0007198261869143774
1.1550775387693846 0.0007202387787740703
1.1555777888944472 0.0007206801723845276
1.1560780390195098 0.000721152261044946
1.1565782891445724 0.0007216562586939295
1.1570785392696348 0.0007221833130021618
1.1575787893946974 0.0007227258753710893
1.1580790395197598 0.0007232847181448573
1.1585792896448224 0.000723857149733596
1.159079539769885 0.0007244274912424532
1.1595797898949474 0.000724982726300686
1.16008004002001 0.0007255227455583373
1.1605802901450726 0.0007260477507732818
1.161080540270135 0.0007265586497400079
1.1615807903951976 0.0007270586936256351
1.1620810405202602 0.0007275626569652608
1.1625812906453226 0.0007280827734109486
1.1630815407703852 0.000728619121778673
1.1635817908954478 0.0007291731516389383
1.1640820410205102 0.0007297524739717072
1.1645822911455728 0.0007303633929612147
1.1650825412706354 0.0007310060974623911
1.1655827913956978 0.0007316767144233422
1.1660830415207604 0.0007323708351299246
1.166583291645823 0.0007330870807765398
1.1670835417708854 0.0007338176626668973
1.167583791895948 0.0007345557475585484
1.1680840420210106 0.0007353013876278419
1.168584292146073 0.0007360519614009579
1.1690845422711356 0.0007367931828916952
1.1695847923961982 0.0007375133066592599
1.1700850425212606 0.000738212205683667
1.1705852926463232 0.0007388894639440798
1.1710855427713858 0.0007395417024290749
1.1715857928964482 0.0007401655061320717
1.1720860430215108 0.0007407586296263427
1.1725862931465734 0.0007413191295327466
1.1730865432716358 0.0007418468094545181
1.1735867933966984 0.000742345182004411
1.174087043521761 0.0007428333555792608
1.1745872936468233 0.0007433268731658894
1.175087543771886 0.0007438328429212814
1.1755877938969483 0.0007443586050755215
1.176088044022011 0.0007449043900136102
1.1765882941470736 0.0007454693606757172
1.1770885442721362 0.0007460480400085228
1.1775887943971985 0.0007466357844336624
1.1780890445222612 0.0007472326310753835
1.1785892946473235 0.0007478360309710606
1.1790895447723861 0.0007484328663482603
1.1795897948974488 0.0007490089303640988
1.1800900450225114 0.0007495565137633866
1.1805902951475737 0.0007500727677963917
1.1810905452726363 0.0007505588327002148
1.1815907953976987 0.0007510153362143449
1.1820910455227613 0.0007514470031963565
1.182591295647824 0.0007518578028274022
1.1830915457728866 0.0007522476351450517
1.183591795897949 0.0007526178600294597
1.1840920460230115 0.0007529755965830043
1.184592296148074 0.0007533290645813345
1.1850925462731365 0.0007536806454701122
1.1855927963981991 0.0007540302093414145
1.1860930465232615 0.0007543777457372782
1.1865932966483241 0.0007547257435492089
1.1870935467733867 0.0007550891522634765
1.1875937968984491 0.0007554805101874451
1.1880940470235117 0.000755899955688521
1.1885942971485743 0.0007563468543831472
1.1890945472736367 0.0007568173366802396
1.1895947973986993 0.000757307449897039
1.190095047523762 0.0007578164652822461
1.1905952976488243 0.0007583444970533927
1.191095547773887 0.0007588916630296882
1.1915957978989495 0.000759453810696972
1.192096048024012 0.000760006203651456
1.1925962981490745 0.0007605281897023901
1.1930965482741371 0.0007610195854568113
1.1935967983991995 0.0007614799055424087
1.1940970485242621 0.0007619061738501806
1.1945972986493247 0.0007622954639099888
1.1950975487743871 0.0007626473440435856
1.1955977988994497 0.0007629616407523862
1.1960980490245123 0.0007632381895052081
1.1965982991495747 0.0007634800886756652
1.1970985492746373 0.0007637055609175287
1.1975987993997 0.0007639296651338632
1.1980990495247623 0.0007641524003978682
1.198599299649825 0.0007643742683718118
1.1990995497748873 0.0007645992439445378
1.19959979989995 0.0007648311301910283
1.2001000500250125 0.0007650702708697113
1.2006003001500751 0.000765316699957687
1.2011005502751375 0.0007655704522349973
1.2016008004002001 0.0007658299786995819
1.2021010505252625 0.0007660866129051146
1.2026013006503251 0.0007663332273360181
1.2031015507753877 0.0007665697829632495
1.2036018009004503 0.0007668004316293852
1.2041020510255127 0.0007670279035880166
1.2046023011505753 0.0007672507405740945
1.2051025512756377 0.000767468920846958
1.2056028014007003 0.0007676824228538907
1.206103051525763 0.0007678912252333007
1.2066033016508255 0.0007680983681294834
1.207103551775888 0.0007683202121174597
1.2076038019009505 0.0007685701374191007
1.208104052026013 0.0007688482181053501
1.2086043021510755 0.0007691546365882522
1.2091045522761381 0.0007694899528745498
1.2096048024012005 0.0007698546317217754
1.210105052526263 0.0007702488161371546
1.2106053026513257 0.0007706726554284599
1.211105552776388 0.0007711263052910945
1.2116058029014507 0.0007716057157178153
1.2121060530265133 0.0007720891051991909
1.2126063031515757 0.0007725587488116432
1.2131065532766383 0.0007730068225712695
1.213606803401701 0.0007734243417785126
1.2141070535267633 0.0007738091519465336
1.214607303651826 0.0007741602160859603
1.2151075537768885 0.0007744773792340047
1.215607803901951 0.0007747604914279353
1.2161080540270135 0.0007750094077778601
1.216608304152076 0.0007752269195524254
1.2171085542771385 0.0007754277814437493
1.217608804402201 0.0007756277977157176
1.2181090545272637 0.0007758379547315843
1.218609304652326 0.0007760674674933089
1.2191095547773887 0.0007763195358747048
1.2196098049024513 0.0007765952789889329
1.2201100550275137 0.0007768947881468853
1.2206103051525763 0.0007772181563531241
1.221110555277639 0.0007775654783242208
1.2216108054027013 0.0007779352043260858
1.222111055527764 0.0007783192818427999
1.2226113056528263 0.0007787078279577366
1.2231115557778889 0.0007790964082546189
1.2236118059029515 0.0007794804292873816
1.224112056028014 0.0007798565869631163
1.2246123061530765 0.0007802251474594916
1.225112556278139 0.0007805860777651811
1.2256128064032015 0.0007809393449693211
1.226113056528264 0.0007812849162639413
1.2266133066533267 0.0007816236397274582
1.2271135567783893 0.0007819600694518643
1.2276138069034517 0.0007822997514144104
1.2281140570285143 0.0007826445514905874
1.2286143071535767 0.0007829962352394297
1.2291145572786393 0.0007833567755561442
1.2296148074037019 0.0007837264081534447
1.2301150575287645 0.0007841051703973352
1.2306153076538269 0.0007844931000678703
1.2311155577788895 0.0007848902353632671
1.2316158079039519 0.0007852969619947637
1.2321160580290145 0.0007857143510403683
1.232616308154077 0.0007861425108952029
1.2331165582791395 0.0007865808681913845
1.233616808404202 0.0007870296848874166
1.2341170585292647 0.0007874908978276231
1.234617308654327 0.0007879662461704724
1.2351175587793897 0.0007884558052686921
1.2356178089044523 0.0007889596521058002
1.2361180590295147 0.0007894778653179675
1.2366183091545773 0.0007900095706975497
1.2371185592796399 0.0007905491278466462
1.2376188094047023 0.0007910914718578403
1.2381190595297649 0.0007916362785780534
1.2386193096548275 0.0007921823713421292
1.2391195597798899 0.0007927244561192296
1.2396198099049525 0.0007932583922509618
1.240120060030015 0.0007937841292489358
1.2406203101550775 0.0007943016168769215
1.24112056028014 0.0007948108051579503
1.2416208104052027 0.0007953119662252578
1.242121060530265 0.00079580768535886
1.2426213106553277 0.0007963002414665886
1.2431215607803903 0.0007967896099737836
1.2436218109054527 0.0007972748626003117
1.2441220610305153 0.0007977556297810715
1.2446223111555779 0.0007982324490819589
1.2451225612806402 0.0007987052981954425
1.2456228114057029 0.0007991741548147787
1.2461230615307652 0.0007996389966351074
1.2466233116558278 0.0008000996245578284
1.2471235617808905 0.0008005554938056944
1.247623811905953 0.0008010062352673158
1.2481240620310154 0.0008014518244681927
1.248624312156078 0.0008018944693078529
1.2491245622811404 0.0008023388118267458
1.249624812406203 0.0008027872837202968
1.2501250625312657 0.0008032399030919935
1.2506253126563283 0.0008036966881799329
1.2511255627813906 0.0008041576573579968
1.2516258129064533 0.0008046231326278872
1.2521260630315156 0.0008050944453842941
1.2526263131565782 0.0008055726324795521
1.2531265632816408 0.0008060577279436877
1.2536268134067035 0.0008065528278341156
1.2541270635317658 0.0008070706310206963
1.2546273136568284 0.0008076208689302236
1.2551275637818908 0.0008082037435424188
1.2556278139069534 0.0008088194658576853
1.256128064032016 0.0008094682560470046
1.2566283141570787 0.0008101480444448552
1.257128564282141 0.0008108556369000565
1.2576288144072036 0.0008115901341405442
1.258129064532266 0.0008123517619060324
1.2586293146573286 0.0008131550137240579
1.2591295647823912 0.0008140512674294696
1.2596298149074536 0.0008150782048928498
1.2601300650325162 0.0008162371318654989
1.2606303151575788 0.0008175294946259476
1.2611305652826412 0.0008189568839111202
1.2616308154077038 0.0008205249733633629
1.2621310655327664 0.0008222391766451259
1.2626313156578288 0.0008241011308975552
1.2631315657828914 0.0008261130800260528
1.263631815907954 0.0008282377004188879
1.2641320660330164 0.0008303351523695782
1.264632316158079 0.0008323025329566052
1.2651325662831416 0.0008341375458840946
1.265632816408204 0.0008358380114533199
1.2661330665332666 0.000837401872275653
1.266633316658329 0.0008388252357967303
1.2671335667833916 0.000840104124829908
1.2676338169084542 0.0008412366578013139
1.2681340670335168 0.0008422213002006034
1.2686343171585792 0.0008430746046178192
1.2691345672836418 0.0008438573335023058
1.2696348174087042 0.0008446128261164701
1.2701350675337668 0.0008453407729451113
1.2706353176588294 0.0008460409651012135
1.271135567783892 0.0008467131983140961
1.2716358179089544 0.0008473569795792572
1.272136068034017 0.0008479697618042476
1.2726363181590794 0.00084854927715929
1.273136568284142 0.0008490953109551274
1.2736368184092046 0.0008496103773658522
1.2741370685342672 0.0008501023840112102
1.2746373186593296 0.0008505756881075957
1.2751375687843922 0.0008510293001941186
1.2756378189094546 0.0008514631171399198
1.2761380690345172 0.000851877037779987
1.2766383191595798 0.0008522724431620586
1.2771385692846424 0.0008526557533966024
1.2776388194097048 0.000853031947629667
1.2781390695347674 0.0008534009948388508
1.2786393196598298 0.0008537637648121179
1.2791395697848924 0.0008541237642023422
1.279639819909955 0.0008544851711596757
1.2801400700350176 0.0008548495482788767
1.28064032016008 0.00085521690866663
1.2811405702851426 0.0008555872655324258
1.281640820410205 0.0008559616290838737
1.2821410705352676 0.0008563402929964508
1.2826413206603302 0.0008567225505731498
1.2831415707853926 0.0008571084130559809
1.2836418209104552 0.0008574974003347161
1.2841420710355178 0.0008578878940614618
1.2846423211605802 0.0008582790054094315
1.2851425712856428 0.0008586710166235707
1.2856428214107054 0.000859063963353561
1.2861430715357678 0.0008594578425941003
1.2866433216608304 0.0008598500726431534
1.287143571785893 0.0008602351851645307
1.2876438219109554 0.0008606102670480947
1.288144072036018 0.0008609752703381811
1.2886443221610806 0.0008613314629402518
1.289144572286143 0.0008616830883857643
1.2896448224112056 0.0008620324582679246
1.290145072536268 0.0008623781230236224
1.2906453226613306 0.0008627192671062804
1.2911455727863932 0.0008630558734768351
1.2916458229114558 0.0008633841494317835
1.2921460730365182 0.0008636886133205254
1.2926463231615808 0.0008639574799099165
1.2931465732866432 0.0008641906012286346
1.2936468234117058 0.0008643878677056199
1.2941470735367684 0.0008645492446760327
1.294647323661831 0.0008646746760779517
1.2951475737868934 0.0008647646935855128
1.295647823911956 0.0008648198513348034
1.2961480740370184 0.0008648400673631423
1.296648324162081 0.0008648082323908403
1.2971485742871436 0.0008646634410029532
1.2976488244122062 0.0008643617763212717
1.2981490745372686 0.0008639031972568605
1.2986493246623312 0.000863285709701174
1.2991495747873936 0.0008625029435025504
1.2996498249124562 0.0008615508501916542
1.3001500750375188 0.0008604309408482769
1.3006503251625814 0.0008591457975027675
1.3011505752876438 0.0008576973807564168
1.3016508254127064 0.0008561319003165838
1.3021510755377688 0.0008546092011248673
1.3026513256628314 0.000853242699163222
1.303151575787894 0.0008520312894692427
1.3036518259129566 0.0008509756009186041
1.304152076038019 0.0008500797031884335
1.3046523261630816 0.0008493462560802357
1.305152576288144 0.0008487748137608728
1.3056528264132066 0.0008483656748944872
1.3061530765382692 0.0008481193647419998
1.3066533266633318 0.0008480168083076359
1.3071535767883942 0.0008479920456567577
1.3076538269134568 0.0008479983553210264
1.3081540770385192 0.0008480359158435747
1.3086543271635818 0.0008481042478253398
1.3091545772886444 0.0008482017198789938
1.3096548274137068 0.0008483272625436122
1.3101550775387694 0.0008484809654184351
1.310655327663832 0.0008486630021423818
1.3111555777888944 0.0008488737026440654
1.311655827913957 0.0008491104424904095
1.3121560780390196 0.0008493647587163775
1.312656328164082 0.0008496319713940056
1.3131565782891446 0.0008499130667483111
1.313656828414207 0.0008502085525452889
1.3141570785392696 0.0008505198602686284
1.3146573286643322 0.000850847971183817
1.3151575787893948 0.0008511929500703805
1.3156578289144572 0.0008515548629178115
1.3161580790395198 0.000851932912396333
1.3166583291645821 0.0008523249985253888
1.3171585792896447 0.0008527270969306017
1.3176588294147074 0.0008531348193359417
1.31815907953977 0.0008535465418369624
1.3186593296648323 0.0008539618519738909
1.319159579789895 0.0008543794915552391
1.3196598299149573 0.0008547986238513623
1.32016008004002 0.0008552192523705187
1.3206603301650826 0.0008556413806251479
1.3211605802901452 0.0008560649386016836
1.3216608304152075 0.0008564886018807286
1.3221610805402702 0.0008569123136733103
1.3226613306653325 0.0008573370152266363
1.3231615807903951 0.000857762410579903
1.3236618309154577 0.0008581886709147003
1.3241620810405204 0.0008586164063110415
1.3246623311655827 0.0008590460239518801
1.3251625812906453 0.0008594775358120847
1.3256628314157077 0.0008599109539700875
1.3261630815407703 0.0008603462906090016
1.326663331665833 0.0008607823895535059
1.3271635817908956 0.0008612154130619019
1.327663831915958 0.0008616433445919597
1.3281640820410205 0.0008620676812174416
1.328664332166083 0.0008624897812830914
1.3291645822911455 0.0008629111628311879
1.3296648324162081 0.0008633328206727613
1.3301650825412707 0.0008637547521235709
1.3306653326663331 0.0008641769544818347
1.3311655827913957 0.0008645994250282011
1.3316658329164581 0.0008650221290729808
1.3321660830415207 0.0008654455720016595
1.3326663331665833 0.0008658707635858087
1.3331665832916457 0.0008662974927047847
1.3336668334167083 0.0008667250385115152
1.334167083541771 0.0008671533164127626
1.3346673336668333 0.0008675822788213114
1.335167583791896 0.0008680119238497117
1.3356678339169585 0.0008684422495879736
1.336168084042021 0.0008688732541035
1.3366683341670835 0.0008693072066410747
1.337168584292146 0.0008697512817585973
1.3376688344172085 0.000870209171328883
1.3381690845422711 0.0008706784383083075
1.3386693346673337 0.0008711551013055724
1.3391695847923961 0.0008716330869749743
1.3396698349174587 0.0008721090789402934
1.340170085042521 0.0008725830717471223
1.3406703351675837 0.0008730550598983515
1.3411705852926463 0.000873525037853832
1.341670835417709 0.0008739912582985024
1.3421710855427713 0.0008744482964648064
1.342671335667834 0.000874892437590718
1.3431715857928963 0.0008753246163213957
1.343671835917959 0.0008757468966413398
1.3441720860430215 0.0008761632124134223
1.3446723361680841 0.0008765763970893304
1.3451725862931465 0.0008769864384800071
1.3456728364182091 0.0008773933243512816
1.3461730865432715 0.000877797042423687
1.346673336668334 0.0008781982158818013
1.3471735867933967 0.0008785987804796631
1.3476738369184593 0.0008790000472541503
1.3481740870435217 0.0008794019871481508
1.3486743371685843 0.0008798048185924258
1.3491745872936467 0.000880211202606041
1.3496748374187093 0.0008806235714328052
1.350175087543772 0.0008810419636365034
1.3506753376688345 0.0008814664184452351
1.351175587793897 0.0008818969757607366
1.3516758379189595 0.0008823331559915089
1.352176088044022 0.0008827734304518522
1.3526763381690845 0.0008832167816251105
1.353176588294147 0.0008836632345031454
1.3536768384192097 0.0008841090875888377
1.354177088544272 0.000884546388239979
1.3546773386693347 0.0008849712429206167
1.355177588794397 0.0008853839661835697
1.3556778389194597 0.0008857844923880957
1.3561780890445223 0.0008861727565796171
1.3566783391695847 0.000886549182292906
1.3571785892946473 0.000886915157011553
1.35767883941971 0.000887271589094862
1.3581790895447723 0.00088761843058627
1.358679339669835 0.000887957075490789
1.3591795897948975 0.0008882912962700761
1.3596798399199599 0.0008886247342672341
1.3601800900450225 0.0008889586761446932
1.3606803401700849 0.0008892931214493223
1.3611805902951475 0.0008896280697186802
1.36168084042021 0.0008899632856062259
1.3621810905452727 0.000890298080730532
1.362681340670335 0.0008906319978960017
1.3631815907953977 0.000890965029939593
1.36368184092046 0.0008912962833186897
1.3641820910455227 0.0008916234249598595
1.3646823411705853 0.0008919449124136147
1.365182591295648 0.0008922615129369479
1.3656828414207103 0.0008925740818210809
1.3661830915457729 0.0008928825959182172
1.3666833416708353 0.0008931864275965373
1.3671835917958979 0.0008934838078539356
1.3676838419209605 0.0008937735638392739
1.368184092046023 0.0008940556574936739
1.3686843421710855 0.0008943328207909923
1.369184592296148 0.0008946121879480621
1.3696848424212105 0.0008948981571515306
1.370185092546273 0.0008951900421949404
1.3706853426713357 0.0008954856453798789
1.3711855927963983 0.0008957834719847603
1.3716858429214607 0.0008960835606380773
1.3721860930465233 0.0008963860022796903
1.3726863431715857 0.0008966908600345917
1.3731865932966483 0.0008969981452270888
1.3736868434217109 0.0008973053993286257
1.3741870935467735 0.0008976063187550588
1.3746873436718359 0.0008978970393430115
1.3751875937968985 0.0008981775158417652
1.3756878439219609 0.0008984490782120851
1.3761880940470235 0.000898714084480835
1.376688344172086 0.0008989756604847541
1.3771885942971487 0.0008992396869357276
1.377688844422211 0.0008995099374726598
1.3781890945472737 0.000899786434834796
1.378689344672336 0.0009000700682872507
1.3791895947973987 0.0009003630478421233
1.3796898449224613 0.0009006667278116423
1.3801900950475237 0.0009009811514854369
1.3806903451725863 0.0009013063627963655
1.3811905952976489 0.0009016413132710478
1.3816908454227113 0.0009019824107070991
1.3821910955477739 0.0009023236986105835
1.3826913456728365 0.0009026617311268634
1.3831915957978989 0.0009029964921414635
1.3836918459229615 0.0009033271975962269
1.3841920960480238 0.0009036519166700444
1.3846923461730865 0.0009039694772765124
1.385192596298149 0.0009042798461187031
1.3856928464232117 0.0009045829901240467
1.386193096548274 0.0009048789160103334
1.3866933466733367 0.0009051672179503359
1.387193596798399 0.0009054450534417531
1.3876938469234616 0.0009057103365786055
1.3881940970485243 0.0009059633705327038
1.3886943471735869 0.0009062058531612416
1.3891945972986492 0.0009064420438539898
1.3896948474237119 0.000906674468570708
1.3901950975487742 0.0009069031088785828
1.3906953476738368 0.0009071279464843981
1.3911955977988995 0.0009073489632370005
1.391695847923962 0.0009075703287474802
1.3921960980490244 0.0009078020742646595
1.392696348174087 0.0009080499410986016
1.3931965982991494 0.0009083135669355641
1.393696848424212 0.0009085906271167765
1.3941970985492746 0.0009088760599691867
1.3946973486743373 0.0009091668894010145
1.3951975987993996 0.0009094631374571864
1.3956978489244622 0.0009097648264432299
1.3961980990495246 0.000910071978927837
1.3966983491745872 0.0009103830050931106
1.3971985992996498 0.0009106937442351058
1.3976988494247125 0.0009110023438409307
1.3981990995497748 0.0009113095349752117
1.3986993496748374 0.0009116178322283528
1.3991995997998998 0.00091193259029929
1.3996998499249624 0.0009122566904826366
1.400200100050025 0.0009125901703443362
1.4007003501750876 0.0009129330679800756
1.40120060030015 0.0009132854220207212
1.4017008504252126 0.0009136482618211533
1.402201100550275 0.0009140242252379704
1.4027013506753376 0.0009144147997446153
1.4032016008004002 0.0009148183621209735
1.4037018509254626 0.0009152327138006428
1.4042021010505252 0.0009156570136829496
1.4047023511755878 0.0009160914934192016
1.4052026013006502 0.0009165365352827453
1.4057028514257128 0.0009169921894699286
1.4062031015507754 0.0009174585069581393
1.4067033516758378 0.0009179324407328352
1.4072036018009004 0.0009184060136297775
1.407703851925963 0.0009188743016331017
1.4082041020510254 0.0009193373168849866
1.408704352176088 0.0009197943130238448
1.4092046023011506 0.0009202420220768511
1.409704852426213 0.0009206761721077625
1.4102051025512756 0.0009210916403528128
1.410705352676338 0.0009214850286056469
1.4112056028014006 0.0009218562377112262
1.4117058529264632 0.0009222079387705001
1.4122061030515258 0.0009225471138193278
1.4127063531765882 0.0009228780112908895
1.4132066033016508 0.000923200599949026
1.4137068534267132 0.0009235152860529902
1.4142071035517758 0.0009238224043253832
1.4147073536768384 0.0009241218062070459
1.415207603801901 0.0009244134171797641
1.4157078539269634 0.0009247007886550779
1.416208104052026 0.0009249877872452246
1.4167083541770884 0.0009252737392741066
1.417208604302151 0.0009255561926089404
1.4177088544272136 0.0009258336549998696
1.4182091045522762 0.0009261061044391996
1.4187093546773386 0.0009263816432115337
1.4192096048024012 0.0009266788799309019
1.4197098549274636 0.000927009021562398
1.4202101050525262 0.0009273730345717056
1.4207103551775888 0.0009277712587214251
1.4212106053026514 0.0009282034014257416
1.4217108554277138 0.0009286694833789779
1.4222111055527764 0.0009291712763558763
1.4227113556778388 0.0009297102643681031
1.4232116058029014 0.0009302866652758389
1.423711855927964 0.0009308866509314146
1.4242121060530266 0.0009314785361617436
1.424712356178089 0.0009320444858402047
1.4252126063031516 0.0009325837915657155
1.425712856428214 0.0009330953531905292
1.4262131065532766 0.0009335786183053139
1.4267133566783392 0.0009340314559832262
1.4272136068034016 0.0009344499617403134
1.4277138569284642 0.0009348322608204572
1.4282141070535268 0.0009351782435426336
1.4287143571785892 0.0009354982797971602
1.4292146073036518 0.0009358158423805913
1.4297148574287144 0.0009361439729040432
1.4302151075537768 0.0009364827185795164
1.4307153576788394 0.0009368322859124237
1.431215607803902 0.0009371931895065208
1.4317158579289644 0.000937568169582418
1.432216108054027 0.0009379630751434663
1.4327163581790896 0.0009383810407157678
1.433216608304152 0.0009388212186941942
1.4337168584292146 0.0009392751665839023
1.434217108554277 0.0009397253351417339
1.4347173586793396 0.0009401620385240913
1.4352176088044022 0.000940585204845512
1.4357178589294648 0.000940994763068787
1.4362181090545272 0.000941390614276148
1.4367183591795898 0.000941769847161301
1.4372186093046522 0.0009421263297485633
1.4377188594297148 0.0009424567161238536
1.4382191095547774 0.0009427655795575987
1.43871935967984 0.0009430633945698445
1.4392196098049024 0.0009433560752657986
1.439719859929965 0.0009436436829317817
1.4402201100550274 0.0009439261956014479
1.44072036018009 0.0009442035913646129
1.4412206103051526 0.0009444758483687067
1.4417208604302152 0.0009447437865608818
1.4422211105552776 0.0009450084305435249
1.4427213606803402 0.0009452696017763383
1.4432216108054026 0.0009455251557962344
1.4437218609304652 0.0009457712443951516
1.4442221110555278 0.0009460058406647206
1.4447223611805904 0.0009462294965153027
1.4452226113056528 0.0009464426947261966
1.4457228614307154 0.0009466453947823095
1.4462231115557778 0.0009468375565620694
1.4467233616808404 0.0009470212171874882
1.447223611805903 0.0009472012096876418
1.4477238619309656 0.0009473822188613757
1.448224112056028 0.000947569779764675
1.4487243621810906 0.0009477699954801607
1.449224612306153 0.0009479881747830248
1.4497248624312156 0.0009482271917064532
1.4502251125562782 0.0009484868199885662
1.4507253626813406 0.0009487664144506972
1.4512256128064032 0.0009490656341334421
1.4517258629314658 0.0009493840657805233
1.4522261130565282 0.0009497206475819914
1.4527263631815908 0.0009500748064167622
1.4532266133066534 0.0009504466159436663
1.4537268634317158 0.0009508318455506117
1.4542271135567784 0.0009512254861609546
1.454727363681841 0.0009516268199024694
1.4552276138069034 0.0009520358853672336
1.455727863931966 0.0009524527217256274
1.4562281140570286 0.0009528772332060505
1.456728364182091 0.0009533000911640236
1.4572286143071536 0.0009537002329912989
1.457728864432216 0.0009540657205736674
1.4582291145572785 0.0009543963886836752
1.4587293646823412 0.0009546894888286205
1.4592296148074038 0.000954939930039937
1.4597298649324661 0.0009551458065914459
1.4602301150575288 0.0009553075554193671
1.4607303651825911 0.0009554250204962893
1.4612306153076537 0.000955498057772702
1.4617308654327164 0.000955542319717151
1.462231115557779 0.0009555964678834059
1.4627313656828413 0.0009556839038845439
1.463231615807904 0.000955805135064265
1.4637318659329663 0.0009559634817411136
1.464232116058029 0.0009561657364932016
1.4647323661830915 0.0009564155113359371
1.4652326163081542 0.0009567117750326129
1.4657328664332165 0.0009570534265134153
1.4662331165582791 0.0009574405870437471
1.4667333666833415 0.0009578616894021782
1.4672336168084041 0.0009582905329258375
1.4677338669334667 0.0009587122755128553
1.4682341170585294 0.000959119957971025
1.4687343671835917 0.0009595006203294546
1.4692346173086543 0.0009598412930317148
1.4697348674337167 0.0009601352070762194
1.4702351175587793 0.0009603821716113002
1.470735367683842 0.0009605824053575607
1.4712356178089045 0.0009607367904518653
1.471735867933967 0.0009608546983517365
1.4722361180590295 0.0009609556442914923
1.472736368184092 0.0009610503355871574
1.4732366183091545 0.000961138754516755
1.4737368684342171 0.0009612280556133454
1.4742371185592795 0.0009613355513522016
1.4747373686843421 0.0009614714413100163
1.4752376188094047 0.0009616358230527391
1.4757378689344671 0.0009618287993701006
1.4762381190595297 0.0009620452706269206
1.4767383691845923 0.00096227360700899
1.4772386193096547 0.0009625072489364155
1.4777388694347173 0.0009627461264086578
1.47823911955978 0.0009629902602495466
1.4787393696848423 0.0009632386390761419
1.479239619809905 0.0009634892021930824
1.4797398699349675 0.0009637431317266637
1.48024012006003 0.0009640106305441235
1.4807403701850925 0.0009642997238106569
1.481240620310155 0.0009646124434567668
1.4817408704352175 0.0009649531173719961
1.4822411205602801 0.0009653240577057185
1.4827413706853427 0.0009657247305467616
1.4832416208104051 0.0009661546796294161
1.4837418709354677 0.0009666142914977661
1.48424212106053 0.000967104225906858
1.4847423711855927 0.0009676248763834352
1.4852426213106553 0.0009681763706506342
1.485742871435718 0.0009687540522474964
1.4862431215607803 0.0009693376286374227
1.486743371685843 0.0009699087686563863
1.4872436218109053 0.0009704615710333264
1.487743871935968 0.0009709928378845659
1.4882441220610305 0.0009715028170994143
1.4887443721860931 0.0009719876665072032
1.4892446223111555 0.0009724387643857057
1.4897448724362181 0.000972851537634841
1.4902451225612805 0.0009732258207198521
1.490745372686343 0.0009735614519937035
1.4912456228114057 0.0009738582737533503
1.4917458729364683 0.0009741183449315448
1.4922461230615307 0.0009743511939660843
1.4927463731865933 0.0009745641789132379
1.4932466233116557 0.000974757221725715
1.4937468734367183 0.0009749334361004966
1.494247123561781 0.0009750991399213985
1.4947473736868435 0.0009752575566084258
1.495247623811906 0.0009754087312419114
1.4957478739369685 0.0009755526381043843
1.496248124062031 0.0009756892516237092
1.4967483741870935 0.0009758214249039238
1.497248624312156 0.0009759551803433017
1.4977488744372185 0.0009760938840407659
1.498249124562281 0.0009762391642313509
1.4987493746873437 0.0009763935922324605
1.499249624812406 0.0009765593998205596
1.4997498749374687 0.000976737691035258
1.5002501250625313 0.0009769252063624107
1.500750375187594 0.0009771182281405344
1.5012506253126563 0.0009773163366310121
1.5017508754377187 0.0009775159768318396
1.5022511255627813 0.0009777097321585619
1.502751375687844 0.0009778937346276533
1.5032516258129065 0.0009780679484254103
1.503751875937969 0.000978230365899419
1.5042521260630315 0.000978377266956662
1.5047523761880939 0.0009785068903645606
1.5052526263131565 0.0009786191737455984
1.505752876438219 0.0009787143652348878
1.5062531265632817 0.0009787999342635233
1.506753376688344 0.0009788900176894116
1.5072536268134067 0.0009789988954468517
1.507753876938469 0.000979133955371584
1.5082541270635317 0.0009792952920129373
1.5087543771885943 0.000979484719342309
1.509254627313657 0.0009797056039732863
1.5097548774387193 0.0009799596140273462
1.5102551275637819 0.000980247329574464
1.5107553776888443 0.0009805694348514503
1.5112556278139069 0.000980926179145218
1.5117558779389695 0.0009813097502915352
1.512256128064032 0.0009817010828391667
1.5127563781890945 0.0009820889866955873
1.513256628314157 0.0009824734413794566
1.5137568784392195 0.000982851917499181
1.514257128564282 0.0009832196622277223
1.5147573786893447 0.0009835744092579477
1.5152576288144073 0.000983916092675439
1.5157578789394697 0.000984244647474649
1.5162581290645323 0.000984559653524123
1.5167583791895947 0.0009848616018926857
1.5172586293146573 0.0009851525115502251
1.5177588794397199 0.0009854310755574131
1.5182591295647825 0.0009856861054628105
1.5187593796898449 0.0009859141887593786
1.5192596298149073 0.000986125282843594
1.5197598799399699 0.0009863239884413501
1.5202601300650325 0.0009865102670077687
1.520760380190095 0.0009866840791269349
1.5212606303151577 0.000986845384503046
1.52176088044022 0.0009869938391634963
1.5222611305652824 0.0009871285120043503
1.522761380690345 0.0009872481727451713
1.5232616308154077 0.0009873521702093461
1.5237618809404703 0.0009874376491041557
1.5242621310655329 0.0009875120220622547
1.5247623811905953 0.0009875855416458894
1.5252626313156576 0.0009876581998684115
1.5257628814407203 0.0009877299888182431
1.5262631315657829 0.0009878009006610746
1.5267633816908455 0.0009878759785175348
1.527263631815908 0.0009879651949198597
1.5277638819409705 0.0009880735075169283
1.5282641320660328 0.000988200981056014
1.5287643821910955 0.0009883530318215085
1.529264632316158 0.000988538348487898
1.5297648824412207 0.000988758353007746
1.530265132566283 0.0009890036050295371
1.5307653826913457 0.000989266574355762
1.531265632816408 0.0009895473344712234
1.5317658829414706 0.000989842421402742
1.5322661330665333 0.000990144978070606
1.5327663831915959 0.000990451655668837
1.5332666333166582 0.0009907624681050097
1.5337668834417209 0.0009910826868093291
1.5342671335667832 0.0009914218814867347
1.5347673836918458 0.0009917853783192032
1.5352676338169085 0.0009921748340749501
1.535767883941971 0.0009925907258497451
1.5362681340670334 0.0009930314172598965
1.536768384192096 0.0009934942194226313
1.5372686343171584 0.0009939767935720173
1.537768884442221 0.0009944780565070835
1.5382691345672836 0.0009949981049619339
1.5387693846923463 0.0009955195685691898
1.5392696348174086 0.0009960110528465516
1.5397698849424712 0.0009964584672498937
1.5402701350675336 0.0009968615724315001
1.5407703851925962 0.0009972193524964408
1.5412706353176588 0.0009975277674650004
1.5417708854427215 0.0009977857693840328
1.5422711355677838 0.0009979972684335434
1.5427713856928462 0.00099816399641856
1.5432716358179088 0.000998285794185409
1.5437718859429714 0.0009983841703215222
1.544272136068034 0.0009984976098594519
1.5447723861930966 0.0009986430624193687
1.545272636318159 0.0009988206416557534
1.5457728864432214 0.000999030468528881
1.546273136568284 0.0009992726713864768
1.5467733866933466 0.0009995454664173133
1.5472736368184092 0.000999848099131509
1.5477738869434718 0.0010001827309888828
1.5482741370685342 0.001000550017789901
1.5487743871935966 0.0010009430806729872
1.5492746373186592 0.0010013505674610751
1.5497748874437218 0.0010017676207551703
1.5502751375687844 0.0010021942850899838
1.550775387693847 0.0010026306055635431
1.5512756378189094 0.0010030766278434713
1.5517758879439718 0.001003535206578316
1.5522761380690344 0.0010040116880030085
1.552776388194097 0.0010045086397025254
1.5532766383191596 0.0010050259391713968
1.5537768884442222 0.0010055477917877839
1.5542771385692846 0.0010060478165396845
1.554777388694347 0.0010065154328303164
1.5552776388194096 0.00100695072641954
1.5557778889444722 0.0010073535249938586
1.5562781390695348 0.0010077236622532554
1.5567783891945972 0.0010080549219733798
1.5572786393196598 0.0010083358396569425
1.5577788894447222 0.001008560972191461
1.5582791395697848 0.0010087300988350456
1.5587793896948474 0.001008853150185899
1.55927963981991 0.001008947536161891
1.5597798899449724 0.0010090184493170278
1.560280140070035 0.0010090627937111097
1.5607803901950974 0.0010090802682163557
1.56128064032016 0.0010090714551274074
1.5617808904452226 0.0010090452702155746
1.5622811405702852 0.0010090182437603723
1.5627813906953476 0.0010089979628086037
1.5632816408204102 0.0010089844441925557
1.5637818909454726 0.0010090034017154058
1.5642821410705352 0.0010090990838278607
1.5647823911955978 0.001009290198433017
1.5652826413206604 0.0010095771117987389
1.5657828914457228 0.00100996032864507
1.5662831415707852 0.0010104440507802967
1.5667833916958478 0.0010110265289228685
1.5672836418209104 0.0010116987666481199
1.567783891945973 0.0010124577156712577
1.5682841420710356 0.0010133039925190714
1.568784392196098 0.0010141916567793995
1.5692846423211604 0.001015041467091636
1.569784892446223 0.0010158202077246525
1.5702851425712856 0.0010165273497184124
1.5707853926963482 0.001017162392720017
1.5712856428214108 0.0010177248655857097
1.5717858929464732 0.0010182083956384847
1.5722861430715356 0.0010186013966260062
1.5727863931965982 0.0010188964099216407
1.5732866433216608 0.0010190905772700571
1.5737868934467234 0.001019191905825461
1.574287143571786 0.0010192153334410436
1.5747873936968484 0.001019166853622639
1.5752876438219108 0.0010190462896228422
1.5757878939469734 0.0010188534929496816
1.576288144072036 0.0010185883435785575
1.5767883941970986 0.0010182702905628643
1.5772886443221612 0.0010179343409792167
1.5777888944472236 0.0010175959944542868
1.578289144572286 0.0010172552445100059
1.5787893946973486 0.001016931914784461
1.5792896448224112 0.0010166619749505384
1.5797898949474738 0.0010164616205525533
1.5802901450725362 0.0010163309690418654
1.5807903951975988 0.001016270165644822
1.5812906453226612 0.0010162793835716312
1.5817908954477238 0.0010163348064848188
1.5822911455727864 0.0010163938170131195
1.582791395697849 0.0010164376886381164
1.5832916458229114 0.0010164663745717134
1.583791895947974 0.0010164798295274646
1.5842921460730364 0.0010164780097361556
1.584792396198099 0.0010164608729610536
1.5852926463231616 0.001016425234214049
1.5857928964482242 0.0010163667941780695
1.5862931465732866 0.0010162842104608617
1.5867933966983492 0.00101618423668561
1.5872936468234116 0.0010160792502574023
1.5877938969484742 0.0010159746640267004
1.5882941470735368 0.001015870477282276
1.5887943971985994 0.0010157666893237046
1.5892946473236618 0.0010156632994613713
1.5897948974487242 0.0010155603070164793
1.5902951475737868 0.0010154577113210609
1.5907953976988494 0.0010153555117179865
1.591295647823912 0.001015254185921146
1.5917958979489746 0.001015178931958467
1.592296148074037 0.001015166660462182
1.5927963981990994 0.0010152296673727526
1.593296648324162 0.0010153681964215437
1.5937968984492246 0.0010155825202539822
1.5942971485742872 0.001015872940755364
1.5947973986993498 0.001016239789405914
1.5952976488244122 0.001016683427665796
1.5957978989494745 0.0010172042473908217
1.5962981490745372 0.0010177834959410402
1.5967983991995998 0.0010183791867407663
1.5972986493246624 0.0010189601321537829
1.597798899449725 0.0010195186952961816
1.5982991495747874 0.0010200471307786623
1.5987993996998497 0.0010205370478906092
1.5992996498249124 0.0010209882389971706
1.599799899949975 0.001021400504039024
1.6003001500750376 0.0010217736506558715
1.6008004002001002 0.0010221074943065618
1.6013006503251626 0.0010224018583857145
1.601800900450225 0.0010226282771542184
1.6023011505752875 0.0010227378573846584
1.6028014007003502 0.001022709906185086
1.6033016508254128 0.0010225440898273656
1.6038019009504751 0.0010222400957606767
1.6043021510755378 0.0010217941621073034
1.6048024012006001 0.0010212040393672774
1.6053026513256627 0.0010204711501565604
1.6058029014507254 0.0010195957130895523
1.606303151575788 0.0010185977981602545
1.6068034017008503 0.0010175595937330388
1.607303651825913 0.001016578552873902
1.6078039019509753 0.0010156897502767088
1.608304152076038 0.0010148929409057013
1.6088044022011005 0.0010141879333656362
1.6093046523261632 0.001013574589755564
1.6098049024512255 0.0010130528256006208
1.6103051525762881 0.0010126230269903703
1.6108054027013505 0.0010122868709333363
1.6113056528264131 0.001012047082386775
1.6118059029514757 0.0010118956718984736
1.6123061530765384 0.001011816704994211
1.6128064032016007 0.001011803788443374
1.6133066533266633 0.0010118571110748367
1.6138069034517257 0.0010119768887622608
1.6143071535767883 0.0010121633647069213
1.614807403701851 0.001012416809749523
1.6153076538269135 0.0010127375227116683
1.615807903951976 0.0010131258307677
1.6163081540770383 0.001013582487862234
1.616808404202101 0.0010140882674546153
1.6173086543271635 0.0010146112847218816
1.6178089044522261 0.0010151452089504924
1.6183091545772887 0.001015695816342252
1.6188094047023511 0.0010162631830019939
1.6193096548274135 0.001016847385519699
1.6198099049524761 0.0010174485009743642
1.6203101550775387 0.0010180666069378992
1.6208104052026013 0.001018701781479065
1.621310655327664 0.0010193541031674523
1.6218109054527263 0.0010200236510774915
1.6223111555777887 0.001020710504792509
1.6228114057028513 0.0010214147444088182
1.623311655827914 0.0010221366073196229
1.6238119059529765 0.0010228750539930948
1.6243121560780391 0.0010236205296738675
1.6248124062031015 0.00102436483186823
1.625312656328164 0.0010251080854152901
1.6258129064532265 0.001025850287397128
1.6263131565782891 0.0010265674903005226
1.6268134067033517 0.0010272223306534633
1.6273136568284141 0.0010278011863978703
1.6278139069534767 0.0010283036122304052
1.628314157078539 0.0010287291933429362
1.6288144072036017 0.0010290775459249452
1.6293146573286643 0.0010293480695646327
1.629814907453727 0.001029531930411249
1.6303151575787893 0.00102962054218099
1.630815407703852 0.0010296171674440144
1.6313156578289143 0.001029525131083942
1.631815907953977 0.0010293442397559336
1.6323161580790395 0.0010290743280054388
1.6328164082041021 0.0010287152685755053
1.6333166583291645 0.0010282669726320098
1.6338169084542271 0.0010277293899480014
1.6343171585792895 0.0010271234290186793
1.634817408704352 0.0010264831065146893
1.6353176588294147 0.0010258215083189276
1.6358179089544773 0.0010251404702080464
1.6363181590795397 0.0010244675930689581
1.6368184092046023 0.0010238368157593329
1.6373186593296647 0.0010232596193546204
1.6378189094547273 0.0010227400955277364
1.63831915957979 0.0010222790512675747
1.6388194097048525 0.0010218765291066722
1.639319659829915 0.001021532585776851
1.6398199099549773 0.0010212472922746
1.64032016008004 0.0010210207339352972
1.6408204102051025 0.0010208530105163902
1.641320660330165 0.001020744236289632
1.6418209104552277 0.0010206945401425125
1.64232116058029 0.001020703653027033
1.6428214107053525 0.0010207699038374332
1.643321660830415 0.0010208920427102945
1.6438219109554777 0.0010210675081222351
1.6443221610805403 0.0010212703624805136
1.644822411205603 0.0010214645014617765
1.6453226613306653 0.0010216370819293773
1.6458229114557277 0.001021788026090837
1.6463231615807903 0.0010219268038746197
1.646823411705853 0.0010220677401635752
1.6473236618309155 0.0010222156569062969
1.647823911955978 0.001022370574809012
1.6483241620810405 0.0010225325147310547
1.6488244122061029 0.0010227009987553908
1.6493246623311655 0.0010228740231170961
1.649824912456228 0.0010230500762865196
1.6503251625812907 0.0010232295121357362
1.650825412706353 0.0010234135956083497
1.6513256628314157 0.0010236032517647194
1.651825912956478 0.001023798497882607
1.6523261630815407 0.0010239993513668155
1.6528264132066033 0.0010242058297501228
1.653326663331666 0.0010244179506942186
1.6538269134567283 0.0010246357319906542
1.6543271635817909 0.0010248587562652425
1.6548274137068533 0.0010250863536696727
1.6553276638319159 0.0010253165899325532
1.6558279139569785 0.0010255415988889775
1.656328164082041 0.0010257549170793172
1.6568284142071035 0.0010259561137168822
1.657328664332166 0.0010261476093858344
1.6578289144572285 0.0010263321647752412
1.658329164582291 0.0010265099606224513
1.6588294147073537 0.001026680976525867
1.6593296648324163 0.001026845192015552
1.6598299149574787 0.0010270025865529572
1.6603301650825413 0.0010271531395306408
1.6608304152076037 0.0010272968302719925
1.6613306653326663 0.0010274336380309526
1.6618309154577289 0.0010275649428304432
1.6623311655827915 0.0010277012985019291
1.6628314157078539 0.001027851897567015
1.6633316658329163 0.0010280167827655304
1.6638319159579789 0.0010281956181141495
1.6643321660830415 0.00102841339982655
1.664832416208104 0.00102870978005208
1.6653326663331667 0.0010290992431045156
1.665832916458229 0.001029582207263296
1.6663331665832914 0.0010301305326893353
1.666833416708354 0.0010307027137748707
1.6673336668334167 0.0010312856501886187
1.6678339169584793 0.0010318793779362282
1.6683341670835419 0.001032483932976068
1.6688344172086043 0.0010330955356649767
1.6693346673336666 0.0010337103756276776
1.6698349174587293 0.0010343284479909075
1.6703351675837919 0.0010349496974016881
1.6708354177088545 0.0010355732970221932
1.671335667833917 0.0010361984770060752
1.6718359179589795 0.0010368252365947311
1.6723361680840418 0.0010374535749906497
1.6728364182091044 0.001038083491357187
1.673336668334167 0.0010387149848183432
1.6738369184592297 0.0010393480544585434
1.674337168584292 0.0010399656595559568
1.6748374187093547 0.0010405416448275384
1.675337668834417 0.0010410632031858625
1.6758379189594796 0.0010415256392965436
1.6763381690845423 0.0010419481617505778
1.6768384192096049 0.0010423598906065922
1.6773386693346672 0.0010427701665183886
1.6778389194597298 0.001043179752526326
1.6783391695847922 0.0010435889815408712
1.6788394197098548 0.0010439978550668074
1.6793396698349174 0.0010444063746108505
1.67983991995998 0.001044814541681695
1.6803401700850424 0.0010452223577900558
1.680840420210105 0.0010456298244487135
1.6813406703351674 0.0010460369431725583
1.68184092046023 0.001046446690084165
1.6823411705852926 0.0010468643157099554
1.6828414207103553 0.0010472921128885425
1.6833416708354176 0.0010477301186931835
1.6838419209604802 0.0010481783944100093
1.6843421710855426 0.001048632082003039
1.6848424212106052 0.0010490808902253474
1.6853426713356678 0.0010495193947832706
1.6858429214607304 0.0010499475251220624
1.6863431715857928 0.0010503631832320518
1.6868434217108552 0.0010507634109732952
1.6873436718359178 0.001051147271330939
1.6878439219609804 0.0010515146784204202
1.688344172086043 0.0010518651752150115
1.6888444222111056 0.0010521973176198594
1.689344672336168 0.0010525100350863546
1.6898449224612304 0.0010528032479295752
1.690345172586293 0.0010530768802066172
1.6908454227113556 0.0010533279985187518
1.6913456728364182 0.0010535491527335686
1.6918459229614808 0.0010537357430508048
1.6923461730865432 0.0010538876829556774
1.6928464232116056 0.0010540048928391217
1.6933466733366682 0.0010540873000463575
1.6938469234617308 0.0010541348389220444
1.6943471735867934 0.0010541477479682818
1.694847423711856 0.0010541264164815245
1.6953476738369184 0.0010540681465682317
1.6958479239619808 0.0010539698819766294
1.6963481740870434 0.001053837341279001
1.696848424212106 0.0010536788542866453
1.6973486743371686 0.001053496786706924
1.697848924462231 0.0010532918707252842
1.6983491745872936 0.0010530651348233419
1.698849424712356 0.0010528168658336182
1.6993496748374186 0.0010525470600660735
1.6998499249624812 0.0010522557161168895
1.7003501750875438 0.0010519428348715063
1.7008504252126062 0.001051608419507052
1.7013506753376688 0.0010512524754941691
1.7018509254627312 0.0010508754165661652
1.7023511755877938 0.0010504780226707874
1.7028514257128564 0.0010500606703044402
1.703351675837919 0.0010496233745052868
1.7038519259629814 0.0010491661524411812
1.704352176088044 0.0010487200592100333
1.7048524262131064 0.0010483318546831138
1.705352676338169 0.0010480172555042875
1.7058529264632316 0.001047776256347295
1.7063531765882942 0.0010476265322096878
1.7068534267133566 0.0010475925195365938
1.7073536768384192 0.0010476810834371994
1.7078539269634816 0.0010478924751300804
1.7083541770885442 0.001048227096439877
1.7088544272136068 0.001048686252029506
1.7093546773386694 0.0010492712728260288
1.7098549274637318 0.0010499827647719637
1.7103551775887942 0.0010508214246247073
1.7108554277138568 0.0010517880413045929
1.7113556778389194 0.0010528837691498548
1.711855927963982 0.0010541108679148544
1.7123561780890446 0.00105547143123152
1.712856428214107 0.0010569666489219384
1.7133566783391694 0.0010585978143251688
1.713856928464232 0.0010603663268025176
1.7143571785892946 0.0010622516622983173
1.7148574287143572 0.0010642233196995097
1.7153576788394198 0.001066272082153612
1.7158579289644822 0.001068398043870724
1.7163581790895446 0.0010705570686983736
1.7168584292146072 0.0010726883928751552
1.7173586793396698 0.0010747752897531078
1.7178589294647324 0.0010768170944813217
1.718359179589795 0.0010788123261335357
1.7188594297148574 0.0010807581420408025
1.7193596798399198 0.001082652518797503
1.7198599299649824 0.0010844948018192682
1.720360180090045 0.001086284348371959
1.7208604302151076 0.0010880205280589528
1.72136068034017 0.0010897027233041988
1.7218609304652326 0.0010913303039743897
1.722361180590295 0.0010928964580014643
1.7228614307153576 0.0010943943683906319
1.7233616808404202 0.0010958234087085753
1.7238619309654828 0.0010971829714811862
1.7243621810905452 0.0010984747710506072
1.7248624312156078 0.0010997015331554554
1.7253626813406702 0.0011008644526572847
1.7258629314657328 0.0011019645554559644
1.7263631815907954 0.0011030175928903809
1.726863431715858 0.0011040440102962818
1.7273636818409204 0.0011050489486990253
1.727863931965983 0.001106032273601353
1.7283641820910454 0.0011069938515079506
1.728864432216108 0.0011079366721573212
1.7293646823411706 0.0011088686716567858
1.7298649324662332 0.001109794700759479
1.7303651825912956 0.0011107146963086224
1.7308654327163582 0.0011116285952977667
1.7313656828414206 0.0011125363348805353
1.7318659329664832 0.0011134378523804153
1.7323661830915458 0.0011143337026149661
1.7328664332166084 0.0011152249685205113
1.7333666833416708 0.0011161121202149932
1.7338669334667332 0.0011169951045791628
1.7343671835917958 0.0011178668928900043
1.7348674337168584 0.00111871761288292
1.735367683841921 0.0011195443194748635
1.7358679339669836 0.0011203460247149047
1.736368184092046 0.0011211278354835254
1.7368684342171083 0.0011218978146666067
1.737368684342171 0.0011226579697999415
1.7378689344672336 0.0011234082301602056
1.7383691845922962 0.0011241485256831957
1.7388694347173588 0.0011248787869790368
1.7393696848424212 0.0011255974919641566
1.7398699349674835 0.0011263018690123733
1.7403701850925462 0.0011269905925802787
1.7408704352176088 0.0011276635798341973
1.7413706853426714 0.0011283207491619835
1.741870935467734 0.00112896202019279
1.7423711855927964 0.001129587313816636
1.7428714357178587 0.0011301949121109104
1.7433716858429213 0.0011307830800414839
1.743871935967984 0.0011313517210703853
1.7443721860930466 0.0011318793817350016
1.744872436218109 0.001132336380602287
1.7453726863431716 0.0011327143300255257
1.745872936468234 0.0011330129709869405
1.7463731865932965 0.001133232302810335
1.7468734367183592 0.0011333731598589234
1.7473736868434218 0.0011334361846466689
1.7478739369684841 0.0011334212506706972
1.7483741870935467 0.0011333282642841645
1.7488744372186091 0.0011331571648305352
1.7493746873436717 0.0011329076218978065
1.7498749374687343 0.001132578216112471
1.750375187593797 0.0011321678639729313
1.7508754377188593 0.001131676637949578
1.751375687843922 0.0011311046448602383
1.7518759379689843 0.0011304520257928066
1.752376188094047 0.0011297189559915282
1.7528764382191095 0.00112890564470713
1.7533766883441722 0.0011280125091129025
1.7538769384692345 0.0011270402996750213
1.7543771885942971 0.001126040847462194
1.7548774387193595 0.0011250838683807478
1.7553776888444221 0.0011241876293336915
1.7558779389694847 0.00112335192031401
1.7563781890945473 0.0011225787651162875
1.7568784392196097 0.0011218720516811762
1.7573786893446721 0.0011212334701871743
1.7578789394697347 0.0011206628825751728
1.7583791895947973 0.0011201601737414679
1.75887943971986 0.0011197252514624533
1.7593796898449225 0.0011193580463386005
1.759879939969985 0.0011190585117576493
1.7603801900950473 0.0011188261844387697
1.76088044022011 0.0011186588272022013
1.7613806903451725 0.0011185546625096
1.7618809404702351 0.0011185137296115684
1.7623811905952977 0.001118536089132142
1.7628814407203601 0.0011186218231409339
1.7633816908454225 0.0011187702669115068
1.7638819409704851 0.0011189799655394136
1.7643821910955477 0.001119233812826562
1.7648824412206103 0.0011195098315183456
1.765382691345673 0.001119802438808978
1.7658829414707353 0.0011201116825837857
1.7663831915957977 0.001120436118570113
1.7668834417208603 0.0011207738888170122
1.767383691845923 0.0011211246260419596
1.7678839419709855 0.0011214893656965128
1.768384192096048 0.0011218691787953498
1.7688844422211105 0.0011222641463246024
1.769384692346173 0.0011226743193180186
1.7698849424712355 0.0011230997502088087
1.7703851925962981 0.0011235398499701119
1.7708854427213607 0.0011239934827395016
1.771385692846423 0.0011244601539851557
1.7718859429714857 0.0011249399156602728
1.772386193096548 0.0011254328209670923
1.7728864432216107 0.0011259389243695082
1.7733866933466733 0.0011264582816060038
1.773886943471736 0.001126990949702921
1.7743871935967983 0.0011275302843992048
1.774887443721861 0.0011280669242559492
1.7753876938469233 0.001128597946693881
1.775887943971986 0.0011291231017223004
1.7763881940970485 0.0011296473315597654
1.7768884442221111 0.0011301768864186363
1.7773886943471735 0.0011307145834713193
1.777888944472236 0.001131263259398736
1.7783891945972985 0.0011318242519048325
1.778889444722361 0.0011323976117151545
1.7793896948474237 0.0011329833904233084
1.7798899449724863 0.0011335816404998518
1.7803901950975487 0.001134192415301364
1.780890445222611 0.0011348157690796831
1.7813906953476737 0.0011354517569913262
1.7818909454727363 0.0011361009072236431
1.782391195597799 0.00113676465210428
1.7828914457228615 0.0011374439575964296
1.783391695847924 0.0011381388914065756
1.7838919459729863 0.0011388495223847066
1.7843921960980489 0.001139575689680751
1.7848924462231115 0.0011403164018591132
1.785392696348174 0.001141070897015019
1.7858929464732367 0.0011418392456585692
1.786393196598299 0.0011426426984562676
1.7868934467233615 0.0011435078127559847
1.787393696848424 0.0011444401034571867
1.7878939469734867 0.001145439985160821
1.7883941970985493 0.0011465078978459989
1.788894447223612 0.0011476443072904465
1.7893946973486743 0.0011488465559035836
1.7898949474737367 0.0011501118109092654
1.7903951975987993 0.0011514404035872098
1.7908954477238619 0.0011528328721381576
1.7913956978489245 0.0011542895963876174
1.791895947973987 0.001155810663169925
1.7923961980990495 0.0011573963671205859
1.7928964482241119 0.0011590473467335428
1.7933966983491745 0.0011607642681757565
1.793896948474237 0.0011625478259435118
1.7943971985992997 0.0011643972690942115
1.794897448724362 0.0011663114242967513
1.7953976988494247 0.001168290603384861
1.795897948974487 0.0011703355727836335
1.7963981990995497 0.0011724003738885517
1.7968984492246123 0.001174428583602387
1.7973986993496749 0.0011764099862799718
1.7978989494747373 0.0011783439997172008
1.7983991995997999 0.0011802305290528037
1.7988994497248623 0.0011820714561366062
1.7993996998499249 0.0011838682095755564
1.7998999499749875 0.0011856202692026047
1.80040020010005 0.0011873271227076496
1.8009004502251125 0.0011889882659506838
1.801400700350175 0.001190603203273173
1.8019009504752375 0.0011921714478073501
1.8024012006003 0.0011936925217830925
1.8029014507253627 0.001195165956832061
1.8034017008504253 0.0011965912942887664
1.8039019509754877 0.001197967805259899
1.80440220110055 0.0011992965369853486
1.8049024512256127 0.0012005793329468632
1.8054027013506753 0.0012018162933169674
1.8059029514757379 0.0012030059379935718
1.8064032016008005 0.0012041577134137352
1.8069034517258629 0.0012052846142317697
1.8074037018509252 0.0012063887906299342
1.8079039519759879 0.0012074700741742405
1.8084042021010505 0.0012085282982647447
1.808904452226113 0.0012095632981831887
1.8094047023511757 0.00121057491114047
1.809904952476238 0.0012115629763239217
1.8104052026013004 0.0012125273349443836
1.810905452726363 0.0012134677441318785
1.8114057028514257 0.001214383834893201
1.8119059529764883 0.0012152753256687635
1.8124062031015509 0.0012161420645975455
1.8129064532266133 0.001216984465558613
1.8134067033516756 0.0012178032066970088
1.8139069534767382 0.0012185984076950474
1.8144072036018009 0.0012193639215153222
1.8149074537268635 0.001220092008658459
1.815407703851926 0.0012207809129077423
1.8159079539769885 0.0012214304311466292
1.8164082041020508 0.0012220512003625161
1.8169084542271134 0.0012226560764574547
1.817408704352176 0.001223247131493657
1.8179089544772387 0.0012238242997855628
1.818409204602301 0.0012243894662153907
1.8189094547273637 0.0012249450988245916
1.819409704852426 0.0012254917227542907
1.8199099549774886 0.0012260287600374393
1.8204102051025512 0.0012265546186798959
1.8209104552276139 0.0012270682325533537
1.8214107053526762 0.0012275695465883308
1.8219109554777388 0.0012280585064091175
1.8224112056028012 0.001228535058343857
1.8229114557278638 0.0012289991494345502
1.8234117058529264 0.0012294507274469883
1.823911955977989 0.0012298897408806052
1.8244122061030514 0.0012302905534659412
1.824912456228114 0.0012306212008616967
1.8254127063531764 0.0012308750486126486
1.825912956478239 0.0012310496391442734
1.8264132066033016 0.0012311438646105102
1.8269134567283642 0.0012311589035823183
1.8274137068534266 0.0012310983461307227
1.8279139569784892 0.0012309658123374893
1.8284142071035516 0.001230761433891885
1.8289144572286142 0.0012304851659325274
1.8294147073536768 0.0012301369903647355
1.8299149574787394 0.0012297169159150123
1.8304152076038018 0.001229224978160595
1.8309154577288642 0.001228661239533982
1.8314157078539268 0.0012280257893023945
1.8319159579789894 0.0012273187435221816
1.832416208104052 0.0012265402449682082
1.8329164582291146 0.0012256917764023134
1.833416708354177 0.0012247774400806033
1.8339169584792394 0.0012238000467953791
1.834417208604302 0.0012228129390316187
1.8349174587293646 0.0012218802394514889
1.8354177088544272 0.0012210128026690144
1.8359179589794898 0.0012202104609844958
1.8364182091045522 0.0012194751997042972
1.8369184592296146 0.0012188093789553523
1.8374187093546772 0.0012182132411520188
1.8379189594797398 0.0012176866876973996
1.8384192096048024 0.0012172296413058509
1.838919459729865 0.0012168420459652339
1.8394197098549274 0.0012165238669154493
1.8399199599799898 0.0012162750906432392
1.8404202101050524 0.0012160908997489342
1.840920460230115 0.0012159622012278928
1.8414207103551776 0.0012158847367915778
1.84192096048024 0.0012158588482265272
1.8424212106053026 0.001215884901259149
1.842921460730365 0.0012159629817325218
1.8434217108554276 0.001216093184078073
1.8439219609804902 0.001216275618962607
1.8444222111055528 0.0012164987699124549
1.8449224612306152 0.0012167486193454008
1.8454227113556778 0.001217022770207506
1.8459229614807402 0.0012173212990708039
1.8464232116058028 0.0012176736976660543
1.8469234617308654 0.0012181141973054684
1.847423711855928 0.0012186477442651107
1.8479239619809904 0.0012192792482485539
1.848424212106053 0.0012200159738503483
1.8489244622311154 0.0012208608497167922
1.849424712356178 0.0012218147161325548
1.8499249624812406 0.001222878382620408
