1.1000500250125063 0.0007364728138893181
1.1005502751375689 0.0007373681278831281
1.1010505252626313 0.000738263197391656
1.1015507753876939 0.0007391519049584404
1.1020510255127565 0.0007400347511573918
1.1025512756378189 0.0007409148934671576
1.1030515257628815 0.0007417923067066341
1.103551775887944 0.0007426682306015026
1.1040520260130064 0.0007435440060189388
1.104552276138069 0.0007444187474003915
1.1050525262631314 0.0007452914964787313
1.105552776388194 0.0007461649243479512
1.1060530265132567 0.0007470435590281129
1.1065532766383193 0.0007479272105413395
1.1070535267633816 0.0007487917844893824
1.1075537768884443 0.00074961509534392
1.1080540270135066 0.0007503979438744514
1.1085542771385692 0.0007511434053281647
1.1090545272636319 0.0007518449077184641
1.1095547773886942 0.0007524935710509469
1.1100550275137568 0.0007530877382603155
1.1105552776388194 0.0007536248277915295
1.1110555277638818 0.0007541036738259688
1.1115557778889444 0.0007545279768418695
1.112056028014007 0.0007549398725244501
1.1125562781390694 0.0007553722225329805
1.113056528264132 0.0007558144318522892
1.1135567783891946 0.0007562612130405719
1.114057028514257 0.0007567109222301349
1.1145572786393196 0.0007571680159263365
1.1150575287643822 0.0007576428555536112
1.1155577788894446 0.0007581399466523807
1.1160580290145072 0.0007586593980702619
1.1165582791395698 0.0007592008055928927
1.1170585292646322 0.0007597674073062789
1.1175587793896948 0.0007603653767519504
1.1180590295147574 0.0007609972603673557
1.1185592796398198 0.0007616642232010273
1.1190595297648824 0.0007623703816604962
1.119559779889945 0.0007631155088782171
1.1200600300150074 0.0007638964544975097
1.12056028014007 0.0007647134385553527
1.1210605302651326 0.0007655666853548801
1.121560780390195 0.0007664482803640617
1.1220610305152576 0.0007673405531202511
1.1225612806403202 0.0007682338699848448
1.1230615307653826 0.0007691282769979064
1.1235617808904452 0.0007700165857680299
1.1240620310155078 0.0007708727564597352
1.1245622811405702 0.0007716778133425755
1.1250625312656328 0.0007724315153234305
1.1255627813906954 0.0007731349915685188
1.1260630315157578 0.0007737952555562471
1.1265632816408204 0.0007744175223370454
1.127063531765883 0.0007749972515017629
1.1275637818909454 0.0007755303439005896
1.128064032016008 0.0007760181687301519
1.1285642821410704 0.0007764675234000329
1.129064532266133 0.0007768911889390009
1.1295647823911956 0.000777296598681217
1.1300650325162582 0.000777686895053083
1.1305652826413206 0.0007780714288408058
1.1310655327663832 0.0007784563741934574
1.1315657828914456 0.0007788418708283837
1.1320660330165082 0.000779229215589154
1.1325662831415708 0.0007796206304098674
1.1330665332666334 0.0007800260909877315
1.1335667833916958 0.0007804548695592861
1.1340670335167584 0.0007809091394762566
1.1345672836418208 0.0007813857427458235
1.1350675337668834 0.0007818737960931004
1.135567783891946 0.0007823674048004476
1.1360680340170084 0.0007828665897789662
1.136568284142071 0.000783371810744563
1.1370685342671336 0.000783886827559208
1.137568784392196 0.0007844131242546751
1.1380690345172586 0.0007849486833363012
1.1385692846423212 0.0007854938341152114
1.1390695347673836 0.0007860554476038428
1.1395697848924462 0.0007866430980455333
1.1400700350175088 0.0007872600670650245
1.1405702851425712 0.0007879064956008806
1.1410705352676338 0.0007885825287341766
1.1415707853926964 0.0007892868632589431
1.1420710355177588 0.0007900046918121973
1.1425712856428214 0.0007907209363429275
1.143071535767884 0.0007914339534822992
1.1435717858929464 0.0007921400285758996
1.144072036018009 0.0007928290635760514
1.1445722861430716 0.0007934945852354075
1.145072536268134 0.0007941364623161338
1.1455727863931966 0.0007947545663298775
1.1460730365182592 0.0007953487715843656
1.1465732866433216 0.0007959228045760993
1.1470735367683842 0.0007964943580987523
1.1475737868934468 0.0007970773760748701
1.1480740370185092 0.0007976734185782004
1.1485742871435718 0.0007982834374085557
1.1490745372686344 0.0007988987117325953
1.1495747873936968 0.0007995110713431663
1.1500750375187594 0.0008001204702632723
1.150575287643822 0.0008007268626717387
1.1510755377688844 0.000801329599146327
1.151575787893947 0.0008019178976481057
1.1520760380190094 0.0008024832493662949
1.152576288144072 0.0008030208704865515
1.1530765382691346 0.0008035194526336035
1.1535767883941972 0.0008039774489247638
1.1540770385192596 0.0008044144173928294
1.1545772886443222 0.0008048466332439176
1.1550775387693846 0.0008052741261643855
1.1555777888944472 0.0008056969249994828
1.1560780390195098 0.0008061289050199593
1.1565782891445724 0.0008065887872414376
1.1570785392696348 0.0008070778874553749
1.1575787893946974 0.0008075963873960906
1.1580790395197598 0.0008081480846966064
1.1585792896448224 0.0008087307065606725
1.159079539769885 0.0008093307602697641
1.1595797898949474 0.0008099370702351586
1.16008004002001 0.0008105496205705098
1.1605802901450726 0.00081116283137819
1.161080540270135 0.0008117584646367303
1.1615807903951976 0.0008123317684307249
1.1620810405202602 0.0008129117767537605
1.1625812906453226 0.0008135196833852107
1.1630815407703852 0.0008141556107155051
1.1635817908954478 0.0008148206653011651
1.1640820410205102 0.0008155203683672549
1.1645822911455728 0.0008162593049228264
1.1650825412706354 0.000817037681818579
1.1655827913956978 0.0008178596202511286
1.1660830415207604 0.0008187281068200748
1.166583291645823 0.0008196362598744096
1.1670835417708854 0.0008205696666310864
1.167583791895948 0.0008215197884335467
1.1680840420210106 0.0008224867056582237
1.168584292146073 0.0008234677896547598
1.1690845422711356 0.0008244485933691285
1.1695847923961982 0.000825417246172034
1.1700850425212606 0.0008263730889677993
1.1705852926463232 0.0008273135398979282
1.1710855427713858 0.0008282268132665225
1.1715857928964482 0.0008291026248882779
1.1720860430215108 0.0008299383171817761
1.1725862931465734 0.0008307315908364511
1.1730865432716358 0.0008314822133766801
1.1735867933966984 0.0008321946540775035
1.174087043521761 0.000832893148814068
1.1745872936468233 0.0008335974100609697
1.175087543771886 0.0008343231185434726
1.1755877938969483 0.0008350897907928917
1.176088044022011 0.0008359016124449309
1.1765882941470736 0.0008367584529934404
1.1770885442721362 0.0008376569068158294
1.1775887943971985 0.0008385941122137228
1.1780890445222612 0.0008395702470520553
1.1785892946473235 0.0008405814877594054
1.1790895447723861 0.000841607637145509
1.1795897948974488 0.0008426237167111233
1.1800900450225114 0.0008436087093730414
1.1805902951475737 0.0008445518940389496
1.1810905452726363 0.000845454792692017
1.1815907953976987 0.0008463181631504845
1.1820910455227613 0.0008471478685915042
1.182591295647824 0.0008479488373368718
1.1830915457728866 0.000848720931595707
1.183591795897949 0.000849466092329313
1.1840920460230115 0.0008501944663355452
1.184592296148074 0.00085091509710231
1.1850925462731365 0.0008516255022003039
1.1855927963981991 0.0008523222835517418
1.1860930465232615 0.0008530054074227367
1.1865932966483241 0.0008536767477275313
1.1870935467733867 0.0008543476940994201
1.1875937968984491 0.0008550278027637529
1.1880940470235117 0.0008557171628504152
1.1885942971485743 0.000856414678659295
1.1890945472736367 0.0008571159090972403
1.1895947973986993 0.0008578319231844722
1.190095047523762 0.0008585771797895988
1.1905952976488243 0.0008593518170918105
1.191095547773887 0.0008601559768225358
1.1915957978989495 0.0008609858432191041
1.192096048024012 0.0008618185221473537
1.1925962981490745 0.0008626348997586319
1.1930965482741371 0.0008634348290408667
1.1935967983991995 0.0008642179066557275
1.1940970485242621 0.0008649658185099442
1.1945972986493247 0.0008656520370956464
1.1950975487743871 0.0008662678861730435
1.1955977988994497 0.0008668130876001391
1.1960980490245123 0.0008672873791413287
1.1965982991495747 0.0008676933362413144
1.1970985492746373 0.0008680466566798326
1.1975987993997 0.0008683602970707023
1.1980990495247623 0.000868634155085864
1.198599299649825 0.0008688752421501645
1.1990995497748873 0.0008691129668792166
1.19959979989995 0.0008693709583990753
1.2001000500250125 0.0008696505178811401
1.2006003001500751 0.0008699517068387534
1.2011005502751375 0.0008702745880091621
1.2016008004002001 0.0008706180863266177
1.2021010505252625 0.0008709760128782687
1.2026013006503251 0.0008713432890314338
1.2031015507753877 0.0008717199319360591
1.2036018009004503 0.000872101632097675
1.2041020510255127 0.0008724788296125767
1.2046023011505753 0.0008728462674556683
1.2051025512756377 0.0008732039164150029
1.2056028014007003 0.0008735517474109836
1.206103051525763 0.0008738897314980727
1.2066033016508255 0.0008742209523571816
1.207103551775888 0.0008745620341388733
1.2076038019009505 0.000874926564388085
1.208104052026013 0.0008753152064047015
1.2086043021510755 0.0008757303098657053
1.2091045522761381 0.0008761752973665256
1.2096048024012005 0.0008766519230072508
1.210105052526263 0.0008771603237065117
1.2106053026513257 0.0008777006422540673
1.211105552776388 0.0008782730273815062
1.2116058029014507 0.0008788722824819217
1.2121060530265133 0.0008794706894098172
1.2126063031515757 0.0008800457008712753
1.2131065532766383 0.0008805803190141754
1.213606803401701 0.0008810553529210674
1.2141070535267633 0.0008814682991088214
1.214607303651826 0.0008818187904421896
1.2151075537768885 0.000882106611431056
1.215607803901951 0.0008823315589227325
1.2161080540270135 0.0008824934422298402
1.216608304152076 0.0008825966150888539
1.2171085542771385 0.000882663914998338
1.217608804402201 0.0008827229937370851
1.2181090545272637 0.0008827998954624735
1.218609304652326 0.0008829212776899492
1.2191095547773887 0.0008831034539255471
1.2196098049024513 0.0008833529764447303
1.2201100550275137 0.0008836700423907282
1.2206103051525763 0.0008840548568683598
1.221110555277639 0.0008845076330176846
1.2216108054027013 0.0008850262659879658
1.222111055527764 0.0008855994694331523
1.2226113056528263 0.0008862144240137476
1.2231115557778889 0.0008868663254142984
1.2236118059029515 0.0008875367696994144
1.224112056028014 0.0008882010536645357
1.2246123061530765 0.0008888517918026118
1.225112556278139 0.0008894889260139258
1.2256128064032015 0.0008901123988021411
1.226113056528264 0.000890722153282929
1.2266133066533267 0.0008913194611159955
1.2271135567783893 0.0008919100961075074
1.2276138069034517 0.0008924952815991873
1.2281140570285143 0.0008930717505226605
1.2286143071535767 0.0008936463135938293
1.2291145572786393 0.0008942294605153209
1.2296148074037019 0.0008948248862501644
1.2301150575287645 0.0008954326438332957
1.2306153076538269 0.0008960527872554928
1.2311155577788895 0.0008966853714734626
1.2316158079039519 0.0008973307412698577
1.2321160580290145 0.0008979922881154849
1.232616308154077 0.0008986751615607235
1.2331165582791395 0.0008993814853204022
1.233616808404202 0.000900113674312346
1.2341170585292647 0.0009008746063795702
1.234617308654327 0.0009016648544142992
1.2351175587793897 0.000902484544036509
1.2356178089044523 0.0009033338037238808
1.2361180590295147 0.0009042127648442374
1.2366183091545773 0.0009051203773307086
1.2371185592796399 0.0009060461368574228
1.2376188094047023 0.000906979323031363
1.2381190595297649 0.000907918626347962
1.2386193096548275 0.0009088610692495801
1.2391195597798899 0.0009098005876620072
1.2396198099049525 0.0009107340859782109
1.240120060030015 0.000911661525623522
1.2406203101550775 0.0009125828680822976
1.24112056028014 0.0009134980749007422
1.2416208104052027 0.0009144071885147346
1.242121060530265 0.0009153151950486475
1.2426213106553277 0.0009162270173159697
1.2431215607803903 0.0009171426424655428
1.2436218109054527 0.0009180552183237046
1.2441220610305153 0.0009189568319664267
1.2446223111555779 0.0009198463970982078
1.2451225612806402 0.0009207238612356123
1.2456228114057029 0.0009215891720392641
1.2461230615307652 0.0009224422773172879
1.2466233116558278 0.0009232822377363692
1.2471235617808905 0.0009241064894639266
1.247623811905953 0.0009249133574220845
1.2481240620310154 0.0009257027907507041
1.248624312156078 0.0009264825463871188
1.2491245622811404 0.0009272628176349036
1.249624812406203 0.0009280460081002021
1.2501250625312657 0.0009288321170518452
1.2506253126563283 0.0009296211436804373
1.2511255627813906 0.0009304130870979792
1.2516258129064533 0.0009312082229415681
1.2521260630315156 0.0009320069634108401
1.2526263131565782 0.0009328094440741979
1.2531265632816408 0.000933615664436729
1.2536268134067035 0.0009344236110505231
1.2541270635317658 0.000935232687866355
1.2546273136568284 0.0009360443338385227
1.2551275637818908 0.0009368585802961843
1.2556278139069534 0.0009376754588502954
1.256128064032016 0.0009384950013981321
1.2566283141570787 0.0009393066260816478
1.257128564282141 0.0009400927910486245
1.2576288144072036 0.0009408465122008309
1.258129064532266 0.0009415677006219341
1.2586293146573286 0.0009422707619813659
1.2591295647823912 0.0009430062171446725
1.2596298149074536 0.0009438104237662031
1.2601300650325162 0.0009446838992094547
1.2606303151575788 0.0009456272058279663
1.2611305652826412 0.0009466409518580998
1.2616308154077038 0.0009477446817450645
1.2621310655327664 0.0009489661563224759
1.2626313156578288 0.0009503144521280346
1.2631315657828914 0.0009517907359108065
1.263631815907954 0.000953368214366169
1.2641320660330164 0.0009549471933774844
1.264632316158079 0.0009564547490132183
1.2651325662831416 0.0009578899861147335
1.265632816408204 0.0009592520468051954
1.2661330665332666 0.000960540111727603
1.266633316658329 0.0009617458591363104
1.2671335667833916 0.0009628567843250706
1.2676338169084542 0.0009638679156789365
1.2681340670335168 0.0009647784979179569
1.2686343171585792 0.0009656012329501982
1.2691345672836418 0.000966379703771586
1.2696348174087042 0.0009671440695265931
1.2701350675337668 0.0009678938960471885
1.2706353176588294 0.0009686291039746546
1.271135567783892 0.0009693496147437155
1.2716358179089544 0.0009700528090693565
1.272136068034017 0.0009707355690304601
1.2726363181590794 0.0009713973119721426
1.273136568284142 0.0009720379439766134
1.2736368184092046 0.0009726574390800664
1.2741370685342672 0.0009732541373645495
1.2746373186593296 0.0009738250125791391
1.2751375687843922 0.0009743686670228323
1.2756378189094546 0.0009748849966221242
1.2761380690345172 0.0009753738989361326
1.2766383191595798 0.0009758386417701842
1.2771385692846424 0.000976286084811292
1.2776388194097048 0.0009767197470668203
1.2781390695347674 0.0009771395823774567
1.2786393196598298 0.0009775473060621449
1.2791395697848924 0.0009779494913237927
1.279639819909955 0.000978353099436501
1.2801400700350176 0.0009787602649769386
1.28064032016008 0.0009791710081565519
1.2811405702851426 0.0009795853494360522
1.281640820410205 0.0009800107753615294
1.2821410705352676 0.000980455830087815
1.2826413206603302 0.000980921608691223
1.2831415707853926 0.0009814081799323856
1.2836418209104552 0.0009819136975430162
1.2841420710355178 0.0009824318793054622
1.2846423211605802 0.00098296329499377
1.2851425712856428 0.00098351372249503
1.2856428214107054 0.000984083982217071
1.2861430715357678 0.0009846741175986427
1.2866433216608304 0.0009852756613977706
1.287143571785893 0.0009858776220247555
1.2876438219109554 0.0009864774978074347
1.288144072036018 0.0009870752772250407
1.2886443221610806 0.0009876733705828373
1.289144572286143 0.0009882796666212286
1.2896448224112056 0.0009888965051692406
1.290145072536268 0.0009895167994689118
1.2906453226613306 0.0009901366109619418
1.2911455727863932 0.000990755962398452
1.2916458229114558 0.00099137695913645
1.2921460730365182 0.0009919998236759553
1.2926463231615808 0.000992622675312531
1.2931465732866432 0.000993245508519737
1.2936468234117058 0.0009938673634355647
1.2941470735367684 0.0009944851707435498
1.294647323661831 0.0009950967981900074
1.2951475737868934 0.0009957054850695194
1.295647823911956 0.0009963145442251598
1.2961480740370184 0.0009969240200579277
1.296648324162081 0.0009975172402741526
1.2971485742871436 0.0009980359756137072
1.2976488244122062 0.000998438397142657
1.2981490745372686 0.000998724086492363
1.2986493246623312 0.00099889040139561
1.2991495747873936 0.0009989298251659579
1.2996498249124562 0.000998837215061714
1.3001500750375188 0.000998615586872807
1.3006503251625814 0.0009982714643407234
1.3011505752876438 0.0009978083469054267
1.3016508254127064 0.000997258141118654
1.3021510755377688 0.000996734362642604
1.3026513256628314 0.000996318573039262
1.303151575787894 0.0009960106497036807
1.3036518259129566 0.0009958135322557132
1.304152076038019 0.0009957365268937958
1.3046523261630816 0.0009957860230312018
1.305152576288144 0.000995962199677163
1.3056528264132066 0.0009962703276788453
1.3061530765382692 0.000996716149075531
1.3066533266633318 0.0009972857333096596
1.3071535767883942 0.0009979308240042504
1.3076538269134568 0.0009986180930309058
1.3081540770385192 0.000999348068684096
1.3086543271635818 0.001000118828028987
1.3091545772886444 0.0010009241599834692
1.3096548274137068 0.001001759895175432
1.3101550775387694 0.0010026261271498498
1.310655327663832 0.0010035294862852048
1.3111555777888944 0.0010044891265025423
1.311655827913957 0.0010055176554882265
1.3121560780390196 0.001006616947908057
1.312656328164082 0.0010077903398551932
1.3131565782891446 0.0010090394389251534
1.313656828414207 0.0010103656378351853
1.3141570785392696 0.001011772679098726
1.3146573286643322 0.0010132631746165056
1.3151575787893948 0.0010148374150998286
1.3156578289144572 0.001016495696426725
1.3161580790395198 0.0010182186525397883
1.3166583291645821 0.001019976954872131
1.3171585792896447 0.0010217554775532323
1.3176588294147074 0.0010235466373201098
1.31815907953977 0.0010253481843910724
1.3186593296648323 0.0010271587708376023
1.319159579789895 0.001028974366743979
1.3196598299149573 0.001030792257821699
1.32016008004002 0.001032612380924117
1.3206603301650826 0.0010344346724756616
1.3211605802901452 0.0010362590140657543
1.3216608304152075 0.0010380861351909903
1.3221610805402702 0.001039921833365745
1.3226613306653325 0.0010417658202380407
1.3231615807903951 0.0010436119893155623
1.3236618309154577 0.0010454606648554775
1.3241620810405204 0.001047315211661246
1.3246623311655827 0.0010491778820612902
1.3251625812906453 0.0010510487408512841
1.3256628314157077 0.001052927853442754
1.3261630815407703 0.0010548152858709209
1.326663331665833 0.0010567075522048336
1.3271635817908956 0.001058593243423766
1.327663831915958 0.0010604677909064528
1.3281640820410205 0.001062338724580233
1.328664332166083 0.0010642103717432504
1.3291645822911455 0.0010660831280322942
1.3296648324162081 0.001067957237861023
1.3301650825412707 0.0010698326548774723
1.3306653326663331 0.0010717093324786602
1.3311655827913957 0.0010735872238135404
1.3316658329164581 0.001075467382577634
1.3321660830415207 0.0010773549219326444
1.3326663331665833 0.0010792551386943996
1.3331665832916457 0.0010811658120798663
1.3336668334167083 0.0010830846705153633
1.334167083541771 0.0010850152788827539
1.3346673336668333 0.0010869600279122115
1.335167583791896 0.0010889189825033791
1.3356678339169585 0.001090892208163719
1.336168084042021 0.001092879771014188
1.3366683341670835 0.0010948844256727097
1.337168584292146 0.0010969147517700143
1.3376688344172085 0.0010989764134629607
1.3381690845422711 0.0011010658870470298
1.3386693346673337 0.0011031730350542666
1.3391695847923961 0.00110528519988906
1.3396698349174587 0.0011073965422219929
1.340170085042521 0.0011095070798248288
1.3406703351675837 0.0011116168305293312
1.3411705852926463 0.001113725812228161
1.341670835417709 0.0011158304267784493
1.3421710855427713 0.0011179194149660953
1.342671335667834 0.001119985023295369
1.3431715857928963 0.001122020516801647
1.343671835917959 0.0011240151249741238
1.3441720860430215 0.0011259676956394198
1.3446723361680841 0.0011278811245814004
1.3451725862931465 0.0011297552519878593
1.3456728364182091 0.001131589919130568
1.3461730865432715 0.0011333849683823082
1.346673336668334 0.0011351427874643802
1.3471735867933967 0.001136871033064332
1.3476738369184593 0.0011385748826265767
1.3481740870435217 0.001140254439752336
1.3486743371685843 0.0011419084423547202
1.3491745872936467 0.001143523884251799
1.3496748374187093 0.001145089086178789
1.350175087543772 0.0011466039474971905
1.3506753376688345 0.0011480683636311598
1.351175587793897 0.0011494822260347552
1.3516758379189595 0.0011508439938501156
1.352176088044022 0.00115214923619585
1.3526763381690845 0.0011533949153581871
1.353176588294147 0.001154580851711348
1.3536768384192097 0.0011557033255224487
1.354177088544272 0.0011567702133196418
1.3546773386693347 0.0011578015050841886
1.355177588794397 0.0011588056200285237
1.3556778389194597 0.0011597824400010393
1.3561780890445223 0.001160731847979869
1.3566783391695847 0.0011616553810739878
1.3571785892946473 0.0011625578430242965
1.35767883941971 0.0011634424148407616
1.3581790895447723 0.001164309035918909
1.358679339669835 0.001165158416605433
1.3591795897948975 0.001165993283917714
1.3596798399199599 0.001166821883792132
1.3601800900450225 0.001167650483156165
1.3606803401700849 0.0011684790868035334
1.3611805902951475 0.0011693076995483473
1.36168084042021 0.0011701349434904155
1.3621810905452727 0.00117095677246625
1.362681340670335 0.0011717704993732042
1.3631815907953977 0.0011725760862541725
1.36368184092046 0.0011733727923518994
1.3641820910455227 0.0011741587349862956
1.3646823411705853 0.0011749343102806864
1.365182591295648 0.0011757092057101538
1.3656828414207103 0.0011764915597654018
1.3661830915457729 0.0011772813762378318
1.3666833416708353 0.0011780784730569028
1.3671835917958979 0.0011788823173622244
1.3676838419209605 0.0011796925584720197
1.368184092046023 0.0011805091933553488
1.3686843421710855 0.0011813346346292275
1.369184592296148 0.0011821751376159125
1.3696848424212105 0.0011830345754703156
1.370185092546273 0.0011839110605247904
1.3706853426713357 0.0011847966036116536
1.3711855927963983 0.0011856851351780462
1.3716858429214607 0.0011865751630230372
1.3721860930465233 0.0011874624162310672
1.3726863431715857 0.0011883441044063302
1.3731865932966483 0.001189220195895136
1.3736868434217109 0.0011900890249352922
1.3741870935467735 0.0011909463802749415
1.3746873436718359 0.0011917896626491948
1.3751875937968985 0.0011926187995247367
1.3756878439219609 0.0011934340550876223
1.3761880940470235 0.001194235793703723
1.376688344172086 0.001195027874288225
1.3771885942971487 0.001195820972243115
1.377688844422211 0.001196621989560028
1.3781890945472737 0.0011974309601789752
1.378689344672336 0.001198249594333884
1.3791895947973987 0.0011990821587018656
1.3796898449224613 0.001199931266928076
1.3801900950475237 0.0012007969971810184
1.3806903451725863 0.0012016794291442867
1.3811905952976489 0.0012025857242358344
1.3816908454227113 0.0012035167927094321
1.3821910955477739 0.0012044611290066543
1.3826913456728365 0.0012054134595903606
1.3831915957978989 0.0012063738138011891
1.3836918459229615 0.0012073392437079442
1.3841920960480238 0.0012083023507280766
1.3846923461730865 0.00120925867105065
1.385192596298149 0.0012102081542693915
1.3856928464232117 0.0012111507502085576
1.386193096548274 0.0012120862540050375
1.3866933466733367 0.0012130082446757174
1.387193596798399 0.0012139152858445556
1.3876938469234616 0.001214817185930335
1.3881940970485243 0.0012157189213883744
1.3886943471735869 0.001216624315050593
1.3891945972986492 0.0012175428482387618
1.3896948474237119 0.0012184801846539934
1.3901950975487742 0.0012194363732231446
1.3906953476738368 0.001220411462980351
1.3911955977988995 0.0012214055030672082
1.391695847923962 0.001222422546846572
1.3921960980490244 0.0012234773544682355
1.392696348174087 0.0012245788722383205
1.3931965982991494 0.0012257217498201926
1.393696848424212 0.001226897628381362
1.3941970985492746 0.0012280947866874373
1.3946973486743373 0.0012293063117152898
1.3951975987993996 0.0012305322279727638
1.3956978489244622 0.0012317725596668984
1.3961980990495246 0.001233027330701392
1.3966983491745872 0.0012342956851585931
1.3971985992996498 0.0012355745758358442
1.3976988494247125 0.0012368565870659396
1.3981990995497748 0.001238136111979196
1.3986993496748374 0.0012394128872017557
1.3991995997998998 0.001240695671983309
1.3996998499249624 0.001241993181967728
1.400200100050025 0.0012433055193021595
1.4007003501750876 0.0012446327879084304
1.40120060030015 0.001245975093507761
1.4017008504252126 0.0012473333473140011
1.402201100550275 0.0012487097699875568
1.4027013506753376 0.0012501050066659996
1.4032016008004002 0.0012515115545527937
1.4037018509254626 0.0012529202086071156
1.4042021010505252 0.0012543288659595414
1.4047023511755878 0.0012557392672899851
1.4052026013006502 0.0012571528673006565
1.4057028514257128 0.0012585697183604833
1.4062031015507754 0.001259989873265991
1.4067033516758378 0.0012614106081435409
1.4072036018009004 0.001262824772751338
1.407703851925963 0.0012642279412801761
1.4082041020510254 0.0012656202804675943
1.408704352176088 0.00126700175435659
1.4092046023011506 0.0012683649560000794
1.409704852426213 0.0012697005588800927
1.4102051025512756 0.0012710024493165677
1.410705352676338 0.0012722665442551574
1.4112056028014006 0.00127349264105691
1.4117058529264632 0.0012746824277024384
1.4122061030515258 0.0012758405374735339
1.4127063531765882 0.0012769697497171148
1.4132066033016508 0.0012780699302398248
1.4137068534267132 0.0012791431193346883
1.4142071035517758 0.0012801942371954637
1.4147073536768384 0.0012812260612416293
1.415207603801901 0.0012822385171577142
1.4157078539269634 0.0012832330134020927
1.416208104052026 0.0012842110884832357
1.4167083541770884 0.0012851708632461158
1.417208604302151 0.0012861073780781932
1.4177088544272136 0.0012870175867013677
1.4182091045522762 0.0012879013787340837
1.4187093546773386 0.0012887720161060567
1.4192096048024012 0.0012896600647319331
1.4197098549274636 0.0012905878732595247
1.4202101050525262 0.0012915620685061114
1.4207103551775888 0.0012925843048976259
1.4212106053026514 0.0012936541878068462
1.4217108554277138 0.0012947739953491771
1.4222111055527764 0.0012959518117477374
1.4227113556778388 0.001297193126102933
1.4232116058029014 0.0012984983443663327
1.423711855927964 0.001299845528252495
1.4242121060530266 0.0013011843042520718
1.424712356178089 0.0013024863010506341
1.4252126063031516 0.0013037436799892808
1.425712856428214 0.0013049431362704156
1.4262131065532766 0.0013060789112139906
1.4267133566783392 0.0013071461866963703
1.4272136068034016 0.0013081373336675322
1.4277138569284642 0.0013090494203012292
1.4282141070535268 0.0013098823078541873
1.4287143571785892 0.0013106528944126332
1.4292146073036518 0.0013113995324402728
1.4297148574287144 0.0013121435072709472
1.4302151075537768 0.0013128848362987985
1.4307153576788394 0.0013136255751591628
1.431215607803902 0.001314371729671088
1.4317158579289644 0.0013151329475724106
1.432216108054027 0.0013159230561034874
1.4327163581790896 0.0013167484027663263
1.433216608304152 0.001317604191348422
1.4337168584292146 0.0013184749777178397
1.434217108554277 0.0013193331289442845
1.4347173586793396 0.0013201633905977259
1.4352176088044022 0.001320965643360797
1.4357178589294648 0.0013217397690128002
1.4362181090545272 0.0013224860282272208
1.4367183591795898 0.001323204096178524
1.4372186093046522 0.0013238832491977188
1.4377188594297148 0.0013245132843175578
1.4382191095547774 0.0013251007388600997
1.43871935967984 0.0013256673455472978
1.4392196098049024 0.001326230256489597
1.439719859929965 0.0013267915206478223
1.4402201100550274 0.0013273511104939355
1.44072036018009 0.001327908998530686
1.4412206103051526 0.0013284651572954816
1.4417208604302152 0.0013290223897355214
1.4422211105552776 0.0013295834236839977
1.4427213606803402 0.0013301466472197398
1.4432216108054026 0.0013307083192738843
1.4437218609304652 0.0013312636221742699
1.4442221110555278 0.0013318095200010917
1.4447223611805904 0.001332342525224791
1.4452226113056528 0.001332859555436992
1.4457228614307154 0.001333360552630774
1.4462231115557778 0.0013338454596353026
1.4467233616808404 0.0013343202721069949
1.447223611805903 0.00133479913003909
1.4477238619309656 0.0013352923883755904
1.448224112056028 0.0013358065109532915
1.4487243621810906 0.0013363506589556436
1.449224612306153 0.0013369354150727444
1.4497248624312156 0.0013375665183682486
1.4502251125562782 0.001338242304389353
1.4507253626813406 0.0013389585748555845
1.4512256128064032 0.0013397129685458308
1.4517258629314658 0.0013405032026525697
1.4522261130565282 0.0013413237539304664
1.4527263631815908 0.0013421715322908248
1.4532266133066534 0.0013430466711768245
1.4537268634317158 0.0013439446020054586
1.4542271135567784 0.0013448571253999618
1.454727363681841 0.0013457807089487241
1.4552276138069034 0.0013467154128824718
1.455727863931966 0.0013476612982512373
1.4562281140570286 0.0013486190575516797
1.456728364182091 0.0013495745493800069
1.4572286143071536 0.001350493388576562
1.457728864432216 0.0013513558342245755
1.4582291145572785 0.0013521615897667146
1.4587293646823412 0.001352907504401785
1.4592296148074038 0.0013535879808901424
1.4597298649324661 0.0013542011249109964
1.4602301150575288 0.001354747500429737
1.4607303651825911 0.0013552268508295747
1.4612306153076537 0.0013556389397150917
1.4617308654327164 0.001356008736156486
1.462231115557779 0.0013563957472528352
1.4627313656828413 0.0013568348404019803
1.463231615807904 0.0013573265336876766
1.4637318659329663 0.0013578778918211878
1.464232116058029 0.0013585034271455115
1.4647323661830915 0.0013592108346655836
1.4652326163081542 0.0013599964082106545
1.4657328664332165 0.0013608561956598405
1.4662331165582791 0.0013617903072245586
1.4667333666833415 0.0013627798097597301
1.4672336168084041 0.001363781743059655
1.4677338669334667 0.0013647719749448443
1.4682341170585294 0.0013657443621132397
1.4687343671835917 0.0013666793808302623
1.4692346173086543 0.0013675488881648044
1.4697348674337167 0.0013683382116316599
1.4702351175587793 0.0013690469863177916
1.470735367683842 0.0013696769130499757
1.4712356178089045 0.0013702330557462546
1.471735867933967 0.0013707325044042193
1.4722361180590295 0.0013712060988884153
1.472736368184092 0.0013716707639708733
1.4732366183091545 0.0013721264695184573
1.4737368684342171 0.0013725863164693122
1.4742371185592795 0.0013730787257580086
1.4747373686843421 0.0013736190884892532
1.4752376188094047 0.0013742075773839086
1.4757378689344671 0.0013748443748476846
1.4762381190595297 0.0013755221359438446
1.4767383691845923 0.00137621687495925
1.4772386193096547 0.0013769098081397408
1.4777388694347173 0.001377598708362438
1.47823911955978 0.0013782835795036993
1.4787393696848423 0.0013789652039707097
1.479239619809905 0.0013796451559713846
1.4797398699349675 0.0013803254056030518
1.48024012006003 0.0013810113361361347
1.4807403701850925 0.0013817071829690367
1.481240620310155 0.0013824154732582123
1.4817408704352175 0.0013831416385874107
1.4822411205602801 0.0013838891096359294
1.4827413706853427 0.0013846617010000119
1.4832416208104051 0.0013854627983590413
1.4837418709354677 0.00138628831352626
1.48424212106053 0.0013871299387034001
1.4847423711855927 0.0013879835500404118
1.4852426213106553 0.0013888492032387732
1.485742871435718 0.0013897246218211063
1.4862431215607803 0.001390599909669932
1.486743371685843 0.001391461971161399
1.4872436218109053 0.0013922989919659184
1.487743871935968 0.0013931045856788202
1.4882441220610305 0.001393880604789862
1.4887443721860931 0.0013946243306487147
1.4892446223111555 0.0013953239176958316
1.4897448724362181 0.001395972043498894
1.4902451225612805 0.0013965684795615822
1.490745372686343 0.001397113006378367
1.4912456228114057 0.0013976054135520985
1.4917458729364683 0.001398049623329275
1.4922461230615307 0.0013984559805279852
1.4927463731865933 0.00139883075064144
1.4932466233116557 0.0013991738231104761
1.4937468734367183 0.0013994908793631472
1.494247123561781 0.0013997924634792764
1.4947473736868435 0.001400083038958478
1.495247623811906 0.0014003622448046668
1.4957478739369685 0.0014006300472396483
1.496248124062031 0.0014008864127527249
1.4967483741870935 0.001401134504678656
1.497248624312156 0.0014013810031534874
1.4977488744372185 0.0014016295700649444
1.498249124562281 0.0014018814793914235
1.4987493746873437 0.001402142590339905
1.499249624812406 0.0014024220963821494
1.4997498749374687 0.0014027244825985151
1.5002501250625313 0.0014030469559021077
1.500750375187594 0.001403386329665906
1.5012506253126563 0.001403742282526867
1.5017508754377187 0.0014041072009975653
1.5022511255627813 0.0014044651922934866
1.502751375687844 0.001404807983840878
1.5032516258129065 0.0014051355263318402
1.503751875937969 0.0014054408111060224
1.5042521260630315 0.0014057112629124865
1.5047523761880939 0.0014059412302600098
1.5052526263131565 0.0014061305894469045
1.505752876438219 0.0014062794888492127
1.5062531265632817 0.0014063943476899463
1.506753376688344 0.0014064964010560845
1.5072536268134067 0.0014066165397354207
1.507753876938469 0.0014067706806830302
1.5082541270635317 0.0014069589188068139
1.5087543771885943 0.0014071864158301762
1.509254627313657 0.0014074629009372462
1.5097548774387193 0.0014077930800112548
1.5102551275637819 0.0014081792949513384
1.5107553776888443 0.0014086243781000975
1.5112556278139069 0.0014091290245288647
1.5117558779389695 0.0014096789694719688
1.512256128064032 0.0014102430594395779
1.5127563781890945 0.0014108045080512065
1.513256628314157 0.0014113632942584309
1.5137568784392195 0.001411916227960092
1.514257128564282 0.0014124573139459742
1.5147573786893447 0.0014129837015593354
1.5152576288144073 0.0014134953200855063
1.5157578789394697 0.0014139920999318237
1.5162581290645323 0.0014144729953575852
1.5167583791895947 0.0014149354350005093
1.5172586293146573 0.00141537694700655
1.5177588794397199 0.0014157953184218664
1.5182591295647825 0.001416184684497666
1.5187593796898449 0.0014165437084736007
1.5192596298149073 0.0014168784120371558
1.5197598799399699 0.00141719155265341
1.5202601300650325 0.001417483063774571
1.520760380190095 0.00141775287990116
1.5212606303151577 0.0014180009365930817
1.52176088044022 0.0014182318214770004
1.5222611305652824 0.0014184534934384232
1.522761380690345 0.00141866663852695
1.5232616308154077 0.0014188685889805757
1.5237618809404703 0.0014190575985337415
1.5242621310655329 0.0014192365182012572
1.5247623811905953 0.0014194099283022523
1.5252626313156576 0.0014195778107173101
1.5257628814407203 0.001419740147525734
1.5262631315657829 0.0014198969210077897
1.5267633816908455 0.0014200561034274836
1.527263631815908 0.0014202334539970582
1.5277638819409705 0.0014204367876591451
1.5282641320660328 0.0014206661796861348
1.5287643821910955 0.0014209287403354623
1.529264632316158 0.001421234849583967
1.5297648824412207 0.001421587203774721
1.530265132566283 0.0014219825926278565
1.5307653826913457 0.001422418486586667
1.531265632816408 0.0014228950372732895
1.5317658829414706 0.001423406092691403
1.5322661330665333 0.0014239394579984915
1.5327663831915959 0.0014244891995774782
1.5332666333166582 0.0014250553811008763
1.5337668834417209 0.0014256394658497356
1.5342671335667832 0.0014262440611017909
1.5347673836918458 0.001426871543206583
1.5352676338169085 0.0014275238491081117
1.535767883941971 0.0014282015988650357
1.5362681340670334 0.0014289035403621177
1.536768384192096 0.0014296233960358806
1.5372686343171584 0.001430351198257136
1.537768884442221 0.0014310821218651048
1.5382691345672836 0.001431816170666311
1.5387693846923463 0.0014325393881930606
1.5392696348174086 0.001433226629165192
1.5397698849424712 0.0014338665976565928
1.5402701350675336 0.0014344590703381152
1.5407703851925962 0.0014350025290332275
1.5412706353176588 0.0014354904440466915
1.5417708854427215 0.0014359252293515467
1.5422711355677838 0.0014363204572352178
1.5427713856928462 0.0014366821025582571
1.5432716358179088 0.0014370100551412263
1.5437718859429714 0.0014373253546480793
1.544272136068034 0.0014376656122390339
1.5447723861930966 0.0014380474161314082
1.545272636318159 0.0014384709196171
1.5457728864432214 0.0014389362851838896
1.546273136568284 0.0014394436846151798
1.5467733866933466 0.0014399877226020637
1.5472736368184092 0.001440562880923
1.5477738869434718 0.001441170965688727
1.5482741370685342 0.0014418115686570768
1.5487743871935966 0.0014424696468982585
1.5492746373186592 0.0014431229618893301
1.5497748874437218 0.0014437620415010896
1.5502751375687844 0.0014443868182006977
1.550775387693847 0.0014449972250374869
1.5512756378189094 0.0014455931956530925
1.5517758879439718 0.0014461781609983967
1.5522761380690344 0.0014467586483751537
1.552776388194097 0.00144733771706829
1.5532766383191596 0.0014479141805991147
1.5537768884442222 0.0014484864272557131
1.5542771385692846 0.0014490580029697282
1.554777388694347 0.0014496336114261591
1.5552776388194096 0.001450213994484029
1.5557778889444722 0.001450799182390828
1.5562781390695348 0.0014513892057665745
1.5567783891945972 0.001451980462326226
1.5572786393196598 0.0014525661958306522
1.5577788894447222 0.0014531432527372585
1.5582791395697848 0.001453711601490246
1.5587793896948474 0.0014542624107441332
1.55927963981991 0.0014547803496228777
1.5597798899449724 0.0014552593501921407
1.560280140070035 0.001455701431662546
1.5607803901950974 0.0014561109593214782
1.56128064032016 0.0014564906649008763
1.5617808904452226 0.0014568451205418283
1.5622811405702852 0.0014571828854319658
1.5627813906953476 0.0014575078615033607
1.5632816408204102 0.0014578200004882007
1.5637818909454726 0.0014581468855105473
1.5642821410705352 0.00145853606200255
1.5647823911955978 0.0014590076270364616
1.5652826413206604 0.0014595619287181886
1.5657828914457228 0.0014601994132736155
1.5662831415707852 0.0014609236741929448
1.5667833916958478 0.0014617305380400694
1.5672836418209104 0.001462609086282499
1.567783891945973 0.0014635561144093528
1.5682841420710356 0.0014645720387204133
1.568784392196098 0.0014656161391268065
1.5692846423211604 0.0014666183636875116
1.569784892446223 0.0014675493950467007
1.5702851425712856 0.0014684087909283372
1.5707853926963482 0.001469196128741443
1.5712856428214108 0.0014699110059307723
1.5717858929464732 0.0014705514710380541
1.5722861430715356 0.0014711137458268992
1.5727863931965982 0.0014715933218507542
1.5732866433216608 0.0014719867938126775
1.5737868934467234 0.0014723027179129767
1.574287143571786 0.0014725570963115867
1.5747873936968484 0.0014727563640367736
1.5752876438219108 0.0014729003493154525
1.5757878939469734 0.0014729888909386975
1.576288144072036 0.0014730218383628827
1.5767883941970986 0.0014730146389500037
1.5772886443221612 0.0014729951783882056
1.5777888944472236 0.0014729758194784608
1.578289144572286 0.0014729565622196793
1.5787893946973486 0.0014729523269037942
1.5792896448224112 0.001472992683396367
1.5797898949474738 0.0014730923623078784
1.5802901450725362 0.0014732515317842014
1.5807903951975988 0.0014734703735568538
1.5812906453226612 0.001473749083071762
1.5817908954477238 0.0014740643377537015
1.5822911455727864 0.0014743743647622732
1.582791395697849 0.001474660776565626
1.5832916458229114 0.0014749234854294266
1.583791895947974 0.0014751624061804713
1.5842921460730364 0.001475377456236558
1.584792396198099 0.0014755685556357297
1.5852926463231616 0.0014757315094445149
1.5857928964482242 0.0014758604010389471
1.5862931465732866 0.0014759537103508078
1.5867933966983492 0.00147602552843915
1.5872936468234116 0.0014761001679631978
1.5877938969484742 0.001476188105035305
1.5882941470735368 0.001476289377502769
1.5887943971985994 0.0014764040243759058
1.5892946473236618 0.0014765320858381914
1.5897948974487242 0.0014766736032566772
1.5902951475737868 0.0014768286191927003
1.5907953976988494 0.0014769971774128718
1.591295647823912 0.001477180694673133
1.5917958979489746 0.0014773841315360004
1.592296148074037 0.0014776078672215404
1.5927963981990994 0.0014778487358802698
1.593296648324162 0.001478106789911654
1.5937968984492246 0.0014783820822068105
1.5942971485742872 0.0014786746661523997
1.5947973986993498 0.0014789845956345545
1.5952976488244122 0.0014793119250428612
1.5957978989494745 0.0014796567092743753
1.5962981490745372 0.0014800053471856697
1.5967983991995998 0.0014803452899443308
1.5972986493246624 0.0014806847067838657
1.597798899449725 0.0014810292954745249
1.5982991495747874 0.0014813728205727663
1.5987993996998497 0.001481710414124418
1.5992996498249124 0.0014820420542837917
1.599799899949975 0.0014823677192865859
1.6003001500750376 0.0014826873874512923
1.6008004002001002 0.0014830010371805987
1.6013006503251626 0.0014833086469627907
1.601800900450225 0.0014835798396417904
1.6023011505752875 0.0014837623326532216
1.6028014007003502 0.0014838340705427022
1.6033016508254128 0.0014837947756311137
1.6038019009504751 0.0014836441447674848
1.6043021510755378 0.001483378556277142
1.6048024012006001 0.0014829944763657483
1.6053026513256627 0.0014824917882472629
1.6058029014507254 0.0014818704585606998
1.606303151575788 0.0014811445994060157
1.6068034017008503 0.0014803813598629643
1.607303651825913 0.0014796650494137858
1.6078039019509753 0.0014790269270244614
1.608304152076038 0.0014784669633664707
1.6088044022011005 0.0014779851561391544
1.6093046523261632 0.001477581530122982
1.6098049024512255 0.0014772561372564284
1.6103051525762881 0.001477009658511519
1.6108054027013505 0.0014768439059433542
1.6113056528264131 0.0014767600696972828
1.6118059029514757 0.0014767479795660796
1.6123061530765384 0.001476790428750366
1.6128064032016007 0.0014768804732618777
1.6133066533266633 0.0014770182480998595
1.6138069034517257 0.0014772038986481206
1.6143071535767883 0.0014774375807729233
1.614807403701851 0.0014777194609268682
1.6153076538269135 0.0014780497162588887
1.615807903951976 0.0014784285347304792
1.6163081540770383 0.0014788568016350504
1.616808404202101 0.0014793213470993788
1.6173086543271635 0.0014797997033772757
1.6178089044522261 0.001480288028972397
1.6183091545772887 0.0014807910160553623
1.6188094047023511 0.0014813087195100758
1.6193096548274135 0.0014818411946662048
1.6198099049524761 0.0014823884973029808
1.6203101550775387 0.001482950683653051
1.6208104052026013 0.0014835278104063624
1.621310655327664 0.0014841199347140927
1.6218109054527263 0.0014847271141926253
1.6223111555777887 0.0014853494069275634
1.6228114057028513 0.0014859868714777928
1.623311655827914 0.0014866382795007186
1.6238119059529765 0.0014873013071827297
1.6243121560780391 0.001487968910548387
1.6248124062031015 0.0014886348995305785
1.625312656328164 0.0014892990673940044
1.6258129064532265 0.0014899614103609958
1.6263131565782891 0.0014906042085527952
1.6268134067033517 0.0014911998614723875
1.6273136568284141 0.0014917383697764376
1.6278139069534767 0.0014922194779041652
1.628314157078539 0.0014926429413735117
1.6288144072036017 0.0014930085269303519
1.6293146573286643 0.001493315910665795
1.629814907453727 0.001493561381078461
1.6303151575787893 0.0014937413272840768
1.630815407703852 0.001493857470691386
1.6313156578289143 0.0014939115582540269
1.631815907953977 0.0014939034260197024
1.6323161580790395 0.0014938329173911423
1.6328164082041021 0.0014936998886682057
1.6333166583291645 0.0014935042091515926
1.6338169084542271 0.0014932457612400571
1.6343171585792895 0.001492939199831474
1.634817408704352 0.0014926084613522868
1.6353176588294147 0.001492262755748118
1.6358179089544773 0.0014919029360856526
1.6363181590795397 0.001491545929760065
1.6368184092046023 0.0014912137260143488
1.6373186593296647 0.001490915134251628
1.6378189094547273 0.001490653749131213
1.63831915957979 0.0014904303121954516
1.6388194097048525 0.001490244894761072
1.639319659829915 0.0014900975727522255
1.6398199099549773 0.0014899884267326304
1.64032016008004 0.0014899175419392132
1.6408204102051025 0.001489885008317258
1.641320660330165 0.0014898909205570922
1.6418209104552277 0.001489935378132338
1.64232116058029 0.0014900184947139444
1.6428214107053525 0.0014901404210239811
1.643321660830415 0.0014903013034577794
1.6438219109554777 0.001490499673944941
1.6443221610805403 0.001490717656075921
1.644822411205603 0.001490929757246592
1.6453226613306653 0.0014911268155554447
1.6458229114557277 0.0014913087801997273
1.6463231615807903 0.0014914829357688935
1.646823411705853 0.0014916602955042213
1.6473236618309155 0.0014918445691701786
1.647823911955978 0.0014920357770111707
1.6483241620810405 0.0014922339394117356
1.6488244122061029 0.0014924390952727904
1.6493246623311655 0.0014926513398367358
1.649824912456228 0.0014928707503614358
1.6503251625812907 0.0014930973865886587
1.650825412706353 0.0014933314099441913
1.6513256628314157 0.0014935729441025766
1.651825912956478 0.0014938220116965447
1.6523261630815407 0.0014940786355157672
1.6528264132066033 0.0014943428385079656
1.653326663331666 0.0014946146437800278
1.6538269134567283 0.0014948940745991327
1.6543271635817909 0.001495180407379601
1.6548274137068533 0.0014954724853612372
1.6553276638319159 0.0014957685203599287
1.6558279139569785 0.00149606214681569
1.656328164082041 0.0014963493591930318
1.6568284142071035 0.001496631633689061
1.657328664332166 0.0014969129798828667
1.6578289144572285 0.0014971972118957909
1.658329164582291 0.0014974846157139766
1.6588294147073537 0.0014977752024299127
1.6593296648324163 0.0014980689832180044
1.6598299149574787 0.0014983659693352048
1.6603301650825413 0.0014986661721216458
1.6608304152076037 0.0014989696030012832
1.6613306653326663 0.001499276273482539
1.6618309154577289 0.0014995871276558786
1.6623311655827915 0.0014999092165364604
1.6628314157078539 0.001500248685324475
1.6633316658329163 0.0015006055888377038
1.6638319159579789 0.0015009812240599273
1.6643321660830415 0.0015013971369590947
1.664832416208104 0.0015018842838854195
1.6653326663331667 0.0015024535016354042
1.665832916458229 0.0015031051353037795
1.6663331665832914 0.0015038147465889328
1.666833416708354 0.001504546315011734
1.6673336668334167 0.0015052884695251816
1.6678339169584793 0.001506041233166791
1.6683341670835419 0.0015068046286696153
1.6688344172086043 0.0015075766104761389
1.6693346673336666 0.0015083551172993144
1.6698349174587293 0.0015091401507764557
1.6703351675837919 0.001509931663259619
1.6708354177088545 0.0015107289149734438
1.671335667833917 0.0015115312175411903
1.6718359179589795 0.0015123385724688373
1.6723361680840418 0.0015131509810707158
1.6728364182091044 0.0015139684444683372
1.673336668334167 0.00151479096358923
1.6738369184592297 0.00151561853916579
1.674337168584292 0.001516438884430753
1.6748374187093547 0.001517233151782148
1.675337668834417 0.0015179916137828822
1.6758379189594796 0.0015187102665027222
1.6763381690845423 0.0015194080478428229
1.6768384192096049 0.0015201134730638952
1.6773386693346672 0.0015208356046607495
1.6778389194597298 0.001521575027860003
1.6783391695847922 0.0015223320354348436
1.6788394197098548 0.001523106695127298
1.6793396698349174 0.0015238990756134359
1.67983991995998 0.0015247092465124205
1.6803401700850424 0.001525537278395714
1.680840420210105 0.0015263832427964187
1.6813406703351674 0.0015272472122187734
1.68184092046023 0.0015281309763306593
1.6823411705852926 0.0015290376376435259
1.6828414207103553 0.001529968592954377
1.6833416708354176 0.0015309239386980117
1.6838419209604802 0.0015319037993918967
1.6843421710855426 0.001532906549310543
1.6848424212106052 0.001533926393506235
1.6853426713356678 0.0015349592449713772
1.6858429214607304 0.0015360051158450647
1.6863431715857928 0.0015370587189383396
1.6868434217108552 0.0015381125074195661
1.6873436718359178 0.0015391641987989395
1.6878439219609804 0.0015402137247286362
1.688344172086043 0.0015412609752969246
1.6888444222111056 0.0015423057306260895
1.689344672336168 0.0015433478118878025
1.6898449224612304 0.0015443871498806343
1.690345172586293 0.0015454236754656363
1.6908454227113556 0.0015464574253008614
1.6913456728364182 0.0015474886032811783
1.6918459229614808 0.0015485173084270447
1.6923461730865432 0.0015495434733383492
1.6928464232116056 0.001550567030687147
1.6933466733366682 0.0015515879132312915
1.6938469234617308 0.0015526060538281188
1.6943471735867934 0.0015536202542112876
1.694847423711856 0.0015546287641486412
1.6953476738369184 0.0015556271358878092
1.6958479239619808 0.0015566111580663036
1.6963481740870434 0.0015575868893923323
1.696848424212106 0.0015585632966051972
1.6973486743371686 0.001559542924759313
1.697848924462231 0.0015605188476963566
1.6983491745872936 0.0015614814053224156
1.698849424712356 0.001562427823928148
1.6993496748374186 0.0015633580431795961
1.6998499249624812 0.0015642720036139067
1.7003501750875438 0.001565169646648285
1.7008504252126062 0.0015660509145888504
1.7013506753376688 0.0015669157506393763
1.7018509254627312 0.0015677627628857655
1.7023511755877938 0.0015685893599332082
1.7028514257128564 0.0015693942833367818
1.703351675837919 0.001570177471949746
1.7038519259629814 0.0015709388658698138
1.704352176088044 0.0015717062205399196
1.7048524262131064 0.0015725228763605276
1.705352676338169 0.0015734045052907277
1.7058529264632316 0.0015743513550318896
1.7063531765882942 0.0015753776518920499
1.7068534267133566 0.0015765030324743877
1.7073536768384192 0.0015777332562052601
1.7078539269634816 0.001579068827857595
1.7083541770885442 0.0015805103543220455
1.7088544272136068 0.0015820592262251322
1.7093546773386694 0.0015837168234858823
1.7098549274637318 0.0015854838338721243
1.7103551775887942 0.001587360991750342
1.7108554277138568 0.0015893490788450862
1.7113556778389194 0.0015914503208405934
1.711855927963982 0.0015936721782580433
1.7123561780890446 0.001596020801912321
1.712856428214107 0.0015984972359289803
1.7133566783391694 0.0016011025821269884
1.713856928464232 0.0016038380012124412
1.7143571785892946 0.0016066821767427443
1.7148574287143572 0.0016096035904577016
1.7153576788394198 0.001612592665903979
1.7158579289644822 0.00161564945614595
1.7163581790895446 0.0016187358731048957
1.7168584292146072 0.001621799573020883
1.7173586793396698 0.0016248261846179455
1.7178589294647324 0.001627815160627214
1.718359179589795 0.0016307627826829458
1.7188594297148574 0.0016336600681425525
1.7193596798399198 0.001636501170194542
1.7198599299649824 0.0016392854801219542
1.720360180090045 0.0016420123982229446
1.7208604302151076 0.0016446813341150404
1.72136068034017 0.0016472917070370007
1.7218609304652326 0.0016498429171489615
1.722361180590295 0.001652327428859276
1.7228614307153576 0.001654737706506893
1.7233616808404202 0.0016570731534606758
1.7238619309654828 0.0016593331871148113
1.7243621810905452 0.0016615234586701217
1.7248624312156078 0.0016636523078062135
1.7253626813406702 0.001665724121902649
1.7258629314657328 0.0016677430295417004
1.7263631815907954 0.0016697251696958383
1.726863431715858 0.0016716893815521805
1.7273636818409204 0.0016736404351184845
1.727863931965983 0.0016755782506527354
1.7283641820910454 0.001677502748465359
1.728864432216108 0.0016794137338675165
1.7293646823411706 0.0016813108301270297
1.7298649324662332 0.0016831937745042504
1.7303651825912956 0.0016850624854676437
1.7308654327163582 0.0016869168815718
1.7313656828414206 0.0016887568814624536
1.7318659329664832 0.0016905824038815273
1.7323661830915458 0.0016923961614374369
1.7328664332166084 0.0016942032539818098
1.7333666833416708 0.0016960060050832597
1.7338669334667332 0.0016978043695659026
1.7343671835917958 0.0016995906077559933
1.7348674337168584 0.0017013538380958521
1.735367683841921 0.001703090814399596
1.7358679339669836 0.0017048089070980693
1.736368184092046 0.0017065237250706877
1.7368684342171083 0.001708245097679311
1.737368684342171 0.001709974692179024
1.7378689344672336 0.001711712481621593
1.7383691845922962 0.0017134584384411752
1.7388694347173588 0.0017152125344538928
1.7393696848424212 0.0017169700243906908
1.7398699349674835 0.0017187221059651715
1.7403701850925462 0.0017204646673146863
1.7408704352176088 0.0017221976259033617
1.7413706853426714 0.001723920899458727
1.741870935467734 0.001725634405981523
1.7423711855927964 0.0017273380637555101
1.7428714357178587 0.0017290288636840464
1.7433716858429213 0.0017307037640377115
1.743871935967984 0.0017323626456666947
1.7443721860930466 0.0017339884513229754
1.744872436218109 0.0017355575539946498
1.7453726863431716 0.0017370631867566454
1.745872936468234 0.001738505018562843
1.7463731865932965 0.001739883796342325
1.7468734367183592 0.0017412020497798988
1.7473736868434218 0.0017424612619065037
1.7478739369684841 0.0017436611623357265
1.7483741870935467 0.001744801493748069
1.7488744372186091 0.0017458820120340572
1.7493746873436717 0.0017469009535197517
1.7498749374687343 0.0017478508837573306
1.750375187593797 0.001748725903133696
1.7508754377188593 0.0017495258042376594
1.751375687843922 0.0017502503968182452
1.7518759379689843 0.0017508995078956335
1.752376188094047 0.0017514729818622924
1.7528764382191095 0.0017519706805741884
1.7533766883441722 0.00175239374304092
1.7538769384692345 0.0017527454986906125
1.7543771885942971 0.001753073168960734
1.7548774387193595 0.0017534381595925462
1.7553776888444221 0.0017538568068974742
1.7558779389694847 0.0017543291880685401
1.7563781890945473 0.0017548584590276668
1.7568784392196097 0.0017554533295464647
1.7573786893446721 0.0017561194613669934
1.7578789394697347 0.0017568569928112182
1.7583791895947973 0.0017576660755432541
1.75887943971986 0.0017585468746420042
1.7593796898449225 0.0017594995686801506
1.759879939969985 0.00176052434980957
1.7603801900950473 0.0017616197701909762
1.76088044022011 0.0017627776301953927
1.7613806903451725 0.001763991378913131
1.7618809404702351 0.0017652612303967839
1.7623811905952977 0.0017665874095999518
1.7628814407203601 0.0017679701524814504
1.7633816908454225 0.0017694073704820218
1.7638819409704851 0.001770894516276889
1.7643821910955477 0.0017724133939355856
1.7648824412206103 0.001773942680943393
1.765382691345673 0.0017754769508437746
1.7658829414707353 0.0017770162464558377
1.7663831915957977 0.0017785600244421553
1.7668834417208603 0.0017801075769857898
1.767383691845923 0.0017816587799658133
1.7678839419709855 0.0017832168542487013
1.768384192096048 0.0017847851323863826
1.7688844422211105 0.0017863637686816914
1.769384692346173 0.0017879528174880623
1.7698849424712355 0.0017895523337129317
1.7703851925962981 0.0017911594196046855
1.7708854427213607 0.0017927686586137728
1.771385692846423 0.0017943775737114037
1.7718859429714857 0.0017959861925562557
1.772386193096548 0.0017975945428949165
1.7728864432216107 0.0017992026525639206
1.7733866933466733 0.0018008105494918011
1.773886943471736 0.0018024182617011647
1.7743871935967983 0.0018040199832707177
1.774887443721861 0.0018056063176163913
1.7753876938469233 0.001807172901849399
1.775887943971986 0.0018087189088888103
1.7763881940970485 0.0018102486712073692
1.7768884442221111 0.0018117676885920121
1.7773886943471735 0.001813282055642038
1.777888944472236 0.0018148010093733153
1.7783891945972985 0.0018163288389940638
1.778889444722361 0.001817865585438106
1.7793896948474237 0.0018194112899799742
1.7798899449724863 0.0018209659942379595
1.7803901950975487 0.001822529740177195
1.780890445222611 0.0018241025701127732
1.7813906953476737 0.0018256845267129022
1.7818909454727363 0.0018272774860760728
1.782391195597799 0.0018288868307974068
1.7828914457228615 0.0018305161280563656
1.783391695847924 0.0018321654534932054
1.7838919459729863 0.001833834883467982
1.7843921960980489 0.0018355234185669287
1.7848924462231115 0.0018372282074902992
1.785392696348174 0.0018389474693687646
1.7858929464732367 0.0018406812725329299
1.786393196598299 0.0018424495346531032
1.7868934467233615 0.001844277155586161
1.787393696848424 0.0018461693145107054
1.7878939469734867 0.0018481264018139693
1.7883941970985493 0.0018501488219690514
1.788894447223612 0.001852236993742395
1.7893946973486743 0.001854378403291046
1.7898949474737367 0.0018565597376689878
1.7903951975987993 0.0018587806056663443
1.7908954477238619 0.001861041372631062
1.7913956978489245 0.0018633410725160415
1.791895947973987 0.0018656764267640346
1.7923961980990495 0.0018680454904029373
1.7928964482241119 0.001870448635491509
1.7933966983491745 0.0018728862428084086
1.793896948474237 0.0018753587020384418
1.7943971985992997 0.0018778668143219176
1.794897448724362 0.0018804115119696121
1.7953976988494247 0.0018829933384411533
1.795897948974487 0.0018856127308559097
1.7963981990995497 0.0018882306763767362
1.7968984492246123 0.0018908025775390737
1.7973986993496749 0.0018933229553478896
1.7978989494747373 0.0018957913700942256
1.7983991995997999 0.0018982091775224272
1.7988994497248623 0.001900585078732241
1.7993996998499249 0.0019029260400481498
1.7998999499749875 0.0019052317248830213
1.80040020010005 0.001907501799819725
1.8009004502251125 0.0019097359347182018
1.801400700350175 0.001911933802822282
1.8019009504752375 0.0019140950808662048
1.8024012006003 0.0019162194491807785
1.8029014507253627 0.0019183065917991182
1.8034017008504253 0.0019203561965618952
1.8039019509754877 0.0019223656961914963
1.80440220110055 0.0019243331508579037
1.8049024512256127 0.0019262590746208217
1.8054027013506753 0.0019281433554907662
1.8059029514757379 0.001929982213826499
1.8064032016008005 0.0019317834890271814
1.8069034517258629 0.001933561097269556
1.8074037018509252 0.0019353173963441482
1.8079039519759879 0.0019370522576988764
1.8084042021010505 0.0019387655533877853
1.808904452226113 0.0019404571560870066
1.8094047023511757 0.001942126939110743
1.809904952476238 0.0019437747764272807
1.8104052026013004 0.0019454005426750164
1.810905452726363 0.001947003348337594
1.8114057028514257 0.0019485811668014468
1.8119059529764883 0.0019501327300921203
1.8124062031015509 0.0019516579027721347
1.8129064532266133 0.0019531583645543494
1.8134067033516756 0.001954636638437779
1.8139069534767382 0.0019560934417992256
1.8144072036018009 0.0019575234302363497
1.8149074537268635 0.001958919871841389
1.815407703851926 0.0019602812382023783
1.8159079539769885 0.0019616073490666235
1.8164082041020508 0.0019629083312007996
1.8169084542271134 0.0019641964242192852
1.817408704352176 0.00196547361274835
1.8179089544772387 0.0019667398476273736
1.818409204602301 0.0019680041725849756
1.8189094547273637 0.0019692783475552637
1.819409704852426 0.0019705650693105786
1.8199099549774886 0.001971862344723843
1.8204102051025512 0.0019731643227411033
1.8209104552276139 0.0019744671488896
1.8214107053526762 0.001975770810233413
1.8219109554777388 0.0019770752937639433
1.8224112056028012 0.0019783805864000597
1.8229114557278638 0.001979686674988252
1.8234117058529264 0.0019809935463027924
1.823911955977989 0.0019823011870458936
1.8244122061030514 0.0019835860713845683
1.824912456228114 0.001984818811651099
1.8254127063531764 0.001985992672453303
1.825912956478239 0.0019870983549007556
1.8264132066033016 0.0019881232223731555
1.8269134567283642 0.0019890621304517624
1.8274137068534266 0.001989928233897671
1.8279139569784892 0.0019907363177231988
1.8284142071035516 0.0019914869819644544
1.8289144572286142 0.0019921800181439708
1.8294147073536768 0.001992815230554602
1.8299149574787394 0.0019933924363777626
1.8304152076038018 0.001993911465794664
1.8309154577288642 0.0019943721620904195
1.8314157078539268 0.0019947743817509017
1.8319159579789894 0.0019951179945522537
1.832416208104052 0.001995402883642948
1.8329164582291146 0.001995633631277461
1.833416708354177 0.001995824099823405
1.8339169584792394 0.0019959834914392645
1.834417208604302 0.0019961572607591375
1.8349174587293646 0.0019963970364663265
1.8354177088544272 0.00199670899774041
1.8359179589794898 0.0019970932341072368
1.8364182091045522 0.0019975559194608736
1.8369184592296146 0.0019981042851399396
1.8374187093546772 0.0019987395135625456
1.8379189594797398 0.001999461773612375
1.8384192096048024 0.0020002712505315517
1.838919459729865 0.0020011681460148207
1.8394197098549274 0.002002152678311587
1.8399199599799898 0.002003225082335921
1.8404202101050524 0.0020043682150652333
1.840920460230115 0.0020055494329793964
1.8414207103551776 0.002006753435480825
1.84192096048024 0.0020079827911120614
1.8424212106053026 0.0020092401417663003
1.842921460730365 0.0020105257275140932
1.8434217108554276 0.002011839732720317
1.8439219609804902 0.0020131823476110676
1.8444222111055528 0.0020145407310846633
1.8449224612306152 0.0020158991946571045
1.8454227113556778 0.002017255030801776
1.8459229614807402 0.002018608295004295
1.8464232116058028 0.002019988922033201
1.8469234617308654 0.002021431715761443
1.847423711855928 0.0020229417451733647
1.8479239619809904 0.002024532752792384
1.848424212106053 0.0020262253203858684
1.8489244622311154 0.0020280276253295806
1.849424712356178 0.002029942348507471
1.8499249624812406 0.002031971402567532
