1.1000500250125063 0.00024953443772670665
1.1005502751375689 0.0002498998647713737
1.1010505252626313 0.0002502666037754218
1.1015507753876939 0.00025063506276038584
1.1020510255127565 0.00025100559513544803
1.1025512756378189 0.00025137791520770834
1.1030515257628815 0.0002517495632304533
1.103551775887944 0.00025211835349443204
1.1040520260130064 0.0002524804674632126
1.104552276138069 0.00025282951371877616
1.1050525262631314 0.0002531628794234268
1.105552776388194 0.0002534808160579127
1.1060530265132567 0.0002537838433297021
1.1065532766383193 0.0002540721753670375
1.1070535267633816 0.00025434576200242053
1.1075537768884443 0.0002546048108556435
1.1080540270135066 0.0002548518281728049
1.1085542771385692 0.0002550939308562201
1.1090545272636319 0.00025533959935805504
1.1095547773886942 0.0002555924843327396
1.1100550275137568 0.0002558532654671624
1.1105552776388194 0.00025612269878622486
1.1110555277638818 0.0002564008836138942
1.1115557778889444 0.00025668784585333623
1.112056028014007 0.00025698361174250096
1.1125562781390694 0.0002572882243547051
1.113056528264132 0.0002575998776790343
1.1135567783891946 0.00025791509571125056
1.114057028514257 0.0002582324267653484
1.1145572786393196 0.0002585526910364767
1.1150575287643822 0.00025887652754100524
1.1155577788894446 0.0002592039493619014
1.1160580290145072 0.00025953496970986
1.1165582791395698 0.0002598696019243686
1.1170585292646322 0.0002602078594747861
1.1175587793896948 0.0002605499665464383
1.1180590295147574 0.0002608950131761639
1.1185592796398198 0.00026124180908249566
1.1190595297648824 0.00026159023888697435
1.119559779889945 0.00026194024179561077
1.1200600300150074 0.00026229180766411685
1.12056028014007 0.000262644926187021
1.1210605302651326 0.0002629995868983816
1.121560780390195 0.0002633557791725384
1.1220610305152576 0.0002637129306463042
1.1225612806403202 0.00026406941298057874
1.1230615307653826 0.0002644275197865994
1.1235617808904452 0.0002647907648223597
1.1240620310155078 0.00026515931324710355
1.1245622811405702 0.00026553319030313136
1.1250625312656328 0.00026591242167490434
1.1255627813906954 0.0002662970334937463
1.1260630315157578 0.0002666870523426454
1.1265632816408204 0.0002670825464827189
1.127063531765883 0.0002674839292409857
1.1275637818909454 0.00026789100985817854
1.128064032016008 0.00026830288399194095
1.1285642821410704 0.00026871920774459334
1.129064532266133 0.00026914000394796334
1.1295647823911956 0.0002695652957475679
1.1300650325162582 0.0002699951066060403
1.1305652826413206 0.0002704294603066202
1.1310655327663832 0.00027086838095670196
1.1315657828914456 0.00027131204002151725
1.1320660330165082 0.00027176105377057087
1.1325662831415708 0.00027221583229136053
1.1330665332666334 0.0002726756594312099
1.1335667833916958 0.00027313987324811096
1.1340670335167584 0.00027360849126972623
1.1345672836418208 0.00027408153117787314
1.1350675337668834 0.0002745590108098585
1.135567783891946 0.00027504094815982853
1.1360680340170084 0.0002755274030783069
1.136568284142071 0.0002760180892752828
1.1370685342671336 0.00027651267759214865
1.137568784392196 0.00027701091911301964
1.1380690345172586 0.0002775112304910696
1.1385692846423212 0.0002780122775087794
1.1390695347673836 0.000278514049901406
1.1395697848924462 0.00027901653732627385
1.1400700350175088 0.0002795197293632408
1.1405702851425712 0.000280022646762044
1.1410705352676338 0.0002805231273340217
1.1415707853926964 0.0002810199711361381
1.1420710355177588 0.0002815131550634889
1.1425712856428214 0.00028200266380332324
1.143071535767884 0.00028248885620884656
1.1435717858929464 0.00028297208754694386
1.144072036018009 0.00028345234113682865
1.1445722861430716 0.00028392960033647117
1.145072536268134 0.00028440416413893897
1.1455727863931966 0.0002848764677168923
1.1460730365182592 0.0002853466317625132
1.1465732866433216 0.00028581464227296817
1.1470735367683842 0.0002862804852678162
1.1475737868934468 0.00028674439147999894
1.1480740370185092 0.0002872070624556677
1.1485742871435718 0.0002876689609983312
1.1490745372686344 0.00028813008393416864
1.1495747873936968 0.00028858996827342163
1.1500750375187594 0.00028904686722496913
1.150575287643822 0.00028949907562170673
1.1510755377688844 0.00028994616657070603
1.151575787893947 0.00029038812508177863
1.1520760380190094 0.00029082493613409973
1.152576288144072 0.00029125667957691985
1.1530765382691346 0.000291684636150035
1.1535767883941972 0.00029211000347425126
1.1540770385192596 0.0002925369366550295
1.1545772886443222 0.0002929733666416751
1.1550775387693846 0.0002934252722504118
1.1555777888944472 0.0002938948881566669
1.1560780390195098 0.0002943822768018186
1.1565782891445724 0.0002948875017379625
1.1570785392696348 0.000295410627638485
1.1575787893946974 0.0002959515030329972
1.1580790395197598 0.0002965086766952782
1.1585792896448224 0.00029707558540361886
1.159079539769885 0.0002976429515619394
1.1595797898949474 0.000298205612296625
1.16008004002001 0.00029876220897345887
1.1605802901450726 0.0002993125525455204
1.161080540270135 0.0002998566209886715
1.1615807903951976 0.00030039439226886024
1.1620810405202602 0.00030092584434252326
1.1625812906453226 0.00030145034417909406
1.1630815407703852 0.0003019662867332525
1.1635817908954478 0.00030247445899082886
1.1640820410205102 0.00030297693417606847
1.1645822911455728 0.00030347445778123835
1.1650825412706354 0.00030396745351424996
1.1655827913956978 0.00030445587240014
1.1660830415207604 0.0003049396659840433
1.166583291645823 0.0003054187863455772
1.1670835417708854 0.0003058931861130969
1.167583791895948 0.00030636401817720713
1.1680840420210106 0.00030684002217798846
1.168584292146073 0.0003073288214728947
1.1690845422711356 0.00030783020867320554
1.1695847923961982 0.0003083439456347188
1.1700850425212606 0.00030887009670615783
1.1705852926463232 0.0003094087628505355
1.1710855427713858 0.00030996004855616513
1.1715857928964482 0.0003105240618977338
1.1720860430215108 0.0003111015311696051
1.1725862931465734 0.0003116930991904306
1.1730865432716358 0.00031229127335124883
1.1735867933966984 0.00031288857048747225
1.174087043521761 0.0003134849988762784
1.1745872936468233 0.0003140805519831198
1.175087543771886 0.00031467519627293057
1.1755877938969483 0.00031526889815583595
1.176088044022011 0.00031586162399261904
1.1765882941470736 0.00031645329472293184
1.1770885442721362 0.0003170434512724224
1.1775887943971985 0.000317632174193252
1.1780890445222612 0.00031822166544616555
1.1785892946473235 0.00031881353155642966
1.1790895447723861 0.000319407615891915
1.1795897948974488 0.0003200038835549166
1.1800900450225114 0.0003206023353745538
1.1805902951475737 0.0003212029721411264
1.1810905452726363 0.00032180579460589214
1.1815907953976987 0.00032241075397498815
1.1820910455227613 0.00032301779566686983
1.182591295647824 0.0003236264524902327
1.1830915457728866 0.0003242343188962171
1.183591795897949 0.00032483913325257656
1.1840920460230115 0.00032544056061660357
1.184592296148074 0.000326038559324587
1.1850925462731365 0.0003266330879226832
1.1855927963981991 0.00032722410517526914
1.1860930465232615 0.00032781123462662424
1.1865932966483241 0.0003283939219498548
1.1870935467733867 0.00032897194738564607
1.1875937968984491 0.00032954564579468215
1.1880940470235117 0.0003301174533202341
1.1885942971485743 0.0003306896149097935
1.1890945472736367 0.0003312622890577646
1.1895947973986993 0.0003318354703856662
1.190095047523762 0.00033240915348585584
1.1905952976488243 0.00033298341247036246
1.191095547773887 0.0003335584552322589
1.1915957978989495 0.000334134410636182
1.192096048024012 0.00033471127416811254
1.1925962981490745 0.0003352895145171351
1.1930965482741371 0.0003358711822139896
1.1935967983991995 0.00033645778421367693
1.1940970485242621 0.0003370492596028582
1.1945972986493247 0.0003376456389041267
1.1950975487743871 0.0003382469619882581
1.1955977988994497 0.0003388534230012212
1.1960980490245123 0.00033946520811440245
1.1965982991495747 0.0003400823503748337
1.1970985492746373 0.0003407048832822234
1.1975987993997 0.0003413322577088225
1.1980990495247623 0.0003419608729599203
1.198599299649825 0.0003425876758404403
1.1990995497748873 0.0003432126425277051
1.19959979989995 0.00034383574922669736
1.2001000500250125 0.00034445802383189844
1.2006003001500751 0.0003450809506754437
1.2011005502751375 0.0003457049656771629
1.2016008004002001 0.0003463300525590463
1.2021010505252625 0.0003469561949234976
1.2026013006503251 0.0003475833882745834
1.2031015507753877 0.0003482120596153221
1.2036018009004503 0.000348842628076671
1.2041020510255127 0.00034947508320763785
1.2046023011505753 0.00035010836294401134
1.2051025512756377 0.00035073901505590274
1.2056028014007003 0.0003513646298406191
1.206103051525763 0.00035198518086585465
1.2066033016508255 0.0003526006418601758
1.207103551775888 0.0003532109867157195
1.2076038019009505 0.00035381642586689634
1.208104052026013 0.0003544180695057225
1.2086043021510755 0.000355016801487875
1.2091045522761381 0.00035561261282961274
1.2096048024012005 0.0003562067770546347
1.210105052526263 0.0003568007544210425
1.2106053026513257 0.0003573947250700975
1.211105552776388 0.0003579886863964565
1.2116058029014507 0.0003585826357872869
1.2121060530265133 0.00035917657062227703
1.2126063031515757 0.0003597712765214736
1.2131065532766383 0.0003603706303554138
1.213606803401701 0.00036097775371989727
1.2141070535267633 0.0003615923451075125
1.214607303651826 0.00036221358563817767
1.2151075537768885 0.0003628410095388046
1.215607803901951 0.00036347466842195285
1.2161080540270135 0.00036411461479632004
1.216608304152076 0.0003647609020806826
1.2171085542771385 0.0003654135846181746
1.217608804402201 0.00036607040075442495
1.2181090545272637 0.0003667209415374025
1.218609304652326 0.00036735701825608497
1.2191095547773887 0.00036797885406633554
1.2196098049024513 0.00036858671210970867
1.2201100550275137 0.0003691805316108678
1.2206103051525763 0.0003697602182428486
1.221110555277639 0.00037032568036017924
1.2216108054027013 0.00037087682904069625
1.222111055527764 0.0003714135781261086
1.2226113056528263 0.00037193769466590555
1.2231115557778889 0.0003724588710790187
1.2236118059029515 0.0003729850048391045
1.224112056028014 0.000373516088690728
1.2246123061530765 0.00037405213214891924
1.225112556278139 0.0003745931747074802
1.2256128064032015 0.0003751392565210895
1.226113056528264 0.0003756904184149721
1.2266133066533267 0.0003762467018947948
1.2271135567783893 0.00037680814915679235
1.2276138069034517 0.00037737412972157087
1.2281140570285143 0.00037794047715070036
1.2286143071535767 0.0003785037948655786
1.2291145572786393 0.0003790642382697528
1.2296148074037019 0.0003796218306782835
1.2301150575287645 0.00038017655666380893
1.2306153076538269 0.00038072840084521617
1.2311155577788895 0.0003812773478886408
1.2316158079039519 0.0003818233825084692
1.2321160580290145 0.00038236648946834035
1.232616308154077 0.000382906836988724
1.2331165582791395 0.0003834466364585608
1.233616808404202 0.00038398825289080523
1.2341170585292647 0.00038453202168852216
1.234617308654327 0.00038507796130565866
1.2351175587793897 0.0003856260903605424
1.2356178089044523 0.00038617642763805996
1.2361180590295147 0.0003867289920918678
1.2366183091545773 0.0003872838028466351
1.2371185592796399 0.00038784087920031664
1.2376188094047023 0.00038840024834027343
1.2381190595297649 0.0003889619643236244
1.2386193096548275 0.00038952589798739364
1.2391195597798899 0.00039009189429526817
1.2396198099049525 0.00039065997545172906
1.240120060030015 0.000391230163861793
1.2406203101550775 0.0003918024821341162
1.24112056028014 0.0003923769530841414
1.2416208104052027 0.00039295359973729377
1.242121060530265 0.00039353244533222686
1.2426213106553277 0.0003941126482717545
1.2431215607803903 0.00039469110424995743
1.2436218109054527 0.00039526564505297653
1.2441220610305153 0.0003958363459234504
1.2446223111555779 0.000396403183762153
1.2451225612806402 0.00039696613555920905
1.2456228114057029 0.00039752517839620533
1.2461230615307652 0.00039808028944830374
1.2466233116558278 0.00039863144598635607
1.2471235617808905 0.00039917862537901846
1.247623811905953 0.00039972209389800545
1.2481240620310154 0.00040026248641309125
1.248624312156078 0.0004008001514271946
1.2491245622811404 0.00040133507123958905
1.249624812406203 0.0004018672282005637
1.2501250625312657 0.00040239660471282123
1.2506253126563283 0.0004029231832328767
1.2511255627813906 0.00040344694627246074
1.2516258129064533 0.00040396787639992017
1.2521260630315156 0.0004044859562416242
1.2526263131565782 0.00040500345984515265
1.2531265632816408 0.00040552915261808745
1.2536268134067035 0.0004060695768032355
1.2541270635317658 0.0004066248354905582
1.2546273136568284 0.0004071950357006975
1.2551275637818908 0.00040778028844570374
1.2556278139069534 0.00040838070879249867
1.256128064032016 0.00040899641592915734
1.2566283141570787 0.0004096275332340717
1.257128564282141 0.00041027418834808916
1.2576288144072036 0.0004109322632781173
1.258129064532266 0.00041158698190872666
1.2586293146573286 0.0004122276733991503
1.2591295647823912 0.0004128542213104794
1.2596298149074536 0.0004134665116991496
1.2601300650325162 0.0004140644331713851
1.2606303151575788 0.0004146478769366321
1.2611305652826412 0.00041521673685994143
1.2616308154077038 0.0004157709095132474
1.2621310655327664 0.00041631029422549946
1.2626313156578288 0.0004168367593098947
1.2631315657828914 0.00041735685331883407
1.263631815907954 0.00041787515961088257
1.2641320660330164 0.0004183916213068996
1.264632316158079 0.000418906231134468
1.2651325662831416 0.00041941898181450656
1.265632816408204 0.0004199298660613618
1.2661330665332666 0.00042043887658289956
1.266633316658329 0.0004209460060805964
1.2671335667833916 0.000421451247249633
1.2676338169084542 0.0004219548496334666
1.2681340670335168 0.00042245683576419785
1.2686343171585792 0.0004229567901964437
1.2691345672836418 0.0004234545234141272
1.2696348174087042 0.0004239500254457935
1.2701350675337668 0.0004244432863255201
1.2706353176588294 0.0004249342960932316
1.271135567783892 0.0004254230447950154
1.2716358179089544 0.00042590952248344017
1.272136068034017 0.00042639371921787206
1.2726363181590794 0.00042687615071334184
1.273136568284142 0.0004273581741980904
1.2736368184092046 0.00042784116733479683
1.2741370685342672 0.00042832567416846185
1.2746373186593296 0.0004288117007932855
1.2751375687843922 0.0004292992533383234
1.2756378189094546 0.00042978833796772966
1.2761380690345172 0.00043027896088100283
1.2766383191595798 0.0004307711283132338
1.2771385692846424 0.0004312648465353537
1.2776388194097048 0.000431759359408035
1.2781390695347674 0.000432252855359754
1.2786393196598298 0.00043274373666317347
1.2791395697848924 0.00043323136631299243
1.279639819909955 0.00043371564435534614
1.2801400700350176 0.0004341965549336524
1.28064032016008 0.00043467408224283425
1.2811405702851426 0.00043514821053034804
1.281640820410205 0.0004356189240972135
1.2821410705352676 0.00043608620729904606
1.2826413206603302 0.0004365513593229487
1.2831415707853926 0.0004370177831326399
1.2836418209104552 0.000437487496501891
1.2841420710355178 0.0004379603166837118
1.2846423211605802 0.0004384361504265804
1.2851425712856428 0.0004389150169148399
1.2856428214107054 0.00043939693554559395
1.2861430715357678 0.0004398819259311889
1.2866433216608304 0.00044037000790173513
1.287143571785893 0.0004408612015076666
1.2876438219109554 0.00044135475852049243
1.288144072036018 0.0004418480028297121
1.2886443221610806 0.00044233900806419567
1.289144572286143 0.0004428279681665099
1.2896448224112056 0.00044331508159667094
1.290145072536268 0.0004438003406463189
1.2906453226613306 0.00044428373384865715
1.2911455727863932 0.0004447652497475753
1.2916458229114558 0.00044524487689821357
1.2921460730365182 0.0004457226038675346
1.2926463231615808 0.00044619838000068063
1.2931465732866432 0.000446672325707364
1.2936468234117058 0.00044714460163881224
1.2941470735367684 0.0004476143255990217
1.294647323661831 0.0004480796594279323
1.2951475737868934 0.0004485396322896608
1.295647823911956 0.00044899422485262055
1.2961480740370184 0.000449443417857425
1.296648324162081 0.0004498871921180065
1.2971485742871436 0.0004503255285227372
1.2976488244122062 0.00045075914805269
1.2981490745372686 0.0004511904232660519
1.2986493246623312 0.0004516210022170199
1.2991495747873936 0.00045205089376788203
1.2996498249124562 0.000452476488268072
1.3001500750375188 0.0004528938989519924
1.3006503251625814 0.0004533028500783171
1.3011505752876438 0.00045370332962094384
1.3016508254127064 0.0004540953250922737
1.3021510755377688 0.0004544788235401457
1.3026513256628314 0.00045485044355396046
1.303151575787894 0.00045519836794944985
1.3036518259129566 0.0004555140815074503
1.304152076038019 0.00045579745997032623
1.3046523261630816 0.00045604218307239604
1.305152576288144 0.0004562300626842843
1.3056528264132066 0.0004563490877209418
1.3061530765382692 0.00045639910864307535
1.3066533266633318 0.0004563799949399341
1.3071535767883942 0.0004562916352472722
1.3076538269134568 0.0004561393164332925
1.3081540770385192 0.0004559413338251267
1.3086543271635818 0.0004557106082102255
1.3091545772886444 0.00045544706349577124
1.3096548274137068 0.00045515061611902324
1.3101550775387694 0.00045483706091322833
1.310655327663832 0.0004545286256834786
1.3111555777888944 0.00045423168911952396
1.311655827913957 0.0004539462422548294
1.3121560780390196 0.00045367227866445833
1.312656328164082 0.0004534067470457463
1.3131565782891446 0.0004531397211440768
1.313656828414207 0.00045286436964235197
1.3141570785392696 0.00045258073304446986
1.3146573286643322 0.00045228879842888943
1.3151575787893948 0.0004519884007350107
1.3156578289144572 0.0004516756984789937
1.3161580790395198 0.00045134699150430383
1.3166583291645821 0.0004510022509337184
1.3171585792896447 0.0004506414485951948
1.3176588294147074 0.0004502656209077354
1.31815907953977 0.0004498783577867427
1.3186593296648323 0.0004494823796987226
1.319159579789895 0.00044907785388406484
1.3196598299149573 0.00044866475263946
1.32016008004002 0.00044824304783486446
1.3206603301650826 0.0004478144386735928
1.3211605802901452 0.0004473842367869251
1.3216608304152075 0.0004469560400521124
1.3221610805402702 0.00044652984474963464
1.3226613306653325 0.0004461047500171538
1.3231615807903951 0.00044567762298713026
1.3236618309154577 0.00044524564531627647
1.3241620810405204 0.00044480822973813643
1.3246623311655827 0.0004443653717562559
1.3251625812906453 0.00044391706707384593
1.3256628314157077 0.0004434633115948602
1.3261630815407703 0.0004430017569674607
1.326663331665833 0.0004425282437089774
1.3271635817908956 0.0004420409479626242
1.327663831915958 0.000441541236632355
1.3281640820410205 0.00044103335097489814
1.328664332166083 0.00044052072003048507
1.3291645822911455 0.00044000398698249715
1.3296648324162081 0.0004394832133751997
1.3301650825412707 0.00043895836938860443
1.3306653326663331 0.0004384294247924048
1.3311655827913957 0.0004378963489404112
1.3316658329164581 0.0004373628718093274
1.3321660830415207 0.0004368339016891315
1.3326663331665833 0.00043630858647384214
1.3331665832916457 0.00043578081763116804
1.3336668334167083 0.0004352466007492897
1.334167083541771 0.0004347061623440814
1.3346673336668333 0.00043415963290790793
1.335167583791896 0.0004336070220401109
1.3356678339169585 0.0004330483399274176
1.336168084042021 0.00043248359734481294
1.3366683341670835 0.00043191280565628193
1.337168584292146 0.0004313386960543347
1.3376688344172085 0.00043076517078597575
1.3381690845422711 0.0004301953761692077
1.3386693346673337 0.00042963129093845023
1.3391695847923961 0.0004290727076727457
1.3396698349174587 0.0004285194141871385
1.340170085042521 0.00042797142133961904
1.3406703351675837 0.0004274287440488883
1.3411705852926463 0.00042689139721752644
1.341670835417709 0.00042635939573165335
1.3421710855427713 0.0004258325269201817
1.342671335667834 0.00042530393907384335
1.3431715857928963 0.00042476837003417996
1.343671835917959 0.00042422718155993034
1.3441720860430215 0.0004236812904829246
1.3446723361680841 0.00042313264565628115
1.3451725862931465 0.0004225822583497741
1.3456728364182091 0.00042203011179944784
1.3461730865432715 0.00042147618910773425
1.346673336668334 0.0004209204732416265
1.3471735867933967 0.0004203629470308273
1.3476738369184593 0.00041980348596934555
1.3481740870435217 0.0004192490714590362
1.3486743371685843 0.000418706830970214
1.3491745872936467 0.00041817680932760534
1.3496748374187093 0.0004176629580380619
1.350175087543772 0.00041716952587626403
1.3506753376688345 0.0004166968604462948
1.351175587793897 0.0004162450230797351
1.3516758379189595 0.0004158140740986078
1.352176088044022 0.0004154040728057692
1.3526763381690845 0.00041501586046298615
1.353176588294147 0.00041465113704701787
1.3536768384192097 0.00041430484510404783
1.354177088544272 0.00041397104800555413
1.3546773386693347 0.00041365646366725925
1.355177588794397 0.0004133806230468824
1.3556778389194597 0.00041315641298290273
1.3561780890445223 0.0004129839474014679
1.3566783391695847 0.0004128633413053311
1.3571785892946473 0.0004127947107806114
1.35767883941971 0.000412777911876809
1.3581790895447723 0.0004128121973750532
1.358679339669835 0.0004128971139468696
1.3591795897948975 0.0004130331124135651
1.3596798399199599 0.00041322060961405943
1.3601800900450225 0.0004134425501990118
1.3606803401700849 0.0004136749105510381
1.3611805902951475 0.00041391079117407447
1.36168084042021 0.0004141501986942639
1.3621810905452727 0.00041439313971898756
1.362681340670335 0.000414640002094815
1.3631815907953977 0.0004148919964832804
1.36368184092046 0.00041514995783077056
1.3641820910455227 0.0004154137771856844
1.3646823411705853 0.0004156803089304122
1.365182591295648 0.00041594668846721666
1.3656828414207103 0.0004162170565651893
1.3661830915457729 0.0004164954017736995
1.3666833416708353 0.00041678174601261927
1.3671835917958979 0.00041707611146182263
1.3676838419209605 0.00041737806728143464
1.368184092046023 0.0004176862608279767
1.3686843421710855 0.0004179997858355451
1.369184592296148 0.0004183186524772931
1.3696848424212105 0.0004186428708756616
1.370185092546273 0.0004189724243298348
1.3706853426713357 0.0004193054265163651
1.3711855927963983 0.00041963611286562904
1.3716858429214607 0.0004199605732689338
1.3721860930465233 0.0004202787907118169
1.3726863431715857 0.00042059149778235895
1.3731865932966483 0.0004209006267048166
1.3736868434217109 0.0004212073695608857
1.3741870935467735 0.0004215117268579745
1.3746873436718359 0.0004218136990096837
1.3751875937968985 0.00042211328633545844
1.3756878439219609 0.0004224144582925202
1.3761880940470235 0.000422724854120484
1.376688344172086 0.00042305011261155095
1.3771885942971487 0.0004233922288590242
1.377688844422211 0.00042374930911868476
1.3781890945472737 0.0004241163038903422
1.378689344672336 0.00042449007845915684
1.3791895947973987 0.00042487062995075995
1.3796898449224613 0.0004252579547765774
1.3801900950475237 0.0004256520486316013
1.3806903451725863 0.0004260529064923429
1.3811905952976489 0.00042645543661197347
1.3816908454227113 0.00042684682334546525
1.3821910955477739 0.00042721804912983154
1.3826913456728365 0.0004275700236723573
1.3831915957978989 0.00042790852145465865
1.3836918459229615 0.0004282371137541376
1.3841920960480238 0.00042855578955833376
1.3846923461730865 0.0004288645372389077
1.385192596298149 0.0004291633445483202
1.3856928464232117 0.0004294521986164022
1.386193096548274 0.00042973108594682245
1.3866933466733367 0.0004300012675258966
1.387193596798399 0.0004302635383190694
1.3876938469234616 0.00043051556003603027
1.3881940970485243 0.0004307531200335441
1.3886943471735869 0.0004309738466737486
1.3891945972986492 0.000431177695724671
1.3896948474237119 0.00043136462366978774
1.3901950975487742 0.00043153458771439627
1.3906953476738368 0.00043168754579192293
1.3911955977988995 0.00043182345657016716
1.391695847923962 0.00043194227945748124
1.3921960980490244 0.0004320444768107396
1.392696348174087 0.00043214479340366777
1.3931965982991494 0.0004322602418500991
1.393696848424212 0.00043239358673337347
1.3941970985492746 0.00043254487247155066
1.3946973486743373 0.0004327141450412781
1.3951975987993996 0.0004329014519896863
1.3956978489244622 0.0004331068424466465
1.3961980990495246 0.00043333036713740354
1.3966983491745872 0.0004335720783955831
1.3971985992996498 0.0004338320301765856
1.3976988494247125 0.0004341084388235225
1.3981990995497748 0.0004343862089780567
1.3986993496748374 0.0004346512801159036
1.3991995997998998 0.00043490287008010663
1.3996998499249624 0.00043514094818663195
1.400200100050025 0.0004353654832096273
1.4007003501750876 0.0004355764433773931
1.40120060030015 0.00043577379636829333
1.4017008504252126 0.00043595750930659684
1.402201100550275 0.0004361275487582534
1.4027013506753376 0.00043628207873992785
1.4032016008004002 0.0004364178148166432
1.4037018509254626 0.0004365401232434415
1.4042021010505252 0.00043665660552991045
1.4047023511755878 0.00043676801761545557
1.4052026013006502 0.0004368743419829908
1.4057028514257128 0.0004369755614728754
1.4062031015507754 0.00043707165928675846
1.4067033516758378 0.00043716261899136907
1.4072036018009004 0.00043724842452225106
1.407703851925963 0.000437329740237285
1.4082041020510254 0.0004374080567674346
1.408704352176088 0.00043748415171962837
1.4092046023011506 0.0004375576546428108
1.409704852426213 0.00043763130939535825
1.4102051025512756 0.0004377084520435091
1.410705352676338 0.0004377893462004559
1.4112056028014006 0.0004378739984823415
1.4117058529264632 0.0004379624153699487
1.4122061030515258 0.0004380546032077602
1.4127063531765882 0.00043815359819792787
1.4132066033016508 0.00043826640977663687
1.4137068534267132 0.00043839703980283826
1.4142071035517758 0.0004385456744150095
1.4147073536768384 0.0004387157861171954
1.415207603801901 0.00043891028292367595
1.4157078539269634 0.0004391282656756933
1.416208104052026 0.000439369279362423
1.4167083541770884 0.00043963340360179265
1.417208604302151 0.0004399207217952133
1.4177088544272136 0.00044022670801828815
1.4182091045522762 0.0004405409443510394
1.4187093546773386 0.00044085757198464125
1.4192096048024012 0.0004411765763108086
1.4197098549274636 0.00044149794234829
1.4202101050525262 0.00044182168372914487
1.4207103551775888 0.0004421478159336409
1.4212106053026514 0.0004424755914410256
1.4217108554277138 0.0004428042113898518
1.4222111055527764 0.00044313360907475234
1.4227113556778388 0.00044346663634964377
1.4232116058029014 0.00044380952248710147
1.423711855927964 0.0004441656535072257
1.4242121060530266 0.0004445350657389389
1.424712356178089 0.0004449177960685445
1.4252126063031516 0.00044531388194393945
1.425712856428214 0.00044571906424787993
1.4262131065532766 0.0004461278550653226
1.4267133566783392 0.000446540976579
1.4272136068034016 0.0004469635092581559
1.4277138569284642 0.00044739772012466794
1.4282141070535268 0.0004478420272036042
1.4287143571785892 0.000448295743950855
1.4292146073036518 0.0004487588911133295
1.4297148574287144 0.00044923148941530507
1.4302151075537768 0.0004497135595580065
1.4307153576788394 0.00045020512221918374
1.431215607803902 0.000450711704728449
1.4317158579289644 0.0004512427983992155
1.432216108054027 0.00045180291950671573
1.4327163581790896 0.000452382795598405
1.433216608304152 0.00045296790436298346
1.4337168584292146 0.0004535535328068647
1.434217108554277 0.00045413966107714116
1.4347173586793396 0.0004547262692227916
1.4352176088044022 0.00045531333719669856
1.4357178589294648 0.00045590084485768893
1.4362181090545272 0.0004564887719726069
1.4367183591795898 0.00045707571679076746
1.4372186093046522 0.0004576579477922005
1.4377188594297148 0.0004582351692126795
1.4382191095547774 0.00045881226041294057
1.43871935967984 0.0004593954796790175
1.4392196098049024 0.00045998826987173064
1.439719859929965 0.0004605906674195375
1.4402201100550274 0.00046120270936371807
1.44072036018009 0.0004618244333638831
1.4412206103051526 0.00046245587770358957
1.4417208604302152 0.0004630970812960606
1.4422211105552776 0.0004637478057038902
1.4427213606803402 0.00046440174005412315
1.4432216108054026 0.0004650508226475502
1.4437218609304652 0.0004656930334636026
1.4442221110555278 0.00046632985440958017
1.4447223611805904 0.0004669648452190083
1.4452226113056528 0.0004676000664718211
1.4457228614307154 0.0004682355088963475
1.4462231115557778 0.00046887116318561594
1.4467233616808404 0.00046950701999769694
1.447223611805903 0.00047014306995605464
1.4477238619309656 0.0004707786287404984
1.448224112056028 0.000471414546099048
1.4487243621810906 0.00047205316098125567
1.449224612306153 0.0004726952754710298
1.4497248624312156 0.0004733408767979532
1.4502251125562782 0.0004739898297175444
1.4507253626813406 0.00047464193950055226
1.4512256128064032 0.0004752971330627277
1.4517258629314658 0.0004759553958972279
1.4522261130565282 0.0004766167132636
1.4527263631815908 0.0004772834714712563
1.4532266133066534 0.0004779613027839117
1.4537268634317158 0.000478653033135685
1.4542271135567784 0.00047935743762362714
1.454727363681841 0.0004800737315588059
1.4552276138069034 0.0004808019678184466
1.455727863931966 0.00048154220036264884
1.4562281140570286 0.00048229242985741534
1.456728364182091 0.0004830503759738006
1.4572286143071536 0.0004838158096911297
1.457728864432216 0.000484589761541877
1.4582291145572785 0.0004853740669613628
1.4587293646823412 0.0004861695916964399
1.4592296148074038 0.00048697641223067626
1.4597298649324661 0.00048779128167571656
1.4602301150575288 0.0004886106650807494
1.4607303651825911 0.0004894343466423802
1.4612306153076537 0.0004902623887779262
1.4617308654327164 0.0004910949487084584
1.462231115557779 0.0004919343753934709
1.4627313656828413 0.0004927748567133923
1.463231615807904 0.0004935989858930355
1.4637318659329663 0.000494397293857172
1.464232116058029 0.000495169591197495
1.4647323661830915 0.0004959156956640663
1.4652326163081542 0.0004966359115072815
1.4657328664332165 0.0004973311270335212
1.4662331165582791 0.0004980017607877266
1.4667333666833415 0.0004986476638158124
1.4672336168084041 0.0004992686942507427
1.4677338669334667 0.0004998741256527373
1.4682341170585294 0.0005004839896239981
1.4687343671835917 0.0005011090190791802
1.4692346173086543 0.0005017492990251407
1.4697348674337167 0.0005024049175710493
1.4702351175587793 0.0005030759659655858
1.470735367683842 0.0005037625386357712
1.4712356178089045 0.0005044655244644001
1.471735867933967 0.0005051858681395312
1.4722361180590295 0.0005059237280023394
1.472736368184092 0.0005066769835259445
1.4732366183091545 0.0005074402515312595
1.4737368684342171 0.0005082104468465582
1.4742371185592795 0.0005089880905354188
1.4747373686843421 0.0005097736012473726
1.4752376188094047 0.0005105670238017288
1.4757378689344671 0.000511368403665937
1.4762381190595297 0.000512177786963145
1.4767383691845923 0.0005129931447037249
1.4772386193096547 0.0005138090537299326
1.4777388694347173 0.0005146204550939825
1.47823911955978 0.000515424598440572
1.4787393696848423 0.0005162204098460709
1.479239619809905 0.0005170078653383279
1.4797398699349675 0.0005177865862262957
1.48024012006003 0.0005185550358944826
1.4807403701850925 0.0005193120273084603
1.481240620310155 0.000520057527701039
1.4817408704352175 0.0005207915042018173
1.4822411205602801 0.0005215132875009078
1.4827413706853427 0.0005222295352006961
1.4832416208104051 0.0005229487728840894
1.4837418709354677 0.0005236721953676374
1.48424212106053 0.0005243997739276668
1.4847423711855927 0.000525131479278691
1.4852426213106553 0.0005258672815763451
1.485742871435718 0.0005266077268617886
1.4862431215607803 0.0005273556164852532
1.486743371685843 0.0005281131827644059
1.4872436218109053 0.0005288799752299122
1.487743871935968 0.000529657696011272
1.4882441220610305 0.0005304505257901333
1.4887443721860931 0.000531256826646246
1.4892446223111555 0.0005320729289724827
1.4897448724362181 0.0005328988486650901
1.4902451225612805 0.0005337346015228164
1.490745372686343 0.0005345802032461586
1.4912456228114057 0.0005354356694366131
1.4917458729364683 0.0005363007889187778
1.4922461230615307 0.0005371737560778391
1.4927463731865933 0.0005380531094664175
1.4932466233116557 0.0005389388188293914
1.4937468734367183 0.0005398307303167208
1.494247123561781 0.0005407272196377457
1.4947473736868435 0.0005416244158384275
1.495247623811906 0.0005425200699198042
1.4957478739369685 0.0005434141714983949
1.496248124062031 0.0005443067101852096
1.4967483741870935 0.0005451976755860016
1.497248624312156 0.0005460870573015228
1.4977488744372185 0.00054697440258946
1.498249124562281 0.0005478590956839634
1.4987493746873437 0.000548740959985067
1.499249624812406 0.0005496199773962812
1.4997498749374687 0.000550496130131572
1.5002501250625313 0.000551369532558846
1.500750375187594 0.0005522403631050771
1.5012506253126563 0.0005531086684508932
1.5017508754377187 0.0005539744317181955
1.5022511255627813 0.0005548376360515251
1.502751375687844 0.0005556996412978019
1.5032516258129065 0.0005565630596808826
1.503751875937969 0.0005574291439324477
1.5042521260630315 0.0005582969863558637
1.5047523761880939 0.0005591654749304782
1.5052526263131565 0.0005600344217968123
1.505752876438219 0.0005609038407605554
1.5062531265632817 0.0005617759666782486
1.506753376688344 0.0005626533390865568
1.5072536268134067 0.0005635362807241861
1.507753876938469 0.0005644215593094699
1.5082541270635317 0.0005653025383995561
1.5087543771885943 0.0005661757936197557
1.509254627313657 0.0005670412603625834
1.5097548774387193 0.0005678988747131114
1.5102551275637819 0.0005687492106098672
1.5107553776888443 0.0005695932757663137
1.5112556278139069 0.0005704314431973673
1.5117558779389695 0.0005712635540299916
1.512256128064032 0.0005720870871445905
1.5127563781890945 0.0005729051860215717
1.513256628314157 0.0005737293160323715
1.5137568784392195 0.000574565444393126
1.514257128564282 0.0005754136459832881
1.5147573786893447 0.0005762739974155416
1.5152576288144073 0.0005771465770575191
1.5157578789394697 0.0005780314650541711
1.5162581290645323 0.0005789296248051104
1.5167583791895947 0.0005798438749194944
1.5172586293146573 0.0005807761613146305
1.5177588794397199 0.0005817223567419823
1.5182591295647825 0.0005826740985822974
1.5187593796898449 0.0005836271892130955
1.5192596298149073 0.0005845816061319265
1.5197598799399699 0.0005855373266985275
1.5202601300650325 0.0005864943281363377
1.520760380190095 0.0005874525875340397
1.5212606303151577 0.0005884120818471231
1.52176088044022 0.0005893727878994754
1.5222611305652824 0.0005903346822090554
1.522761380690345 0.0005912926824967571
1.5232616308154077 0.0005922398301509793
1.5237618809404703 0.0005931740845947631
1.5242621310655329 0.0005940948461908715
1.5247623811905953 0.0005950016281725073
1.5252626313156576 0.000595894348860655
1.5257628814407203 0.0005967729281430917
1.5262631315657829 0.0005976372874956058
1.5267633816908455 0.0005984873500027935
1.527263631815908 0.0005993230403784176
1.5277638819409705 0.0006001490561600613
1.5282641320660328 0.0006009750349628267
1.5287643821910955 0.0006018061158471085
1.529264632316158 0.0006026426825620043
1.5297648824412207 0.0006034852817902361
1.530265132566283 0.0006043355721974967
1.5307653826913457 0.0006051948356626828
1.531265632816408 0.0006060631160930124
1.5317658829414706 0.0006069404581074333
1.5322661330665333 0.0006078269070436769
1.5327663831915959 0.0006087223958235518
1.5332666333166582 0.0006096271392063307
1.5337668834417209 0.0006105414677153461
1.5342671335667832 0.0006114654318004985
1.5347673836918458 0.0006123992623695241
1.5352676338169085 0.000613343882092491
1.535767883941971 0.0006142994208947457
1.5362681340670334 0.0006152629099835771
1.536768384192096 0.0006162319900526329
1.5372686343171584 0.000617206707558478
1.537768884442221 0.000618188290924415
1.5382691345672836 0.0006191783265329286
1.5387693846923463 0.000620177228961956
1.5392696348174086 0.0006211850690823511
1.5397698849424712 0.0006222019188922339
1.5402701350675336 0.0006232278515335777
1.5407703851925962 0.0006242629413091609
1.5412706353176588 0.0006253064639879592
1.5417708854427215 0.0006263576480572973
1.5422711355677838 0.0006274182247166953
1.5427713856928462 0.0006284840840686561
1.5432716358179088 0.0006295445456705412
1.5437718859429714 0.0006305947435531717
1.544272136068034 0.0006316345978656953
1.5447723861930966 0.0006326640295399575
1.545272636318159 0.0006336829603072357
1.5457728864432214 0.0006346913127148488
1.546273136568284 0.0006356890101426435
1.5467733866933466 0.0006366759768193438
1.5472736368184092 0.0006376523501417059
1.5477738869434718 0.0006386278044634747
1.5482741370685342 0.0006396189913585116
1.5487743871935966 0.0006406331345717998
1.5492746373186592 0.0006416703874469301
1.5497748874437218 0.0006427309080056826
1.5502751375687844 0.0006438148593234864
1.550775387693847 0.0006449224096040282
1.5512756378189094 0.0006460537322567537
1.5517758879439718 0.0006472090059773246
1.5522761380690344 0.0006483884148311146
1.552776388194097 0.0006495822037537334
1.5532766383191596 0.0006507729302368414
1.5537768884442222 0.0006519524924341709
1.5542771385692846 0.0006531210583284844
1.554777388694347 0.0006542794757484172
1.5552776388194096 0.0006554278574181234
1.5557778889444722 0.0006565661006230586
1.5562781390695348 0.0006576941035672456
1.5567783891945972 0.0006588117653994669
1.5572786393196598 0.0006599189862392883
1.5577788894447222 0.0006610244773594467
1.5582791395697848 0.0006621435015369555
1.5587793896948474 0.0006632826233621534
1.55927963981991 0.0006644419818210911
1.5597798899449724 0.0006656216878934563
1.560280140070035 0.0006668197520827361
1.5607803901950974 0.0006680337468879675
1.56128064032016 0.000669263345712758
1.5617808904452226 0.0006705086885064261
1.5622811405702852 0.0006717699181510449
1.5627813906953476 0.0006730384710353947
1.5632816408204102 0.0006742995945294049
1.5637818909454726 0.0006755471217155697
1.5642821410705352 0.0006767809372854121
1.5647823911955978 0.0006780009270136151
1.5652826413206604 0.0006792069777856155
1.5657828914457228 0.000680398977625059
1.5662831415707852 0.0006815763014761105
1.5667833916958478 0.0006827371379109833
1.5672836418209104 0.0006838801855754802
1.567783891945973 0.000685007362082807
1.5682841420710356 0.0006861218678435135
1.568784392196098 0.0006872248931875539
1.5692846423211604 0.0006883163747687117
1.569784892446223 0.0006893962496808759
1.5702851425712856 0.0006904644554661146
1.5707853926963482 0.0006915209301227306
1.5712856428214108 0.0006925656121132933
1.5717858929464732 0.0006935984403726436
1.5722861430715356 0.0006946193545066264
1.5727863931965982 0.0006956323164242698
1.5732866433216608 0.0006966413426564955
1.5737868934467234 0.0006976464383673454
1.574287143571786 0.0006986475725944705
1.5747873936968484 0.0006996447144407351
1.5752876438219108 0.0007006378330766617
1.5757878939469734 0.0007016268977428798
1.576288144072036 0.0007026118777525806
1.5767883941970986 0.0007035927424939742
1.5772886443221612 0.0007045694614327534
1.5777888944472236 0.0007055431984675034
1.578289144572286 0.0007065160973701144
1.5787893946973486 0.0007074888835402903
1.5792896448224112 0.0007084603378177078
1.5797898949474738 0.0007094293315327317
1.5802901450725362 0.00071039597147277
1.5807903951975988 0.0007113606794725998
1.5812906453226612 0.0007123236209250767
1.5817908954477238 0.000713284792459949
1.5822911455727864 0.0007142441906937549
1.582791395697849 0.0007152046548990807
1.5832916458229114 0.0007161713097613518
1.583791895947974 0.0007171464691797878
1.5842921460730364 0.0007181301963953647
1.584792396198099 0.0007191223597181069
1.5852926463231616 0.0007201221021433503
1.5857928964482242 0.0007211296750617875
1.5862931465732866 0.0007221460583076261
1.5867933966983492 0.0007231713198830417
1.5872936468234116 0.0007242055288129072
1.5877938969484742 0.000725242991938255
1.5882941470735368 0.0007262734650345705
1.5887943971985994 0.0007272923980822561
1.5892946473236618 0.0007282997179667678
1.5897948974487242 0.0007292953522631462
1.5902951475737868 0.0007302773947950413
1.5907953976988494 0.0007312427731418886
1.591295647823912 0.0007321911065069128
1.5917958979489746 0.0007331233001166523
1.592296148074037 0.0007340383977553365
1.5927963981990994 0.0007349405306390042
1.593296648324162 0.0007358388516089458
1.5937968984492246 0.0007367373424396936
1.5942971485742872 0.000737636011916897
1.5947973986993498 0.0007385348688566375
1.5952976488244122 0.0007394339221058217
1.5957978989494745 0.0007403331805425758
1.5962981490745372 0.0007412326530766479
1.5967983991995998 0.0007421323486498061
1.5972986493246624 0.0007430320444117172
1.597798899449725 0.0007439229315787781
1.5982991495747874 0.0007447906038756721
1.5987993996998497 0.000745629239211081
1.5992996498249124 0.0007464387634723362
1.599799899949975 0.0007472190348825178
1.6003001500750376 0.0007479721047005048
1.6008004002001002 0.0007487013580955177
1.6013006503251626 0.000749408011855215
1.601800900450225 0.0007500919753970466
1.6023011505752875 0.0007507531611979743
1.6028014007003502 0.0007514018688610734
1.6033016508254128 0.0007520560641059127
1.6038019009504751 0.0007527239013309181
1.6043021510755378 0.0007534062302989177
1.6048024012006001 0.0007541035079446528
1.6053026513256627 0.0007548162347227456
1.6058029014507254 0.0007555448101369976
1.606303151575788 0.0007562893181076681
1.6068034017008503 0.000757049845072996
1.607303651825913 0.0007578264800186032
1.6078039019509753 0.0007586093519668511
1.608304152076038 0.0007593813683313466
1.6088044022011005 0.0007601353138429657
1.6093046523261632 0.0007608711018172208
1.6098049024512255 0.000761588681820272
1.6103051525762881 0.0007622895285715167
1.6108054027013505 0.0007629750799032534
1.6113056528264131 0.0007636450770635703
1.6118059029514757 0.0007642986265689303
1.6123061530765384 0.0007649350123893988
1.6128064032016007 0.0007655652824082118
1.6133066533266633 0.0007662083705309483
1.6138069034517257 0.000766872168977795
1.6143071535767883 0.0007675567719738061
1.614807403701851 0.0007682622775052574
1.6153076538269135 0.0007689887873593912
1.615807903951976 0.0007697364071659336
1.6163081540770383 0.0007705047721972752
1.616808404202101 0.0007712926381553477
1.6173086543271635 0.000772099235223987
1.6178089044522261 0.0007729210973310149
1.6183091545772887 0.0007737522627778979
1.6188094047023511 0.0007745903191025816
1.6193096548274135 0.0007754353163698338
1.6198099049524761 0.0007762873053521472
1.6203101550775387 0.0007771436865695245
1.6208104052026013 0.0007780003780181774
1.621310655327664 0.0007788559263934658
1.6218109054527263 0.00077971033426996
1.6223111555777887 0.0007805636042164285
1.6228114057028513 0.000781413679919092
1.623311655827914 0.000782257063883414
1.6238119059529765 0.000783092296095156
1.6243121560780391 0.0007839193335047968
1.6248124062031015 0.0007847378186519415
1.625312656328164 0.0007855473923343961
1.6258129064532265 0.0007863480097387343
1.6263131565782891 0.0007871396272327671
1.6268134067033517 0.0007879222014835396
1.6273136568284141 0.0007886956894622636
1.6278139069534767 0.0007894600484492305
1.628314157078539 0.000790215236038718
1.6288144072036017 0.0007909612101438758
1.6293146573286643 0.000791698833707462
1.629814907453727 0.0007924291280454079
1.6303151575787893 0.0007931539234066391
1.630815407703852 0.0007938757703360869
1.6313156578289143 0.000794595306669328
1.631815907953977 0.0007953122590103952
1.6323161580790395 0.0007960265666167018
1.6328164082041021 0.0007967382189711361
1.6333166583291645 0.0007974472055536097
1.6338169084542271 0.0007981535158412459
1.6343171585792895 0.000798857139308574
1.634817408704352 0.0007995580654277234
1.6353176588294147 0.0008002562540168274
1.6358179089544773 0.0008009506772286836
1.6363181590795397 0.0008016403336884768
1.6368184092046023 0.0008023252080299823
1.6373186593296647 0.0008030052848940952
1.6378189094547273 0.0008036810463324571
1.63831915957979 0.0008043533539397979
1.6388194097048525 0.0008050225738837826
1.639319659829915 0.0008056886949588261
1.6398199099549773 0.0008063517059604368
1.64032016008004 0.0008070152378377641
1.6408204102051025 0.0008076850504289733
1.641320660330165 0.000808363287158184
1.6418209104552277 0.000809050187048294
1.64232116058029 0.0008097470602428385
1.6428214107053525 0.000810455028150689
1.643321660830415 0.0008111741452553136
1.6438219109554777 0.0008119044670530968
1.6443221610805403 0.0008126459643429533
1.644822411205603 0.0008133983820965742
1.6453226613306653 0.0008141615510606895
1.6458229114557277 0.0008149355291376581
1.6463231615807903 0.0008157203752482108
1.646823411705853 0.0008165161493434985
1.6473236618309155 0.0008173229124174039
1.647823911955978 0.0008181407265191161
1.6483241620810405 0.0008189696317056688
1.6488244122061029 0.0008198095899220936
1.6493246623311655 0.0008206605868957302
1.649824912456228 0.0008215226883865437
