1.1000500250125063 7.468772891844348e-05
1.1005502751375689 7.478902216564339e-05
1.1010505252626313 7.488975863943359e-05
1.1015507753876939 7.498974537411391e-05
1.1020510255127565 7.508910053502265e-05
1.1025512756378189 7.518802028879614e-05
1.1030515257628815 7.528650108040836e-05
1.103551775887944 7.538465733248949e-05
1.1040520260130064 7.548364813794348e-05
1.104552276138069 7.558454572802523e-05
1.1050525262631314 7.568738333037202e-05
1.105552776388194 7.579233256636354e-05
1.1060530265132567 7.589967872596658e-05
1.1065532766383193 7.60093010520196e-05
1.1070535267633816 7.611838193711291e-05
1.1075537768884443 7.622432398793095e-05
1.1080540270135066 7.632716536151387e-05
1.1085542771385692 7.642705131383231e-05
1.1090545272636319 7.652325318347938e-05
1.1095547773886942 7.661493083229935e-05
1.1100550275137568 7.670071144272694e-05
1.1105552776388194 7.677831710241659e-05
1.1110555277638818 7.684681007505043e-05
1.1115557778889444 7.690662823701638e-05
1.112056028014007 7.696282537133936e-05
1.1125562781390694 7.70199919733032e-05
1.113056528264132 7.707810227016483e-05
1.1135567783891946 7.713712296939574e-05
1.114057028514257 7.719686508774022e-05
1.1145572786393196 7.725889205695987e-05
1.1150575287643822 7.732623940277218e-05
1.1155577788894446 7.740022322926728e-05
1.1160580290145072 7.748086898623961e-05
1.1165582791395698 7.756812442632905e-05
1.1170585292646322 7.766140468421871e-05
1.1175587793896948 7.776025864455502e-05
1.1180590295147574 7.786476755887032e-05
1.1185592796398198 7.797505436993713e-05
1.1190595297648824 7.809124711231041e-05
1.119559779889945 7.821278399680654e-05
1.1200600300150074 7.833910096942883e-05
1.12056028014007 7.847023041010683e-05
1.1210605302651326 7.860620595028346e-05
1.121560780390195 7.874675860746105e-05
1.1220610305152576 7.889056629723179e-05
1.1225612806403202 7.903659771176355e-05
1.1230615307653826 7.918486766617362e-05
1.1235617808904452 7.933538941259901e-05
1.1240620310155078 7.948740529816376e-05
1.1245622811405702 7.964014724288133e-05
1.1250625312656328 7.979361111748593e-05
1.1255627813906954 7.994782838208035e-05
1.1260630315157578 8.010298398611304e-05
1.1265632816408204 8.02591828662914e-05
1.127063531765883 8.041600101243726e-05
1.1275637818909454 8.057305435701978e-05
1.128064032016008 8.07301471986952e-05
1.1285642821410704 8.088671745360272e-05
1.129064532266133 8.104305163811734e-05
1.1295647823911956 8.11998094697252e-05
1.1300650325162582 8.135688828883879e-05
1.1305652826413206 8.151399009897472e-05
1.1310655327663832 8.167091679547536e-05
1.1315657828914456 8.182767871914216e-05
1.1320660330165082 8.198439753939257e-05
1.1325662831415708 8.214119775036423e-05
1.1330665332666334 8.22982226393215e-05
1.1335667833916958 8.245562935460162e-05
1.1340670335167584 8.261360653769758e-05
1.1345672836418208 8.277201336722387e-05
1.1350675337668834 8.293019121581915e-05
1.135567783891946 8.308778207138888e-05
1.1360680340170084 8.324478446989649e-05
1.136568284142071 8.340123788970851e-05
1.1370685342671336 8.355749047399262e-05
1.137568784392196 8.37138472654863e-05
1.1380690345172586 8.387030627268004e-05
1.1385692846423212 8.402692963603097e-05
1.1390695347673836 8.418421224430495e-05
1.1395697848924462 8.434269744516861e-05
1.1400700350175088 8.450250006757175e-05
1.1405702851425712 8.466363363318735e-05
1.1410705352676338 8.482611187553086e-05
1.1415707853926964 8.498980498016154e-05
1.1420710355177588 8.515367614855529e-05
1.1425712856428214 8.53168870238749e-05
1.143071535767884 8.547949867004741e-05
1.1435717858929464 8.564124757338505e-05
1.144072036018009 8.580131432373467e-05
1.1445722861430716 8.59591293900641e-05
1.145072536268134 8.611467445699165e-05
1.1455727863931966 8.626793141394614e-05
1.1460730365182592 8.641888236027878e-05
1.1465732866433216 8.656763490039051e-05
1.1470735367683842 8.671525925961994e-05
1.1475737868934468 8.686271228231982e-05
1.1480740370185092 8.701144879467933e-05
1.1485742871435718 8.716373585869904e-05
1.1490745372686344 8.731951984447965e-05
1.1495747873936968 8.74779324961129e-05
1.1500750375187594 8.763897339497769e-05
1.150575287643822 8.780264181520097e-05
1.1510755377688844 8.796893010420621e-05
1.151575787893947 8.813774924524727e-05
1.1520760380190094 8.830923208186193e-05
1.152576288144072 8.848171343694348e-05
1.1530765382691346 8.865189544252104e-05
1.1535767883941972 8.881870866067485e-05
1.1540770385192596 8.898421098858888e-05
1.1545772886443222 8.91501254772783e-05
1.1550775387693846 8.93164697406861e-05
1.1555777888944472 8.948326155187538e-05
1.1560780390195098 8.96502075340556e-05
1.1565782891445724 8.981675445489604e-05
1.1570785392696348 8.998255055461902e-05
1.1575787893946974 9.01481461635212e-05
1.1580790395197598 9.031419862746783e-05
1.1585792896448224 9.048044573821123e-05
1.159079539769885 9.064536564189363e-05
1.1595797898949474 9.080768980798227e-05
1.16008004002001 9.096739860866124e-05
1.1605802901450726 9.112480085345638e-05
1.161080540270135 9.128095238340183e-05
1.1615807903951976 9.143661491991777e-05
1.1620810405202602 9.15928153694603e-05
1.1625812906453226 9.175056483034364e-05
1.1630815407703852 9.190987393443387e-05
1.1635817908954478 9.207087707030757e-05
1.1640820410205102 9.223426559270519e-05
1.1645822911455728 9.240061486775228e-05
1.1650825412706354 9.256994874009152e-05
1.1655827913956978 9.274186610585267e-05
1.1660830415207604 9.29161046686836e-05
1.166583291645823 9.309320768186923e-05
1.1670835417708854 9.327274393361565e-05
1.167583791895948 9.345389225594383e-05
1.1680840420210106 9.363666200180935e-05
1.168584292146073 9.382077207542725e-05
1.1690845422711356 9.40046723763759e-05
1.1695847923961982 9.418708469894608e-05
1.1700850425212606 9.436810521162633e-05
1.1705852926463232 9.454798546393554e-05
1.1710855427713858 9.472671948632245e-05
1.1715857928964482 9.490411032179482e-05
1.1720860430215108 9.507990013054249e-05
1.1725862931465734 9.525386470704229e-05
1.1730865432716358 9.542598035930411e-05
1.1735867933966984 9.559670122676723e-05
1.174087043521761 9.576849610518271e-05
1.1745872936468233 9.594338220986175e-05
1.175087543771886 9.612132658704725e-05
1.1755877938969483 9.630229722326739e-05
1.176088044022011 9.648631629606067e-05
1.1765882941470736 9.667333262862958e-05
1.1770885442721362 9.686290162850837e-05
1.1775887943971985 9.7054646661498e-05
1.1780890445222612 9.72485809993079e-05
1.1785892946473235 9.744431767973424e-05
1.1790895447723861 9.763983011011795e-05
1.1795897948974488 9.783346874788473e-05
1.1800900450225114 9.802506775335886e-05
1.1805902951475737 9.821438618167501e-05
1.1810905452726363 9.840132323751173e-05
1.1815907953976987 9.858595784921767e-05
1.1820910455227613 9.876891407703786e-05
1.182591295647824 9.895071798929507e-05
1.1830915457728866 9.913135533293442e-05
1.183591795897949 9.931102011228502e-05
1.1840920460230115 9.949073072872416e-05
1.184592296148074 9.967124783137765e-05
1.1850925462731365 9.985252605968626e-05
1.1855927963981991 0.00010003457991002831
1.1860930465232615 0.00010021741227735457
1.1865932966483241 0.00010040124625460588
1.1870935467733867 0.00010058740522329037
1.1875937968984491 0.00010077700641544764
1.1880940470235117 0.00010097007617942136
1.1885942971485743 0.00010116652339108853
1.1890945472736367 0.00010136580313615132
1.1895947973986993 0.00010156756442493283
1.190095047523762 0.00010177190720133218
1.1905952976488243 0.00010197885036287092
1.191095547773887 0.00010218841314834029
1.1915957978989495 0.0001024001662297608
1.192096048024012 0.00010261151370865611
1.1925962981490745 0.0001028202776326122
1.1930965482741371 0.0001030264272584272
1.1935967983991995 0.00010322990816514435
1.1940970485242621 0.00010343094330067267
1.1945972986493247 0.00010362995430576345
1.1950975487743871 0.00010382708687888201
1.1955977988994497 0.00010402231351923022
1.1960980490245123 0.00010421560704411351
1.1965982991495747 0.0001044072808886322
1.1970985492746373 0.00010459923373800102
1.1975987993997 0.00010479304293195867
1.1980990495247623 0.00010498871303759245
1.198599299649825 0.00010518599750166542
1.1990995497748873 0.00010538410534111065
1.19959979989995 0.00010558246760943177
1.2001000500250125 0.00010578106016121186
1.2006003001500751 0.00010597988891436793
1.2011005502751375 0.00010617895982070645
1.2016008004002001 0.00010637812348548992
1.2021010505252625 0.0001065765307956032
1.2026013006503251 0.0001067734793925248
1.2031015507753877 0.0001069689610690315
1.2036018009004503 0.00010716345330690115
1.2041020510255127 0.00010735754419368825
1.2046023011505753 0.00010755133818954869
1.2051025512756377 0.00010774483163662602
1.2056028014007003 0.00010793802087289972
1.206103051525763 0.00010813090223234727
1.2066033016508255 0.00010832383557023538
1.207103551775888 0.00010851876658521866
1.2076038019009505 0.00010871729657635966
1.208104052026013 0.00010891932693683992
1.2086043021510755 0.00010912451140259262
1.2091045522761381 0.00010933240945521281
1.2096048024012005 0.00010954282558446297
1.210105052526263 0.00010975578369153759
1.2106053026513257 0.0001099713081658068
1.211105552776388 0.00011018942389363231
1.2116058029014507 0.00011040955973601986
1.2121060530265133 0.00011062862741276382
1.2126063031515757 0.00011084410022652177
1.2131065532766383 0.00011105600371616427
1.213606803401701 0.00011126436982871027
1.2141070535267633 0.0001114691911853107
1.214607303651826 0.00011167045561693179
1.2151075537768885 0.00011186813422263648
1.215607803901951 0.00011206219864061478
1.2161080540270135 0.0001122526210593953
1.216608304152076 0.00011243987307242265
1.2171085542771385 0.00011262646668825361
1.217608804402201 0.00011281443800616699
1.2181090545272637 0.00011300379806404728
1.218609304652326 0.00011319465074625194
1.2191095547773887 0.00011338716138813772
1.2196098049024513 0.00011358140357290765
1.2201100550275137 0.00011377739086231499
1.2206103051525763 0.00011397513702504237
1.221110555277639 0.00011417465603974279
1.2216108054027013 0.0001143757036244312
1.222111055527764 0.00011457701221862234
1.2226113056528263 0.00011477764736137538
1.2231115557778889 0.0001149777154942363
1.2236118059029515 0.00011517696900025055
1.224112056028014 0.00011537500265269835
1.2246123061530765 0.00011557167696804214
1.225112556278139 0.00011576698304737364
1.2256128064032015 0.00011596091202484335
1.226113056528264 0.00011615345506855766
1.2266133066533267 0.00011634474982373676
1.2271135567783893 0.00011653550438613698
1.2276138069034517 0.00011672633307601578
1.2281140570285143 0.00011691728441414982
1.2286143071535767 0.000117108508793196
1.2291145572786393 0.00011730037514146786
1.2296148074037019 0.00011749310721119947
1.2301150575287645 0.00011768671235618856
1.2306153076538269 0.0001178811980028695
1.2311155577788895 0.00011807657165129134
1.2316158079039519 0.00011827287056178668
1.2321160580290145 0.00011847021404404129
1.232616308154077 0.00011866866358445202
1.2331165582791395 0.00011886819953928454
1.233616808404202 0.00011906879327341666
1.2341170585292647 0.00011927043921969997
1.234617308654327 0.00011947317071671095
1.2351175587793897 0.00011967699834612903
1.2356178089044523 0.00011988193281224459
1.2361180590295147 0.00012008798494387607
1.2366183091545773 0.00012029503443763844
1.2371185592796399 0.00012050261184169906
1.2376188094047023 0.00012071040584780461
1.2381190595297649 0.00012091845064003496
1.2386193096548275 0.0001211265765320108
1.2391195597798899 0.00012133426016345499
1.2396198099049525 0.00012154114494315353
1.240120060030015 0.00012174722438480945
1.2406203101550775 0.00012195249200115739
1.24112056028014 0.00012215694130434735
1.2416208104052027 0.0001223605366393498
1.242121060530265 0.00012256318178007256
1.2426213106553277 0.00012276480847470939
1.2431215607803903 0.0001229654081952102
1.2436218109054527 0.00012316494628270523
1.2441220610305153 0.0001233634848735184
1.2446223111555779 0.00012356111353384617
1.2451225612806402 0.0001237578258100428
1.2456228114057029 0.00012395361525220432
1.2461230615307652 0.00012414847541456568
1.2466233116558278 0.00012434247816194027
1.2471235617808905 0.00012453597146756218
1.247623811905953 0.0001247292284947964
1.2481240620310154 0.00012492224871422816
1.248624312156078 0.00012511499882556372
1.2491245622811404 0.0001253073129505378
1.249624812406203 0.00012549905630032776
1.2501250625312657 0.00012569022547304648
1.2506253126563283 0.00012588081706136023
1.2511255627813906 0.00012607082765255133
1.2516258129064533 0.0001262602533974144
1.2521260630315156 0.00012644906750363449
1.2526263131565782 0.00012663724327180613
1.2531265632816408 0.00012682477672187743
1.2536268134067035 0.00012701198898182588
1.2541270635317658 0.00012719996759428742
1.2546273136568284 0.00012738948395945955
1.2551275637818908 0.0001275805498725724
1.2556278139069534 0.00012777317729139443
1.256128064032016 0.00012796737833855614
1.2566283141570787 0.00012816306506245752
1.257128564282141 0.00012836008340543693
1.2576288144072036 0.0001285583791481746
1.258129064532266 0.00012875796386175724
1.2586293146573286 0.00012896044540722433
1.2591295647823912 0.00012917167953590931
1.2596298149074536 0.00012939598831477887
1.2601300650325162 0.00012963349774492076
1.2606303151575788 0.0001298843429780028
1.2611305652826412 0.00013014866852895533
1.2616308154077038 0.00013042692058056715
1.2621310655327664 0.00013071970462627481
1.2626313156578288 0.0001310273472538109
1.2631315657828914 0.00013135003974781777
1.263631815907954 0.00013168398946303842
1.2641320660330164 0.00013201535136645172
1.264632316158079 0.0001323340472341338
1.2651325662831416 0.00013263989173980988
1.265632816408204 0.00013293270650330494
1.2661330665332666 0.00013321232035695004
1.266633316658329 0.00013347839716665666
1.2671335667833916 0.00013373033738905702
1.2676338169084542 0.0001339677179431382
1.2681340670335168 0.00013419039251798682
1.2686343171585792 0.00013440018704917236
1.2691345672836418 0.00013460359318034145
1.2696348174087042 0.00013480517175432012
1.2701350675337668 0.00013500487379240343
1.2706353176588294 0.00013520268412734645
1.271135567783892 0.00013539858768315237
1.2716358179089544 0.00013559261015233146
1.272136068034017 0.00013578474674631698
1.2726363181590794 0.00013597495176918495
1.273136568284142 0.00013616321011875306
1.2736368184092046 0.00013634957081454593
1.2741370685342672 0.00013653413895096074
1.2746373186593296 0.00013671688513221077
1.2751375687843922 0.00013689772493416107
1.2756378189094546 0.00013707664582321267
1.2761380690345172 0.00013725363535258982
1.2766383191595798 0.00013742888750130017
1.2771385692846424 0.00013760303578834492
1.2776388194097048 0.00013777651212097322
1.2781390695347674 0.00013794931247659048
1.2786393196598298 0.000138121623446928
1.2791395697848924 0.000138294145794394
1.279639819909955 0.0001384675850354058
1.2801400700350176 0.0001386421371887803
1.28064032016008 0.00013881780851539055
1.2811405702851426 0.00013899460533843547
1.281640820410205 0.00013917255674096191
1.2821410705352676 0.00013935156829272352
1.2826413206603302 0.00013953152155169577
1.2831415707853926 0.00013971242087138788
1.2836418209104552 0.0001398940731097735
1.2841420710355178 0.0001400758267235334
1.2846423211605802 0.00014025706705199958
1.2851425712856428 0.00014043760889324101
1.2856428214107054 0.0001406174220610562
1.2861430715357678 0.00014079650064332267
1.2866433216608304 0.00014097488199074174
1.287143571785893 0.00014115276903428986
1.2876438219109554 0.00014133032325446947
1.288144072036018 0.0001415075418306693
1.2886443221610806 0.00014168470227836658
1.289144572286143 0.0001418627174427089
1.2896448224112056 0.000142042173777361
1.290145072536268 0.00014222296121856425
1.2906453226613306 0.0001424050225287598
1.2911455727863932 0.00014258836692341485
1.2916458229114558 0.00014277261020988058
1.2921460730365182 0.0001429564290888296
1.2926463231615808 0.000143138883623899
1.2931465732866432 0.0001433199654739217
1.2936468234117058 0.00014349955991705896
1.2941470735367684 0.0001436773166586004
1.294647323661831 0.00014385298924361674
1.2951475737868934 0.00014402668432756467
1.295647823911956 0.00014419851133014807
1.2961480740370184 0.00014436846055158902
1.296648324162081 0.00014453454456234827
1.2971485742871436 0.0001446895376060021
1.2976488244122062 0.00014482814286966242
1.2981490745372686 0.00014495027408352505
1.2986493246623312 0.00014505554981076706
1.2991495747873936 0.00014514293949054034
1.2996498249124562 0.00014521172823124976
1.3001500750375188 0.0001452615370168192
1.3006503251625814 0.00014529163416373975
1.3011505752876438 0.00014530163895856344
1.3016508254127064 0.000145296332166484
1.3021510755377688 0.00014529240573161372
1.3026513256628314 0.00014530176324524695
1.303151575787894 0.00014532440531389226
1.3036518259129566 0.00014536070331706613
1.304152076038019 0.00014541179949006198
1.3046523261630816 0.00014547848598017428
1.305152576288144 0.00014556080571225276
1.3056528264132066 0.00014565744291877272
1.3061530765382692 0.0001457669890971611
1.3066533266633318 0.0001458871384080512
1.3071535767883942 0.00014601028665539546
1.3076538269134568 0.00014613109707113675
1.3081540770385192 0.0001462496042505328
1.3086543271635818 0.00014636558350743903
1.3091545772886444 0.00014647834909028689
1.3096548274137068 0.00014658743414465664
1.3101550775387694 0.00014669282936373982
1.310655327663832 0.0001467920706489488
1.3111555777888944 0.00014687799072520092
1.311655827913957 0.00014694577938005948
1.3121560780390196 0.0001469952375073687
1.312656328164082 0.00014702631496335588
1.3131565782891446 0.00014703903293675184
1.313656828414207 0.00014703346322503198
1.3141570785392696 0.00014700993388446946
1.3146573286643322 0.00014696864590876203
1.3151575787893948 0.00014690954364697973
1.3156578289144572 0.00014683257051874025
1.3161580790395198 0.0001467439321305621
1.3166583291645821 0.00014665216751552897
1.3171585792896447 0.00014655900064400353
1.3176588294147074 0.00014646364880656462
1.31815907953977 0.00014636590301307686
1.3186593296648323 0.0001462656048016406
1.319159579789895 0.00014616229706052437
1.3196598299149573 0.00014605567411579904
1.32016008004002 0.00014594572870242015
1.3206603301650826 0.00014583245371559212
1.3211605802901452 0.00014571578240068925
1.3216608304152075 0.00014559442497935873
1.3221610805402702 0.00014546765140955586
1.3226613306653325 0.0001453361178405773
1.3231615807903951 0.00014520000158726863
1.3236618309154577 0.00014505943244023543
1.3241620810405204 0.00014491474037518637
1.3246623311655827 0.0001447661374395867
1.3251625812906453 0.0001446136093908431
1.3256628314157077 0.0001444571418067585
1.3261630815407703 0.00014429672008386705
1.326663331665833 0.00014413271372313316
1.3271635817908956 0.0001439662479047183
1.327663831915958 0.00014379812789290107
1.3281640820410205 0.00014362848043821599
1.328664332166083 0.00014345740698616714
1.3291645822911455 0.0001432849962004361
1.3296648324162081 0.00014311130593680895
1.3301650825412707 0.00014293633618935104
1.3306653326663331 0.00014276008700878187
1.3311655827913957 0.00014258255850275434
1.3316658329164581 0.00014240386335937866
1.3321660830415207 0.00014222339668043082
1.3326663331665833 0.00014203969424713095
1.3331665832916457 0.00014185187718157628
1.3336668334167083 0.0001416599253885403
1.334167083541771 0.00014146416643751815
1.3346673336668333 0.00014126480940713582
1.335167583791896 0.00014106184227427417
1.3356678339169585 0.00014085525291506734
1.336168084042021 0.00014064502910410788
1.3366683341670835 0.00014043147480584096
1.337168584292146 0.00014021557269343793
1.3376688344172085 0.00013999951280077813
1.3381690845422711 0.00013978564308806657
1.3386693346673337 0.00013957483319194553
1.3391695847923961 0.00013936649276207976
1.3396698349174587 0.00013915999324294915
1.340170085042521 0.00013895533890140335
1.3406703351675837 0.00013875253405182413
1.3411705852926463 0.0001385515830564945
1.341670835417709 0.00013835211890069192
1.3421710855427713 0.0001381529952081887
1.342671335667834 0.00013795343845404587
1.3431715857928963 0.00013775452051839913
1.343671835917959 0.00013755911125235722
1.3441720860430215 0.00013736951836083866
1.3446723361680841 0.00013718625883598015
1.3451725862931465 0.00013700935505614855
1.3456728364182091 0.00013683882929034862
1.3461730865432715 0.00013667470369648882
1.346673336668334 0.00013651722512952207
1.3471735867933967 0.0001363671022692597
1.3476738369184593 0.00013622481884653542
1.3481740870435217 0.00013609030793326386
1.3486743371685843 0.00013596346433172288
1.3491745872936467 0.00013584960858652775
1.3496748374187093 0.0001357541210944776
1.350175087543772 0.00013567705675213225
1.3506753376688345 0.0001356184719070814
1.351175587793897 0.00013557842437190082
1.3516758379189595 0.00013555684633140993
1.352176088044022 0.0001355534155076415
1.3526763381690845 0.00013556793653506436
1.353176588294147 0.0001356004697829402
1.3536768384192097 0.00013565109526005208
1.354177088544272 0.00013571620010472156
1.3546773386693347 0.0001357894050994606
1.355177588794397 0.00013586800262410857
1.3556778389194597 0.0001359520082060883
1.3561780890445223 0.00013604143711623423
1.3566783391695847 0.0001361364572671651
1.3571785892946473 0.00013623753835759306
1.35767883941971 0.00013634499975657204
1.3581790895447723 0.00013645886092428957
1.358679339669835 0.00013657925511930742
1.3591795897948975 0.0001367062240825206
1.3596798399199599 0.00013683878964648613
1.3601800900450225 0.00013697606240169823
1.3606803401700849 0.00013711805795758406
1.3611805902951475 0.00013726479202021152
1.36168084042021 0.0001374161595893893
1.3621810905452727 0.0001375718223290745
1.362681340670335 0.0001377315601424286
1.3631815907953977 0.0001378953842236857
1.36368184092046 0.000138063212190014
1.3641820910455227 0.00013823480934074838
1.3646823411705853 0.00013840930830466103
1.365182591295648 0.00013858461482387372
1.3656828414207103 0.00013875935155373837
1.3661830915457729 0.0001389335126746557
1.3666833416708353 0.00013910706001602876
1.3671835917958979 0.0001392798941829568
1.3676838419209605 0.00013945194744364404
1.368184092046023 0.00013962321273732522
1.3686843421710855 0.00013979396773870615
1.369184592296148 0.0001399649438809058
1.3696848424212105 0.00014013659314173995
1.370185092546273 0.000140309912936218
1.3706853426713357 0.0001404854923005479
1.3711855927963983 0.00014066292601009608
1.3716858429214607 0.00014084209091999025
1.3721860930465233 0.00014102262432695242
1.3726863431715857 0.00014120429029504378
1.3731865932966483 0.00014138709018838457
1.3736868434217109 0.0001415708254343397
1.3741870935467735 0.00014175498535117718
1.3746873436718359 0.00014193925537906945
1.3751875937968985 0.00014212362975266407
1.3756878439219609 0.0001423064504302603
1.3761880940470235 0.0001424855228190522
1.376688344172086 0.0001426606878362955
1.3771885942971487 0.00014283302063997346
1.377688844422211 0.0001430032158294237
1.3781890945472737 0.0001431712694697679
1.378689344672336 0.00014333734101685332
1.3791895947973987 0.000143501839602458
1.3796898449224613 0.00014366501361272796
1.3801900950475237 0.00014382686404326942
1.3806903451725863 0.00014398739181403913
1.3811905952976489 0.00014414544575083477
1.3816908454227113 0.00014430115021656618
1.3821910955477739 0.00014445580560080347
1.3826913456728365 0.00014460943220105023
1.3831915957978989 0.00014476202707031625
1.3836918459229615 0.00014491330542413814
1.3841920960480238 0.00014506256079565324
1.3846923461730865 0.00014520936395263903
1.385192596298149 0.0001453537033537799
1.3856928464232117 0.00014549556754669968
1.386193096548274 0.00014563504127199976
1.3866933466733367 0.00014577510871471372
1.387193596798399 0.00014591627234978853
1.3876938469234616 0.00014605463383130445
1.3881940970485243 0.00014618868048891246
1.3886943471735869 0.00014631878519380474
1.3891945972986492 0.00014644589430887818
1.3896948474237119 0.00014657056834438658
1.3901950975487742 0.00014669279950951707
1.3906953476738368 0.00014681258002611692
1.3911955977988995 0.00014692990212897123
1.391695847923962 0.0001470447730456674
1.3921960980490244 0.00014715393441805483
1.392696348174087 0.0001472546233166467
1.3931965982991494 0.00014734834529047888
1.393696848424212 0.00014743559653468324
1.3941970985492746 0.00014751516205707989
1.3946973486743373 0.00014758631457384867
1.3951975987993996 0.0001476490291045843
1.3956978489244622 0.00014770328069356123
1.3961980990495246 0.000147749044410453
1.3966983491745872 0.00014778616247039118
1.3971985992996498 0.0001478146294634728
1.3976988494247125 0.00014783723398425932
1.3981990995497748 0.00014785673088198032
1.3986993496748374 0.00014787572366078627
1.3991995997998998 0.00014789757450257339
1.3996998499249624 0.00014792315037854577
1.400200100050025 0.0001479524630452276
1.4007003501750876 0.00014798552459047908
1.40120060030015 0.00014802234743666048
1.4017008504252126 0.00014806305242236973
1.402201100550275 0.00014810793609513386
1.4027013506753376 0.00014815716600772596
1.4032016008004002 0.0001482105397908704
1.4037018509254626 0.0001482676169555607
1.4042021010505252 0.00014832694723318087
1.4047023511755878 0.00014838700846242842
1.4052026013006502 0.00014844747843013488
1.4057028514257128 0.0001485083600296542
1.4062031015507754 0.00014856965618808416
1.4067033516758378 0.0001486310434482234
1.4072036018009004 0.00014869167937600473
1.407703851925963 0.00014875104371868053
1.4082041020510254 0.0001488091858187184
1.408704352176088 0.0001488669601525391
1.4092046023011506 0.00014892448886609605
1.409704852426213 0.00014898126188719245
1.4102051025512756 0.0001490377814740291
1.410705352676338 0.0001490943764042012
1.4112056028014006 0.0001491510436921891
1.4117058529264632 0.0001492080077547481
1.4122061030515258 0.00014926584688882986
1.4127063531765882 0.00014932491454157154
1.4132066033016508 0.00014938521245665322
1.4137068534267132 0.00014944696008878668
1.4142071035517758 0.00014951068383777522
1.4147073536768384 0.00014957669599851802
1.415207603801901 0.00014964500388280652
1.4157078539269634 0.00014971688333000006
1.416208104052026 0.000149793721274004
1.4167083541770884 0.00014987545293079101
1.417208604302151 0.00014996162608986967
1.4177088544272136 0.00015005197062094666
1.4182091045522762 0.0001501464955329905
1.4187093546773386 0.00015024658794682785
1.4192096048024012 0.00015035541891831596
1.4197098549274636 0.0001504730370583018
1.4202101050525262 0.00015059721811002067
1.4207103551775888 0.00015072749501652673
1.4212106053026514 0.00015086372857308
1.4217108554277138 0.00015100589198953953
1.4222111055527764 0.00015115460374427354
1.4227113556778388 0.00015131037692379273
1.4232116058029014 0.00015147325676501849
1.423711855927964 0.00015164092989302153
1.4242121060530266 0.00015180808062241103
1.424712356178089 0.00015197171450300552
1.4252126063031516 0.00015213406245286783
1.425712856428214 0.00015229898549520775
1.4262131065532766 0.00015246809945380818
1.4267133566783392 0.00015264096253023068
1.4272136068034016 0.00015281607618568144
1.4277138569284642 0.00015299234777640925
1.4282141070535268 0.00015316973236304451
1.4287143571785892 0.00015335003406289155
1.4292146073036518 0.00015353732851601455
1.4297148574287144 0.00015373389517342695
1.4302151075537768 0.00015393976764894633
1.4307153576788394 0.00015415441740577316
1.431215607803902 0.00015437622575033993
1.4317158579289644 0.00015460469264488323
1.432216108054027 0.0001548412116154943
1.4327163581790896 0.0001550874352716029
1.433216608304152 0.0001553455428607423
1.4337168584292146 0.00015561560913293887
1.434217108554277 0.00015589479501410786
1.4347173586793396 0.0001561815425138334
1.4352176088044022 0.00015647586951840023
1.4357178589294648 0.000156777793574797
1.4362181090545272 0.00015708721398792122
1.4367183591795898 0.00015740126988384045
1.4372186093046522 0.00015771620784945452
1.4377188594297148 0.00015803101244090038
1.4382191095547774 0.00015834634501144226
1.43871935967984 0.0001586599823514615
1.4392196098049024 0.00015896792126437337
1.439719859929965 0.00015926904465781986
1.4402201100550274 0.00015956332164614225
1.44072036018009 0.00015985072171120242
1.4412206103051526 0.0001601312147078101
1.4417208604302152 0.00016040507628801534
1.4422211105552776 0.0001606739237883295
1.4427213606803402 0.0001609394319561541
1.4432216108054026 0.00016120171338322565
1.4437218609304652 0.00016146025805343457
1.4442221110555278 0.0001617149740279836
1.4447223611805904 0.00016196743942617522
1.4452226113056528 0.0001622190453334754
1.4457228614307154 0.00016246978254697293
1.4462231115557778 0.00016271964187822716
1.4467233616808404 0.00016296921575968906
1.447223611805903 0.00016321991009441979
1.4477238619309656 0.000163472350231934
1.448224112056028 0.000163725997594752
1.4487243621810906 0.00016398101916169033
1.449224612306153 0.00016423853733329432
1.4497248624312156 0.00016449916585469987
1.4502251125562782 0.0001647635625157823
1.4507253626813406 0.00016503325699824574
1.4512256128064032 0.00016530915259073932
1.4517258629314658 0.00016559102549935264
1.4522261130565282 0.00016587830665519923
1.4527263631815908 0.00016617068335275946
1.4532266133066534 0.00016646818487086492
1.4537268634317158 0.00016676916524260214
1.4542271135567784 0.00016707151624254795
1.454727363681841 0.00016737479637444344
1.4552276138069034 0.00016767901509403884
1.455727863931966 0.00016798418193903354
1.4562281140570286 0.0001682902508946636
1.456728364182091 0.00016859547421356605
1.4572286143071536 0.00016889598024301793
1.457728864432216 0.00016918956423291496
1.4582291145572785 0.00016947616959679302
1.4587293646823412 0.0001697553910451045
1.4592296148074038 0.000170026621764986
1.4597298649324661 0.00017028982390824613
1.4602301150575288 0.00017054516019667925
1.4607303651825911 0.0001707925736709856
1.4612306153076537 0.00017103200943399173
1.4617308654327164 0.00017126629627404967
1.462231115557779 0.00017150105553579554
1.4627313656828413 0.0001717389505935311
1.463231615807904 0.00017197989217595063
1.4637318659329663 0.00017222468583934081
1.464232116058029 0.00017247498043807292
1.4647323661830915 0.00017273166018815056
1.4652326163081542 0.00017299521949734736
1.4657328664332165 0.0001732661845368333
1.4662331165582791 0.00017354464501075634
1.4667333666833415 0.00017382843556650905
1.4672336168084041 0.00017411260779041725
1.4677338669334667 0.00017439444045052213
1.4682341170585294 0.00017467488910661216
1.4687343671835917 0.00017495335942293097
1.4692346173086543 0.00017522671439476514
1.4697348674337167 0.00017549330702421438
1.4702351175587793 0.00017575308034877766
1.470735367683842 0.00017600510769277375
1.4712356178089045 0.00017624703917710355
1.471735867933967 0.0001764789897547025
1.4722361180590295 0.0001767044467689673
1.472736368184092 0.00017692532392704397
1.4732366183091545 0.0001771416061976742
1.4737368684342171 0.00017735466801364018
1.4742371185592795 0.0001775671875141164
1.4747373686843421 0.00017778047051632045
1.4752376188094047 0.00017799453637073085
1.4757378689344671 0.0001782094046240814
1.4762381190595297 0.0001784242572290402
1.4767383691845923 0.00017864126994235617
1.4772386193096547 0.00017886463023296547
1.4777388694347173 0.00017909553289808844
1.47823911955978 0.00017933400475630235
1.4787393696848423 0.0001795801488856748
1.479239619809905 0.0001798341462743485
1.4797398699349675 0.00018009616173122743
1.48024012006003 0.0001803664930598893
1.4807403701850925 0.00018064538148512144
1.481240620310155 0.0001809331376121694
1.4817408704352175 0.00018123039910211428
1.4822411205602801 0.00018153732504361947
1.4827413706853427 0.00018185224210315212
1.4832416208104051 0.00018217367822764014
1.4837418709354677 0.0001825012296961645
1.48424212106053 0.00018283405123938965
1.4847423711855927 0.00018317173026582593
1.4852426213106553 0.00018351428896449178
1.485742871435718 0.00018386158778478523
1.4862431215607803 0.00018421295826657867
1.486743371685843 0.0001845672629521635
1.4872436218109053 0.00018492316545806208
1.487743871935968 0.000185279945085185
1.4882441220610305 0.00018563691292788372
1.4887443721860931 0.00018599156091974112
1.4892446223111555 0.00018634119292709604
1.4897448724362181 0.00018668491157793047
1.4902451225612805 0.0001870226690396259
1.490745372686343 0.00018735441826874975
1.4912456228114057 0.00018768011302831283
1.4917458729364683 0.00018800031821933065
1.4922461230615307 0.00018831696444280947
1.4927463731865933 0.00018863138282596318
1.4932466233116557 0.00018894354859452648
1.4937468734367183 0.00018925414350982956
1.494247123561781 0.0001895645904998284
1.4947473736868435 0.00018987564567655632
1.495247623811906 0.00019018733487077952
1.4957478739369685 0.0001904996550143585
1.496248124062031 0.0001908126030090084
1.4967483741870935 0.00019112660039707853
1.497248624312156 0.0001914425391459684
1.4977488744372185 0.00019176080300130135
1.498249124562281 0.00019208067580475457
1.4987493746873437 0.00019240205796762795
1.499249624812406 0.00019272598385202292
1.4997498749374687 0.0001930529673743156
1.5002501250625313 0.00019338397068852385
1.500750375187594 0.00019372008605440227
1.5012506253126563 0.0001940614694685808
1.5017508754377187 0.00019440720527363632
1.5022511255627813 0.00019475535035357966
1.502751375687844 0.0001951048915304438
1.5032516258129065 0.0001954558273951508
1.503751875937969 0.00019580737815325786
1.5042521260630315 0.00019615795026781897
1.5047523761880939 0.00019650671580969116
1.5052526263131565 0.0001968536479616581
1.505752876438219 0.0001971986772094426
1.5062531265632817 0.0001975407303120634
1.506753376688344 0.0001978806184145734
1.5072536268134067 0.0001982221192040466
1.507753876938469 0.00019856719547283993
1.5082541270635317 0.00019891587509982537
1.5087543771885943 0.000199268745941043
1.509254627313657 0.00019962690515236346
1.5097548774387193 0.00019999089983627875
1.5102551275637819 0.00020036039563571946
1.5107553776888443 0.00020073497432016778
1.5112556278139069 0.0002011146003114008
1.5117558779389695 0.00020149761621604618
1.512256128064032 0.0002018807345405532
1.5127563781890945 0.00020226234303685113
1.513256628314157 0.0002026424292327643
1.5137568784392195 0.00020302057609423258
1.514257128564282 0.00020339600554903026
1.5147573786893447 0.00020376833764755714
1.5152576288144073 0.00020413754681205556
1.5157578789394697 0.00020450360762165883
1.5162581290645323 0.00020486675387056789
1.5167583791895947 0.00020522730251367383
1.5172586293146573 0.00020558521708171783
1.5177588794397199 0.0002059403154071994
1.5182591295647825 0.00020629228430802705
1.5187593796898449 0.0002066413983758394
1.5192596298149073 0.00020698861637412144
1.5197598799399699 0.0002073343787718459
1.5202601300650325 0.00020767867465961538
1.520760380190095 0.00020802149314539197
1.5212606303151577 0.00020836282335529645
1.52176088044022 0.00020870319677771407
1.5222611305652824 0.00020904406799319075
1.522761380690345 0.00020938715486810408
1.5232616308154077 0.00020973326411791583
1.5237618809404703 0.00021008182224816044
1.5242621310655329 0.0002104321746914109
1.5247623811905953 0.0002107842444508898
1.5252626313156576 0.00021113802606685165
1.5257628814407203 0.00021149351396091033
1.5262631315657829 0.00021185070243604068
1.5267633816908455 0.00021221066262299248
1.527263631815908 0.00021257552393768827
1.5277638819409705 0.00021294635543037571
1.5282641320660328 0.00021332318466725573
1.5287643821910955 0.00021370518910276097
1.529264632316158 0.00021409203124473999
1.5297648824412207 0.00021448397000037404
1.530265132566283 0.00021487976396317737
1.5307653826913457 0.00021527842850151553
1.531265632816408 0.00021567999676008317
1.5317658829414706 0.00021608363543110947
1.5322661330665333 0.00021648767410877053
1.5327663831915959 0.00021689129475421735
1.5332666333166582 0.0002172945018978228
1.5337668834417209 0.00021769767817021133
1.5342671335667832 0.00021810151780995285
1.5347673836918458 0.0002185064081158954
1.5352676338169085 0.00021891247013749887
1.535767883941971 0.00021931985749461564
1.5362681340670334 0.00021972937057109814
1.536768384192096 0.00022014106457969636
1.5372686343171584 0.00022055369512641556
1.537768884442221 0.00022096665797947392
1.5382691345672836 0.00022137995400807998
1.5387693846923463 0.00022179136449148443
1.5392696348174086 0.00022219687716497629
1.5397698849424712 0.00022259466586070281
1.5402701350675336 0.00022298466228807322
1.5407703851925962 0.00022336688518247302
1.5412706353176588 0.00022374168424784226
1.5417708854427215 0.0002241102871138864
1.5422711355677838 0.00022447458316154277
1.5427713856928462 0.00022483551622993388
1.5432716358179088 0.00022519305586616098
1.5437718859429714 0.000225550334644617
1.544272136068034 0.00022591298501160284
1.5447723861930966 0.00022628351709973863
1.545272636318159 0.00022666198613830263
1.5457728864432214 0.00022704844899296662
1.546273136568284 0.00022744296419071456
1.5467733866933466 0.00022784490176986296
1.5472736368184092 0.00022825263486485957
1.5477738869434718 0.00022866508183479002
1.5482741370685342 0.00022908256053450973
1.5487743871935966 0.0002295040639561291
1.5492746373186592 0.00022992697034726161
1.5497748874437218 0.00023035009564857192
1.5502751375687844 0.00023077343401404243
1.550775387693847 0.00023119697956483346
1.5512756378189094 0.00023162072638940404
1.5517758879439718 0.00023204516768166
1.5522761380690344 0.00023247124206845525
1.552776388194097 0.00023289939715486177
1.5532766383191596 0.00023332974416584
1.5537768884442222 0.00023376253559419136
1.5542771385692846 0.000234197471894792
1.554777388694347 0.00023463391948248658
1.5552776388194096 0.00023507169301582615
1.5557778889444722 0.00023551079627762606
1.5562781390695348 0.00023595123306353777
1.5567783891945972 0.00023639235708293108
1.5572786393196598 0.00023683295310977296
1.5577788894447222 0.00023727244543263618
1.5582791395697848 0.0002377108161539697
1.5587793896948474 0.0002381474133874127
1.55927963981991 0.00023858111277529984
1.5597798899449724 0.0002390111917554749
1.560280140070035 0.0002394368555113832
1.5607803901950974 0.00023985666898632328
1.56128064032016 0.0002402697270430561
1.5617808904452226 0.0002406769270219612
1.5622811405702852 0.00024107997377416485
1.5627813906953476 0.00024147964337438983
1.5632816408204102 0.00024187591919365282
1.5637818909454726 0.00024227321747350775
1.5642821410705352 0.00024267918606986295
1.5647823911955978 0.00024309709926551959
1.5652826413206604 0.00024352706740583596
1.5657828914457228 0.00024396919211645696
1.5662831415707852 0.0002444229786834388
1.5667833916958478 0.0002448887771647299
1.5672836418209104 0.0002453669396355257
1.567783891945973 0.00024585698427122244
1.5682841420710356 0.00024635903018561413
1.568784392196098 0.00024686610134800284
1.5692846423211604 0.0002473661178077365
1.569784892446223 0.00024785397994799767
1.5702851425712856 0.00024832956179822853
1.5707853926963482 0.000248792740471879
1.5712856428214108 0.00024924339625032895
1.5717858929464732 0.0002496809409912635
1.5722861430715356 0.0002501045913298971
1.5727863931965982 0.00025051431580791375
1.5732866433216608 0.000250910237890673
1.5737868934467234 0.00025129398165195176
1.574287143571786 0.00025166846037323853
1.5747873936968484 0.0002520348321226516
1.5752876438219108 0.00025239303674953745
1.5757878939469734 0.00025274301559043697
1.576288144072036 0.00025308471149595405
1.5767883941970986 0.00025342082207497935
1.5772886443221612 0.00025375625905377816
1.5777888944472236 0.0002540932110004388
1.578289144572286 0.00025443168572770656
1.5787893946973486 0.00025477388301057245
1.5792896448224112 0.00025512322295409275
1.5797898949474738 0.00025548095804394077
1.5802901450725362 0.00025584714931963426
1.5807903951975988 0.00025622185989073327
1.5812906453226612 0.0002566051549693006
1.5817908954477238 0.00025699319344018543
1.5822911455727864 0.0002573790457199385
1.582791395697849 0.00025775964073154213
1.5832916458229114 0.0002581349429513845
1.583791895947974 0.0002585049172752166
1.5842921460730364 0.0002588695290263504
1.584792396198099 0.0002592287439637907
1.5852926463231616 0.0002595825680782207
1.5857928964482242 0.0002599310905743618
1.5862931465732866 0.0002602744520416468
1.5867933966983492 0.00026061467864386056
1.5872936468234116 0.00026095518076047
1.5877938969484742 0.0002612974230586021
1.5882941470735368 0.0002616414196448504
1.5887943971985994 0.0002619871847733503
1.5892946473236618 0.0002623347328477595
1.5897948974487242 0.0002626840784232693
1.5902951475737868 0.0002630352362086486
1.5907953976988494 0.00026338822106832
1.591295647823912 0.0002637429511004665
1.5917958979489746 0.00026409961772254744
1.592296148074037 0.0002644587205225235
1.5927963981990994 0.00026482048901083993
1.593296648324162 0.0002651849452463828
1.5937968984492246 0.00026555211158668776
1.5942971485742872 0.00026592201069236196
1.5947973986993498 0.00026629466553159135
1.5952976488244122 0.0002666700993847369
1.5957978989494745 0.00026704833584902105
1.5962981490745372 0.0002674267045625863
1.5967983991995998 0.0002678015876848469
1.5972986493246624 0.00026817260399645735
1.597798899449725 0.000268540456465013
1.5982991495747874 0.0002689049841597317
1.5987993996998497 0.000269265863146578
1.5992996498249124 0.00026962307171662534
1.599799899949975 0.0002699765882860712
1.6003001500750376 0.00027032639139896986
1.6008004002001002 0.0002706724597299635
1.6013006503251626 0.00027101477208701
1.601800900450225 0.00027134794382755454
1.6023011505752875 0.00027166269305163517
1.6028014007003502 0.0002719550517947489
1.6033016508254128 0.00027222489727890797
1.6038019009504751 0.0002724721312694917
1.6043021510755378 0.0002726973261532042
1.6048024012006001 0.0002729010937278399
1.6053026513256627 0.0002730833961991679
1.6058029014507254 0.00027324416360159106
1.606303151575788 0.00027338614384471405
1.6068034017008503 0.00027352222405281954
1.607303651825913 0.0002736684538886779
1.6078039019509753 0.00027383079753889584
1.608304152076038 0.00027400930143206537
1.6088044022011005 0.00027420401788314083
1.6093046523261632 0.00027441500513709764
1.6098049024512255 0.0002746423274180496
1.6103051525762881 0.00027488585239597633
1.6108054027013505 0.00027514511600982726
1.6113056528264131 0.00027541998216903463
1.6118059029514757 0.0002757085787602788
1.6123061530765384 0.00027600747026635585
1.6128064032016007 0.0002763152843156501
1.6133066533266633 0.0002766320774451975
1.6138069034517257 0.0002769579082817176
1.6143071535767883 0.00027729283757197884
1.614807403701851 0.00027763692821445034
1.6153076538269135 0.00027799024529227503
1.615807903951976 0.0002783528561075952
1.6163081540770383 0.0002787249877742357
1.616808404202101 0.0002791042727040096
1.6173086543271635 0.00027948625493872563
1.6178089044522261 0.0002798687744352181
1.6183091545772887 0.00028025156598047616
1.6188094047023511 0.0002806346335000375
1.6193096548274135 0.0002810179809427191
1.6198099049524761 0.00028140161228085983
1.6203101550775387 0.0002817855315105657
1.6208104052026013 0.0002821697426519587
1.621310655327664 0.00028255424974942694
1.6218109054527263 0.0002829390568718782
1.6223111555777887 0.0002833241681129972
1.6228114057028513 0.00028370958759150404
1.623311655827914 0.0002840957073657046
1.6238119059529765 0.00028448298729542794
1.6243121560780391 0.00028487139001343785
1.6248124062031015 0.000285260741947249
1.625312656328164 0.00028565097893071387
1.6258129064532265 0.0002860421059229757
1.6263131565782891 0.00028643042584324164
1.6268134067033517 0.00028681016061850344
1.6273136568284141 0.00028717919507256935
1.6278139069534767 0.00028753744800058317
1.628314157078539 0.0002878848403325409
1.6288144072036017 0.00028822129517638596
1.6293146573286643 0.00028854672514789923
1.629814907453727 0.0002888606215982375
1.6303151575787893 0.0002891624892413213
1.630815407703852 0.00028945211527080635
1.6313156578289143 0.0002897292885468437
1.631815907953977 0.00028999394300538927
1.6323161580790395 0.0002902460156996713
1.6328164082041021 0.00029048544643426574
1.6333166583291645 0.00029071217779985697
1.6338169084542271 0.00029092615520652157
1.6343171585792895 0.00029113047621110046
1.634817408704352 0.0002913302318801956
1.6353176588294147 0.0002915273836596472
1.6358179089544773 0.0002917220087205373
1.6363181590795397 0.0002919170649894581
1.6368184092046023 0.00029211671182750767
1.6373186593296647 0.0002923221595163511
1.6378189094547273 0.0002925333307097606
1.63831915957979 0.00029275023149208786
1.6388194097048525 0.0002929728882631498
1.639319659829915 0.0002932013282336116
1.6398199099549773 0.00029343557943382545
1.64032016008004 0.0002936756707229724
1.6408204102051025 0.0002939216317985105
1.641320660330165 0.0002941734932059381
1.6418209104552277 0.0002944312863488755
1.64232116058029 0.0002946950303463733
1.6428214107053525 0.0002949647000341416
1.643321660830415 0.0002952402840921109
1.6438219109554777 0.0002955220200174511
1.6443221610805403 0.00029580704044001455
1.644822411205603 0.00029609029092103086
1.6453226613306653 0.00029636979605328465
1.6458229114557277 0.00029664553327996647
1.6463231615807903 0.000296918987956352
1.646823411705853 0.00029719241748265267
1.6473236618309155 0.0002974665828753003
1.647823911955978 0.00029774148732953856
1.6483241620810405 0.00029801713405869706
1.6488244122061029 0.0002982934837058658
1.6493246623311655 0.0002985703666747631
1.649824912456228 0.0002988476553938515
1.6503251625812907 0.0002991253135129965
1.650825412706353 0.0002994032024255732
1.6513256628314157 0.00029968122170344113
1.651825912956478 0.0002999593728484319
1.6523261630815407 0.0003002376573692658
1.6528264132066033 0.0003005160767816048
1.653326663331666 0.000300794632608108
1.6538269134567283 0.0003010733263784853
1.6543271635817909 0.00030135197603853075
1.6548274137068533 0.00030163029241943247
1.6553276638319159 0.00030190824831002823
1.6558279139569785 0.00030218621267246885
1.656328164082041 0.0003024647032380375
1.6568284142071035 0.00030274405923969445
1.657328664332166 0.0003030243332028834
1.6578289144572285 0.0003033054633518909
1.658329164582291 0.00030358744887415407
1.6588294147073537 0.000303870293730716
1.6593296648324163 0.0003041540019070022
1.6598299149574787 0.00030443857741300877
1.6603301650825413 0.00030472402428349197
1.6608304152076037 0.00030501034657816025
1.6613306653326663 0.00030529754838186775
1.6618309154577289 0.00030558563455538966
1.6623311655827915 0.00030587461490056805
1.6628314157078539 0.00030616449851592894
1.6633316658329163 0.000306455289623641
1.6638319159579789 0.00030674659125982647
1.6643321660830415 0.0003070419021516875
1.664832416208104 0.0003073475018023896
1.6653326663331667 0.000307665810118583
1.665832916458229 0.0003079969127727135
1.6663331665832914 0.0003083355532094229
1.666833416708354 0.00030867396266054707
1.6673336668334167 0.0003090096714636114
1.6678339169584793 0.0003093426640932096
1.6683341670835419 0.0003096729250437399
1.6688344172086043 0.00031000059200849024
1.6693346673336666 0.00031032580385821954
1.6698349174587293 0.0003106485466678371
1.6703351675837919 0.0003109688088880131
1.6708354177088545 0.00031128661414652246
1.671335667833917 0.0003116019834719396
1.6718359179589795 0.00031191490284961776
1.6723361680840418 0.0003122253582855043
1.6728364182091044 0.000312533335807077
1.673336668334167 0.00031283882146428555
1.6738369184592297 0.00031314180133049644
1.674337168584292 0.00031343946724752257
1.6748374187093547 0.00031372751373549173
1.675337668834417 0.000314004496607627
1.6758379189594796 0.00031427046342799033
1.6763381690845423 0.00031452948614991744
1.6768384192096049 0.00031478745557251577
1.6773386693346672 0.0003150462915326025
1.6778389194597298 0.00031530619853660806
1.6783391695847922 0.00031556726955802325
1.6788394197098548 0.0003158295116734811
1.6793396698349174 0.0003160929320201059
1.67983991995998 0.00031635753779614444
1.6803401700850424 0.000316623336261606
1.680840420210105 0.00031689033473890864
1.6813406703351674 0.00031715854061353576
1.68184092046023 0.0003174277417179458
1.6823411705852926 0.00031769755807186273
1.6828414207103553 0.0003179678281681381
1.6833416708354176 0.0003182385571074223
1.6838419209604802 0.0003185097457635814
1.6843421710855426 0.00031877862163908735
1.6848424212106052 0.00031904151393661597
1.6853426713356678 0.0003192975096282624
1.6858429214607304 0.0003195465771710748
1.6863431715857928 0.0003197878083471417
1.6868434217108552 0.0003200199213194044
1.6873436718359178 0.00032024250633456254
1.6878439219609804 0.0003204555210804361
1.688344172086043 0.00032065896609347695
1.6888444222111056 0.0003208529537299909
1.689344672336168 0.00032103755596471517
1.6898449224612304 0.0003212127352974652
1.690345172586293 0.00032137845522189033
1.6908454227113556 0.00032153402437998696
1.6913456728364182 0.0003216777155741813
1.6918459229614808 0.00032180845399532113
1.6923461730865432 0.0003219261990570038
1.6928464232116056 0.00032203091160684454
1.6933466733366682 0.0003221225539402615
1.6938469234617308 0.0003222010898138904
1.6943471735867934 0.0003222662223352565
1.694847423711856 0.00032231752877176403
1.6953476738369184 0.00032235491534032
1.6958479239619808 0.0003223784215555791
1.6963481740870434 0.00032238925123537367
1.696848424212106 0.00032238909810688803
1.6973486743371686 0.0003223784313463388
1.697848924462231 0.00032235917482109367
1.6983491745872936 0.0003223340226387162
1.698849424712356 0.00032230373015308607
1.6993496748374186 0.00032226828922298054
1.6998499249624812 0.0003222276920597059
1.7003501750875438 0.00032218193122907063
1.7008504252126062 0.00032213099965330193
1.7013506753376688 0.00032207489061290465
1.7018509254627312 0.00032201402937944833
1.7023511755877938 0.000321949229310803
1.7028514257128564 0.00032188087367878093
1.703351675837919 0.0003218089595771193
1.7038519259629814 0.0003217334843518399
1.704352176088044 0.0003216604266222722
1.7048524262131064 0.0003215974479232406
1.705352676338169 0.00032154622668643956
1.7058529264632316 0.00032150676829177655
1.7063531765882942 0.00032148230244874584
1.7068534267133566 0.0003214772905482285
1.7073536768384192 0.0003214929950291383
1.7078539269634816 0.0003215294687372503
1.7083541770885442 0.0003215867704518364
1.7088544272136068 0.0003216649303931749
1.7093546773386694 0.0003217639906786419
1.7098549274637318 0.00032188404004924613
1.7103551775887942 0.00032202517651229695
1.7108554277138568 0.00032218750746403866
1.7113556778389194 0.00032237114980418843
1.711855927963982 0.00032257623002913575
1.7123561780890446 0.0003228028844766565
1.712856428214107 0.00032305125954516036
1.7133566783391694 0.00032332151180361983
1.713856928464232 0.0003236138081840232
1.7143571785892946 0.00032392378649967344
1.7148574287143572 0.00032424504412508057
1.7153576788394198 0.0003245755541411351
1.7158579289644822 0.00032491518619527535
1.7163581790895446 0.000325255609343078
1.7168584292146072 0.00032558547768087026
1.7173586793396698 0.00032590168412890947
1.7178589294647324 0.0003262041159089043
1.718359179589795 0.00032649281688705946
1.7188594297148574 0.00032676808936966424
1.7193596798399198 0.0003270300861220511
1.7198599299649824 0.0003272787082745934
1.720360180090045 0.00032751385941308506
1.7208604302151076 0.0003277354456370105
1.72136068034017 0.0003279433756169234
1.7218609304652326 0.0003281375652675986
1.722361180590295 0.0003283190390422682
1.7228614307153576 0.00032848882596674014
1.7233616808404202 0.00032864685489702625
1.7238619309654828 0.000328793057057133
1.7243621810905452 0.00032892834512517375
1.7248624312156078 0.0003290540513779246
1.7253626813406702 0.0003291707658897915
1.7258629314657328 0.0003292789137550843
1.7263631815907954 0.0003293817095493722
1.726863431715858 0.000329483181424955
1.7273636818409204 0.00032958435811634686
1.727863931965983 0.0003296852365407366
1.7283641820910454 0.00032978581361202365
1.728864432216108 0.0003298867998726356
1.7293646823411706 0.00032999003541986095
1.7298649324662332 0.000330096653805553
1.7303651825912956 0.0003302066650827544
1.7308654327163582 0.0003303200792176883
1.7313656828414206 0.00033043690608857833
1.7318659329664832 0.00033055715548446746
1.7323661830915458 0.0003306797670555969
1.7328664332166084 0.0003308027660179705
1.7333666833416708 0.00033092524086183924
1.7338669334667332 0.0003310471873062576
1.7343671835917958 0.0003311672217074248
1.7348674337168584 0.0003312834013481615
1.735367683841921 0.000331395155701678
1.7358679339669836 0.00033150033637527527
1.736368184092046 0.00033159702474886576
1.7368684342171083 0.0003316857775658374
1.737368684342171 0.00033176691647177677
1.7378689344672336 0.0003318404147361081
1.7383691845922962 0.0003319062459668954
1.7388694347173588 0.0003319643841152373
1.7393696848424212 0.000332015205282302
1.7398699349674835 0.0003320594315048389
1.7403701850925462 0.00033209738555588735
1.7408704352176088 0.0003321290472578614
1.7413706853426714 0.00033215439672640897
1.741870935467734 0.00033217341437385956
1.7423711855927964 0.0003321860809126484
1.7428714357178587 0.0003321935636243753
1.7433716858429213 0.00033219704348847243
1.743871935967984 0.0003321965177472173
1.7443721860930466 0.0003321883119559869
1.744872436218109 0.00033216734819220637
1.7453726863431716 0.00033213220258396865
1.745872936468234 0.0003320828430721473
1.7463731865932965 0.00033201949434542285
1.7468734367183592 0.0003319428134775096
1.7473736868434218 0.0003318532092420094
1.7478739369684841 0.0003317506662213194
1.7483741870935467 0.0003316351722347476
1.7488744372186091 0.0003315067183541602
1.7493746873436717 0.00033136529893842677
1.7498749374687343 0.0003312109117013667
1.750375187593797 0.00033104355762354613
1.7508754377188593 0.0003308632409033891
1.751375687843922 0.0003306699690396364
1.7518759379689843 0.00033046375283470844
1.752376188094047 0.0003302446063959769
1.7528764382191095 0.00033001254713493824
1.7533766883441722 0.0003297665565232921
1.7538769384692345 0.00032950382698145774
1.7543771885942971 0.00032923172286128573
1.7548774387193595 0.00032896266641510574
1.7553776888444221 0.00032869992849455246
1.7558779389694847 0.00032844348650673137
1.7563781890945473 0.00032819317883022743
1.7568784392196097 0.0003279485782288761
1.7573786893446721 0.00032770939843247216
1.7578789394697347 0.0003274756206825152
1.7583791895947973 0.0003272472272761312
1.75887943971986 0.00032702420156201874
1.7593796898449225 0.0003268065279369123
1.759879939969985 0.0003265941918425626
1.7603801900950473 0.00032638789262817616
1.76088044022011 0.00032619124705458565
1.7613806903451725 0.0003260071678908385
1.7618809404702351 0.0003258356587508234
1.7623811905952977 0.00032567672578256274
1.7628814407203601 0.0003255303776781338
1.7633816908454225 0.000325396382629523
1.7638819409704851 0.00032527425436977586
1.7643821910955477 0.00032516059375926193
1.7648824412206103 0.00032505117119921564
1.765382691345673 0.0003249449101184235
1.7658829414707353 0.00032484181570712
1.7663831915957977 0.0003247417386500522
1.7668834417208603 0.0003246444871023821
1.767383691845923 0.0003245500237689126
1.7678839419709855 0.000324456296966556
1.768384192096048 0.0003243611831737198
1.7688844422211105 0.0003242646119901224
1.769384692346173 0.0003241665778531231
1.7698849424712355 0.00032406707512525333
1.7703851925962981 0.0003239672280830637
1.7708854427213607 0.00032386912491453207
1.771385692846423 0.000323773729212175
1.7718859429714857 0.00032368104635574534
1.772386193096548 0.0003235910818480957
1.7728864432216107 0.0003235038413160797
1.7733866933466733 0.0003234193305114728
1.773886943471736 0.0003233375553119074
1.7743871935967983 0.00032325741590288236
1.774887443721861 0.00032317923400939237
1.7753876938469233 0.0003231052612348677
1.775887943971986 0.00032303633053644805
1.7763881940970485 0.00032297323896809477
1.7768884442221111 0.0003229169877173695
1.7773886943471735 0.00032286737410515247
1.777888944472236 0.00032282363030408006
1.7783891945972985 0.00032278540975233993
1.778889444722361 0.00032275272762979625
1.7793896948474237 0.00032272559928821725
1.7798899449724863 0.0003227040402526173
1.7803901950975487 0.000322688066222617
1.780890445222611 0.0003226776930738185
1.7813906953476737 0.00032267293685919935
1.7818909454727363 0.00032267239367673187
1.782391195597799 0.00032267194347307415
1.7828914457228615 0.00032266887306474536
1.783391695847924 0.0003226631747204675
1.7838919459729863 0.00032265484062370234
1.7843921960980489 0.00032264358990620256
1.7848924462231115 0.000322628687485436
1.785392696348174 0.0003226096687286818
1.7858929464732367 0.00032258652092287296
1.786393196598299 0.00032256307186343935
1.7868934467233615 0.0003225440960212512
1.787393696848424 0.0003225305389145576
1.7878939469734867 0.0003225224169930012
1.7883941970985493 0.00032251974791827246
1.788894447223612 0.0003225225505771714
1.7893946973486743 0.0003225371210853314
1.7898949474737367 0.00032257015202932137
1.7903951975987993 0.00032262208142215163
1.7908954477238619 0.0003226929894788677
1.7913956978489245 0.0003227840667385943
1.791895947973987 0.00032289842366495464
1.7923961980990495 0.00032303808413039606
1.7928964482241119 0.0003232031743247949
1.7933966983491745 0.0003233938265889921
1.793896948474237 0.000323610179508064
1.7943971985992997 0.0003238523506286051
1.794897448724362 0.0003241204557019783
1.7953976988494247 0.00032441464415962877
1.795897948974487 0.0003247350799678503
1.7963981990995497 0.0003250717832265334
1.7968984492246123 0.00032541086922867985
1.7973986993496749 0.00032574851688517344
1.7978989494747373 0.0003260846909973602
1.7983991995997999 0.000326418583695653
1.7988994497248623 0.0003267462193497699
1.7993996998499249 0.00032706437241386533
1.7998999499749875 0.00032737297085095506
1.80040020010005 0.0003276719437538805
1.8009004502251125 0.0003279612213739228
1.801400700350175 0.0003282407351491999
1.8019009504752375 0.00032851041773283304
1.8024012006003 0.00032877020302086096
1.8029014507253627 0.0003290200261798846
1.8034017008504253 0.0003292598236744206
1.8039019509754877 0.00032948938344227113
1.80440220110055 0.0003297086619269964
1.8049024512256127 0.0003299178148780549
1.8054027013506753 0.00033011683246952776
1.8059029514757379 0.000330307912557955
1.8064032016008005 0.00033049559533255483
1.8069034517258629 0.00033068267092934615
1.8074037018509252 0.0003308696116131819
1.8079039519759879 0.00033105641110133975
1.8084042021010505 0.00033124306308892764
1.808904452226113 0.00033142956124939836
1.8094047023511757 0.0003316158992350735
1.809904952476238 0.0003318020706776723
1.8104052026013004 0.00033198806918885
1.810905452726363 0.0003321744760216751
1.8114057028514257 0.00033236274665149584
1.8119059529764883 0.0003325537542137382
1.8124062031015509 0.00033274750220553133
1.8129064532266133 0.0003329420317790509
1.8134067033516756 0.00033313447285251725
1.8139069534767382 0.00033332390907769605
1.8144072036018009 0.00033350943490417675
1.8149074537268635 0.00033368990943799905
1.815407703851926 0.0003338650772280952
1.8159079539769885 0.0003340349121326174
1.8164082041020508 0.000334201147965655
1.8169084542271134 0.00033436587807440246
1.817408704352176 0.0003345294438888503
1.8179089544772387 0.00033469183949961075
1.818409204602301 0.0003348492221097768
1.8189094547273637 0.0003349966028792538
1.819409704852426 0.0003351328174639339
1.8199099549774886 0.00033525939458455223
1.8204102051025512 0.0003353808567734036
1.8209104552276139 0.0003355001770417247
1.8214107053526762 0.00033561734720482866
1.8219109554777388 0.00033573235910545337
1.8224112056028012 0.000335845204614283
1.8229114557278638 0.0003359558756304712
1.8234117058529264 0.00033606436408216477
1.823911955977989 0.00033617066192702865
1.8244122061030514 0.00033627034879661497
1.824912456228114 0.0003363579113531462
1.8254127063531764 0.00033643263328901515
1.825912956478239 0.0003364992426369926
1.8264132066033016 0.0003365616008552975
1.8269134567283642 0.000336619115091865
1.8274137068534266 0.0003366647742864164
1.8279139569784892 0.0003366912388361925
1.8284142071035516 0.00033669806531586423
1.8289144572286142 0.00033668521358647016
1.8294147073536768 0.0003366526482501343
1.8299149574787394 0.000336600338679456
1.8304152076038018 0.0003365282590440688
1.8309154577288642 0.00033643638833433145
1.8314157078539268 0.00033632471038212177
1.8319159579789894 0.0003361932138787016
1.832416208104052 0.00033604189238963265
1.8329164582291146 0.00033586845782548674
1.833416708354177 0.0003356661058835406
1.8339169584792394 0.00033543031945022106
1.834417208604302 0.0003351723840764166
1.8349174587293646 0.0003349077441252061
1.8354177088544272 0.00033464055238435975
1.8359179589794898 0.00033437078531238767
1.8364182091045522 0.00033409926330887934
1.8369184592296146 0.00033382694786742833
1.8374187093546772 0.0003335539547513335
1.8379189594797398 0.0003332802562344491
1.8384192096048024 0.0003330058244079348
1.838919459729865 0.0003327306311706854
1.8394197098549274 0.000332454648219643
1.8399199599799898 0.0003321778470399799
1.8404202101050524 0.00033190677303219563
1.840920460230115 0.0003316538348777641
1.8414207103551776 0.0003314248918023429
1.84192096048024 0.0003312201268396481
1.8424212106053026 0.00033103973238405156
1.842921460730365 0.0003308837462792878
1.8434217108554276 0.0003307522072485747
1.8439219609804902 0.00033064515899859675
1.8444222111055528 0.0003305602491993637
1.8449224612306152 0.000330494614079577
1.8454227113556778 0.0003304477892218263
1.8459229614807402 0.00033041982148006695
1.8464232116058028 0.0003304161016648326
1.8469234617308654 0.0003304428785767974
1.847423711855928 0.00033050108076714436
1.8479239619809904 0.00033058775554230794
1.848424212106053 0.00033069839406156125
1.8489244622311154 0.0003308309174088916
1.849424712356178 0.00033098387600803117
1.8499249624812406 0.0003311564447798288
