1.1000500250125063 0.00019150558511128596
1.1005502751375689 0.00019165651364271884
1.1010505252626313 0.00019180464935969732
1.1015507753876939 0.00019195190601414215
1.1020510255127565 0.00019210021234971752
1.1025512756378189 0.0001922500176840427
1.1030515257628815 0.00019240197103370955
1.103551775887944 0.00019255682510803642
1.1040520260130064 0.0001927150227679131
1.104552276138069 0.0001928781053373291
1.1050525262631314 0.00019304749795456846
1.105552776388194 0.0001932232257807835
1.1060530265132567 0.00019340505421738477
1.1065532766383193 0.0001935916840495805
1.1070535267633816 0.00019378214673105627
1.1075537768884443 0.00019397144415258692
1.1080540270135066 0.00019415104661553805
1.1085542771385692 0.00019431749158090684
1.1090545272636319 0.0001944706719042578
1.1095547773886942 0.00019460973578290267
1.1100550275137568 0.00019473389815887504
1.1105552776388194 0.00019484353755994124
1.1110555277638818 0.00019494056527347297
1.1115557778889444 0.0001950270968646254
1.112056028014007 0.00019511009948682066
1.1125562781390694 0.00019520072425563209
1.113056528264132 0.00019530377246330962
1.1135567783891946 0.0001954192733220056
1.114057028514257 0.00019554731177360134
1.1145572786393196 0.00019568852362852255
1.1150575287643822 0.00019584324430411615
1.1155577788894446 0.00019601103024475793
1.1160580290145072 0.00019619177812928303
1.1165582791395698 0.0001963840809886893
1.1170585292646322 0.00019658439917316712
1.1175587793896948 0.00019679071900872739
1.1180590295147574 0.00019700306143414018
1.1185592796398198 0.0001972214477926909
1.1190595297648824 0.00019744603847007993
1.119559779889945 0.00019767845725850532
1.1200600300150074 0.00019792025250529762
1.12056028014007 0.00019817151790084964
1.1210605302651326 0.0001984328483708595
1.121560780390195 0.0001987039254375928
1.1220610305152576 0.00019898386568255208
1.1225612806403202 0.00019927269297659943
1.1230615307653826 0.00019957043115313228
1.1235617808904452 0.00019987710318605944
1.1240620310155078 0.00020019168370279296
1.1245622811405702 0.00020051214828731566
1.1250625312656328 0.00020083750807042426
1.1255627813906954 0.00020116689942014355
1.1260630315157578 0.0002014974770930485
1.1265632816408204 0.0002018288300771403
1.127063531765883 0.0002021625387573125
1.1275637818909454 0.00020249861447249704
1.128064032016008 0.00020283721841524437
1.1285642821410704 0.00020317915610718984
1.129064532266133 0.0002035249753067877
1.1295647823911956 0.0002038736582293061
1.1300650325162582 0.00020422433605768545
1.1305652826413206 0.00020457746256727683
1.1310655327663832 0.00020493354821934107
1.1315657828914456 0.00020529327741534946
1.1320660330165082 0.00020565723771797024
1.1325662831415708 0.00020602514443160885
1.1330665332666334 0.00020639613700196624
1.1335667833916958 0.00020676965022200199
1.1340670335167584 0.0002071457042985622
1.1345672836418208 0.00020752441170288318
1.1350675337668834 0.00020790619036706299
1.135567783891946 0.00020829140336237062
1.1360680340170084 0.00020868013212001392
1.136568284142071 0.00020907260280117677
1.1370685342671336 0.00020946780158794909
1.137568784392196 0.00020986310532923667
1.1380690345172586 0.0002102570918980263
1.1385692846423212 0.00021064976256305115
1.1390695347673836 0.00021104124353490736
1.1395697848924462 0.00021143275670947826
1.1400700350175088 0.0002118254923070779
1.1405702851425712 0.0002122195524145883
1.1410705352676338 0.00021261471475496086
1.1415707853926964 0.00021300982027578166
1.1420710355177588 0.00021340421499315118
1.1425712856428214 0.00021379817357470812
1.143071535767884 0.00021419169509113715
1.1435717858929464 0.00021458477860817398
1.144072036018009 0.00021497693880922526
1.1445722861430716 0.0002153652986095386
1.145072536268134 0.00021574743852827188
1.1455727863931966 0.00021612331482160566
1.1460730365182592 0.0002164922581718839
1.1465732866433216 0.00021685250395874538
1.1470735367683842 0.0002172029038131853
1.1475737868934468 0.00021754339872040394
1.1480740370185092 0.00021787393122630746
1.1485742871435718 0.00021819449924796023
1.1490745372686344 0.0002185063468071841
1.1495747873936968 0.00021881286010034414
1.1500750375187594 0.00021911620391588038
1.150575287643822 0.00021942187318908506
1.1510755377688844 0.00021973965039883398
1.151575787893947 0.000220076498251559
1.1520760380190094 0.0002204351431308012
1.152576288144072 0.00022081566249496353
1.1530765382691346 0.0002212181369769272
1.1535767883941972 0.00022164058579067142
1.1540770385192596 0.00022208001830192344
1.1545772886443222 0.00022253473886064073
1.1550775387693846 0.00022299714387163426
1.1555777888944472 0.00022345518774721435
1.1560780390195098 0.00022390341235402198
1.1565782891445724 0.0002243402028517048
1.1570785392696348 0.00022476421049192068
1.1575787893946974 0.00022517539777134398
1.1580790395197598 0.00022557559007082997
1.1585792896448224 0.0002259708498158229
1.159079539769885 0.00022636528011918522
1.1595797898949474 0.00022676032617820622
1.16008004002001 0.00022715976005518247
1.1605802901450726 0.00022756579789148074
1.161080540270135 0.0002279784437376825
1.1615807903951976 0.00022839767363499626
1.1620810405202602 0.00022882346918390246
1.1625812906453226 0.00022925583924865192
1.1630815407703852 0.00022969214653878188
1.1635817908954478 0.00023012936603756753
1.1640820410205102 0.00023056658017426383
1.1645822911455728 0.00023100463589202587
1.1650825412706354 0.00023144493945724575
1.1655827913956978 0.0002318875246571185
1.1660830415207604 0.00023233189934195736
1.166583291645823 0.00023277527449533893
1.1670835417708854 0.00023321535785024097
1.167583791895948 0.0002336526037581107
1.1680840420210106 0.0002340881530716283
1.168584292146073 0.00023452361947680939
1.1690845422711356 0.0002349620348613838
1.1695847923961982 0.00023540350397159975
1.1700850425212606 0.00023584601367081126
1.1705852926463232 0.00023628953581796147
1.1710855427713858 0.00023673530542005756
1.1715857928964482 0.00023718988567751205
1.1720860430215108 0.0002376586440913989
1.1725862931465734 0.00023814095737186906
1.1730865432716358 0.00023863607126579494
1.1735867933966984 0.00023914350156391408
1.174087043521761 0.00023966276433559923
1.1745872936468233 0.00024019308196409058
1.175087543771886 0.00024073380008795062
1.1755877938969483 0.00024128499509757978
1.176088044022011 0.00024184545952320364
1.1765882941470736 0.00024240871919035983
1.1770885442721362 0.00024296950809653896
1.1775887943971985 0.00024352778224619005
1.1780890445222612 0.00024408314955889942
1.1785892946473235 0.0002446351696282779
1.1790895447723861 0.00024518370226839567
1.1795897948974488 0.00024572841588637413
1.1800900450225114 0.00024626901883670365
1.1805902951475737 0.0002468054481512196
1.1810905452726363 0.00024733827802921374
1.1815907953976987 0.00024787060541642573
1.1820910455227613 0.00024840503239641833
1.182591295647824 0.00024894152623293687
1.1830915457728866 0.0002494798584848023
1.183591795897949 0.00025001993610668845
1.1840920460230115 0.00025056206609466204
1.184592296148074 0.00025110817245572905
1.1850925462731365 0.0002516598889919473
1.1855927963981991 0.0002522172464882117
1.1860930465232615 0.0002527798901334694
1.1865932966483241 0.00025334582091148536
1.1870935467733867 0.00025391272403313983
1.1875937968984491 0.00025448027486813814
1.1880940470235117 0.00025504882906647673
1.1885942971485743 0.00025561838027893886
1.1890945472736367 0.0002561891176484009
1.1895947973986993 0.00025676220792872817
1.190095047523762 0.0002573386357685851
1.1905952976488243 0.000257918416820574
1.191095547773887 0.0002585015442744106
1.1915957978989495 0.0002590883466598078
1.192096048024012 0.0002596786623730098
1.1925962981490745 0.00026027199277964475
1.1930965482741371 0.0002608683515962092
1.1935967983991995 0.00026146775264457864
1.1940970485242621 0.00026206949206104894
1.1945972986493247 0.0002626694016460652
1.1950975487743871 0.0002632639821104239
1.1955977988994497 0.0002638531676748554
1.1960980490245123 0.000264437220058714
1.1965982991495747 0.0002650191609239301
1.1970985492746373 0.0002656025006614057
1.1975987993997 0.0002661880064197259
1.1980990495247623 0.00026677565244151186
1.198599299649825 0.0002673654126635321
1.1990995497748873 0.0002679576294659685
1.19959979989995 0.0002685543632259978
1.2001000500250125 0.0002691573276834137
1.2006003001500751 0.0002697665326258849
1.2011005502751375 0.00027038009301766814
1.2016008004002001 0.00027099210583350625
1.2021010505252625 0.00027159855263986655
1.2026013006503251 0.00027219942448731844
1.2031015507753877 0.00027279471234185003
1.2036018009004503 0.0002733844070844028
1.2041020510255127 0.00027396850753093197
1.2046023011505753 0.0002745470485351617
1.2051025512756377 0.00027512005729615036
1.2056028014007003 0.0002756875250915094
1.206103051525763 0.00027625201005937385
1.2066033016508255 0.00027681549015998587
1.207103551775888 0.0002773773695660198
1.2076038019009505 0.00027793763318687616
1.208104052026013 0.00027849626595423117
1.2086043021510755 0.0002790532528231532
1.2091045522761381 0.00027960926326770787
1.2096048024012005 0.0002801679530071192
1.210105052526263 0.0002807323294255529
1.2106053026513257 0.00028130193166040114
1.211105552776388 0.0002818756841191404
1.2116058029014507 0.0002824534211443572
1.2121060530265133 0.0002830355957725775
1.2126063031515757 0.0002836222593287514
1.2131065532766383 0.0002842134639323859
1.213606803401701 0.0002848092625129815
1.2141070535267633 0.00028540806551421554
1.214607303651826 0.0002860013504994617
1.2151075537768885 0.000286582146395455
1.215607803901951 0.0002871511213544426
1.2161080540270135 0.00028770842215877963
1.216608304152076 0.00028825322638402983
1.2171085542771385 0.00028878524071951545
1.217608804402201 0.0002893043815525647
1.2181090545272637 0.000289810567727083
1.218609304652326 0.00029030372058041896
1.2191095547773887 0.0002907854265882678
1.2196098049024513 0.00029126406936326893
1.2201100550275137 0.00029174643355452486
1.2206103051525763 0.0002922325452765396
1.221110555277639 0.00029272353787084036
1.2216108054027013 0.0002932202652414359
1.222111055527764 0.0002937224747122501
1.2226113056528263 0.00029423020153192665
1.2231115557778889 0.0002947434815705496
1.2236118059029515 0.0002952623513275276
1.224112056028014 0.0002957860322001734
1.2246123061530765 0.00029631051763824774
1.225112556278139 0.0002968324656146739
1.2256128064032015 0.0002973517041042439
1.226113056528264 0.00029786614250580163
1.2266133066533267 0.00029837399070612765
1.2271135567783893 0.0002988754968026964
1.2276138069034517 0.0002993706418106729
1.2281140570285143 0.00029985940682295486
1.2286143071535767 0.0003003417730111097
1.2291145572786393 0.0003008182129848998
1.2296148074037019 0.00030129125662581226
1.2301150575287645 0.00030176392053498833
1.2306153076538269 0.00030223718021965345
1.2311155577788895 0.0003027134738877687
1.2316158079039519 0.0003031953629721153
1.2321160580290145 0.0003036829903984035
1.232616308154077 0.0003041763814530147
1.2331165582791395 0.000304675561783247
1.233616808404202 0.0003051805574008244
1.2341170585292647 0.0003056914232257336
1.234617308654327 0.0003062078104868406
1.2351175587793897 0.000306728816628342
1.2356178089044523 0.000307253941742987
1.2361180590295147 0.00030778150452185217
1.2366183091545773 0.0003083095220406007
1.2371185592796399 0.00030883771467660046
1.2376188094047023 0.0003093660992340666
1.2381190595297649 0.00030989469258815584
1.2386193096548275 0.000310423511687025
1.2391195597798899 0.0003109521632917333
1.2396198099049525 0.0003114794826901705
1.240120060030015 0.0003120048842194751
1.2406203101550775 0.00031252854370190713
1.24112056028014 0.00031305076988979996
1.2416208104052027 0.00031357232457311857
1.242121060530265 0.0003140936584663732
1.2426213106553277 0.00031461477344988677
1.2431215607803903 0.0003151356714088279
1.2436218109054527 0.000315656354233263
1.2441220610305153 0.0003161766684556923
1.2446223111555779 0.0003166957735454226
1.2451225612806402 0.00031721297770316575
1.2456228114057029 0.00031772827173126176
1.2461230615307652 0.0003182408923708802
1.2466233116558278 0.000318748590998713
1.2471235617808905 0.00031924985629252855
1.247623811905953 0.000319744649777444
1.2481240620310154 0.0003202329333854831
1.248624312156078 0.00032071466946273063
1.2491245622811404 0.00032119018667980037
1.249624812406203 0.0003216610478431859
1.2501250625312657 0.00032212846280954663
1.2506253126563283 0.0003225924165928437
1.2511255627813906 0.0003230535718756412
1.2516258129064533 0.00032351368963842264
1.2521260630315156 0.0003239738628539352
1.2526263131565782 0.0003244340938766275
1.2531265632816408 0.0003248943850693707
1.2536268134067035 0.00032535473880353325
1.2541270635317658 0.0003258150031636772
1.2546273136568284 0.000326274524390824
1.2551275637818908 0.00032673279786627944
1.2556278139069534 0.00032718981721732905
1.256128064032016 0.00032764748642638623
1.2566283141570787 0.00032811300622693395
1.257128564282141 0.00032859173034630236
1.2576288144072036 0.0003290837650781685
1.258129064532266 0.00032958922099784685
1.2586293146573286 0.00033010821303691425
1.2591295647823912 0.00033064150513026136
1.2596298149074536 0.00033119005462177713
1.2601300650325162 0.000331754179421134
1.2606303151575788 0.0003323340155255427
1.2611305652826412 0.0003329253231954857
1.2616308154077038 0.0003335129968774706
1.2621310655327664 0.0003340861495658398
1.2626313156578288 0.0003346446439067056
1.2631315657828914 0.0003351883461328963
1.263631815907954 0.0003357171261502842
1.2641320660330164 0.0003362297112243513
1.264632316158079 0.000336725274756179
1.2651325662831416 0.0003372041469622573
1.265632816408204 0.00033766622065044787
1.2661330665332666 0.00033811361419687643
1.266633316658329 0.00033855391543649344
1.2671335667833916 0.00033899253907758984
1.2676338169084542 0.00033942947707447463
1.2681340670335168 0.0003398647314728805
1.2686343171585792 0.0003402983042749801
1.2691345672836418 0.0003407323488522821
1.2696348174087042 0.00034116859210531046
1.2701350675337668 0.00034160660528077125
1.2706353176588294 0.00034204638845776626
1.271135567783892 0.00034248749222594624
1.2716358179089544 0.0003429281054680331
1.272136068034017 0.0003433666610085169
1.2726363181590794 0.0003438029435170739
1.273136568284142 0.0003442369304368913
1.2736368184092046 0.00034466859930711876
1.2741370685342672 0.0003450953325761098
1.2746373186593296 0.00034551445034877536
1.2751375687843922 0.0003459258670381682
1.2756378189094546 0.000346329553476788
1.2761380690345172 0.0003467262724583879
1.2766383191595798 0.00034711888936240056
1.2771385692846424 0.0003475101879335141
1.2776388194097048 0.0003479008655813024
1.2781390695347674 0.00034829092917382936
1.2786393196598298 0.0003486803855756142
1.2791395697848924 0.00034907108201670214
1.279639819909955 0.00034946517261285535
1.2801400700350176 0.00034986297455003143
1.28064032016008 0.00035026450451942936
1.2811405702851426 0.00035066898511561343
1.281640820410205 0.0003510737972753529
1.2821410705352676 0.00035147605317782643
1.2826413206603302 0.0003518745258713357
1.2831415707853926 0.00035226903111311875
1.2836418209104552 0.00035265954798663075
1.2841420710355178 0.0003530456940814052
1.2846423211605802 0.00035342654330085054
1.2851425712856428 0.0003538015266322244
1.2856428214107054 0.0003541706153988277
1.2861430715357678 0.0003545348754482196
1.2866433216608304 0.000354897849492243
1.287143571785893 0.00035526203616671243
1.2876438219109554 0.000355627509825232
1.288144072036018 0.00035599431687409765
1.2886443221610806 0.0003563624685745267
1.289144572286143 0.0003567328553077108
1.2896448224112056 0.0003571081466208386
1.290145072536268 0.0003574901489692238
1.2906453226613306 0.0003578789024229011
1.2911455727863932 0.0003582737002817283
1.2916458229114558 0.00035867218236997213
1.2921460730365182 0.0003590727203090693
1.2926463231615808 0.00035947535775714774
1.2931465732866432 0.00035988013916844416
1.2936468234117058 0.0003602870789332148
1.2941470735367684 0.00036069542413861904
1.294647323661831 0.0003611031430304251
1.2951475737868934 0.0003615089597710043
1.295647823911956 0.00036191286866059385
1.2961480740370184 0.00036231422425273436
1.296648324162081 0.00036271099789493
1.2971485742871436 0.0003631017868514224
1.2976488244122062 0.00036348540244723144
1.2981490745372686 0.00036385938573210973
1.2986493246623312 0.0003642224299190663
1.2991495747873936 0.00036457214301960085
1.2996498249124562 0.0003648996704359988
1.3001500750375188 0.0003651984545822501
1.3006503251625814 0.0003654683687292183
1.3011505752876438 0.0003657106110506429
1.3016508254127064 0.00036592916010081425
1.3021510755377688 0.000366126705326012
1.3026513256628314 0.0003663031855076588
1.303151575787894 0.0003664533555726023
1.3036518259129566 0.00036657158784890025
1.304152076038019 0.00036666265367113943
1.3046523261630816 0.00036674458230207734
1.305152576288144 0.00036683023627285605
1.3056528264132066 0.0003669196357636055
1.3061530765382692 0.00036701172387812556
1.3066533266633318 0.0003671032226476968
1.3071535767883942 0.00036719192305569617
1.3076538269134568 0.0003672778301291952
1.3081540770385192 0.00036735353138440914
1.3086543271635818 0.00036739741213078506
1.3091545772886444 0.0003673926223928068
1.3096548274137068 0.0003673301042534455
1.3101550775387694 0.0003672033736316749
1.310655327663832 0.00036701228472170065
1.3111555777888944 0.00036675723163609886
1.311655827913957 0.00036643971092777805
1.3121560780390196 0.00036606067221329564
1.312656328164082 0.00036561996497021454
1.3131565782891446 0.00036511743812941294
1.313656828414207 0.00036457272129140916
1.3141570785392696 0.0003640139886624595
1.3146573286643322 0.0003634512145620893
1.3151575787893948 0.00036288610909049
1.3156578289144572 0.000362318856791441
1.3161580790395198 0.00036174878491135234
1.3166583291645821 0.00036117394507072736
1.3171585792896447 0.0003605930440266223
1.3176588294147074 0.0003600060676594719
1.31815907953977 0.000359413001832728
1.3186593296648323 0.00035881364035304065
1.319159579789895 0.0003582022702326935
1.3196598299149573 0.0003575710505693983
1.32016008004002 0.00035691690666475205
1.3206603301650826 0.00035623907374536144
1.3211605802901452 0.0003555381680648454
1.3216608304152075 0.0003548160292326296
1.3221610805402702 0.00035407385206958264
1.3226613306653325 0.00035331160498333175
1.3231615807903951 0.00035252925711517645
1.3236618309154577 0.0003517267783450683
1.3241620810405204 0.00035090711883981626
1.3246623311655827 0.00035007963364583626
1.3251625812906453 0.00034925181862207347
1.3256628314157077 0.00034842494512504285
1.3261630815407703 0.0003475989985412429
1.326663331665833 0.00034677347296114164
1.3271635817908956 0.0003459480342779061
1.327663831915958 0.0003451226669538927
1.3281640820410205 0.0003442973554038382
1.328664332166083 0.0003434720839936746
1.3291645822911455 0.000342645704854257
1.3296648324162081 0.00034181197041371084
1.3301650825412707 0.0003409637760594333
1.3306653326663331 0.0003400990848231267
1.3311655827913957 0.00033921857639530645
1.3316658329164581 0.00033832427941105347
1.3321660830415207 0.0003374174932959595
1.3326663331665833 0.00033649819770136967
1.3331665832916457 0.0003355663724541447
1.3336668334167083 0.00033462199755798165
1.334167083541771 0.00033366579834149667
1.3346673336668333 0.0003327001297660083
1.335167583791896 0.00033173093259390875
1.3356678339169585 0.0003307638330224877
1.336168084042021 0.0003297991458523688
1.3366683341670835 0.0003288341361976537
1.337168584292146 0.00032786706215398283
1.3376688344172085 0.0003268979343556464
1.3381690845422711 0.00032592676353717195
1.3386693346673337 0.0003249535605331439
1.3391695847923961 0.0003239789474654633
1.3396698349174587 0.0003230048519175738
1.340170085042521 0.0003220325758863826
1.3406703351675837 0.0003210667821948235
1.3411705852926463 0.00032011399931329077
1.341670835417709 0.00031917642935752713
1.3421710855427713 0.0003182544236641842
1.342671335667834 0.0003173479936029756
1.3431715857928963 0.00031645715150516645
1.343671835917959 0.0003155819106688285
1.3441720860430215 0.0003147210777200964
1.3446723361680841 0.00031387093692417827
1.3451725862931465 0.0003130290033829518
1.3456728364182091 0.0003121950367764897
1.3461730865432715 0.00031136484709471746
1.346673336668334 0.0003105349217494956
1.3471735867933967 0.00030970569136676133
1.3476738369184593 0.00030887719265339426
1.3481740870435217 0.0003080494623702196
1.3486743371685843 0.00030722253732703037
1.3491745872936467 0.0003063974189882658
1.3496748374187093 0.0003055770801070183
1.350175087543772 0.0003047635096976313
1.3506753376688345 0.00030395671045691143
1.351175587793897 0.0003031660849965604
1.3516758379189595 0.0003024288921614587
1.352176088044022 0.00030177309061169314
1.3526763381690845 0.00030119885638239515
1.353176588294147 0.00030070636935452437
1.3536768384192097 0.00030029581328205407
1.354177088544272 0.0002999668956863936
1.3546773386693347 0.00029971836435812124
1.355177588794397 0.0002995494490357653
1.3556778389194597 0.00029946034269141104
1.3561780890445223 0.0002994510451011507
1.3566783391695847 0.000299499111798973
1.3571785892946473 0.0002995670155922658
1.35767883941971 0.0002996395877912768
1.3581790895447723 0.0002997168379551418
1.358679339669835 0.00029979877549547187
1.3591795897948975 0.0002998859873332809
1.3596798399199599 0.00029998019882050724
1.3601800900450225 0.00030008256382143937
1.3606803401700849 0.0003001931028144603
1.3611805902951475 0.00030031200518523154
1.36168084042021 0.0003004399396768103
1.3621810905452727 0.0003005823491477542
1.362681340670335 0.0003007440741989564
1.3631815907953977 0.00030092502403351575
1.36368184092046 0.0003011252502773923
1.3641820910455227 0.0003013442261797532
1.3646823411705853 0.00030158030836240876
1.365182591295648 0.0003018324242999962
1.3656828414207103 0.00030210061170619245
1.3661830915457729 0.0003023848002391429
1.3666833416708353 0.00030268474769761644
1.3671835917958979 0.00030299803866588827
1.3676838419209605 0.000303317501965731
1.368184092046023 0.00030363436762476223
1.3686843421710855 0.0003039447634113897
1.369184592296148 0.00030424882769615827
1.3696848424212105 0.0003045469988595694
1.370185092546273 0.00030483955934295444
1.3706853426713357 0.00030512649392237394
1.3711855927963983 0.00030540786521586076
1.3716858429214607 0.00030568385708975605
1.3721860930465233 0.00030595457667164446
1.3726863431715857 0.00030622275341172725
1.3731865932966483 0.0003064932360107966
1.3736868434217109 0.00030676806924611976
1.3741870935467735 0.0003070464896808131
1.3746873436718359 0.0003073265220407765
1.3751875937968985 0.00030760688072836473
1.3756878439219609 0.0003078875550605765
1.3761880940470235 0.0003081691241142017
1.376688344172086 0.0003084530665772402
1.3771885942971487 0.00030874027912713384
1.377688844422211 0.00030903076556848443
1.3781890945472737 0.00030931987376775835
1.378689344672336 0.00030960149536431663
1.3791895947973987 0.00030987994650892445
1.3796898449224613 0.0003101641241939761
1.3801900950475237 0.00031045717186915144
1.3806903451725863 0.0003107591215474886
1.3811905952976489 0.0003110688258443651
1.3816908454227113 0.00031138337403035837
1.3821910955477739 0.0003117010190700165
1.3826913456728365 0.00031202176322417754
1.3831915957978989 0.0003123456086648102
1.3836918459229615 0.00031266887549697184
1.3841920960480238 0.0003129873439893846
1.3846923461730865 0.00031329406374873083
1.385192596298149 0.0003135782576833346
1.3856928464232117 0.00031383553132844787
1.386193096548274 0.0003140670141946902
1.3866933466733367 0.0003142755841385363
1.387193596798399 0.000314462936648402
1.3876938469234616 0.00031462903020628715
1.3881940970485243 0.0003147738219005742
1.3886943471735869 0.0003148975843379539
1.3891945972986492 0.00031501074486709623
1.3896948474237119 0.0003151234573251001
1.3901950975487742 0.00031523731682127023
1.3906953476738368 0.0003153569678271711
1.3911955977988995 0.00031548406609073796
1.391695847923962 0.0003156151828790716
1.3921960980490244 0.00031574829688815097
1.392696348174087 0.00031588340825259637
1.3931965982991494 0.0003160205169666202
1.393696848424212 0.00031615962288347087
1.3941970985492746 0.0003162991694576443
1.3946973486743373 0.0003164240754904127
1.3951975987993996 0.00031652077363089913
1.3956978489244622 0.00031658948078746153
1.3961980990495246 0.0003166372646814761
1.3966983491745872 0.00031667362451222265
1.3971985992996498 0.00031670123065275754
1.3976988494247125 0.0003167200649991815
1.3981990995497748 0.00031673010856663033
1.3986993496748374 0.0003167313414829618
1.3991995997998998 0.00031672396056771883
1.3996998499249624 0.00031670951828590923
1.400200100050025 0.0003166964797637647
1.4007003501750876 0.0003166919803236415
1.40120060030015 0.0003166954804722317
1.4017008504252126 0.00031670354810990647
1.402201100550275 0.0003167124858915109
1.4027013506753376 0.00031672147999807515
1.4032016008004002 0.00031673053088439584
1.4037018509254626 0.0003167396390107381
1.4042021010505252 0.000316748614515245
1.4047023511755878 0.0003167569590816393
1.4052026013006502 0.0003167643805445211
1.4057028514257128 0.0003167710454353881
1.4062031015507754 0.0003167751556902749
1.4067033516758378 0.00031677214304124047
1.4072036018009004 0.0003167598091142711
1.407703851925963 0.00031673939045276833
1.4082041020510254 0.0003167116926577539
1.408704352176088 0.0003166766974762243
1.4092046023011506 0.00031663450856082474
1.409704852426213 0.0003165854223178133
1.4102051025512756 0.0003165296155872938
1.410705352676338 0.00031646724555630214
1.4112056028014006 0.0003164034792631476
1.4117058529264632 0.0003163444761761588
1.4122061030515258 0.0003162913974703288
1.4127063531765882 0.00031624425817048437
1.4132066033016508 0.0003162067731505725
1.4137068534267132 0.00031618297780742024
1.4142071035517758 0.0003161731274977185
1.4147073536768384 0.00031617703432007435
1.415207603801901 0.00031619459568278056
1.4157078539269634 0.00031622584203705933
1.416208104052026 0.0003162735691235181
1.4167083541770884 0.0003163442196935862
1.417208604302151 0.0003164414979414276
1.4177088544272136 0.00031656548311361377
1.4182091045522762 0.00031671625423319047
1.4187093546773386 0.0003168933640604116
1.4192096048024012 0.000317095079833661
1.4197098549274636 0.00031731921014154554
1.4202101050525262 0.000317564846831215
1.4207103551775888 0.00031783206971574884
1.4212106053026514 0.00031811656555975936
1.4217108554277138 0.00031840844023700853
1.4222111055527764 0.0003186969828722404
1.4227113556778388 0.00031897553290940724
1.4232116058029014 0.0003192425698194736
1.423711855927964 0.00031949803101894727
1.4242121060530266 0.0003197431593480337
1.424712356178089 0.000319981048105404
1.4252126063031516 0.0003202134984018267
1.425712856428214 0.0003204404776508011
1.4262131065532766 0.00032066539991874366
1.4267133566783392 0.0003208959520333894
1.4272136068034016 0.00032113641588519794
1.4277138569284642 0.00032139332955038997
1.4282141070535268 0.00032167790909542034
1.4287143571785892 0.0003219949055853633
1.4292146073036518 0.00032234311085887373
1.4297148574287144 0.0003227193911163105
1.4302151075537768 0.00032312421668626105
1.4307153576788394 0.00032356374026634217
1.431215607803902 0.00032403954701276346
1.4317158579289644 0.0003245466795118648
1.432216108054027 0.00032508242365271125
1.4327163581790896 0.00032564681705880735
1.433216608304152 0.00032623819376487694
1.4337168584292146 0.00032685159190501363
1.434217108554277 0.0003274853185931638
1.4347173586793396 0.0003281432424948309
1.4352176088044022 0.00032882767897322277
1.4357178589294648 0.0003295393778552329
1.4362181090545272 0.00033026808768748275
1.4367183591795898 0.00033099938431873326
1.4372186093046522 0.0003317298288329879
1.4377188594297148 0.00033245943930395976
1.4382191095547774 0.00033318823381854254
1.43871935967984 0.00033391592606702613
1.4392196098049024 0.00033463474390085703
1.439719859929965 0.00033533410758942046
1.4402201100550274 0.00033601086515347184
1.44072036018009 0.0003366650779971972
1.4412206103051526 0.00033729700071621254
1.4417208604302152 0.0003379073709694129
1.4422211105552776 0.0003385013992511768
1.4427213606803402 0.0003390836732751516
1.4432216108054026 0.00033965413259686654
1.4437218609304652 0.00034021271803497024
1.4442221110555278 0.00034076002112093677
1.4447223611805904 0.0003412998126993453
1.4452226113056528 0.00034183610817128956
1.4457228614307154 0.0003423697599874072
1.4462231115557778 0.00034290184986108857
1.4467233616808404 0.00034343473098299917
1.447223611805903 0.0003439696676071635
1.4477238619309656 0.00034450848691384257
1.448224112056028 0.0003450555213158841
1.4487243621810906 0.00034561329254223863
1.449224612306153 0.0003461841061393435
1.4497248624312156 0.0003467733514206176
1.4502251125562782 0.00034738371133243815
1.4507253626813406 0.0003480139390577132
1.4512256128064032 0.00034866196930392787
1.4517258629314658 0.0003493251709389577
1.4522261130565282 0.0003500021796802049
1.4527263631815908 0.00035069306496691006
1.4532266133066534 0.00035139789795517244
1.4537268634317158 0.0003521167198990587
1.4542271135567784 0.00035284851518270943
1.454727363681841 0.00035359091591852975
1.4552276138069034 0.00035434259109543486
1.455727863931966 0.00035510357499160213
1.4562281140570286 0.0003558698408024282
1.456728364182091 0.0003566369068667734
1.4572286143071536 0.0003574043428668562
1.457728864432216 0.0003581721570426086
1.4582291145572785 0.00035894035767091245
1.4587293646823412 0.00035970895306602674
1.4592296148074038 0.00036047457240137153
1.4597298649324661 0.00036122676826798875
1.4602301150575288 0.0003619580325124818
1.4607303651825911 0.0003626678649059656
1.4612306153076537 0.0003633581655041725
1.4617308654327164 0.0003640336191978383
1.462231115557779 0.00036469759615773026
1.4627313656828413 0.00036535072277766857
1.463231615807904 0.00036599294314675974
1.4637318659329663 0.0003666242022862645
1.464232116058029 0.0003672498780730569
1.4647323661830915 0.00036788226047138013
1.4652326163081542 0.0003685284180536215
1.4657328664332165 0.0003691913224525717
1.4662331165582791 0.0003698692752482079
1.4667333666833415 0.00037055299519284573
1.4672336168084041 0.0003712376928826914
1.4677338669334667 0.00037192347441590985
1.4682341170585294 0.0003726104528668902
1.4687343671835917 0.0003732986372673194
1.4692346173086543 0.00037398373611039376
1.4697348674337167 0.0003746560968542801
1.4702351175587793 0.00037531028405702764
1.470735367683842 0.00037594615412405124
1.4712356178089045 0.00037656752904640707
1.471735867933967 0.00037718221373042165
1.4722361180590295 0.0003777941097934453
1.472736368184092 0.0003784031957438396
1.4732366183091545 0.00037900698682424193
1.4737368684342171 0.00037959897375403984
1.4742371185592795 0.00038017796011245047
1.4747373686843421 0.0003807502578671928
1.4752376188094047 0.0003813193583057889
1.4757378689344671 0.00038188529698198403
1.4762381190595297 0.00038244996499752995
1.4767383691845923 0.0003830171474851688
1.4772386193096547 0.00038358882248335744
1.4777388694347173 0.00038416518356920514
1.47823911955978 0.0003847464028740962
1.4787393696848423 0.00038533171223362254
1.479239619809905 0.0003859319500382005
1.4797398699349675 0.0003865625501998092
1.48024012006003 0.0003872273737817132
1.4807403701850925 0.00038792659749441064
1.481240620310155 0.00038865633795669353
1.4817408704352175 0.0003894086276609217
1.4822411205602801 0.00039017949549731933
1.4827413706853427 0.00039096898705626696
1.4832416208104051 0.0003917768280806018
1.4837418709354677 0.00039260149915524705
1.48424212106053 0.00039344155589474757
1.4847423711855927 0.0003942961048804091
1.4852426213106553 0.00039515949289658673
1.485742871435718 0.0003960267284509766
1.4862431215607803 0.0003968960901000355
1.486743371685843 0.00039776417058847883
1.4872436218109053 0.0003986292396715727
1.487743871935968 0.0003994912199980043
1.4882441220610305 0.00040035003439944515
1.4887443721860931 0.0004012056059117989
1.4892446223111555 0.0004020571918747188
1.4897448724362181 0.0004029052830833092
1.4902451225612805 0.00040375102050915426
1.490745372686343 0.00040459233742074136
1.4912456228114057 0.0004054269185588821
1.4917458729364683 0.00040625675630029357
1.4922461230615307 0.00040708412218124927
1.4927463731865933 0.00040790896673912464
1.4932466233116557 0.0004087312406443547
1.4937468734367183 0.00040955089470969745
1.494247123561781 0.00041036950801445266
1.4947473736868435 0.00041119049872307637
1.495247623811906 0.00041201534536086106
1.4957478739369685 0.00041284132927807394
1.496248124062031 0.00041366759959979364
1.4967483741870935 0.00041449717068706794
1.497248624312156 0.00041533156170013536
1.4977488744372185 0.00041617083175102894
1.498249124562281 0.00041701502409707326
1.4987493746873437 0.0004178641825053977
1.499249624812406 0.0004187184760223583
1.4997498749374687 0.00041957821259373183
1.5002501250625313 0.00042044357819944384
1.500750375187594 0.00042131462322530003
1.5012506253126563 0.0004221891047452164
1.5017508754377187 0.00042306293108994357
1.5022511255627813 0.00042393426947102036
1.502751375687844 0.000424805969993109
1.5032516258129065 0.000425681276185108
1.503751875937969 0.00042656056571012234
1.5042521260630315 0.00042744126302598985
1.5047523761880939 0.00042831800285204414
1.5052526263131565 0.00042918794339874387
1.505752876438219 0.0004300509894903479
1.5062531265632817 0.00043090863240046617
1.506753376688344 0.0004317638048980966
1.5072536268134067 0.0004326178775670397
1.507753876938469 0.0004334696447194639
1.5082541270635317 0.0004343175200388979
1.5087543771885943 0.00043515815658295325
1.509254627313657 0.0004359943421066261
1.5097548774387193 0.00043683791280458027
1.5102551275637819 0.0004376950313544682
1.5107553776888443 0.0004385658167069944
1.5112556278139069 0.0004394495926655834
1.5117558779389695 0.0004403449745854648
1.512256128064032 0.00044125136702009187
1.5127563781890945 0.0004421688761081581
1.513256628314157 0.00044309761032148594
1.5137568784392195 0.000444038466547487
1.514257128564282 0.00044498786910453984
1.5147573786893447 0.0004459363815682708
1.5152576288144073 0.0004468789553446512
1.5157578789394697 0.0004478155312996357
1.5162581290645323 0.00044874594154618137
1.5167583791895947 0.00044966992316276523
1.5172586293146573 0.0004505873211096023
1.5177588794397199 0.0004514980744721811
1.5182591295647825 0.0004524021228214295
1.5187593796898449 0.0004532994062256238
1.5192596298149073 0.00045418750632896437
1.5197598799399699 0.00045506282036107963
1.5202601300650325 0.000455926624463531
1.520760380190095 0.0004567812636474131
1.5212606303151577 0.000457627176511042
1.52176088044022 0.0004584654404887673
1.5222611305652824 0.00045929650188362287
1.522761380690345 0.00046012026913652443
1.5232616308154077 0.0004609366519480064
1.5237618809404703 0.00046174556131047743
1.5242621310655329 0.0004625520677413343
1.5247623811905953 0.00046336640570007054
1.5252626313156576 0.0004641937163645701
1.5257628814407203 0.0004650340430390524
1.5262631315657829 0.00046588404928328683
1.5267633816908455 0.0004667424255856833
1.527263631815908 0.0004676112555845374
1.5277638819409705 0.0004684906062835229
1.5282641320660328 0.0004693805460988908
1.5287643821910955 0.0004702811448767105
1.529264632316158 0.0004711946221923091
1.5297648824412207 0.0004721253096031438
1.530265132566283 0.000473075425414747
1.5307653826913457 0.0004740451141797116
1.531265632816408 0.0004750335226359832
1.5317658829414706 0.0004760389766265187
1.5322661330665333 0.00047706045908290853
1.5327663831915959 0.00047809502271786784
1.5332666333166582 0.0004791400491635756
1.5337668834417209 0.0004801956608324221
1.5342671335667832 0.0004812589145325039
1.5347673836918458 0.00048232390283331906
1.5352676338169085 0.00048338773201917027
1.535767883941971 0.00048445041884630365
1.5362681340670334 0.0004855093987388538
1.536768384192096 0.0004865600202898187
1.5372686343171584 0.00048760017285836974
1.537768884442221 0.0004886297890341456
1.5382691345672836 0.0004896493866770635
1.5387693846923463 0.0004906628776875218
1.5392696348174086 0.0004916716701020504
1.5397698849424712 0.0004926719591063369
1.5402701350675336 0.000493661841026121
1.5407703851925962 0.0004946412084494765
1.5412706353176588 0.0004956152241426727
1.5417708854427215 0.0004965932209903867
1.5422711355677838 0.0004975793355996939
1.5427713856928462 0.0004985736142266266
1.5432716358179088 0.0004995761037356019
1.5437718859429714 0.0005005868516061957
1.544272136068034 0.0005016087927298904
1.5447723861930966 0.0005026463577437544
1.545272636318159 0.0005037008150728028
1.5457728864432214 0.000504771986627412
1.546273136568284 0.0005058551019356957
1.5467733866933466 0.0005069415756085299
1.5472736368184092 0.0005080276635377669
1.5477738869434718 0.0005091133567020716
1.5482741370685342 0.0005101986460536809
1.5487743871935966 0.0005112835225185072
1.5492746373186592 0.0005123659771037403
1.5497748874437218 0.0005134421796905073
1.5502751375687844 0.0005145102669980289
1.550775387693847 0.0005155716088876375
1.5512756378189094 0.000516635514444117
1.5517758879439718 0.0005177150818586725
1.5522761380690344 0.0005188155788648995
1.552776388194097 0.0005199371575523622
1.5532766383191596 0.0005210799742621019
1.5537768884442222 0.0005222441896519126
1.5542771385692846 0.0005234309809619773
1.554777388694347 0.0005246424352803518
1.5552776388194096 0.0005258796518088477
1.5557778889444722 0.0005271428503879389
1.5562781390695348 0.0005284233876292322
1.5567783891945972 0.0005297051483552932
1.5572786393196598 0.0005309797036349321
1.5577788894447222 0.0005322456680436685
1.5582791395697848 0.0005335026779953805
1.5587793896948474 0.0005347506237206704
1.55927963981991 0.0005359895352988369
1.5597798899449724 0.000537219565528407
1.560280140070035 0.0005384407312686842
1.5607803901950974 0.0005396529307103435
1.56128064032016 0.0005408647154582557
1.5617808904452226 0.0005420909692267636
1.5622811405702852 0.0005433380609993346
1.5627813906953476 0.000544604870981332
1.5632816408204102 0.0005458874750151251
1.5637818909454726 0.0005471811744117524
1.5642821410705352 0.0005484832392720943
1.5647823911955978 0.000549792306033915
1.5652826413206604 0.0005511078201436775
1.5657828914457228 0.0005524299203088628
1.5662831415707852 0.0005537490902916433
1.5667833916958478 0.0005550488633394599
1.5672836418209104 0.0005563222618108223
1.567783891945973 0.0005575690724425896
1.5682841420710356 0.000558789085780952
1.568784392196098 0.0005599820965362238
1.5692846423211604 0.0005611516764181965
1.569784892446223 0.0005623008567787289
1.5702851425712856 0.0005634300915574843
1.5707853926963482 0.0005645403862529407
1.5712856428214108 0.0005656341042086561
1.5717858929464732 0.0005667154020714248
1.5722861430715356 0.0005677859199598261
1.5727863931965982 0.0005688455486838189
1.5732866433216608 0.0005698941802839454
1.5737868934467234 0.0005709317080636372
1.574287143571786 0.0005719593358218716
1.5747873936968484 0.0005729793453698862
1.5752876438219108 0.0005739922591860209
1.5757878939469734 0.0005749972633063209
1.576288144072036 0.0005759961571164613
1.5767883941970986 0.0005769925314100255
1.5772886443221612 0.0005779878603504114
1.5777888944472236 0.0005789821374276301
1.578289144572286 0.0005799753561209441
1.5787893946973486 0.0005809675098989213
1.5792896448224112 0.0005819619455291864
1.5797898949474738 0.0005829647111738415
1.5802901450725362 0.0005839785454101856
1.5807903951975988 0.0005850035331783482
1.5812906453226612 0.0005860395163456427
1.5817908954477238 0.000587085397057997
1.5822911455727864 0.00058814031998704
1.582791395697849 0.0005892032131755545
1.5832916458229114 0.0005902728034809614
1.583791895947974 0.0005913492116683797
1.5842921460730364 0.0005924260875275614
1.584792396198099 0.0005934914393568933
1.5852926463231616 0.0005945398536705574
1.5857928964482242 0.0005955712204670426
1.5862931465732866 0.0005965854314248316
1.5867933966983492 0.0005975823799318925
1.5872936468234116 0.000598561961114799
1.5877938969484742 0.0005995250354100754
1.5882941470735368 0.0006004728150777436
1.5887943971985994 0.0006014055936713932
1.5892946473236618 0.00060233102226575
1.5897948974487242 0.0006032616255801237
1.5902951475737868 0.0006042023023856825
1.5907953976988494 0.0006051531239572793
1.591295647823912 0.0006061141628209972
1.5917958979489746 0.000607085492771406
1.592296148074037 0.0006080671888892274
1.5927963981990994 0.0006090593275594124
1.593296648324162 0.0006100619864896412
1.5937968984492246 0.0006110730102000023
1.5942971485742872 0.0006120792743558064
1.5947973986993498 0.0006130631584585445
1.5952976488244122 0.0006140176156704353
1.5957978989494745 0.0006149407531409541
1.5962981490745372 0.0006158309399471439
1.5967983991995998 0.0006166879844497024
1.5972986493246624 0.0006175117032860545
1.597798899449725 0.0006183019214806282
1.5982991495747874 0.0006190584725499896
1.5987993996998497 0.0006197811986027094
1.5992996498249124 0.0006204812106799119
1.599799899949975 0.0006211779484635269
1.6003001500750376 0.000621880175031143
1.6008004002001002 0.0006225887050103328
1.6013006503251626 0.0006233038616058979
1.601800900450225 0.000624025698182864
1.6023011505752875 0.000624754278691873
1.6028014007003502 0.0006254896651382413
1.6033016508254128 0.0006262319106907541
1.6038019009504751 0.0006269834427411986
1.6043021510755378 0.000627737325825294
1.6048024012006001 0.0006284764310435162
1.6053026513256627 0.0006291929203647759
1.6058029014507254 0.0006298866902583186
1.606303151575788 0.0006305576904130463
1.6068034017008503 0.0006312081039049904
1.607303651825913 0.0006318400725237827
1.6078039019509753 0.0006324535139040459
1.608304152076038 0.0006330485662540336
1.6088044022011005 0.0006336260353973366
1.6093046523261632 0.0006341983425960953
1.6098049024512255 0.0006347856319374365
1.6103051525762881 0.0006353962963370932
1.6108054027013505 0.0006360304326077274
1.6113056528264131 0.0006366881426667122
1.6118059029514757 0.000637369533584603
1.6123061530765384 0.0006380747176364711
1.6128064032016007 0.0006388031245236977
1.6133066533266633 0.0006395529082693109
1.6138069034517257 0.0006403228439384787
1.6143071535767883 0.0006411098702792557
1.614807403701851 0.0006419085571877972
1.6153076538269135 0.0006427154959433968
1.615807903951976 0.0006435296818406426
1.6163081540770383 0.0006443511777888131
1.616808404202101 0.0006451800477179308
1.6173086543271635 0.0006460163565948785
1.6178089044522261 0.000646860170439882
1.6183091545772887 0.0006477115563433731
1.6188094047023511 0.0006485705824832432
1.6193096548274135 0.0006494346783569891
1.6198099049524761 0.0006502994226986289
1.6203101550775387 0.0006511630026886104
1.6208104052026013 0.0006520254213016407
1.621310655327664 0.0006528866851741121
1.6218109054527263 0.0006537468249517324
1.6223111555777887 0.0006546058677068295
1.6228114057028513 0.0006554638165526714
1.623311655827914 0.0006563206745985259
1.6238119059529765 0.0006571736221800409
1.6243121560780391 0.0006580182572259865
1.6248124062031015 0.0006588529738760025
1.625312656328164 0.0006596777165381903
1.6258129064532265 0.0006604936637817954
1.6263131565782891 0.0006613022106856895
1.6268134067033517 0.000662103236987467
1.6273136568284141 0.0006628962227015082
1.6278139069534767 0.0006636809304790248
1.628314157078539 0.0006644568664671489
1.6288144072036017 0.0006652235344751039
1.6293146573286643 0.0006659808806918742
1.629814907453727 0.0006667288530687553
1.6303151575787893 0.0006674674000802888
1.630815407703852 0.0006681964707328762
1.6313156578289143 0.0006689160145733319
1.631815907953977 0.0006696259384246953
1.6323161580790395 0.0006703247083311824
1.6328164082041021 0.0006710108296827071
1.6333166583291645 0.0006716842475824111
1.6338169084542271 0.0006723469609231808
1.6343171585792895 0.0006730020663420282
1.634817408704352 0.0006736502277866107
1.6353176588294147 0.000674290935804706
1.6358179089544773 0.0006749240745936898
1.6363181590795397 0.0006755496213773815
1.6368184092046023 0.0006761699127139976
1.6373186593296647 0.0006767887802285805
1.6378189094547273 0.0006774077138150199
1.63831915957979 0.0006780270049474277
1.6388194097048525 0.0006786484725399019
1.639319659829915 0.0006792736645832098
1.6398199099549773 0.0006799026051048697
1.64032016008004 0.0006805353183917435
1.6408204102051025 0.0006811718289930482
1.641320660330165 0.00068181305804344
1.6418209104552277 0.0006824606110049683
1.64232116058029 0.000683115201093736
1.6428214107053525 0.0006837768619700938
1.643321660830415 0.0006844456277560835
1.6438219109554777 0.0006851232788600849
1.6443221610805403 0.0006858124900434841
1.644822411205603 0.0006865142013785929
1.6453226613306653 0.0006872284664085295
1.6458229114557277 0.0006879553431071095
1.6463231615807903 0.0006886949012817884
1.646823411705853 0.000689444421212877
1.6473236618309155 0.0006901994834957244
1.647823911955978 0.000690958301747786
1.6483241620810405 0.0006917204081886982
1.6488244122061029 0.0006924854668024515
1.6493246623311655 0.0006932534932102089
1.649824912456228 0.0006940245031484809
