# P      T      H      H2       He       H2O       CH4       CO       CO2       NH3       H2S       HCN       C2H2       Na       K       TiO       VO       FeH      e      Hm      PH3      FeI      FeII      CaI      MgI
3.571674682851674833e-05 2.948936543634776626e+03 9.092564706900000404e-01 1.624245156000000100e-03 8.843201985300000456e-02 3.714972030399999925e-09 1.000000000000000038e-25 2.861250795699999783e-04 8.971219543999999907e-11 1.000000000000000038e-25 4.305638672499999939e-13 1.957889123700000193e-12 1.000000000000000038e-25 1.307947948599999899e-09 3.704687843400000220e-12 3.321370657299999785e-10 1.572699697400000064e-12 2.694550720299999905e-11 4.677375992599999645e-06 4.695971345199999955e-12 1.000000000000000038e-25 2.736326590099999841e-05 1.000000000000000038e-25 2.128005568499999815e-06 3.628881943500000004e-05
4.496472020903842217e-05 2.922300803880449166e+03 9.083937371300000452e-01 2.420495080700000006e-03 8.850277640699999449e-02 8.304059705200000064e-09 1.000000000000000038e-25 2.863712475399999994e-04 1.357433321299999883e-10 1.000000000000000038e-25 9.062889043800000424e-13 2.041776090699999871e-12 1.000000000000000038e-25 1.711577910500000068e-09 4.710684922600000372e-12 5.322888433300000498e-10 2.477130052099999930e-12 3.731757120899999686e-11 3.951284856599999906e-06 5.242845856499999842e-12 1.000000000000000038e-25 2.811457404099999862e-05 1.000000000000000038e-25 2.129708229899999835e-06 3.631784925099999984e-05
5.660722890537316039e-05 2.882653557633273522e+03 9.067473938400000266e-01 3.938002638300000004e-03 8.863741765700000608e-02 2.214812695900000048e-08 1.000000000000000038e-25 2.868180721600000252e-04 2.255834137399999996e-10 1.000000000000000038e-25 2.213308061200000121e-12 2.035848542999999843e-12 1.000000000000000038e-25 2.445844965099999926e-09 6.444073107900000353e-12 9.638730301100000868e-10 4.371489825799999859e-12 5.348458810299999800e-11 3.269597427099999954e-06 5.879291044099999665e-12 1.000000000000000038e-25 2.884428707800000004e-05 1.000000000000000038e-25 2.132948187800000105e-06 3.637309189699999796e-05
7.126427896022353330e-05 2.863675810414667467e+03 9.049361072499999548e-01 5.605145363200000203e-03 8.878508283600000661e-02 4.481433342699999960e-08 1.000000000000000038e-25 2.872993238399999837e-04 3.231317238800000166e-10 1.000000000000000038e-25 4.324212053300000078e-12 2.171552887500000022e-12 1.000000000000000038e-25 3.245291585699999936e-09 8.371922363400000260e-12 1.435291125600000069e-09 6.447111310199999599e-12 7.165686537400000200e-11 2.952167121399999805e-06 6.917660120899999627e-12 1.000000000000000038e-25 2.921439487599999981e-05 1.000000000000000038e-25 2.136501543600000009e-06 3.643367770599999667e-05
8.971641173621374690e-05 2.850628389653217710e+03 9.026910034299999719e-01 7.669966207300000366e-03 8.896780258700000277e-02 8.369248861999999587e-08 1.000000000000000038e-25 2.878922832799999765e-04 4.437481610999999943e-10 1.000000000000000038e-25 7.918438056099999825e-12 2.361891922200000136e-12 1.000000000000000038e-25 4.238956301200000086e-09 1.077825939399999920e-11 2.018874220300000065e-09 9.033856876999999384e-12 9.414332891699999931e-11 2.748313825900000117e-06 8.296305297999999589e-12 1.000000000000000038e-25 2.948342673900000103e-05 1.000000000000000038e-25 2.140898431399999913e-06 3.650864605600000163e-05
1.129462705897078389e-04 2.840448753687343014e+03 8.998515639299999869e-01 1.028005741799999963e-02 8.919863529999999541e-02 1.500350629099999932e-07 1.000000000000000038e-25 2.886401771500000197e-04 5.970161280499999768e-10 1.000000000000000038e-25 1.402254454699999923e-11 2.591665299800000123e-12 1.000000000000000038e-25 5.512436863800000023e-09 1.386095314200000068e-11 2.758747020299999975e-09 1.234658195600000062e-11 1.223974545600000104e-10 2.606451233900000004e-06 1.006856357199999940e-11 1.000000000000000038e-25 2.970761252000000049e-05 1.000000000000000038e-25 2.146453076700000039e-06 3.660335481800000199e-05
1.421909302127632546e-04 2.834662489572180675e+03 8.964871949299999532e-01 1.337154976199999949e-02 8.947192764200000148e-02 2.533690725699999894e-07 1.000000000000000038e-25 2.895249857900000193e-04 7.789380427800000346e-10 1.030804715499999966e-14 2.365382787500000079e-11 2.887916378199999903e-12 1.000000000000000038e-25 7.041682504100000113e-09 1.760023911500000116e-11 3.613214664400000173e-09 1.625085497899999867e-11 1.570837160599999997e-10 2.513810253499999949e-06 1.232474753100000037e-11 1.000000000000000038e-25 2.989769630399999851e-05 1.000000000000000038e-25 2.153029432099999870e-06 3.671548360899999701e-05
1.790077753714985496e-04 2.829913799063353508e+03 8.922888577799999998e-01 1.722853417700000167e-02 8.981280916400000147e-02 4.205049908899999997e-07 1.000000000000000038e-25 2.906282731699999901e-04 1.008732414600000059e-09 1.912515064200000088e-14 3.933934447700000037e-11 3.228386479099999995e-12 1.000000000000000038e-25 8.997591232400000489e-09 2.238514276500000159e-11 4.674132389399999957e-09 2.119416249199999911e-11 2.007063904800000052e-10 2.445856609400000080e-06 1.516571668000000088e-11 1.000000000000000038e-25 3.008714273100000127e-05 1.000000000000000038e-25 2.161232188900000068e-06 3.685534328099999908e-05
2.253574373239214108e-04 2.825667779134355442e+03 8.870124940800000468e-01 2.207517860900000059e-02 9.024109261000000382e-02 6.915265633800000222e-07 1.000000000000000038e-25 2.920142061099999979e-04 1.302641136899999902e-09 3.519299723899999835e-14 6.498823433300000067e-11 3.617241080100000099e-12 1.000000000000000038e-25 1.153968214699999941e-08 2.860118895399999970e-11 6.002951826500000223e-09 2.753805735600000060e-11 2.559563037799999937e-10 2.396068830200000181e-06 1.875425393499999870e-11 1.000000000000000038e-25 3.028948845399999926e-05 1.000000000000000038e-25 2.171538086199999904e-06 3.703106269900000225e-05
2.837082045838957515e-04 2.820807547301480554e+03 8.802369502100000354e-01 2.829828699300000056e-02 9.079096306499999380e-02 1.141361703300000099e-06 1.000000000000000038e-25 2.937934232800000099e-04 1.690102809299999949e-09 6.483778398799999887e-14 1.077949207900000009e-10 4.046340139699999911e-12 1.000000000000000038e-25 1.496355433400000116e-08 3.693427689399999923e-11 7.720937929599999959e-09 3.597891720299999984e-11 3.265881048800000214e-10 2.359614417399999794e-06 2.329182170999999905e-11 1.000000000000000038e-25 3.052165064799999751e-05 1.000000000000000038e-25 2.184769690100000057e-06 3.725666804399999825e-05
3.571674682851644746e-04 2.813887791822322470e+03 8.711762094999999650e-01 3.661969189099999883e-02 9.152620970699999747e-02 1.927227174900000087e-06 1.000000000000000038e-25 2.961723140500000179e-04 2.228235462199999946e-09 1.215077809399999904e-13 1.826162541500000092e-10 4.501794993099999819e-12 1.000000000000000038e-25 1.986387173200000033e-08 4.873975470400000157e-11 1.006373456699999980e-08 4.791133571700000071e-11 4.189123089699999808e-10 2.333822694399999823e-06 2.910511983499999946e-11 1.000000000000000038e-25 3.080880752099999934e-05 1.000000000000000038e-25 2.202461892100000204e-06 3.755833252400000240e-05
4.496472020903805218e-04 2.802087017328866295e+03 8.581586190700000172e-01 4.857446434700000287e-02 9.258248952500000573e-02 3.441146849399999852e-06 1.000000000000000038e-25 2.995897480200000068e-04 3.045963623800000000e-09 2.375823001400000141e-13 3.253597363999999914e-10 4.938688840599999869e-12 1.000000000000000038e-25 2.765305869500000095e-08 6.714318324700000426e-11 1.356421202800000052e-08 6.664079551199999878e-11 5.439482033799999971e-10 2.317894329200000088e-06 3.669632816299999792e-11 1.000000000000000038e-25 3.119947852599999773e-05 1.000000000000000038e-25 2.227878826099999801e-06 3.799171877899999960e-05
5.660722890537269554e-04 2.781992894844634520e+03 8.378626404700000307e-01 6.721259962700000534e-02 9.422936652199999374e-02 6.747960656199999751e-06 1.000000000000000038e-25 3.049177434299999963e-04 4.423385445499999909e-09 5.000786903099999667e-13 6.328668439599999965e-10 5.306362323600000195e-12 1.000000000000000038e-25 4.175357970500000031e-08 9.958241721300000250e-11 1.926079964300000000e-08 9.971105316600000546e-11 7.218229825599999539e-10 2.314770790900000010e-06 4.691655446999999714e-11 1.000000000000000038e-25 3.178493136400000108e-05 1.000000000000000038e-25 2.267506451099999966e-06 3.866743511299999993e-05
7.126427896022295054e-04 2.739465834454817923e+03 7.975139189300000098e-01 1.042640714399999946e-01 9.750368911500000013e-02 1.690812696300000045e-05 1.000000000000000038e-25 3.155103633799999927e-04 7.503292193199999571e-09 1.284091385200000101e-12 1.563156828399999999e-09 5.428085218600000018e-12 1.000000000000000038e-25 7.816082628499999622e-08 1.797289452700000118e-10 3.102091532100000291e-08 1.803012360099999962e-10 1.015092047900000068e-09 2.332274817000000122e-06 6.180806030099999598e-11 1.000000000000000038e-25 3.291689002699999770e-05 1.000000000000000038e-25 2.346291665800000205e-06 4.001093297600000280e-05
8.971641173621299880e-04 2.660008483993884965e+03 7.064755226900000240e-01 1.878596374100000022e-01 1.048931478300000053e-01 5.579657597299999953e-05 1.000000000000000038e-25 3.394147005899999809e-04 1.522413328800000054e-08 4.355128071499999649e-12 5.635831549399999626e-09 5.595079880500000183e-12 1.000000000000000038e-25 2.094638714299999921e-07 4.591284687700000108e-10 5.417410982899999722e-08 4.120909800400000172e-10 1.556179817900000102e-09 2.365064929000000175e-06 8.277830606799999968e-11 1.000000000000000038e-25 3.542911172600000225e-05 1.000000000000000038e-25 2.524081211400000119e-06 4.304300031099999934e-05
1.129462705897069227e-03 2.567214270591291097e+03 5.641764651599999736e-01 3.185228904999999888e-01 1.164447336999999971e-01 1.387101165499999894e-04 1.000000000000000038e-25 3.767846790299999964e-04 2.572258831300000118e-08 1.392422273300000073e-11 2.152871415099999960e-08 7.321701664499999879e-12 1.000000000000000038e-25 5.880617428199999493e-07 1.322979738199999975e-09 7.820247555800000412e-08 8.029351743199999780e-10 2.354705502199999999e-09 2.263392542300000068e-06 9.798611332299999390e-11 1.614276941799999889e-14 3.933574793199999997e-05 1.000000000000000038e-25 2.801983277599999841e-06 4.778292920499999693e-05
1.421909302127621162e-03 2.494417741058381580e+03 4.321378261800000176e-01 4.397667782899999933e-01 1.271613670800000040e-01 2.112996339200000134e-04 1.000000000000000038e-25 4.114569888100000111e-04 3.199635161199999883e-08 3.200983570599999980e-11 6.026280585899999657e-08 1.122076683100000006e-11 1.000000000000000038e-25 1.151358850700000010e-06 2.975882073900000027e-09 9.380329182399999694e-08 1.128682156500000078e-09 3.200825606599999912e-09 1.959770345499999909e-06 9.715341241900000332e-11 6.219681410399999680e-14 4.295649143500000067e-05 1.000000000000000038e-25 3.059773229099999964e-06 5.218023316200000040e-05
1.790077753714970805e-03 2.441382067834863847e+03 3.330818197900000111e-01 5.307262820400000525e-01 1.351993733799999875e-01 2.566311167199999878e-04 1.000000000000000038e-25 4.374645360999999890e-04 3.509555948100000108e-08 5.829612866700000385e-11 1.294199180399999899e-07 1.692285910000000074e-11 1.000000000000000038e-25 1.691772115300000022e-06 5.306717522300000269e-09 1.041163600900000032e-07 1.362742833699999956e-09 4.013852308500000088e-09 1.613556134799999970e-06 8.838121009499999698e-11 1.722767087699999967e-13 4.567160463000000169e-05 1.000000000000000038e-25 3.253102454000000041e-06 5.547837266099999961e-05
2.253574373239196002e-03 2.397937097910576085e+03 2.574662229799999924e-01 6.001621101699999850e-01 1.413345536700000016e-01 2.863586744999999730e-04 1.025401092899999986e-14 4.573158193699999852e-04 3.698386818900000317e-08 9.473173330399999439e-11 2.425856998299999808e-07 2.457507673700000089e-11 1.000000000000000038e-25 2.154810603600000156e-06 8.417405109799999436e-09 1.119576923200000049e-07 1.558812449899999936e-09 4.823381202899999600e-09 1.297527394299999928e-06 7.720753220899999764e-11 4.054899970199999753e-13 4.774368957299999930e-05 1.000000000000000038e-25 3.400633717899999944e-06 5.799568682500000019e-05
2.837082045838934530e-03 2.361043279337578497e+03 2.001464211600000043e-01 6.527977243899999449e-01 1.459849818600000015e-01 3.065420414400000116e-04 2.385087774100000146e-14 4.723630541199999892e-04 3.831559362799999750e-08 1.434492775900000095e-10 4.145421629700000149e-07 3.445019380600000306e-11 1.000000000000000038e-25 2.524892249599999922e-06 1.240330014099999950e-08 1.181370012499999989e-07 1.734484957800000003e-09 5.641651247500000287e-09 1.037286297100000028e-06 6.646386000300000424e-11 8.590890179800000312e-13 4.931407509999999924e-05 1.000000000000000038e-25 3.512424120200000008e-06 5.990372698999999775e-05
3.571674682851615906e-03 2.329231119842415865e+03 1.567753231100000033e-01 6.926246670400000305e-01 1.495036243099999995e-01 3.206561166800000269e-04 5.132717411600000013e-14 4.837481675000000259e-04 3.934753979599999765e-08 2.074691805700000016e-10 6.612198734200000198e-07 4.702167757499999944e-11 1.000000000000000038e-25 2.810405828499999933e-06 1.738301694200000095e-08 1.230669434300000124e-07 1.896100558300000026e-09 6.487207483599999958e-09 8.329305566399999762e-07 5.727844760399999703e-11 1.691729766200000050e-12 5.050201863000000033e-05 1.000000000000000038e-25 3.596964468200000041e-06 6.134732550499999589e-05
4.496472020903767922e-03 2.301746089068300535e+03 1.240270243099999975e-01 7.226969282999999855e-01 1.521604272100000044e-01 3.307215806200000164e-04 1.040707904499999998e-13 4.923445842600000007e-04 4.018913250400000156e-08 2.903921491800000183e-10 9.964019102899999890e-07 6.287006234700000064e-11 1.000000000000000038e-25 3.025976329299999925e-06 2.345067934600000160e-08 1.270053720100000090e-07 2.045210027600000119e-09 7.375259791000000275e-09 6.763369151199999642e-07 4.989616360500000203e-11 3.147507481900000126e-12 5.139871457499999973e-05 1.000000000000000038e-25 3.660748788400000197e-06 6.243724893800000025e-05
5.660722890537223800e-03 2.278201251752797361e+03 9.925561503999999480e-02 7.454441497399999506e-01 1.541700960899999862e-01 3.380208969500000243e-04 2.016440229299999932e-13 4.988470313699999844e-04 4.089092371999999886e-08 3.971040560900000095e-10 1.430146141199999999e-06 8.283746663100000193e-11 1.000000000000000038e-25 3.186933178100000079e-06 3.066002026200000039e-08 1.301425293399999927e-07 2.181151144799999819e-09 8.327598364999999301e-09 5.573735409300000338e-07 4.421728710700000103e-11 5.596255718199999996e-12 5.207668208900000122e-05 1.000000000000000038e-25 3.708941844200000079e-06 6.326159303200000190e-05
7.126427896022236724e-03 2.258003391456633835e+03 8.036147106600000090e-02 7.627943630800000374e-01 1.557029850399999915e-01 3.434175631699999958e-04 3.768282731299999832e-13 5.038067333400000338e-04 4.148648430100000072e-08 5.335970549800000239e-10 1.968112567100000081e-06 1.079344728600000040e-10 1.000000000000000038e-25 3.307057495400000020e-06 3.902426033199999931e-08 1.326531956000000062e-07 2.304401198799999980e-09 9.360679321799999867e-09 4.664147499900000127e-07 3.990791130299999716e-11 9.587935710799999636e-12 5.259346038100000154e-05 1.000000000000000038e-25 3.745641093499999806e-06 6.389025693299999495e-05
8.971641173621227455e-03 2.240555322819873254e+03 6.573650857799999414e-02 7.762242414700000204e-01 1.568895568600000012e-01 3.475000087599999852e-04 6.855586072000000326e-13 5.076458370300000354e-04 4.200013780400000040e-08 7.081660237700000278e-10 2.613656399900000015e-06 1.395653159100000091e-10 1.000000000000000038e-25 3.397423973500000058e-06 4.853123953600000026e-08 1.346845349900000071e-07 2.416148605500000142e-09 1.049499064699999972e-08 3.955912918299999967e-07 3.663168663300000041e-11 1.596344738699999911e-11 5.299310679600000056e-05 1.000000000000000038e-25 3.773982944900000202e-06 6.437676915100000636e-05
1.129462705897060076e-02 2.225317075566540097e+03 5.425986305700000040e-02 7.867630586399999570e-01 1.578207417399999923e-01 3.506510388699999930e-04 1.220166232500000047e-12 5.106585689800000397e-04 4.245074081300000113e-08 9.305954536499999752e-10 3.364564457000000074e-06 1.793336236300000062e-10 1.000000000000000038e-25 3.465990402200000207e-06 5.908761455899999786e-08 1.363506644700000006e-07 2.518075534400000115e-09 1.174356431499999981e-08 3.392646641099999995e-07 3.409211612700000127e-11 2.596420957900000093e-11 5.330633058500000186e-05 1.000000000000000038e-25 3.796152627599999986e-06 6.475843918500000511e-05
1.421909302127609409e-02 2.211842391311930442e+03 4.509414138900000313e-02 7.951797830200000305e-01 1.585644712400000045e-01 3.531382180999999938e-04 2.141180090699999919e-12 5.130647369700000330e-04 4.285215740200000300e-08 1.215533025099999903e-09 4.218873670300000386e-06 2.296808917099999897e-10 1.000000000000000038e-25 3.518709465199999943e-06 7.058295301699999662e-08 1.377386909700000030e-07 2.611718494099999958e-09 1.313298097399999920e-08 2.932556145599999959e-07 3.207860699999999783e-11 4.154800111699999714e-11 5.355605692299999842e-05 1.000000000000000038e-25 3.813779685300000135e-06 6.506313365400000085e-05
1.790077753714956060e-02 2.199800651535551879e+03 3.771944948300000322e-02 8.019518298000000156e-01 1.591629170699999929e-01 3.551232539100000079e-04 3.705401515500000317e-12 5.150007963700000508e-04 4.321361626300000025e-08 1.578184698399999919e-09 5.162157636100000237e-06 2.930424510700000073e-10 1.000000000000000038e-25 3.559435261099999939e-06 8.273761904599999406e-08 1.389065558900000052e-07 2.698207102199999995e-09 1.467231213200000066e-08 2.550221159700000148e-07 3.042829512100000247e-11 6.548143656899999632e-11 5.375652771800000019e-05 1.000000000000000038e-25 3.827875886299999801e-06 6.530815535700000237e-05
2.253574373239176920e-02 2.188936662596864153e+03 3.170988543600000015e-02 8.074703022200000468e-01 1.596506264900000027e-01 3.567314060999999788e-04 6.351891005300000317e-12 5.165785301500000308e-04 4.354249252499999899e-08 2.041085273300000091e-09 6.181775611800000157e-06 3.730928329199999781e-10 1.000000000000000038e-25 3.591247786800000109e-06 9.529861437700000623e-08 1.399013365499999905e-07 2.778588477200000108e-09 1.638785830099999889e-08 2.225828836500000087e-07 2.903138206899999961e-11 1.020607128600000034e-10 5.391939129499999942e-05 1.000000000000000038e-25 3.839266719799999646e-06 6.550767169300000272e-05
2.837082045838910938e-02 2.178996053987686992e+03 2.677251257399999862e-02 8.120042036300000321e-01 1.600513592699999987e-01 3.580460371399999992e-04 1.079297058600000019e-11 5.178748135200000446e-04 4.384583763700000273e-08 2.629908610599999884e-09 7.258018590599999704e-06 4.738883140099999938e-10 1.000000000000000038e-25 3.616305329199999895e-06 1.079610035499999934e-07 1.407600929599999983e-07 2.854143265900000007e-09 1.829385314899999843e-08 1.946662080100000091e-07 2.779260489399999993e-11 1.575208082500000022e-10 5.405266485799999771e-05 1.000000000000000038e-25 3.848518919299999797e-06 6.567142836299999400e-05
3.571674682851586069e-02 2.169784651813147775e+03 2.267218988299999835e-02 8.157694636200000238e-01 1.603841876500000097e-01 3.591314826699999979e-04 1.823887376500000029e-11 5.189513519399999554e-04 4.412911370600000004e-08 3.381099330799999821e-09 8.374000124400000108e-06 6.012261815700000144e-10 1.000000000000000038e-25 3.636275736200000034e-06 1.204873545800000130e-07 1.415116732200000082e-07 2.925928473199999956e-09 2.041985327699999964e-08 1.703084633500000001e-07 2.665309102599999963e-11 2.414950791200000244e-10 5.416276599100000003e-05 1.000000000000000038e-25 3.856083550000000063e-06 6.580724169399999380e-05
4.496472020903731492e-02 2.161246568096806186e+03 1.926434772900000036e-02 8.188988404799999454e-01 1.606608351599999873e-01 3.600263456600000245e-04 3.062996796100000068e-11 5.198460744600000381e-04 4.439274397400000306e-08 4.335776924000000208e-09 9.502747585899999416e-06 7.616094502899999583e-10 1.000000000000000038e-25 3.652231350800000127e-06 1.325674435299999938e-07 1.421695002100000028e-07 2.993811839800000086e-09 2.278696962099999923e-08 1.490344270200000064e-07 2.559554459700000094e-11 3.675504184799999934e-10 5.425363993700000129e-05 1.000000000000000038e-25 3.862237302699999939e-06 6.591991504699999465e-05
5.660722890537177310e-02 2.153342843398836521e+03 1.641424966000000138e-02 8.215160617900000295e-01 1.608922293599999997e-01 3.607660085000000149e-04 5.122596316999999751e-11 5.205943285500000146e-04 4.463839839499999796e-08 5.551486430900000057e-09 1.062461276999999941e-05 9.641714947800000786e-10 1.000000000000000038e-25 3.665090764899999847e-06 1.440225281999999905e-07 1.427482393300000084e-07 3.058026557799999853e-09 2.543258230500000011e-08 1.303715773499999945e-07 2.460569664399999872e-11 5.562846901099999999e-10 5.432894539600000250e-05 1.000000000000000038e-25 3.867234248599999750e-06 6.601391929400000664e-05
7.126427896022177744e-02 2.146014069242930418e+03 1.402750399300000013e-02 8.237078061400000539e-01 1.610860247900000042e-01 3.613751900499999770e-04 8.525035930000000026e-11 5.212208677199999928e-04 4.486685971499999790e-08 7.094441413000000068e-09 1.171702544099999923e-05 1.219300842099999958e-09 1.000000000000000038e-25 3.675498595899999918e-06 1.546852742700000103e-07 1.432581286000000093e-07 3.118614523000000159e-09 2.838331443300000103e-08 1.140298686500000013e-07 2.367635104000000151e-11 8.367704933200000316e-10 5.439124666199999695e-05 1.000000000000000038e-25 3.871251523600000141e-06 6.609238621699999451e-05
8.971641173621153209e-02 2.139248803995617891e+03 1.202135956000000006e-02 8.255500617600000091e-01 1.612489330000000110e-01 3.618759310099999970e-04 1.413468123700000108e-10 5.217473866299999650e-04 4.507812986199999939e-08 9.054598243900000414e-09 1.276436837699999924e-05 1.541236335300000060e-09 1.000000000000000038e-25 3.683977549399999862e-06 1.644803274499999872e-07 1.437070857899999904e-07 3.175414114400000124e-09 3.168443674999999714e-08 9.972601269999999819e-08 2.281096813599999866e-11 1.251928964500000007e-09 5.444276946000000051e-05 1.000000000000000038e-25 3.874440659699999799e-06 6.615805348299999675e-05
1.129462705897050778e-01 2.133029031898935500e+03 1.033401358000000068e-02 8.270995795600000200e-01 1.613859663099999897e-01 3.622852054500000081e-04 2.332027766699999914e-10 5.221900735400000033e-04 4.527285249899999698e-08 1.153447899999999974e-08 1.375150942400000069e-05 1.946013717500000052e-09 1.000000000000000038e-25 3.690910677600000210e-06 1.733562376299999915e-07 1.441024256600000079e-07 3.228452144700000094e-09 3.536662378400000175e-08 8.725093302200000002e-08 2.200736905600000144e-11 1.861207644300000041e-09 5.448517996399999860e-05 1.000000000000000038e-25 3.876914449000000315e-06 6.621296712000000555e-05
1.421909302127597752e-01 2.127294280453632837e+03 8.902017935500000298e-03 8.284146212699999845e-01 1.615022724799999865e-01 3.626205413099999920e-04 3.841777386899999826e-10 5.225655341700000166e-04 4.545272787599999746e-08 1.469028615499999967e-08 1.467608853599999989e-05 2.458261725900000093e-09 1.000000000000000038e-25 3.696646245100000116e-06 1.813760156899999976e-07 1.444527054099999902e-07 3.278053867300000114e-09 3.950304177199999898e-08 7.631895598900000254e-08 2.126128405899999888e-11 2.756514421500000089e-09 5.452014498699999897e-05 1.000000000000000038e-25 3.878780014400000039e-06 6.625921327199999899e-05
1.790077753714941489e-01 2.122008273344601093e+03 7.689780603299999594e-03 8.295278679499999974e-01 1.616007382899999900e-01 3.628927865099999990e-04 6.301632596999999640e-10 5.228830466199999895e-04 4.561825946299999970e-08 1.867887652800000091e-08 1.552816885899999878e-05 3.102326243200000083e-09 1.000000000000000038e-25 3.701391337799999814e-06 1.885328783799999895e-07 1.447625738199999935e-07 3.324232190999999986e-09 4.412049710100000046e-08 6.680026975200000533e-08 2.057113672999999909e-11 4.057582521699999695e-09 5.454861538399999717e-05 1.000000000000000038e-25 3.880099325000000327e-06 6.629796726499999457e-05
2.253574373239158879e-01 2.117196600009583562e+03 6.658843843699999848e-03 8.304746322299999539e-01 1.616844844599999997e-01 3.631136195200000021e-04 1.031105504999999900e-09 5.231526081200000297e-04 4.576908886899999832e-08 2.373451320599999836e-08 1.630830338799999852e-05 3.915155688600000105e-09 1.000000000000000038e-25 3.705342505800000006e-06 1.948958960200000032e-07 1.450354960999999957e-07 3.366763687899999936e-09 4.930009791500000175e-08 5.850520274600000045e-08 1.994314432399999948e-11 5.941846482300000245e-09 5.457156462200000259e-05 1.000000000000000038e-25 3.880930662899999641e-06 6.633047998499999847e-05
2.837082045838887900e-01 2.112912659686824554e+03 5.784553611100000034e-03 8.312775504999999621e-01 1.617555113899999952e-01 3.632915320200000102e-04 1.679898857000000016e-09 5.233805539700000196e-04 4.590358722700000178e-08 3.011341403699999990e-08 1.701376700300000032e-05 4.937227939999999839e-09 1.000000000000000038e-25 3.708628430500000113e-06 2.004976784099999947e-07 1.452723101700000072e-07 3.405073683199999861e-09 5.509582276499999867e-08 5.132117096299999781e-08 1.938739714799999879e-11 8.638121622399999744e-09 5.458961549099999947e-05 1.000000000000000038e-25 3.881312789000000130e-06 6.635755193599999818e-05
3.571674682851557203e-01 2.109219622621806593e+03 5.041871657700000217e-03 8.319596121000000233e-01 1.618158513999999881e-01 3.634349927800000174e-04 2.728268346499999913e-09 5.235732444099999933e-04 4.601913625199999824e-08 3.817651009200000146e-08 1.764796834599999958e-05 6.226504586699999683e-09 1.000000000000000038e-25 3.711368151699999816e-06 2.054079861099999975e-07 1.454727191999999982e-07 3.438315807900000101e-09 6.161346569299999575e-08 4.510864503599999855e-08 1.891915668799999922e-11 1.246479008900000038e-08 5.460334855499999953e-05 1.000000000000000038e-25 3.881278028900000383e-06 6.637997683599999659e-05
4.496472020903694577e-01 2.106213600773431608e+03 4.413075348799999978e-03 8.325370884599999632e-01 1.618669430899999928e-01 3.635506566399999973e-04 4.409057496599999929e-09 5.237350275800000234e-04 4.611307145299999995e-08 4.832401601699999917e-08 1.821251915199999886e-05 7.847928811499999895e-09 1.000000000000000038e-25 3.713646391400000029e-06 2.096758809099999926e-07 1.456359696899999884e-07 3.465636101299999982e-09 6.893267172300000391e-08 3.976878496699999797e-08 1.855131249800000155e-11 1.780890999499999954e-08 5.461317028800000318e-05 1.000000000000000038e-25 3.880852568899999900e-06 6.639831359599999473e-05
5.660722890537130958e-01 2.104002444074984396e+03 3.880745328799999928e-03 8.330259725799999959e-01 1.619102009399999986e-01 3.636449287100000064e-04 7.094691315800000076e-09 5.238700035099999727e-04 4.618141129399999794e-08 6.110561432700000156e-08 1.871275665500000149e-05 9.892576251900000179e-09 1.000000000000000038e-25 3.715540409199999922e-06 2.133686764699999996e-07 1.457596703100000002e-07 3.485822548300000171e-09 7.719310808499999758e-08 3.519116936699999838e-08 1.830383538899999859e-11 2.516442211500000068e-08 5.461941829000000181e-05 1.000000000000000038e-25 3.880056013799999663e-06 6.641308752399999952e-05
7.126427896022120567e-01 2.102624558877336312e+03 3.430390655599999811e-03 8.334395687100000227e-01 1.619468018899999917e-01 3.637231949600000080e-04 1.135125296699999982e-08 5.239812894300000098e-04 4.622307719600000057e-08 7.713871003099999663e-08 1.915361844399999860e-05 1.246369782500000001e-08 1.000000000000000038e-25 3.717113844400000071e-06 2.165493255499999895e-07 1.458446101200000127e-07 3.498499688199999907e-09 8.650179033300000022e-08 3.127772840499999910e-08 1.818120919299999919e-11 3.508042953699999731e-08 5.462238246499999839e-05 1.000000000000000038e-25 3.878908678800000350e-06 6.642473853300000025e-05
8.971641173621081045e-01 2.101969906035102213e+03 3.045566475599999906e-03 8.337929760400000223e-01 1.619780820399999988e-01 3.637907625699999961e-04 1.808655926899999892e-08 5.240721232299999817e-04 4.624123974700000098e-08 9.727853611600000217e-08 1.954388397699999998e-05 1.570305832700000116e-08 1.000000000000000038e-25 3.718434452700000185e-06 2.193070570899999915e-07 1.458964301700000118e-07 3.504524826700000191e-09 9.701235137000000373e-08 2.790350523300000065e-08 1.816807797299999997e-11 4.823815220900000012e-08 5.462235881999999827e-05 1.000000000000000038e-25 3.877419167799999852e-06 6.643375647799999815e-05
1.129462705897041452e+00 2.101793926000403644e+03 2.712450054599999799e-03 8.340988860000000393e-01 1.620051647899999892e-01 3.638522084099999904e-04 2.870085559100000065e-08 5.241445291600000398e-04 4.624433952600000163e-08 1.225079266800000060e-07 1.989120327300000142e-05 1.977000188299999907e-08 1.000000000000000038e-25 3.719558736199999894e-06 2.217223046999999880e-07 1.459264510000000007e-07 3.506268254700000113e-09 1.088180666199999965e-07 2.495842497800000072e-08 1.822273618499999945e-11 6.535979872799999555e-08 5.461963174000000000e-05 1.000000000000000038e-25 3.875589659900000112e-06 6.644056981900000290e-05
1.421909302127586150e+00 2.101850768542306469e+03 2.418190344700000063e-03 8.343690963100000024e-01 1.620290953500000131e-01 3.639126173400000102e-04 4.555608231499999978e-08 5.241992075100000009e-04 4.623990718399999695e-08 1.543517790800000090e-07 2.020453273699999991e-05 2.490946974000000009e-08 1.000000000000000038e-25 3.720536075200000035e-06 2.238756761299999979e-07 1.459445826700000106e-07 3.505857584599999883e-09 1.221408089000000085e-07 2.233659940700000083e-08 1.830902576700000023e-11 8.735357642900000584e-08 5.461433028500000205e-05 1.000000000000000038e-25 3.873389696199999666e-06 6.644552892599999523e-05
1.790077753714927056e+00 2.102009154408366157e+03 2.157773601899999876e-03 8.346082051900000076e-01 1.620502824299999978e-01 3.639770310599999784e-04 7.217136810200000169e-08 5.242336311999999622e-04 4.623266676999999963e-08 1.943118489700000068e-07 2.048641709899999867e-05 3.136192786700000172e-08 1.000000000000000038e-25 3.721386567100000009e-06 2.257949802899999918e-07 1.459566841500000123e-07 3.504609446600000019e-09 1.370611233100000116e-07 1.999949013100000132e-08 1.840414441400000005e-11 1.147001129399999987e-07 5.460651124900000187e-05 1.000000000000000038e-25 3.870805216800000312e-06 6.644877367099999801e-05
2.253574373239140449e+00 2.102247037575049944e+03 1.925996539999999925e-03 8.348209811800000324e-01 1.620691511700000087e-01 3.640529547999999858e-04 1.143394546000000049e-07 5.242428859400000314e-04 4.622352669500000143e-08 2.446472241900000239e-07 2.074097017800000101e-05 3.949201312100000122e-08 1.000000000000000038e-25 3.722128777800000174e-06 2.275118176099999923e-07 1.459640105600000099e-07 3.502756422299999874e-09 1.538339038099999969e-07 1.790588109000000031e-08 1.850599815600000087e-11 1.476566940899999886e-07 5.459606249100000189e-05 1.000000000000000038e-25 3.867795444999999939e-06 6.645038400400000078e-05
2.837082045838864808e+00 2.102591967349675542e+03 1.720540615400000060e-03 8.350095393799999988e-01 1.620858930899999883e-01 3.641505191099999824e-04 1.808367340900000113e-07 5.242182451400000023e-04 4.621223709599999771e-08 3.078055098800000147e-07 2.096978215600000045e-05 4.969569863200000178e-08 1.000000000000000038e-25 3.722771054500000149e-06 2.290380774100000022e-07 1.459661197500000091e-07 3.499844961299999897e-09 1.726282778199999979e-07 1.603936549699999916e-08 1.861876602700000031e-11 1.855872117699999897e-07 5.458287930600000143e-05 1.000000000000000038e-25 3.864336923300000224e-06 6.645037332900000007e-05
3.571674682851528004e+00 2.103089518775404940e+03 1.538241832800000056e-03 8.351767635100000309e-01 1.621007703100000030e-01 3.642854938199999735e-04 2.858513998299999895e-07 5.241455457500000456e-04 4.619744200599999953e-08 3.872638343100000027e-07 2.117582975100000149e-05 6.253702232600000545e-08 1.000000000000000038e-25 3.723323843799999943e-06 2.303930592199999925e-07 1.459611634300000094e-07 3.496038765400000179e-09 1.937726708900000085e-07 1.437499635800000054e-08 1.875406020200000102e-11 2.272864287399999899e-07 5.456672133399999682e-05 1.000000000000000038e-25 3.860382608900000392e-06 6.644872266599999690e-05
4.496472020903658162e+00 2.103804283054133521e+03 1.377242735400000103e-03 8.353243276599999767e-01 1.621139410000000114e-01 3.644807468599999857e-04 4.508355990799999878e-07 5.240028801100000445e-04 4.617839760399999993e-08 4.868664814800000299e-07 2.136081865900000141e-05 7.863714981500000333e-08 1.000000000000000038e-25 3.723793432099999998e-06 2.315872751400000005e-07 1.459477139499999884e-07 3.490781105700000018e-09 2.175076926799999946e-07 1.289878502600000009e-08 1.892172200899999953e-11 2.706447156999999896e-07 5.454740114500000080e-05 1.000000000000000038e-25 3.855903901299999873e-06 6.644540029200000485e-05
5.660722890537083885e+00 2.104832737693676791e+03 1.235298981099999978e-03 8.354542432399999496e-01 1.621255992300000004e-01 3.647720210400000069e-04 7.098204742100000197e-07 5.237554772299999727e-04 4.615289180699999774e-08 6.119202360799999841e-07 2.152735963599999877e-05 9.885449197800000430e-08 1.000000000000000038e-25 3.724186692100000143e-06 2.326348223299999941e-07 1.459222284499999988e-07 3.483332937099999972e-09 2.442603246000000255e-07 1.159270196899999962e-08 1.914297372400000134e-11 3.134199855499999946e-07 5.452455698099999940e-05 1.000000000000000038e-25 3.850850028399999707e-06 6.644031397300000465e-05
7.126427896022061503e+00 2.106318961788808792e+03 1.111258030800000088e-03 8.355674967399999709e-01 1.621358556899999970e-01 3.652113177300000220e-04 1.113111203099999931e-06 5.233517769100000079e-04 4.611837522100000174e-08 7.682362689800000376e-07 2.167714419200000059e-05 1.241244686300000085e-07 1.000000000000000038e-25 3.724507147500000019e-06 2.335423302400000031e-07 1.458801406400000012e-07 3.472812082000000180e-09 2.743838684299999828e-07 1.044824467700000044e-08 1.944544064000000149e-11 3.532837938999999745e-07 5.449787282799999717e-05 1.000000000000000038e-25 3.845198827299999722e-06 6.643335567699999744e-05
8.971641173621007326e+00 2.108476481109568340e+03 1.003673643500000096e-03 8.356653071799999832e-01 1.621448542199999954e-01 3.658774540699999910e-04 1.737433724000000023e-06 5.227133069600000152e-04 4.607102678899999804e-08 9.635318826100000915e-07 2.181269729199999946e-05 1.556813308399999885e-07 1.000000000000000038e-25 3.724758779900000009e-06 2.343191325200000092e-07 1.458144879799999983e-07 3.457915258500000155e-09 3.084533453199999916e-07 9.453893372699999650e-09 1.987214274899999938e-11 3.886655310800000255e-07 5.446682207899999678e-05 1.000000000000000038e-25 3.838911981699999828e-06 6.642433409599999693e-05
1.129462705897032393e+01 2.111613115810241652e+03 9.121323242199999830e-04 8.357479046500000397e-01 1.621526646099999969e-01 3.668790531999999833e-04 2.689208343400000194e-06 5.217313422199999469e-04 4.600523190299999895e-08 1.205792465099999910e-06 2.193591007900000015e-05 1.947874109299999973e-07 1.000000000000000038e-25 3.724942577400000171e-06 2.349676037699999917e-07 1.457148825300000033e-07 3.436784988799999877e-09 3.469907880999999805e-07 8.607512852299999955e-09 2.048797177000000158e-11 4.185655322799999893e-07 5.443090634199999872e-05 1.000000000000000038e-25 3.832003584999999673e-06 6.641302273800000274e-05
1.421909302127574648e+01 2.116182553281430046e+03 8.358243578899999561e-04 8.358158115899999574e-01 1.621594064599999885e-01 3.683763561800000022e-04 4.125467092500000361e-06 5.202454875700000163e-04 4.591174606599999946e-08 1.506729171799999911e-06 2.205004187299999870e-05 2.432832138499999983e-07 1.000000000000000038e-25 3.725059547200000179e-06 2.354934450499999870e-07 1.455643777200000116e-07 3.406498433699999982e-09 3.910882145800000103e-07 7.903303486600000476e-09 2.140219015500000084e-11 4.429867952200000186e-07 5.438907405499999694e-05 1.000000000000000038e-25 3.824453051399999901e-06 6.639896076299999742e-05
1.790077753714912134e+01 2.122863720436099356e+03 7.759036791099999933e-04 8.358677186999999842e-01 1.621650464499999889e-01 3.705515821199999865e-04 6.224992571900000413e-06 5.180731872499999818e-04 4.577572751800000259e-08 1.875279525000000018e-06 2.215678131000000037e-05 3.025763463100000100e-07 1.000000000000000038e-25 3.725105564800000157e-06 2.358892083200000103e-07 1.453364420499999980e-07 3.362852294999999805e-09 4.416050529800000133e-07 7.353992583899999912e-09 2.279004001799999953e-11 4.620749128199999819e-07 5.434045512899999685e-05 1.000000000000000038e-25 3.816404398700000383e-06 6.638164255499999847e-05
2.253574373239121797e+01 2.132647513200651247e+03 7.335771712000000453e-04 8.359022236499999980e-01 1.621695576299999886e-01 3.736187120599999793e-04 9.196004996099999481e-06 5.150008454700000498e-04 4.557320681699999783e-08 2.323446866200000179e-06 2.225881702799999975e-05 3.746738986500000186e-07 1.000000000000000038e-25 3.725074495399999918e-06 2.361478801299999891e-07 1.449875575799999960e-07 3.298975961099999989e-09 5.003022604600000280e-07 6.973450072899999944e-09 2.495706160200000034e-11 4.765257045500000124e-07 5.428328034400000323e-05 1.000000000000000038e-25 3.808028990300000146e-06 6.636011070599999895e-05
2.837082045838841537e+01 2.147005942073995357e+03 7.124369492900000083e-04 8.359158378400000089e-01 1.621726930800000133e-01 3.777161057000000223e-04 1.316809489000000007e-05 5.108924113599999780e-04 4.526483598500000207e-08 2.857716065699999795e-06 2.235665600600000047e-05 4.612180224799999871e-07 1.000000000000000038e-25 3.724952272500000157e-06 2.362468585800000126e-07 1.444436127700000007e-07 3.205141119800000118e-09 5.692726479000000167e-07 6.799319308699999718e-09 2.845839200899999993e-11 4.869288722300000089e-07 5.421537525800000255e-05 1.000000000000000038e-25 3.799765934800000078e-06 6.633299572099999751e-05
3.571674682851498517e+01 2.167982768233735442e+03 7.181925586800000328e-04 8.359033216000000266e-01 1.621739855800000130e-01 3.828388267400000097e-04 1.812023942600000110e-05 5.057589051999999497e-04 4.479451012399999971e-08 3.482723289899999837e-06 2.244900144899999935e-05 5.648136498099999670e-07 1.000000000000000038e-25 3.724713996699999935e-06 2.361490294700000058e-07 1.435801349000000108e-07 3.068083081399999968e-09 6.520656546000000227e-07 6.891956675200000304e-09 3.435238212399999750e-11 4.939027874800000126e-07 5.413303515300000240e-05 1.000000000000000038e-25 3.792253540300000134e-06 6.629795125300000044e-05
4.496472020903621569e+01 2.197921031383024911e+03 7.602353307299999745e-04 8.358564724200000517e-01 1.621725652899999870e-01 3.886754848900000068e-04 2.371515332900000166e-05 4.999237197999999768e-04 4.410159658200000118e-08 4.191642807699999658e-06 2.253000604399999976e-05 6.886183720600000076e-07 1.000000000000000038e-25 3.724317545300000093e-06 2.357907222700000048e-07 1.422049065699999940e-07 2.875111508099999961e-09 7.531126684600000243e-07 7.351441450399999777e-09 4.465134099499999776e-11 4.978547327900000359e-07 5.403153748199999952e-05 1.000000000000000038e-25 3.786415319300000072e-06 6.625163022399999384e-05
5.660722890537037699e+01 2.240761159873396991e+03 8.596564508099999906e-04 8.357569055400000391e-01 1.621664709800000048e-01 3.945007910800000031e-04 2.917911519399999886e-05 4.941346157800000386e-04 4.310060855700000277e-08 4.964888486700000360e-06 2.258601725999999891e-05 8.391753078200000468e-07 1.000000000000000038e-25 3.723661582499999950e-06 2.350216880099999964e-07 1.399357957799999913e-07 2.609254900499999838e-09 8.800480000500000307e-07 8.403405026699999782e-09 6.417107881999999831e-11 4.987134722299999833e-07 5.390258969000000260e-05 1.000000000000000038e-25 3.783558011699999798e-06 6.618784600000000265e-05
7.126427896022002528e+01 2.300962451942561529e+03 1.054980055599999932e-03 8.355706558300000086e-01 1.621522168099999994e-01 3.992786471599999950e-04 3.340111209200000305e-05 4.894610444800000411e-04 4.173844044899999674e-08 5.763615636200000296e-06 2.259430669300000028e-05 1.026547302399999978e-06 1.000000000000000038e-25 3.722537535599999850e-06 2.335610614600000015e-07 1.361477895100000048e-07 2.266693803299999963e-09 1.042993959799999973e-06 1.047001988499999959e-08 1.043611094900000063e-10 4.958815818300000495e-07 5.373489351999999797e-05 1.000000000000000038e-25 3.784871167699999973e-06 6.609697029299999808e-05
8.971641173620933785e+01 2.384237340417989799e+03 1.425469541499999960e-03 8.352262357799999926e-01 1.621230292099999915e-01 4.020565992899999773e-04 3.531435307499999698e-05 4.868978905300000264e-04 4.000313485600000263e-08 6.539464354799999642e-06 2.251945773300000086e-05 1.266983068299999898e-06 1.000000000000000038e-25 3.720453206300000093e-06 2.308358165499999968e-07 1.297953702700000079e-07 1.862021057199999948e-09 1.257143827699999944e-06 1.444253182999999984e-08 1.961952831500000043e-10 4.876979399899999800e-07 5.351096423399999858e-05 1.000000000000000038e-25 3.790862300600000054e-06 6.596240088000000204e-05
1.129462705897022943e+02 2.499863158605384342e+03 2.163975492900000169e-03 8.345475792300000029e-01 1.620629647900000136e-01 4.020737785299999863e-04 3.398675594299999954e-05 4.872504353399999960e-04 3.789966366600000045e-08 7.214870773900000369e-06 2.229342607199999958e-05 1.582728106600000020e-06 1.000000000000000038e-25 3.716050920600000164e-06 2.255169968100000107e-07 1.190855512600000033e-07 1.424484933499999971e-09 1.545590089300000028e-06 2.254204824600000001e-08 4.385199821099999812e-10 4.696195014300000167e-07 5.320231416300000033e-05 1.000000000000000038e-25 3.801290105800000097e-06 6.575293111999999456e-05
1.421909302127562853e+02 2.636703920822417786e+03 3.410832779299999892e-03 8.334023983299999605e-01 1.619614701900000120e-01 4.017944550199999999e-04 3.183590466900000030e-05 4.879992806199999760e-04 3.585343601400000227e-08 7.895294615800000680e-06 2.192021524399999876e-05 1.982451883099999990e-06 1.000000000000000038e-25 3.707605090999999813e-06 2.168905178700000087e-07 1.046100680600000058e-07 1.059726832099999985e-09 1.911993307200000191e-06 3.664533790899999812e-08 1.032892175200000079e-09 4.419058962199999798e-07 5.280167500299999886e-05 1.000000000000000038e-25 3.810762787899999833e-06 6.545086504800000664e-05
1.790077753714897710e+02 2.777662889455225013e+03 5.161364140500000405e-03 8.317921571799999914e-01 1.618196295400000095e-01 4.032509959299999990e-04 3.086099391099999688e-05 4.870944599999999869e-04 3.417169689799999725e-08 8.713221634900000654e-06 2.146744937900000100e-05 2.462608669500000097e-06 1.000000000000000038e-25 3.693821572900000045e-06 2.055595722100000131e-07 8.918471370900000029e-08 8.042328558699999512e-10 2.343719380799999854e-06 5.710012738600000057e-08 2.274195608000000065e-09 4.104151154299999877e-07 5.232201939300000102e-05 1.000000000000000038e-25 3.816120854799999989e-06 6.505876316299999819e-05
2.253574373239103465e+02 2.920527497796409079e+03 7.468322613600000132e-03 8.296680395600000146e-01 1.616332101300000101e-01 4.066872204100000160e-04 3.105985336000000247e-05 4.844192907599999915e-04 3.282540460699999712e-08 9.708385024800000567e-06 2.096461548099999887e-05 3.032096007000000179e-06 1.000000000000000038e-25 3.672723314199999810e-06 1.919408861500000006e-07 7.441689159800000544e-08 6.258313970699999500e-10 2.844838918299999795e-06 8.488025509600000268e-08 4.657555958799999973e-09 3.784645969599999958e-07 5.175783854100000269e-05 1.000000000000000038e-25 3.817804786200000041e-06 6.456470556499999418e-05
