# P      T      H      H2       He       H2O       CH4       CO       CO2       NH3       H2S       HCN       C2H2       Na       K       TiO       VO       FeH      e      Hm      PH3      FeI      FeII      CaI      MgI
3.571674682851674833e-05 1.118978868188386059e+03 5.987164261799999633e-06 8.368372964800000480e-01 1.622521337499999994e-01 2.546908628700000226e-04 3.278830201100000156e-12 5.248933760799999503e-04 1.479345562099999932e-07 6.507592360600000194e-11 2.224465416299999966e-05 1.136254272000000069e-12 1.000000000000000038e-25 3.729843577400000144e-06 2.215970984100000054e-07 1.000000000000000038e-25 1.000000000000000038e-25 1.000000000000000038e-25 1.000000000000000038e-25 1.000000000000000038e-25 6.806522754199999543e-08 1.000000000000000038e-25 1.000000000000000038e-25 1.000000000000000038e-25 7.523330278299999260e-12
4.496472020903842217e-05 1.125286753285730811e+03 6.104018909199999944e-06 8.368371820600000177e-01 1.622521266799999973e-01 2.546641931900000080e-04 4.534348285100000259e-12 5.248963280700000506e-04 1.449581187400000091e-07 7.920711226600000174e-11 2.227838053600000141e-05 1.426117086799999942e-12 1.000000000000000038e-25 3.729841971600000184e-06 2.218084291599999886e-07 1.000000000000000038e-25 1.000000000000000038e-25 1.000000000000000038e-25 1.000000000000000038e-25 1.000000000000000038e-25 7.691064293700000050e-08 1.000000000000000038e-25 1.000000000000000038e-25 1.000000000000000038e-25 9.904806427800000755e-12
5.660722890537316039e-05 1.138535705047306237e+03 7.178539935499999829e-06 8.368361855699999463e-01 1.622520371399999994e-01 2.546057102399999837e-04 5.430000056399999912e-12 5.249019773399999809e-04 1.390177468600000022e-07 9.305697380800000381e-11 2.232811186700000137e-05 1.785158394299999902e-12 1.000000000000000038e-25 3.729838938200000002e-06 2.243348903700000070e-07 1.000000000000000038e-25 1.000000000000000038e-25 1.000000000000000038e-25 1.000000000000000038e-25 1.000000000000000038e-25 7.529289436499999383e-08 1.000000000000000038e-25 1.000000000000000038e-25 1.000000000000000038e-25 2.390451083900000113e-11
7.126427896022353330e-05 1.150573257317096704e+03 8.185640049800000531e-06 8.368352520399999772e-01 1.622519540500000079e-01 2.545540768499999855e-04 6.706307283700000097e-12 5.249067591599999513e-04 1.339651958600000040e-07 1.101456733199999951e-10 2.237319821999999856e-05 2.235410074300000130e-12 1.000000000000000038e-25 3.729835863900000062e-06 2.261653019399999953e-07 1.000000000000000038e-25 1.000000000000000038e-25 1.000000000000000038e-25 1.000000000000000038e-25 1.000000000000000038e-25 7.597182799199999720e-08 1.000000000000000038e-25 1.000000000000000038e-25 1.000000000000000038e-25 4.964041155200000257e-11
8.971641173621374690e-05 1.161562317610192167e+03 9.096279508699999295e-06 8.368344077399999525e-01 1.622518796500000138e-01 2.545082048099999838e-04 8.504464004199999645e-12 5.249108699900000312e-04 1.296111310199999902e-07 1.312365186800000014e-10 2.241491808600000091e-05 2.801280085200000078e-12 1.000000000000000038e-25 3.729832792599999816e-06 2.275003518700000024e-07 1.000000000000000038e-25 1.000000000000000038e-25 1.000000000000000038e-25 1.000000000000000038e-25 1.000000000000000038e-25 7.866472623300000530e-08 1.000000000000000038e-25 1.000000000000000038e-25 1.000000000000000038e-25 9.093846623500000028e-11
1.129462705897078389e-04 1.172413518981418520e+03 1.004235324400000084e-05 8.368335311600000326e-01 1.622518025899999938e-01 2.544639056900000135e-04 1.084767252899999968e-11 5.249146884599999695e-04 1.255401028000000108e-07 1.565432236600000073e-10 2.245532216400000032e-05 3.508919634199999852e-12 1.000000000000000038e-25 3.729829536800000012e-06 2.286602187300000005e-07 1.000000000000000038e-25 1.000000000000000038e-25 1.000000000000000038e-25 1.000000000000000038e-25 1.000000000000000038e-25 8.193629726900000076e-08 1.000000000000000038e-25 1.000000000000000038e-25 1.000000000000000038e-25 1.612710447000000013e-10
1.421909302127632546e-04 1.182463386730152706e+03 1.087075062600000043e-05 8.368327628299999654e-01 1.622517358299999934e-01 2.544240172699999939e-04 1.413448382699999989e-11 5.249180504499999494e-04 1.219577485000000002e-07 1.877997089199999964e-10 2.249366180399999855e-05 4.401124677400000332e-12 1.000000000000000038e-25 3.729826297800000015e-06 2.295148110499999877e-07 1.000000000000000038e-25 1.000000000000000038e-25 1.000000000000000038e-25 1.000000000000000038e-25 1.000000000000000038e-25 8.705319160799999482e-08 1.000000000000000038e-25 1.000000000000000038e-25 1.000000000000000038e-25 2.600263168900000157e-10
1.790077753714985496e-04 1.192502520213381558e+03 1.173067176899999974e-05 8.368319654800000507e-01 1.622516666499999871e-01 2.543850208400000117e-04 1.846008487700000137e-11 5.249212303199999674e-04 1.185484061700000031e-07 2.253561217300000101e-10 2.253127218999999903e-05 5.517330550700000172e-12 1.000000000000000038e-25 3.729822861000000084e-06 2.302884000999999940e-07 1.000000000000000038e-25 1.000000000000000038e-25 1.000000000000000038e-25 1.000000000000000038e-25 1.000000000000000038e-25 9.268031815599999899e-08 1.000000000000000038e-25 1.000000000000000038e-25 1.000000000000000038e-25 4.126429757699999960e-10
2.253574373239214108e-04 1.202298423270490730e+03 1.256055279899999921e-05 8.368311955199999597e-01 1.622516002499999888e-01 2.543479069799999838e-04 2.431275177900000067e-11 5.249241823300000200e-04 1.153740922699999981e-07 2.710270832399999888e-10 2.256797656600000135e-05 6.920039913700000382e-12 1.000000000000000038e-25 3.729819294600000192e-06 2.309397630299999905e-07 1.000000000000000038e-25 1.000000000000000038e-25 1.000000000000000038e-25 1.000000000000000038e-25 1.000000000000000038e-25 9.936140268899999982e-08 1.000000000000000038e-25 1.000000000000000038e-25 1.000000000000000038e-25 6.304994164499999723e-10
2.837082045838957515e-04 1.212157672331432877e+03 1.342757971199999924e-05 8.368303910300000092e-01 1.622515309199999978e-01 2.543114513499999756e-04 3.205230926899999812e-11 5.249269980499999535e-04 1.123243185900000013e-07 3.259529156900000028e-10 2.260418052500000075e-05 8.675734407800000505e-12 1.000000000000000038e-25 3.729815494699999822e-06 2.315440642799999947e-07 1.000000000000000038e-25 1.000000000000000038e-25 1.000000000000000038e-25 1.000000000000000038e-25 1.000000000000000038e-25 1.065483853399999937e-07 1.000000000000000038e-25 1.000000000000000038e-25 1.000000000000000038e-25 9.552976923099999304e-10
3.571674682851644746e-04 1.222429854953153153e+03 1.441654236299999957e-05 8.368294737899999447e-01 1.622514515200000063e-01 2.542744357100000063e-04 4.209430176099999993e-11 5.249297606899999647e-04 1.092922391999999937e-07 3.916983615800000002e-10 2.264039451800000161e-05 1.087940068199999923e-11 1.000000000000000038e-25 3.729811315500000078e-06 2.321606404099999995e-07 1.000000000000000038e-25 1.000000000000000038e-25 1.000000000000000038e-25 1.000000000000000038e-25 1.000000000000000038e-25 1.136858281799999949e-07 1.000000000000000038e-25 1.000000000000000038e-25 1.000000000000000038e-25 1.477240132699999946e-09
4.496472020903805218e-04 1.233092458834276840e+03 1.554032125499999896e-05 8.368284315099999704e-01 1.622513609400000056e-01 2.542372740199999809e-04 5.503561569900000049e-11 5.249324520499999529e-04 1.062917536199999937e-07 4.700993874599999973e-10 2.267644329800000042e-05 1.363723979000000077e-11 1.000000000000000038e-25 3.729806730200000058e-06 2.327817921300000089e-07 1.000000000000000038e-25 1.000000000000000038e-25 1.000000000000000038e-25 1.000000000000000038e-25 1.000000000000000038e-25 1.207046394299999900e-07 1.000000000000000038e-25 1.000000000000000038e-25 1.000000000000000038e-25 2.327107097100000050e-09
5.660722890537269554e-04 1.243939938565846205e+03 1.675027977100000079e-05 8.368273082099999538e-01 1.622512632499999996e-01 2.542011617199999821e-04 7.200209558999999851e-11 5.249350248100000029e-04 1.033821009599999953e-07 5.643724075599999680e-10 2.271211251500000123e-05 1.709994946899999873e-11 1.000000000000000038e-25 3.729801781899999885e-06 2.333683575000000021e-07 1.000000000000000038e-25 1.000000000000000038e-25 1.000000000000000038e-25 1.000000000000000038e-25 1.000000000000000038e-25 1.280646083899999984e-07 1.000000000000000038e-25 1.000000000000000038e-25 1.000000000000000038e-25 3.662787354299999884e-09
7.126427896022295054e-04 1.254844168773590809e+03 1.801375482499999845e-05 8.368261329899999712e-01 1.622511611099999862e-01 2.541671060300000140e-04 9.438048241899999809e-11 5.249374524299999911e-04 1.005968543899999992e-07 6.777723988800000018e-10 2.274718238299999981e-05 2.143713708400000133e-11 1.000000000000000038e-25 3.729796505599999793e-06 2.339047704800000073e-07 1.000000000000000038e-25 1.000000000000000038e-25 1.000000000000000038e-25 1.000000000000000038e-25 1.000000000000000038e-25 1.359872348800000127e-07 1.000000000000000038e-25 1.000000000000000038e-25 1.000000000000000038e-25 5.698906040700000207e-09
8.971641173621299880e-04 1.265816561098267812e+03 1.933481194399999838e-05 8.368249006900000397e-01 1.622510540600000106e-01 2.541357054399999860e-04 1.240013271200000044e-10 5.249397447899999472e-04 9.792255664399999701e-08 8.144986830400000512e-10 2.278172654499999912e-05 2.688075404499999941e-11 1.000000000000000038e-25 3.729790865200000212e-06 2.343976128400000072e-07 1.000000000000000038e-25 1.000000000000000038e-25 1.000000000000000038e-25 1.000000000000000038e-25 1.000000000000000038e-25 1.444946910499999995e-07 1.000000000000000038e-25 1.000000000000000038e-25 1.000000000000000038e-25 8.771133624200000132e-09
1.129462705897069227e-03 1.276952520071328308e+03 2.074442252999999847e-05 8.368235806299999524e-01 1.622509392800000061e-01 2.541079023000000141e-04 1.628565427200000040e-10 5.249419111899999860e-04 9.533853830699999375e-08 9.784283124600000075e-10 2.281567273200000055e-05 3.368810520600000020e-11 1.000000000000000038e-25 3.729784802399999861e-06 2.348618959000000005e-07 1.000000000000000038e-25 1.000000000000000038e-25 1.000000000000000038e-25 1.000000000000000038e-25 1.000000000000000038e-25 1.533471282499999920e-07 1.000000000000000038e-25 1.000000000000000038e-25 1.000000000000000038e-25 1.345648896099999937e-08
1.421909302127621162e-03 1.288312807094305754e+03 2.225933137799999975e-05 8.368221536800000138e-01 1.622508150399999960e-01 2.540853279899999914e-04 2.141647503099999989e-10 5.249439618600000058e-04 9.282537807800000215e-08 1.176260867800000021e-09 2.284915181899999952e-05 4.225686345099999847e-11 1.000000000000000038e-25 3.729778234899999913e-06 2.353024086800000048e-07 1.000000000000000038e-25 1.000000000000000038e-25 1.000000000000000038e-25 1.000000000000000038e-25 1.000000000000000038e-25 1.625849092999999956e-07 1.000000000000000038e-25 1.000000000000000038e-25 1.000000000000000038e-25 2.064858515900000076e-08
1.790077753714970805e-03 1.299997877111956313e+03 2.394100451999999860e-05 8.368205565299999815e-01 1.622506755099999975e-01 2.540711207300000267e-04 2.807340516499999877e-10 5.249458944400000075e-04 9.036327596700000190e-08 1.412537686900000046e-09 2.288185503900000116e-05 5.297008110999999709e-11 1.000000000000000038e-25 3.729771060899999935e-06 2.357350294599999948e-07 1.000000000000000038e-25 1.000000000000000038e-25 1.000000000000000038e-25 1.000000000000000038e-25 1.000000000000000038e-25 1.717602121400000132e-07 1.000000000000000038e-25 1.000000000000000038e-25 1.000000000000000038e-25 3.200878550700000111e-08
2.253574373239196002e-03 1.312283859243081679e+03 2.589849865200000007e-05 8.368186742900000086e-01 1.622505101199999966e-01 2.540716231400000228e-04 3.660496239999999820e-10 5.249477169800000021e-04 8.790590503899999685e-08 1.694323232600000009e-09 2.291360141500000088e-05 6.640912315499999607e-11 1.000000000000000038e-25 3.729763043600000171e-06 2.361790480799999877e-07 1.000000000000000038e-25 1.000000000000000038e-25 1.000000000000000038e-25 1.000000000000000038e-25 1.000000000000000038e-25 1.804134005400000052e-07 1.000000000000000038e-25 1.000000000000000038e-25 1.000000000000000038e-25 5.095830198200000302e-08
2.837082045838934530e-03 1.325406317693925303e+03 2.828987860199999837e-05 8.368163310699999746e-01 1.622503026300000095e-01 2.541014578500000042e-04 4.722935589499999542e-10 5.249494081999999838e-04 8.541915756899999973e-08 2.026565364200000019e-09 2.294348163099999891e-05 8.319281671199999946e-11 1.000000000000000038e-25 3.729753869300000126e-06 2.366522286699999911e-07 1.000000000000000038e-25 1.000000000000000038e-25 1.000000000000000038e-25 1.000000000000000038e-25 1.000000000000000038e-25 1.878159323699999896e-07 1.000000000000000038e-25 1.000000000000000038e-25 1.000000000000000038e-25 8.484193559899999716e-08
3.571674682851615906e-03 1.339451628626678485e+03 3.119947230199999718e-05 8.368133927499999958e-01 1.622500405800000045e-01 2.541897431599999982e-04 6.037338289099999567e-10 5.249509081399999881e-04 8.291746419000000149e-08 2.418849207399999874e-09 2.296994189999999834e-05 1.042066421299999974e-10 1.000000000000000038e-25 3.729743224400000020e-06 2.371438449599999967e-07 1.000000000000000038e-25 1.000000000000000038e-25 1.000000000000000038e-25 1.000000000000000038e-25 1.000000000000000038e-25 1.939599608999999936e-07 1.000000000000000038e-25 1.000000000000000038e-25 1.000000000000000038e-25 1.475336995999999930e-07
4.496472020903767922e-03 1.354503385934099697e+03 3.477683416199999969e-05 8.368095836700000234e-01 1.622496964100000050e-01 2.543987619800000110e-04 7.628633596899999683e-10 5.249521058300000076e-04 8.041910920900000505e-08 2.878562554800000076e-09 2.298959428600000159e-05 1.303945713299999931e-10 1.000000000000000038e-25 3.729730492000000124e-06 2.376497539099999914e-07 1.000000000000000038e-25 1.000000000000000038e-25 1.000000000000000038e-25 1.000000000000000038e-25 1.000000000000000038e-25 1.985468591299999986e-07 1.000000000000000038e-25 1.000000000000000038e-25 1.000000000000000038e-25 2.687792815100000077e-07
5.660722890537223800e-03 1.370667579506148058e+03 3.919597990299999670e-05 8.368045131000000358e-01 1.622492358900000098e-01 2.548620266299999769e-04 9.529006874099999571e-10 5.249528474200000280e-04 7.796256447700000139e-08 3.417189741999999827e-09 2.299583721199999916e-05 1.630173319300000030e-10 1.000000000000000038e-25 3.729714833200000115e-06 2.381611730799999886e-07 1.000000000000000038e-25 1.000000000000000038e-25 1.000000000000000038e-25 1.000000000000000038e-25 1.000000000000000038e-25 2.015066079500000023e-07 1.000000000000000038e-25 1.000000000000000038e-25 1.000000000000000038e-25 5.122781105099999719e-07
7.126427896022236724e-03 1.388170460091602081e+03 4.477138321299999708e-05 8.367970776599999994e-01 1.622485319699999984e-01 2.558851883700000119e-04 1.171488355900000080e-09 5.249526511700000533e-04 7.561956783700000325e-08 4.042090612100000309e-09 2.297401001699999999e-05 2.032432863800000115e-10 1.000000000000000038e-25 3.729693282600000058e-06 2.386767573099999824e-07 1.000000000000000038e-25 1.000000000000000038e-25 1.000000000000000038e-25 1.000000000000000038e-25 1.000000000000000038e-25 2.023778950699999976e-07 1.000000000000000038e-25 1.000000000000000038e-25 1.000000000000000038e-25 1.024142495799999916e-06
8.971641173621227455e-03 1.407229806075802117e+03 5.191754722299999790e-05 8.367862001700000496e-01 1.622475417600000025e-01 2.581469851600000235e-04 1.412390261399999919e-09 5.249512150200000239e-04 7.355840088899999973e-08 4.764080246400000404e-09 2.289397020300000012e-05 2.521515516099999742e-10 1.000000000000000038e-25 3.729664621099999797e-06 2.391899084099999952e-07 1.000000000000000038e-25 1.000000000000000038e-25 1.000000000000000038e-25 1.000000000000000038e-25 1.000000000000000038e-25 2.008986419499999921e-07 1.000000000000000038e-25 1.000000000000000038e-25 1.000000000000000038e-25 2.129150868699999836e-06
1.129462705897060076e-02 1.427990564800445554e+03 6.116785603299999764e-05 8.367708365899999556e-01 1.622461350899999932e-01 2.617280088300000165e-04 1.666485002099999982e-09 5.249481328799999883e-04 7.177162578500000493e-08 5.590054913999999666e-09 2.278046397199999916e-05 3.109992656899999920e-10 1.000000000000000038e-25 3.729625822199999842e-06 2.396897995600000138e-07 1.000000000000000038e-25 1.000000000000000038e-25 1.000000000000000038e-25 1.000000000000000038e-25 1.000000000000000038e-25 1.968606688000000053e-07 1.000000000000000038e-25 1.000000000000000038e-25 1.000000000000000038e-25 4.092370384500000287e-06
1.421909302127609409e-02 1.450880044888094972e+03 7.345139791300000663e-05 8.367502414999999916e-01 1.622443888100000009e-01 2.672760914800000010e-04 1.918297224799999958e-09 5.249435626700000483e-04 7.036395075900000364e-08 6.533337079999999919e-09 2.266200860500000065e-05 3.810212575600000226e-10 1.000000000000000038e-25 3.729578366899999953e-06 2.401723978200000221e-07 1.000000000000000038e-25 1.000000000000000038e-25 1.000000000000000038e-25 1.000000000000000038e-25 1.000000000000000038e-25 1.899364540400000126e-07 1.000000000000000038e-25 1.000000000000000038e-25 1.000000000000000038e-25 7.743390122700000530e-06
1.790077753714956060e-02 1.476264900009366329e+03 9.017217299500000164e-05 8.367314122000000243e-01 1.622427830400000048e-01 2.694808292400000188e-04 2.186288786300000122e-09 5.249404362600000205e-04 6.792739670099999761e-08 7.590040004100000098e-09 2.262479275199999975e-05 4.723241703200000355e-10 1.000000000000000038e-25 3.729535509099999854e-06 2.406330061800000104e-07 1.000000000000000038e-25 1.000000000000000038e-25 1.000000000000000038e-25 1.000000000000000038e-25 1.000000000000000038e-25 1.796269037600000107e-07 1.000000000000000038e-25 1.000000000000000038e-25 1.000000000000000038e-25 9.229306452600000014e-06
2.253574373239176920e-02 1.503936948288339408e+03 1.125647674999999978e-04 8.367108505400000507e-01 1.622409568000000024e-01 2.693949323600000265e-04 2.473541370700000170e-09 5.249371459899999882e-04 6.489211463200000127e-08 8.783779475799999330e-09 2.263239576100000054e-05 5.905366245900000394e-10 1.000000000000000038e-25 3.729488583899999844e-06 2.410477796099999831e-07 1.000000000000000038e-25 1.000000000000000038e-25 1.000000000000000038e-25 1.000000000000000038e-25 1.000000000000000038e-25 1.670268942099999982e-07 1.000000000000000038e-25 1.000000000000000038e-25 1.000000000000000038e-25 9.229171480700000275e-06
2.837082045838910938e-02 1.533212844519256578e+03 1.414408567800000025e-04 8.366843363000000533e-01 1.622386032900000052e-01 2.693055724500000112e-04 2.779624801500000061e-09 5.249319921999999689e-04 6.196265517500000088e-08 1.014505405700000009e-08 2.262759054899999948e-05 7.379525195199999918e-10 1.000000000000000038e-25 3.729387899199999799e-06 2.402784079799999907e-07 1.000000000000000038e-25 1.000000000000000038e-25 1.000000000000000038e-25 1.205484583500000098e-09 1.188676648700000016e-14 1.537921255300000114e-07 1.000000000000000038e-25 1.000000000000000038e-25 1.000000000000000038e-25 9.228999780699999580e-06
3.571674682851586069e-02 1.563683027221893099e+03 1.778046273400000099e-04 8.366436256799999471e-01 1.622347243599999989e-01 2.719038277999999767e-04 3.094272439099999803e-09 5.249211205200000376e-04 5.977498393399999918e-08 1.171985677500000031e-08 2.250991192400000158e-05 9.133924654300000253e-10 1.000000000000000038e-25 3.729273248900000000e-06 2.402395835099999755e-07 1.000000000000000038e-25 1.000000000000000038e-25 1.000000000000000038e-25 1.519691192800000044e-09 2.020248176700000117e-14 1.409987032500000129e-07 1.000000000000000038e-25 1.000000000000000038e-25 1.195118501000000092e-06 9.877475083299999814e-06
4.496472020903731492e-02 1.595814064785711253e+03 2.246105804099999886e-04 8.365843509400000544e-01 1.622296963500000078e-01 2.821772570299999777e-04 3.334869642299999818e-09 5.249049199599999712e-04 5.925948262700000214e-08 1.351934956099999990e-08 2.212542548599999860e-05 1.099486725300000092e-09 1.000000000000000038e-25 3.729121705500000023e-06 2.401013680200000082e-07 1.000000000000000038e-25 1.000000000000000038e-25 1.000000000000000038e-25 1.925951227200000091e-09 3.456768368299999877e-14 1.281196414799999987e-07 1.000000000000000038e-25 1.000000000000000038e-25 3.683319291100000021e-06 1.238251704700000014e-05
5.660722890537177310e-02 1.629524501611827645e+03 2.844252175499999754e-04 8.365294241199999759e-01 1.622248283399999880e-01 2.820673910999999825e-04 3.726855492600000368e-09 5.248911369599999679e-04 5.659253914200000254e-08 1.559211944699999868e-08 2.208421664599999901e-05 1.374625821200000044e-09 1.000000000000000038e-25 3.728967214000000077e-06 2.397993666600000187e-07 1.000000000000000038e-25 1.000000000000000038e-25 1.000000000000000038e-25 2.447494102299999947e-09 5.934457843400000472e-14 1.156825432500000018e-07 1.000000000000000038e-25 1.000000000000000038e-25 3.685125107899999826e-06 1.238204921300000074e-05
7.126427896022177744e-02 1.664289028892339047e+03 3.589068088299999745e-04 8.364610286800000516e-01 1.622187691299999956e-01 2.819545567900000153e-04 4.180475779400000243e-09 5.248731907399999943e-04 5.409460231900000079e-08 1.799565102399999934e-08 2.202434521000000135e-05 1.718479181099999990e-09 1.000000000000000038e-25 3.728770093699999909e-06 2.393417662800000003e-07 1.000000000000000038e-25 1.000000000000000038e-25 1.000000000000000038e-25 3.100358870199999828e-09 1.012469860900000023e-13 1.044051605000000007e-07 1.000000000000000038e-25 1.000000000000000038e-25 3.686645216000000110e-06 1.238146801000000059e-05
8.971641173621153209e-02 1.697643988810419614e+03 4.406149452700000037e-04 8.363859955000000346e-01 1.622121250799999914e-01 2.818484446099999829e-04 4.823539392699999870e-09 5.248527506300000199e-04 5.191138303099999677e-08 2.091808543299999982e-08 2.196027612200000004e-05 2.150185053500000181e-09 1.000000000000000038e-25 3.728545561200000106e-06 2.387853870299999794e-07 1.000000000000000038e-25 1.000000000000000038e-25 1.000000000000000038e-25 3.821168072299999924e-09 1.655309902400000009e-13 9.676068954999999817e-08 1.000000000000000038e-25 1.000000000000000038e-25 3.687664150000000047e-06 1.238081756799999947e-05
1.129462705897050778e-01 1.730292472457598478e+03 5.311530890999999763e-04 8.363028522100000028e-01 1.622047654700000119e-01 2.817462433700000245e-04 5.665563546000000148e-09 5.248294512699999779e-04 4.995254002800000051e-08 2.441593647900000150e-08 2.189147502500000158e-05 2.690102824900000188e-09 1.000000000000000038e-25 3.728287725899999818e-06 2.381341594199999910e-07 1.000000000000000038e-25 1.000000000000000038e-25 1.000000000000000038e-25 4.625087868500000214e-09 2.629273813699999804e-13 9.130213921999999367e-08 1.000000000000000038e-25 1.000000000000000038e-25 3.688362768499999906e-06 1.238008342499999976e-05
1.421909302127597752e-01 1.769451733865372944e+03 6.699211339000000001e-04 8.361754212399999941e-01 1.621934854300000062e-01 2.816173142799999847e-04 6.376442912099999707e-09 5.247936195600000527e-04 4.780822861800000311e-08 2.820413852700000083e-08 2.176661494100000168e-05 3.366200571100000157e-09 1.000000000000000038e-25 3.727886994800000132e-06 2.371024266700000020e-07 1.000000000000000038e-25 1.000000000000000038e-25 1.000000000000000038e-25 5.862227602899999679e-09 4.475822754199999946e-13 8.184147974399999381e-08 1.000000000000000038e-25 1.000000000000000038e-25 3.689336415200000194e-06 1.237899878400000023e-05
1.790077753714941489e-01 1.801016125652874962e+03 7.816295643400000175e-04 8.360728331100000243e-01 1.621844100100000019e-01 2.815216337699999851e-04 7.748333050300000626e-09 5.247635142200000533e-04 4.622570976799999848e-08 3.320419411699999897e-08 2.169174428300000085e-05 4.216391737699999958e-09 1.000000000000000038e-25 3.727541321700000057e-06 2.362543687899999994e-07 1.000000000000000038e-25 1.000000000000000038e-25 1.000000000000000038e-25 6.869522921799999869e-09 6.757908365800000393e-13 7.996578893099999972e-08 1.000000000000000038e-25 1.000000000000000038e-25 3.689514807500000189e-06 1.237805397400000024e-05
2.253574373239158879e-01 1.812329989648846549e+03 7.653974819600000302e-04 8.360877193900000393e-01 1.621857407600000023e-01 2.815176799900000258e-04 1.119890412499999952e-08 5.247637366200000536e-04 4.569052742799999777e-08 4.084738329099999685e-08 2.178557473100000018e-05 5.300270913599999689e-09 1.000000000000000038e-25 3.727547475400000135e-06 2.363722963299999953e-07 1.000000000000000038e-25 1.000000000000000038e-25 1.000000000000000038e-25 6.743189474400000401e-09 7.812148782100000267e-13 9.513352615999999528e-08 1.000000000000000038e-25 1.000000000000000038e-25 3.688199176799999835e-06 1.237792102900000048e-05
2.837082045838887900e-01 1.818713090656323629e+03 7.191417904500000150e-04 8.361301697499999852e-01 1.621895144100000130e-01 2.815361107600000039e-04 1.684793961100000031e-08 5.247691272299999897e-04 4.539686465300000226e-08 5.074957059000000174e-08 2.191293396199999919e-05 6.664740052900000411e-09 1.000000000000000038e-25 3.727638079599999877e-06 2.367150005100000057e-07 1.000000000000000038e-25 1.000000000000000038e-25 1.000000000000000038e-25 6.347688923700000153e-09 8.475804472600000330e-13 1.173559427399999948e-07 1.000000000000000038e-25 1.000000000000000038e-25 3.686392734399999962e-06 1.237795917599999920e-05
3.571674682851557203e-01 1.824143992103938217e+03 6.701006682200000286e-04 8.361751712699999617e-01 1.621935165800000023e-01 2.815599673100000226e-04 2.556713900799999909e-08 5.247717501099999869e-04 4.515106126500000285e-08 6.320042928999999818e-08 2.203894192999999944e-05 8.384337688899999782e-09 1.000000000000000038e-25 3.727735772000000069e-06 2.370745538600000060e-07 1.000000000000000038e-25 1.000000000000000038e-25 1.000000000000000038e-25 5.925137160499999907e-09 9.082037613199999551e-13 1.441974983999999909e-07 1.000000000000000038e-25 1.000000000000000038e-25 3.684314525499999834e-06 1.237798458500000021e-05
4.496472020903694577e-01 1.824777824377753177e+03 6.004422374899999644e-04 8.362390926699999616e-01 1.621991989899999875e-01 2.816057143800000185e-04 4.030044707300000305e-08 5.247730882100000395e-04 4.512610265499999944e-08 7.945138757699999724e-08 2.218354975799999889e-05 1.055119171600000028e-08 1.000000000000000038e-25 3.727891021800000023e-06 2.375802214600000040e-07 1.000000000000000038e-25 1.000000000000000038e-25 1.000000000000000038e-25 5.314800084500000087e-09 9.164445036600000185e-13 1.806011695900000000e-07 1.000000000000000038e-25 1.000000000000000038e-25 3.681545955000000184e-06 1.237812443699999972e-05
5.660722890537130958e-01 1.823918675961450845e+03 5.313747144099999469e-04 8.363024548199999852e-01 1.622048381700000041e-01 2.816628113500000037e-04 6.433491619400000552e-08 5.247642824700000192e-04 4.517000176900000106e-08 1.002177762500000001e-07 2.232113973500000114e-05 1.328463491200000073e-08 1.000000000000000038e-25 3.728042151700000141e-06 2.380693196399999945e-07 1.000000000000000038e-25 1.000000000000000038e-25 1.000000000000000038e-25 4.706827789300000317e-09 9.074820146099999503e-13 2.229602979199999898e-07 1.000000000000000038e-25 1.000000000000000038e-25 3.678247226100000069e-06 1.237823234599999973e-05
7.126427896022120567e-01 1.821932506598765031e+03 4.659763514899999733e-04 8.363624227999999494e-01 1.622101855799999992e-01 2.817354401399999931e-04 1.035773765600000065e-07 5.247384707900000457e-04 4.526657693200000155e-08 1.266652446599999873e-07 2.244803857999999982e-05 1.672272906899999861e-08 1.000000000000000038e-25 3.728179564099999998e-06 2.385159294299999785e-07 1.000000000000000038e-25 1.000000000000000038e-25 1.000000000000000038e-25 4.129235913799999782e-09 8.858425655299999996e-13 2.690738257199999933e-07 1.000000000000000038e-25 1.000000000000000038e-25 3.674364706900000041e-06 1.237828638999999968e-05
8.971641173621081045e-01 1.818393147449049593e+03 4.033958965099999948e-04 8.364197630999999911e-01 1.622153138699999886e-01 2.818356528099999871e-04 1.689078564600000090e-07 5.246847561200000329e-04 4.543681504800000294e-08 1.606274537200000033e-07 2.256528712199999857e-05 2.105605197100000075e-08 1.000000000000000038e-25 3.728304406099999911e-06 2.389215701300000249e-07 1.000000000000000038e-25 1.000000000000000038e-25 1.000000000000000038e-25 3.574775029200000049e-09 8.478513747399999812e-13 3.169961157299999753e-07 1.000000000000000038e-25 1.000000000000000038e-25 3.669711571699999817e-06 1.237829185600000067e-05
1.129462705897041452e+00 1.814223451338627910e+03 3.474623444600000079e-04 8.364709380300000552e-01 1.622199163999999971e-01 2.819766330100000203e-04 2.765162217899999891e-07 5.245857307499999459e-04 4.564066367900000037e-08 2.038424344300000005e-07 2.266902789800000033e-05 2.649292756500000088e-08 1.000000000000000038e-25 3.728405284200000001e-06 2.392564189400000172e-07 1.000000000000000038e-25 1.000000000000000038e-25 1.000000000000000038e-25 3.078412313500000185e-09 8.047779759700000017e-13 3.622663627100000223e-07 1.000000000000000038e-25 1.000000000000000038e-25 3.664293903700000119e-06 1.237821843300000061e-05
1.421909302127586150e+00 1.810163804794548469e+03 2.993715603500000065e-04 8.365148131099999773e-01 1.622239044400000108e-01 2.821833035099999883e-04 4.530035976100000067e-07 5.244141351099999675e-04 4.584609004899999700e-08 2.588588259400000038e-07 2.275933042999999872e-05 3.334962565700000085e-08 1.000000000000000038e-25 3.728478106999999849e-06 2.395117656299999737e-07 1.000000000000000038e-25 1.000000000000000038e-25 1.000000000000000038e-25 2.651420678800000049e-09 7.646593495299999782e-13 4.018632641999999982e-07 1.000000000000000038e-25 1.000000000000000038e-25 3.658091671400000015e-06 1.237804648299999922e-05
1.790077753714927056e+00 1.806780239066724107e+03 2.594385330499999922e-04 8.365510467100000236e-01 1.622272649800000077e-01 2.824929655200000161e-04 7.368209786800000124e-07 5.241310934300000106e-04 4.602872923599999988e-08 3.280608704000000003e-07 2.283711461100000002e-05 4.192508790199999676e-08 1.000000000000000038e-25 3.728522254300000020e-06 2.396880925699999807e-07 1.000000000000000038e-25 1.000000000000000038e-25 1.000000000000000038e-25 2.296926195300000163e-09 7.326072524400000168e-13 4.340698988400000019e-07 1.000000000000000038e-25 1.000000000000000038e-25 3.651171177499999980e-06 1.237776686099999943e-05
2.253574373239140449e+00 1.804409168496765687e+03 2.266753318099999886e-04 8.365804630600000014e-01 1.622300987399999950e-01 2.829657776000000006e-04 1.188375635100000021e-06 5.236759304899999681e-04 4.617651359700000216e-08 4.150105728099999973e-07 2.290536513100000163e-05 5.266321645500000255e-08 1.000000000000000038e-25 3.728540147600000035e-06 2.397950368500000068e-07 1.000000000000000038e-25 1.000000000000000038e-25 1.000000000000000038e-25 2.006276768999999962e-09 7.108434659699999584e-13 4.591727606500000155e-07 1.000000000000000038e-25 1.000000000000000038e-25 3.643533375699999863e-06 1.237737288699999987e-05
2.837082045838864808e+00 1.803150683293408747e+03 1.999323874199999940e-04 8.366039986500000136e-01 1.622325284799999989e-01 2.836890747699999794e-04 1.894959764199999951e-06 5.229610935700000109e-04 4.629014129999999996e-08 5.235170212099999672e-07 2.296707424499999867e-05 6.601291459699999408e-08 1.000000000000000038e-25 3.728535034400000079e-06 2.398435159800000216e-07 1.000000000000000038e-25 1.000000000000000038e-25 1.000000000000000038e-25 1.769250044399999952e-09 6.994989581200000027e-13 4.781626073900000371e-07 1.000000000000000038e-25 1.000000000000000038e-25 3.635191917199999885e-06 1.237686341000000008e-05
3.571674682851528004e+00 1.802778992929490641e+03 1.776304853300000029e-04 8.366229148799999571e-01 1.622347290399999975e-01 2.848019943399999858e-04 2.995231729099999796e-06 5.218475672200000070e-04 4.638945006400000015e-08 6.593197960999999735e-07 2.302595248400000113e-05 8.257717341399999668e-08 1.000000000000000038e-25 3.728510490499999847e-06 2.398440556200000077e-07 1.000000000000000038e-25 1.000000000000000038e-25 1.000000000000000038e-25 1.571729002400000029e-09 6.961734262200000312e-13 4.924693693399999806e-07 1.000000000000000038e-25 1.000000000000000038e-25 3.626000504299999819e-06 1.237623775399999971e-05
4.496472020903658162e+00 1.802868156975624061e+03 1.584495898399999902e-04 8.366381413500000308e-01 1.622368771200000115e-01 2.865135630800000116e-04 4.698127236699999967e-06 5.201260268199999837e-04 4.650911285399999746e-08 8.291746357499999609e-07 2.308547876299999876e-05 1.029076397199999997e-07 1.000000000000000038e-25 3.728469445399999854e-06 2.398028297799999858e-07 1.000000000000000038e-25 1.000000000000000038e-25 1.000000000000000038e-25 1.401873088499999933e-09 6.969112698300000379e-13 5.032646465199999717e-07 1.000000000000000038e-25 1.000000000000000038e-25 3.615722926999999799e-06 1.237550104599999927e-05
5.660722890537083885e+00 1.803146399726325853e+03 1.415396730900000109e-04 8.366500234100000544e-01 1.622391485099999864e-01 2.891451637299999734e-04 7.326296486200000377e-06 5.174732280800000469e-04 4.668275118600000317e-08 1.042549913099999946e-06 2.314975780800000095e-05 1.276262892400000063e-07 1.000000000000000038e-25 3.728412824300000110e-06 2.397210491100000119e-07 1.000000000000000038e-25 1.000000000000000038e-25 1.000000000000000038e-25 1.252087484600000095e-09 6.992965516100000162e-13 5.114461816499999620e-07 1.000000000000000038e-25 1.000000000000000038e-25 3.604003580600000018e-06 1.237464965499999946e-05
7.126427896022061503e+00 1.803569479661834976e+03 1.265987809599999935e-04 8.366582430200000253e-01 1.622417136000000037e-01 2.931368687099999786e-04 1.132279937299999956e-05 5.134457366300000138e-04 4.693806754999999738e-08 1.309815469600000063e-06 2.322325811800000082e-05 1.570562088000000007e-07 1.000000000000000038e-25 3.728340519699999961e-06 2.395998498299999977e-07 1.000000000000000038e-25 1.000000000000000038e-25 1.000000000000000038e-25 1.119703658600000059e-09 7.028943475900000298e-13 5.176082104199999693e-07 1.000000000000000038e-25 1.000000000000000038e-25 3.590501113100000165e-06 1.237367786699999923e-05
8.971641173621007326e+00 1.804191825566617354e+03 1.134121341800000012e-04 8.366621789299999445e-01 1.622447902699999944e-01 2.990939498800000186e-04 1.729737078600000115e-05 5.074337621400000411e-04 4.730070443000000075e-08 1.644803585800000059e-06 2.331155238000000104e-05 1.912592207600000038e-07 1.000000000000000038e-25 3.728250655100000064e-06 2.394359657100000161e-07 1.000000000000000038e-25 1.000000000000000038e-25 1.000000000000000038e-25 1.002837442499999953e-09 7.082613426899999745e-13 5.222391149800000324e-07 1.000000000000000038e-25 1.000000000000000038e-25 3.574715493200000182e-06 1.237257029299999963e-05
1.129462705897032393e+01 1.805111227584274729e+03 1.018811444300000057e-04 8.366609609099999734e-01 1.622486218199999941e-01 3.077281577300000192e-04 2.596710195899999996e-05 4.987211612999999794e-04 4.778536163399999865e-08 2.062366371099999891e-06 2.341988439299999962e-05 2.294867475499999903e-07 1.000000000000000038e-25 3.728140349099999941e-06 2.392281057000000054e-07 1.000000000000000038e-25 1.000000000000000038e-25 1.000000000000000038e-25 9.006372756400000458e-10 7.163489591900000030e-13 5.256990343699999713e-07 1.000000000000000038e-25 1.000000000000000038e-25 3.556083513899999977e-06 1.237131083699999985e-05
1.421909302127574648e+01 1.806479941922015314e+03 9.182311457200000428e-05 8.366535717699999930e-01 1.622535132700000104e-01 3.199166269500000040e-04 3.821476533100000099e-05 4.864267604499999888e-04 4.838561497299999794e-08 2.584852284300000159e-06 2.355338586499999953e-05 2.705545459300000034e-07 1.000000000000000038e-25 3.728003133299999972e-06 2.389732509199999773e-07 1.000000000000000038e-25 1.000000000000000038e-25 1.000000000000000038e-25 8.115041145499999622e-10 7.286327107900000209e-13 5.282973337199999744e-07 1.000000000000000038e-25 1.000000000000000038e-25 3.533704173099999798e-06 1.236986036499999920e-05
1.790077753714912134e+01 1.808529725974914982e+03 8.324996109199999988e-05 8.366391005200000119e-01 1.622596840999999956e-01 3.363266560299999820e-04 5.471074618800000314e-05 4.698833225099999754e-04 4.903516714900000302e-08 3.231741677400000087e-06 2.371251550699999831e-05 3.120343450799999930e-07 1.000000000000000038e-25 3.727830862999999951e-06 2.386731536899999821e-07 1.000000000000000038e-25 1.000000000000000038e-25 1.000000000000000038e-25 7.355695475199999605e-10 7.474991376199999583e-13 5.302335906000000268e-07 1.000000000000000038e-25 1.000000000000000038e-25 3.506901412400000168e-06 1.236818007199999930e-05
2.253574373239121797e+01 1.811610750820564135e+03 7.610858006300000366e-05 8.366168892799999979e-01 1.622673117500000040e-01 3.574787611900000239e-04 7.597535015799999751e-05 4.485735666799999790e-04 4.960033371299999990e-08 4.031023669600000257e-06 2.389457964000000142e-05 3.516258188600000189e-07 1.000000000000000038e-25 3.727610543100000203e-06 2.383304448699999941e-07 1.000000000000000038e-25 1.000000000000000038e-25 1.000000000000000038e-25 6.723949102200000009e-10 7.768570742100000165e-13 5.316816178200000459e-07 1.000000000000000038e-25 1.000000000000000038e-25 3.474914034500000003e-06 1.236619269399999941e-05
2.837082045838841537e+01 1.816236244953478035e+03 7.048523574000000369e-05 8.365870366700000060e-01 1.622763456999999909e-01 3.832342797099999913e-04 1.018637491999999957e-04 4.226448141699999878e-04 4.986680890500000182e-08 5.006536246099999682e-06 2.409090158799999859e-05 3.872045436699999794e-07 1.000000000000000038e-25 3.727328738000000146e-06 2.379574438200000067e-07 1.000000000000000038e-25 1.000000000000000038e-25 1.000000000000000038e-25 6.227950180000000166e-10 8.232122790899999749e-13 5.327577321199999971e-07 1.000000000000000038e-25 1.000000000000000038e-25 3.437745925700000068e-06 1.236380407200000048e-05
3.571674682851498517e+01 1.823080110335795553e+03 6.644632646799999336e-05 8.365502973899999750e-01 1.622865807799999949e-01 4.129730751900000238e-04 1.317458521899999972e-04 3.927273677600000203e-04 4.959143646100000147e-08 6.187739357200000151e-06 2.429124801100000024e-05 4.180106709100000174e-07 1.000000000000000038e-25 3.726971339899999996e-06 2.375721474800000008e-07 1.000000000000000038e-25 1.000000000000000038e-25 1.000000000000000038e-25 5.874249533700000419e-10 8.966250269599999611e-13 5.335575997999999542e-07 1.000000000000000038e-25 1.000000000000000038e-25 3.396008753499999800e-06 1.236087459199999984e-05
4.496472020903621569e+01 1.832993224012572909e+03 6.420196785500000632e-05 8.365084894100000001e-01 1.622975072099999971e-01 4.451818469099999803e-04 1.640940410999999950e-04 3.603460664399999814e-04 4.857127184400000251e-08 7.592287569000000253e-06 2.448367038199999939e-05 4.447067841999999871e-07 1.000000000000000038e-25 3.726532267799999824e-06 2.372065011200000089e-07 1.000000000000000038e-25 1.000000000000000038e-25 1.000000000000000038e-25 5.682614412800000256e-10 1.014006546299999982e-12 5.341440484599999930e-07 1.000000000000000038e-25 1.000000000000000038e-25 3.351858413299999865e-06 1.235724322100000001e-05
5.660722890537037699e+01 1.847035568873021020e+03 6.405533150800000184e-05 8.364636704700000314e-01 1.623084615800000075e-01 4.780285668100000022e-04 1.969996270500000066e-04 3.274028699300000184e-04 4.674038774299999796e-08 9.235873263300000490e-06 2.465844124899999843e-05 4.697539582200000183e-07 1.000000000000000038e-25 3.726000772700000131e-06 2.367844547300000100e-07 1.000000000000000038e-25 1.000000000000000038e-25 1.000000000000000038e-25 5.680656024300000351e-10 1.204759703099999938e-12 5.345656472200000134e-07 1.000000000000000038e-25 1.000000000000000038e-25 3.308458335999999808e-06 1.239396588199999995e-05
7.126427896022002528e+01 1.866913910191557989e+03 6.678771634299999636e-05 8.364149356700000260e-01 1.623178856899999967e-01 5.100796345000000462e-04 2.274410057700000036e-04 2.969055329100000139e-04 4.437686314599999889e-08 1.110052726699999977e-05 2.478488266999999968e-05 4.974051482299999718e-07 1.000000000000000038e-25 3.725397054600000077e-06 2.365909257700000090e-07 1.000000000000000038e-25 1.000000000000000038e-25 1.000000000000000038e-25 5.944520891000000456e-10 1.531768336299999932e-12 5.348427497699999690e-07 1.000000000000000038e-25 1.000000000000000038e-25 3.270281868600000161e-06 1.349733000000000076e-05
8.971641173620933785e+01 1.895380607747841623e+03 7.410194341399999789e-05 8.363625163800000317e-01 1.623244919300000089e-01 5.411322608599999917e-04 2.517113918299999811e-04 2.725391839999999973e-04 4.208893891400000136e-08 1.313083929700000028e-05 2.481368497999999857e-05 5.353455335700000039e-07 1.000000000000000038e-25 3.724715562500000172e-06 2.365571864599999876e-07 1.000000000000000038e-25 1.000000000000000038e-25 1.000000000000000038e-25 6.634378095799999757e-10 2.143079621700000082e-12 5.349761746499999892e-07 1.000000000000000038e-25 1.000000000000000038e-25 3.242454756099999937e-06 1.795189072300000120e-05
1.129462705897022943e+02 1.932319103175339933e+03 8.695062194300000281e-05 8.362880525300000478e-01 1.623249956599999988e-01 5.738169980599999850e-04 2.689830484199999799e-04 2.551089049599999871e-04 4.042829742900000129e-08 1.530158527100000063e-05 2.471863096999999944e-05 5.865414575800000413e-07 1.000000000000000038e-25 3.723860681399999904e-06 2.366138412900000029e-07 1.000000000000000038e-25 1.000000000000000038e-25 1.000000000000000038e-25 7.848262921900000497e-10 3.265656383000000118e-12 5.349850906300000027e-07 1.000000000000000038e-25 1.000000000000000038e-25 3.223554396499999838e-06 2.802406551499999859e-05
1.421909302127562853e+02 1.986639954462018068e+03 1.139562524499999961e-04 8.361879252199999613e-01 1.623180679100000023e-01 6.194468380500000064e-04 2.700485315800000164e-04 2.537658698099999935e-04 4.148186771600000205e-08 1.737099084900000121e-05 2.429711384300000019e-05 6.704281024399999986e-07 1.000000000000000038e-25 3.722735478900000144e-06 2.367608157800000061e-07 1.000000000000000038e-25 3.303567338599999851e-09 1.000000000000000038e-25 1.041718530400000001e-09 5.898323909600000183e-12 5.347553017600000006e-07 1.000000000000000038e-25 1.000000000000000038e-25 3.217234220999999817e-06 5.714069453299999864e-05
1.790077753714897710e+02 2.059285002453555535e+03 1.649244912599999869e-04 8.361234594399999942e-01 1.623116923700000103e-01 6.270406254900000049e-04 2.670219257499999773e-04 2.563136121400000226e-04 4.009044422200000293e-08 1.925428264600000125e-05 2.422915891399999902e-05 8.289039313099999602e-07 1.000000000000000038e-25 3.722226251199999889e-06 2.370404472400000000e-07 1.000000000000000038e-25 5.536572411299999763e-09 1.000000000000000038e-25 1.535145909099999987e-09 1.239173990399999968e-11 5.342457340200000290e-07 1.000000000000000038e-25 1.000000000000000038e-25 3.254285540399999848e-06 6.453217042199999650e-05
2.253574373239103465e+02 2.170172691041542748e+03 2.895754055500000270e-04 8.359833900699999987e-01 1.622857399300000059e-01 6.098453646699999531e-04 2.452487296199999905e-04 2.770940940599999963e-04 3.903478316799999739e-08 2.042554816199999867e-05 2.418322040200000092e-05 1.142654471400000083e-06 1.000000000000000038e-25 3.721748703300000056e-06 2.370154904999999877e-07 4.977321497600000382e-09 4.316174335399999700e-09 2.838071873000000232e-07 2.773959021999999866e-09 3.494876227099999681e-11 5.327816652099999965e-07 9.357256603299999998e-06 1.000000000000000038e-25 3.367960123099999929e-06 6.591468203300000219e-05
