# P      T      H      H2       He       H2O       CH4       CO       CO2       NH3       H2S       HCN       C2H2       Na       K       TiO       VO       FeH      e      Hm      PH3      FeI      FeII      CaI      MgI
3.571674682851674833e-05 1.020473005485911699e+03 5.944421693700000331e-07 8.367815622399999986e-01 1.622491002600000010e-01 2.996694008500000233e-04 2.887905620599999917e-11 5.247836078800000460e-04 2.478614055300000147e-07 1.156811861899999951e-10 1.979724631800000047e-05 1.014654306199999987e-12 1.000000000000000038e-25 3.729758089799999925e-06 1.905927043100000062e-07 1.000000000000000038e-25 1.000000000000000038e-25 1.000000000000000038e-25 1.000000000000000038e-25 1.000000000000000038e-25 3.317792778199999915e-07 1.000000000000000038e-25 1.000000000000000038e-25 3.484648113300000008e-06 1.000000000000000038e-25
4.496472020903842217e-05 1.027110189529460285e+03 6.275197905700000514e-07 8.367815181700000160e-01 1.622490998699999964e-01 2.996219207699999830e-04 3.855718210100000229e-11 5.247900570100000415e-04 2.414010668299999948e-07 1.396173703799999997e-10 1.984956194800000011e-05 1.272859278399999969e-12 1.000000000000000038e-25 3.729755527300000000e-06 1.915416236599999904e-07 1.000000000000000038e-25 1.000000000000000038e-25 1.000000000000000038e-25 1.000000000000000038e-25 1.000000000000000038e-25 3.441771838300000155e-07 1.000000000000000038e-25 1.000000000000000038e-25 3.484398148000000104e-06 1.000000000000000038e-25
5.660722890537316039e-05 1.039784193645960386e+03 7.683176073299999486e-07 8.367813674999999840e-01 1.622490860299999893e-01 2.995358395500000203e-04 4.433158008499999852e-11 5.248016474000000153e-04 2.297597578899999965e-07 1.624483345799999943e-10 1.994520769699999950e-05 1.592465065200000072e-12 1.000000000000000038e-25 3.729753670799999883e-06 1.947149461500000021e-07 1.000000000000000038e-25 1.000000000000000038e-25 1.000000000000000038e-25 1.000000000000000038e-25 1.000000000000000038e-25 3.392308421900000098e-07 1.000000000000000038e-25 1.000000000000000038e-25 3.493772511499999982e-06 1.000000000000000038e-25
7.126427896022353330e-05 1.050168131135670592e+03 8.831650703099999734e-07 8.367812442900000036e-01 1.622490762400000119e-01 2.994659889100000105e-04 5.430858110200000260e-11 5.248104917799999809e-04 2.208733019899999875e-07 1.919516896000000126e-10 2.002181966099999953e-05 1.994297554700000147e-12 1.000000000000000038e-25 3.729751298399999874e-06 1.969610360700000046e-07 1.000000000000000038e-25 1.000000000000000038e-25 1.000000000000000038e-25 1.000000000000000038e-25 1.000000000000000038e-25 3.415455877399999754e-07 1.000000000000000038e-25 1.000000000000000038e-25 3.499356006899999803e-06 1.000000000000000038e-25
8.971641173621374690e-05 1.059464704406646433e+03 9.842029736299999418e-07 8.367811337499999613e-01 1.622490681700000104e-01 2.994040785599999988e-04 6.867017672200000156e-11 5.248179521399999950e-04 2.133719653900000071e-07 2.286045263299999891e-10 2.008914818399999995e-05 2.499567542200000066e-12 1.000000000000000038e-25 3.729748547799999828e-06 1.987314998900000085e-07 1.000000000000000038e-25 1.000000000000000038e-25 1.000000000000000038e-25 1.000000000000000038e-25 1.000000000000000038e-25 3.474609818100000059e-07 1.000000000000000038e-25 1.000000000000000038e-25 3.503006558600000057e-06 1.000000000000000038e-25
1.129462705897078389e-04 1.068456333566948615e+03 1.085496304299999971e-06 8.367810258400000256e-01 1.622490607800000095e-01 2.993448732300000269e-04 8.767165808599999738e-11 5.248247969100000273e-04 2.064836112299999943e-07 2.728206897000000148e-10 2.015313831100000081e-05 3.131746128399999936e-12 1.000000000000000038e-25 3.729745544999999989e-06 2.003347677299999952e-07 1.000000000000000038e-25 1.000000000000000038e-25 1.000000000000000038e-25 1.000000000000000038e-25 1.000000000000000038e-25 3.544156703499999788e-07 1.000000000000000038e-25 1.000000000000000038e-25 3.506038705399999961e-06 1.000000000000000038e-25
1.421909302127632546e-04 1.076817014728938148e+03 1.174982887300000059e-06 8.367809299499999742e-01 1.622490549099999957e-01 2.992903637199999895e-04 1.142307479700000024e-10 5.248308366599999629e-04 2.003974888399999941e-07 3.273705981299999884e-10 2.021169239500000128e-05 3.928853636299999882e-12 1.000000000000000038e-25 3.729742164300000124e-06 2.016376221500000065e-07 1.000000000000000038e-25 1.000000000000000038e-25 1.000000000000000038e-25 1.000000000000000038e-25 1.000000000000000038e-25 3.634295331800000261e-07 1.000000000000000038e-25 1.000000000000000038e-25 3.507788515799999808e-06 1.000000000000000038e-25
1.790077753714985496e-04 1.085281685245348399e+03 1.271346565900000081e-06 8.367808281099999856e-01 1.622490484399999877e-01 2.992359811599999979e-04 1.487654108600000053e-10 5.248366514500000515e-04 1.945262258299999881e-07 3.926577990300000252e-10 2.026984131599999898e-05 4.925965456199999864e-12 1.000000000000000038e-25 3.729738532199999792e-06 2.029232044300000034e-07 1.000000000000000038e-25 1.000000000000000038e-25 1.000000000000000038e-25 1.000000000000000038e-25 1.000000000000000038e-25 3.722056653899999823e-07 1.000000000000000038e-25 1.000000000000000038e-25 3.509533096599999826e-06 1.000000000000000038e-25
2.253574373239214108e-04 1.093562105697081734e+03 1.365797152899999988e-06 8.367807288299999868e-01 1.622490423300000095e-01 2.991833648799999785e-04 1.952485921399999949e-10 5.248420666999999889e-04 1.890434316799999915e-07 4.719379305399999520e-10 2.032582701199999874e-05 6.179036700900000382e-12 1.000000000000000038e-25 3.729734552300000040e-06 2.040862482199999913e-07 1.000000000000000038e-25 1.000000000000000038e-25 1.000000000000000038e-25 1.000000000000000038e-25 1.000000000000000038e-25 3.815153238599999818e-07 1.000000000000000038e-25 1.000000000000000038e-25 3.510757466099999855e-06 1.000000000000000038e-25
2.837082045838957515e-04 1.102056483647909545e+03 1.470656369100000047e-06 8.367806184499999578e-01 1.622490349100000062e-01 2.991301656099999880e-04 2.554867414400000253e-10 5.248473539099999911e-04 1.836703621499999984e-07 5.666638443000000102e-10 2.038220403599999840e-05 7.746913696599999574e-12 1.000000000000000038e-25 3.729730286300000024e-06 2.052722941500000003e-07 1.000000000000000038e-25 1.000000000000000038e-25 1.000000000000000038e-25 1.000000000000000038e-25 1.000000000000000038e-25 3.902404886899999763e-07 1.000000000000000038e-25 1.000000000000000038e-25 3.512149270000000012e-06 1.000000000000000038e-25
3.571674682851644746e-04 1.111005520739179474e+03 1.594296429499999941e-06 8.367804924499999686e-01 1.622490260499999948e-01 2.990751234499999973e-04 3.322025578599999824e-10 5.248526408299999816e-04 1.782760381000000016e-07 6.794436017900000197e-10 2.044031915100000117e-05 9.714331328899999699e-12 1.000000000000000038e-25 3.729725759999999899e-06 2.065478095999999966e-07 1.000000000000000038e-25 1.000000000000000038e-25 1.000000000000000038e-25 1.000000000000000038e-25 1.000000000000000038e-25 3.980071366000000122e-07 1.000000000000000038e-25 1.000000000000000038e-25 3.514029633599999990e-06 1.000000000000000038e-25
4.496472020903805218e-04 1.120300386186578180e+03 1.735838763300000088e-06 8.367803499999999506e-01 1.622490155499999864e-01 2.990189793299999777e-04 4.298642620799999916e-10 5.248578376900000413e-04 1.729450381100000098e-07 8.135457136099999982e-10 2.049936844599999902e-05 1.217626833600000007e-11 1.000000000000000038e-25 3.729720944199999942e-06 2.078728929700000057e-07 1.000000000000000038e-25 1.000000000000000038e-25 1.000000000000000038e-25 1.000000000000000038e-25 1.000000000000000038e-25 4.050650272199999995e-07 1.000000000000000038e-25 1.000000000000000038e-25 3.516240081699999802e-06 1.000000000000000038e-25
5.660722890537269554e-04 1.129720812248703169e+03 1.888644646499999917e-06 8.367801950000000044e-01 1.622490036400000002e-01 2.989629548900000263e-04 5.569217297100000202e-10 5.248628128299999938e-04 1.678011496299999908e-07 9.745621350500000606e-10 2.055805073400000080e-05 1.526740612300000052e-11 1.000000000000000038e-25 3.729715735900000097e-06 2.091692509300000019e-07 1.000000000000000038e-25 1.000000000000000038e-25 1.000000000000000038e-25 1.000000000000000038e-25 1.000000000000000038e-25 4.119813885800000067e-07 1.000000000000000038e-25 1.000000000000000038e-25 3.518388898499999970e-06 1.000000000000000038e-25
7.126427896022295054e-04 1.139100966050604711e+03 2.046799166700000075e-06 8.367800391599999887e-01 1.622489920600000135e-01 2.989080035299999873e-04 7.241482937899999734e-10 5.248674806200000036e-04 1.629247131200000072e-07 1.168308989099999907e-09 2.061538385000000136e-05 1.913961630799999921e-11 1.000000000000000038e-25 3.729710107599999999e-06 2.103871979200000080e-07 1.000000000000000038e-25 1.000000000000000038e-25 1.000000000000000038e-25 1.000000000000000038e-25 1.000000000000000038e-25 4.189399045500000263e-07 1.000000000000000038e-25 1.000000000000000038e-25 3.520227860699999922e-06 1.000000000000000038e-25
8.971641173621299880e-04 1.148410386135787348e+03 2.207845289000000130e-06 8.367798807499999825e-01 1.622489802600000086e-01 2.988542557900000026e-04 9.463629615299999759e-10 5.248718277899999543e-04 1.583121852800000065e-07 1.402444185299999898e-09 2.067126182700000116e-05 2.400094220599999877e-11 1.000000000000000038e-25 3.729703976999999973e-06 2.115167147100000056e-07 1.000000000000000038e-25 1.000000000000000038e-25 1.000000000000000038e-25 1.000000000000000038e-25 1.000000000000000038e-25 4.260438378999999995e-07 1.000000000000000038e-25 1.000000000000000038e-25 3.521677087799999843e-06 1.000000000000000038e-25
1.129462705897069227e-03 1.157725567813593898e+03 2.375490126999999824e-06 8.367797162700000291e-01 1.622489678700000104e-01 2.988012894399999769e-04 1.238967061099999923e-09 5.248758929999999606e-04 1.539081043099999876e-07 1.683738288800000040e-09 2.072616293800000074e-05 3.008188679799999819e-11 1.000000000000000038e-25 3.729697352700000074e-06 2.125900224900000104e-07 1.000000000000000038e-25 1.000000000000000038e-25 1.000000000000000038e-25 1.000000000000000038e-25 1.000000000000000038e-25 4.330056546399999849e-07 1.000000000000000038e-25 1.000000000000000038e-25 3.522903056299999848e-06 1.000000000000000038e-25
1.421909302127621162e-03 1.167136646413151993e+03 2.551649054300000136e-06 8.367795412799999832e-01 1.622489542399999929e-01 2.987486749399999872e-04 1.627024382099999923e-09 5.248796959200000261e-04 1.496652417200000127e-07 2.023890351300000189e-09 2.078056510399999934e-05 3.773883961599999883e-11 1.000000000000000038e-25 3.729690141899999793e-06 2.136206753099999932e-07 1.000000000000000038e-25 1.000000000000000038e-25 1.000000000000000038e-25 1.000000000000000038e-25 1.000000000000000038e-25 4.398224880499999869e-07 1.000000000000000038e-25 1.000000000000000038e-25 3.523938006299999861e-06 1.000000000000000038e-25
1.790077753714970805e-03 1.176777150574934922e+03 2.745815474900000087e-06 8.367793534799999877e-01 1.622489397899999908e-01 2.986957753900000090e-04 2.130929809399999976e-09 5.248832823699999635e-04 1.455184199000000129e-07 2.430391082099999996e-09 2.083516504100000057e-05 4.731515538399999998e-11 1.000000000000000038e-25 3.729682440100000167e-06 2.146577113400000038e-07 1.000000000000000038e-25 1.000000000000000038e-25 1.000000000000000038e-25 1.000000000000000038e-25 1.000000000000000038e-25 4.461004255600000149e-07 1.000000000000000038e-25 1.000000000000000038e-25 3.525079418300000029e-06 1.000000000000000038e-25
2.253574373239196002e-03 1.186946964314856359e+03 2.975268623100000201e-06 8.367791332099999702e-01 1.622489223699999927e-01 2.986411734700000179e-04 2.772922199700000052e-09 5.248867406300000531e-04 1.413495913100000070e-07 2.914309294899999967e-09 2.089144452400000057e-05 5.933182457799999762e-11 1.000000000000000038e-25 3.729674255599999965e-06 2.157704091300000033e-07 1.000000000000000038e-25 1.000000000000000038e-25 1.000000000000000038e-25 1.000000000000000038e-25 1.000000000000000038e-25 4.515959291999999867e-07 1.000000000000000038e-25 1.000000000000000038e-25 3.526718075699999961e-06 1.000000000000000038e-25
2.837082045838934530e-03 1.197918578708849964e+03 3.262601790800000001e-06 8.367788545700000080e-01 1.622488991100000111e-01 2.985837343599999989e-04 3.562769236599999842e-09 5.248901347000000392e-04 1.370751499100000128e-07 3.482726966999999938e-09 2.095055581600000044e-05 7.434711846100000559e-11 1.000000000000000038e-25 3.729665680799999819e-06 2.170214061799999924e-07 1.000000000000000038e-25 1.000000000000000038e-25 1.000000000000000038e-25 1.000000000000000038e-25 1.000000000000000038e-25 4.560365143500000024e-07 1.000000000000000038e-25 1.000000000000000038e-25 3.529278511800000073e-06 1.000000000000000038e-25
3.571674682851615906e-03 1.209774812244019358e+03 3.622591905099999879e-06 8.367785124700000132e-01 1.622488704900000023e-01 2.985232505099999793e-04 4.522701653600000262e-09 5.248934418599999954e-04 1.326963374800000095e-07 4.150185940999999968e-09 2.101267131199999885e-05 9.316711062299999520e-11 1.000000000000000038e-25 3.729656727899999922e-06 2.184064838899999993e-07 1.000000000000000038e-25 1.000000000000000038e-25 1.000000000000000038e-25 1.000000000000000038e-25 1.000000000000000038e-25 4.594362519399999973e-07 1.000000000000000038e-25 1.000000000000000038e-25 3.532787088399999917e-06 1.000000000000000038e-25
4.496472020903767922e-03 1.222590251978421293e+03 4.075115877600000080e-06 8.367780857900000147e-01 1.622488343600000105e-01 2.984597042700000077e-04 5.663683428200000193e-09 5.248966265099999770e-04 1.282298742100000052e-07 4.927980069500000212e-09 2.107772667899999886e-05 1.166800384899999915e-10 1.000000000000000038e-25 3.729647422300000132e-06 2.199185480000000003e-07 1.000000000000000038e-25 1.000000000000000038e-25 1.000000000000000038e-25 1.000000000000000038e-25 1.000000000000000038e-25 4.618865935799999786e-07 1.000000000000000038e-25 1.000000000000000038e-25 3.537287857599999911e-06 1.000000000000000038e-25
5.660722890537223800e-03 1.236494909660636949e+03 4.649964136599999895e-06 8.367775404899999714e-01 1.622487870100000062e-01 2.983927081800000192e-04 6.995207590899999904e-09 5.248996721999999848e-04 1.236694304399999915e-07 5.832367233300000304e-09 2.114598403400000081e-05 1.461303975899999943e-10 1.000000000000000038e-25 3.729637714999999954e-06 2.215540648900000108e-07 1.000000000000000038e-25 1.000000000000000038e-25 1.000000000000000038e-25 1.000000000000000038e-25 1.000000000000000038e-25 4.634109716499999748e-07 1.000000000000000038e-25 1.000000000000000038e-25 3.542826602299999935e-06 1.000000000000000038e-25
7.126427896022236724e-03 1.251708185345438551e+03 5.399016188299999757e-06 8.367768387399999730e-01 1.622487260400000131e-01 2.983215299999999884e-04 8.486601416800000675e-09 5.249026251400000379e-04 1.189903292199999975e-07 6.870993002999999821e-09 2.121793769199999883e-05 1.828948877499999939e-10 1.000000000000000038e-25 3.729627732300000069e-06 2.233263248200000047e-07 1.000000000000000038e-25 1.000000000000000038e-25 1.000000000000000038e-25 1.000000000000000038e-25 1.000000000000000038e-25 4.637412726899999778e-07 1.000000000000000038e-25 1.000000000000000038e-25 3.549597740900000169e-06 1.000000000000000038e-25
8.971641173621227455e-03 1.268387578101079953e+03 6.383083921299999948e-06 8.367759203000000312e-01 1.622486456199999927e-01 2.982458872700000270e-04 1.011389616099999958e-08 5.249054731400000420e-04 1.142078400100000061e-07 8.059307722000000023e-09 2.129353257400000098e-05 2.288633273900000069e-10 1.000000000000000038e-25 3.729617398000000052e-06 2.252081997799999985e-07 1.000000000000000038e-25 1.000000000000000038e-25 1.000000000000000038e-25 1.000000000000000038e-25 1.000000000000000038e-25 4.629013109699999858e-07 1.000000000000000038e-25 1.000000000000000038e-25 3.557531585800000112e-06 1.000000000000000038e-25
1.129462705897060076e-02 1.286595182519261471e+03 7.681960712200000668e-06 8.367747096400000029e-01 1.622485387200000018e-01 2.981658869399999895e-04 1.183049609300000065e-08 5.249081955100000450e-04 1.093643516499999962e-07 9.406384631099999343e-09 2.137220228199999972e-05 2.861159516500000103e-10 1.000000000000000038e-25 3.729606655399999814e-06 2.271547818499999957e-07 1.000000000000000038e-25 1.000000000000000038e-25 1.000000000000000038e-25 1.000000000000000038e-25 1.000000000000000038e-25 4.607882732499999952e-07 1.000000000000000038e-25 1.000000000000000038e-25 3.566465161700000106e-06 1.000000000000000038e-25
1.421909302127609409e-02 1.306559534859026826e+03 9.424787056000000435e-06 8.367730921999999572e-01 1.622483955100000041e-01 2.980808356699999879e-04 1.359327499200000013e-08 5.249108036999999578e-04 1.044563695200000057e-07 1.093442653300000076e-08 2.145400964199999910e-05 3.578653483299999868e-10 1.000000000000000038e-25 3.729595302299999955e-06 2.291331684999999936e-07 1.000000000000000038e-25 1.000000000000000038e-25 1.000000000000000038e-25 1.000000000000000038e-25 1.000000000000000038e-25 4.572289361700000191e-07 1.000000000000000038e-25 1.000000000000000038e-25 3.576271421500000109e-06 1.000000000000000038e-25
1.790077753714956060e-02 1.328472201292819591e+03 1.180201876099999959e-05 8.367708925800000364e-01 1.622482001699999954e-01 2.979904320699999884e-04 1.528960460100000143e-08 5.249133291999999494e-04 9.951057646000000312e-08 1.263906945799999923e-08 2.153830844699999994e-05 4.471504745800000243e-10 1.000000000000000038e-25 3.729583196400000161e-06 2.311006262300000103e-07 1.000000000000000038e-25 1.000000000000000038e-25 1.000000000000000038e-25 1.000000000000000038e-25 1.000000000000000038e-25 4.518372516300000066e-07 1.000000000000000038e-25 1.000000000000000038e-25 3.586808610799999969e-06 1.000000000000000038e-25
2.253574373239176920e-02 1.352255301425046582e+03 1.502567632099999995e-05 8.367679135500000198e-01 1.622479348900000007e-01 2.978954176499999857e-04 1.692581621700000068e-08 5.249156244300000416e-04 9.460559583500000401e-08 1.455312441299999992e-08 2.162351077299999889e-05 5.587015235099999909e-10 1.000000000000000038e-25 3.729569776200000035e-06 2.329707851000000114e-07 1.000000000000000038e-25 1.000000000000000038e-25 1.000000000000000038e-25 1.000000000000000038e-25 1.000000000000000038e-25 4.446343178599999841e-07 1.000000000000000038e-25 1.000000000000000038e-25 3.597529986500000164e-06 1.000000000000000038e-25
2.837082045838910938e-02 1.377519126662392864e+03 1.930814636900000150e-05 8.367639665599999610e-01 1.622475836900000024e-01 2.977977191299999962e-04 1.855597455700000123e-08 5.249174587300000196e-04 8.986082089699999849e-08 1.671154013499999861e-08 2.170708553699999960e-05 6.976411351399999795e-10 1.000000000000000038e-25 3.729554475299999980e-06 2.346566584200000014e-07 1.000000000000000038e-25 1.000000000000000038e-25 1.000000000000000038e-25 1.000000000000000038e-25 1.000000000000000038e-25 4.358177512500000161e-07 1.000000000000000038e-25 1.000000000000000038e-25 3.607806425999999805e-06 1.000000000000000038e-25
3.571674682851586069e-02 1.403928950393180685e+03 2.487246624500000057e-05 8.367588443500000306e-01 1.622471281500000029e-01 2.976990199799999784e-04 2.030991105800000135e-08 5.249185550899999842e-04 8.535591386999999634e-08 1.918406775500000159e-08 2.178705769399999853e-05 8.713998631400000493e-10 1.000000000000000038e-25 3.729536530299999789e-06 2.361109877700000073e-07 1.000000000000000038e-25 1.000000000000000038e-25 1.000000000000000038e-25 1.000000000000000038e-25 1.000000000000000038e-25 4.258351174699999762e-07 1.000000000000000038e-25 1.000000000000000038e-25 3.617171988400000187e-06 1.000000000000000038e-25
4.496472020903731492e-02 1.431434693961194171e+03 3.208077929500000204e-05 8.367522133000000473e-01 1.622465386199999915e-01 2.975996217599999934e-04 2.219946583099999839e-08 5.249187905600000365e-04 8.109727421799999895e-08 2.200979573200000075e-08 2.186238665600000167e-05 1.088105870799999960e-09 1.000000000000000038e-25 3.729515250699999974e-06 2.373445779699999888e-07 1.000000000000000038e-25 1.000000000000000038e-25 1.000000000000000038e-25 1.000000000000000038e-25 1.000000000000000038e-25 4.146439142900000163e-07 1.000000000000000038e-25 1.000000000000000038e-25 3.625597961100000050e-06 1.000000000000000038e-25
5.660722890537177310e-02 1.459773083008308276e+03 4.123878030100000276e-05 8.367437896699999600e-01 1.622457899599999975e-01 2.975007147600000146e-04 2.437012679900000140e-08 5.249178937599999987e-04 7.711695992600000097e-08 2.528158485100000033e-08 2.193180753999999879e-05 1.359336326900000003e-09 1.000000000000000038e-25 3.729489770600000009e-06 2.383621059999999880e-07 1.000000000000000038e-25 1.000000000000000038e-25 1.000000000000000038e-25 1.000000000000000038e-25 1.000000000000000038e-25 4.027462375400000059e-07 1.000000000000000038e-25 1.000000000000000038e-25 3.632938254000000044e-06 1.000000000000000038e-25
7.126427896022177744e-02 1.488305854209607787e+03 5.241577871099999835e-05 8.367335163300000378e-01 1.622448783500000102e-01 2.974047617300000132e-04 2.705898924600000107e-08 5.249155394099999953e-04 7.347661364600000291e-08 2.911644001099999876e-08 2.199395700299999981e-05 1.698235929300000046e-09 1.000000000000000038e-25 3.729459630100000206e-06 2.391710651099999756e-07 1.000000000000000038e-25 1.000000000000000038e-25 1.000000000000000038e-25 1.000000000000000038e-25 1.000000000000000038e-25 3.910902815999999740e-07 1.000000000000000038e-25 1.000000000000000038e-25 3.639030091700000106e-06 1.000000000000000038e-25
8.971641173621153209e-02 1.516053901547573332e+03 6.514443380700000465e-05 8.367218184100000400e-01 1.622438420400000025e-01 2.973154249100000163e-04 3.075003729899999923e-08 5.249112766899999890e-04 7.024719989299999680e-08 3.372954649499999857e-08 2.204839480599999883e-05 2.123193888300000062e-09 1.000000000000000038e-25 3.729416889800000163e-06 2.395527701399999751e-07 1.000000000000000038e-25 1.000000000000000038e-25 1.000000000000000038e-25 5.535980312899999978e-10 1.000000000000000038e-25 3.814897555600000254e-07 1.000000000000000038e-25 1.000000000000000038e-25 3.643683248400000037e-06 1.000000000000000038e-25
1.129462705897050778e-01 1.541951920248381612e+03 7.837245447999999465e-05 8.367096569299999897e-01 1.622427667000000129e-01 2.972366536299999901e-04 3.608485574000000317e-08 5.249046684700000307e-04 6.747933675199999922e-08 3.937587241200000216e-08 2.209594245999999993e-05 2.654993938699999976e-09 1.000000000000000038e-25 3.729372758899999924e-06 2.398505789599999838e-07 1.000000000000000038e-25 1.000000000000000038e-25 1.000000000000000038e-25 6.678962726199999499e-10 1.386077646299999959e-14 3.756553228799999869e-07 1.000000000000000038e-25 1.000000000000000038e-25 3.646833520999999907e-06 1.000000000000000038e-25
1.421909302127597752e-01 1.565315636544069093e+03 9.074920254399999919e-05 8.366982722900000446e-01 1.622417633999999886e-01 2.971713654900000182e-04 4.406949127100000248e-08 5.248950406600000470e-04 6.516617075599999759e-08 4.644864372600000235e-08 2.213896963599999883e-05 3.325796129299999812e-09 1.000000000000000038e-25 3.729327591599999864e-06 2.400390367900000165e-07 1.000000000000000038e-25 1.000000000000000038e-25 1.000000000000000038e-25 7.754188452900000311e-10 2.076766272199999966e-14 3.749041845299999887e-07 1.000000000000000038e-25 1.000000000000000038e-25 3.648520845800000177e-06 1.000000000000000038e-25
1.790077753714941489e-01 1.585813127377439969e+03 1.011576431599999968e-04 8.366886883099999839e-01 1.622409234199999883e-01 2.971212720099999905e-04 5.586877655600000050e-08 5.248815306099999939e-04 6.326661671499999586e-08 5.528928705800000052e-08 2.217952698800000006e-05 4.167033439599999705e-09 1.000000000000000038e-25 3.729282740999999990e-06 2.401316854800000101e-07 1.000000000000000038e-25 1.000000000000000038e-25 1.000000000000000038e-25 8.664036034799999529e-10 2.931996965599999943e-14 3.792197711699999825e-07 1.000000000000000038e-25 1.000000000000000038e-25 3.648928859600000118e-06 1.000000000000000038e-25
2.253574373239158879e-01 1.603483820093640134e+03 1.088203108600000049e-04 8.366816159100000094e-01 1.622403105199999862e-01 2.970877294999999820e-04 7.343325513499999705e-08 5.248624025500000243e-04 6.171975923600000086e-08 6.642138087199999613e-08 2.221945784800000002e-05 5.226590078000000308e-09 1.000000000000000038e-25 3.729239958399999994e-06 2.401649754599999782e-07 1.000000000000000038e-25 1.000000000000000038e-25 1.000000000000000038e-25 9.339822010800000877e-10 3.918773365100000190e-14 3.881572488299999874e-07 1.000000000000000038e-25 1.000000000000000038e-25 3.648187267600000174e-06 1.000000000000000038e-25
2.837082045838887900e-01 1.618921494016581846e+03 1.139625924900000052e-04 8.366768449899999460e-01 1.622399066799999900e-01 2.970706297299999981e-04 9.907911531199999719e-08 5.248353169199999804e-04 6.043244374200000189e-08 8.030123288500000140e-08 2.225941792300000061e-05 6.556038282100000051e-09 1.000000000000000038e-25 3.729199155799999980e-06 2.401661681300000048e-07 1.000000000000000038e-25 1.000000000000000038e-25 1.000000000000000038e-25 9.799522457599999855e-10 5.022988206700000148e-14 4.000794044300000097e-07 1.000000000000000038e-25 1.000000000000000038e-25 3.646563240699999897e-06 1.000000000000000038e-25
3.571674682851557203e-01 1.633234436335190367e+03 1.176128390800000053e-04 8.366734272700000474e-01 1.622396287500000034e-01 2.970691215099999899e-04 1.357217724099999944e-07 5.247971202700000377e-04 5.929006581299999829e-08 9.746661367300000371e-08 2.229964127599999845e-05 8.228422231599999962e-09 1.000000000000000038e-25 3.729158265899999957e-06 2.401524373499999851e-07 1.000000000000000038e-25 1.000000000000000038e-25 1.000000000000000038e-25 1.013155547300000044e-09 6.295811918200000074e-14 4.130695007300000114e-07 1.000000000000000038e-25 1.000000000000000038e-25 3.644381472599999937e-06 1.000000000000000038e-25
4.496472020903694577e-01 1.647572926666606918e+03 1.211313031100000066e-04 8.366701098200000075e-01 1.622393665999999901e-01 2.970823882100000072e-04 1.862153648100000055e-07 5.247446087200000270e-04 5.819163768399999881e-08 1.183294943699999979e-07 2.233987110399999955e-05 1.032391323100000045e-08 1.000000000000000038e-25 3.729114653600000139e-06 2.401344185199999906e-07 1.000000000000000038e-25 1.000000000000000038e-25 1.000000000000000038e-25 1.045418353999999962e-09 7.863846294599999611e-14 4.253649929899999806e-07 1.000000000000000038e-25 1.000000000000000038e-25 3.642016608099999997e-06 1.000000000000000038e-25
5.660722890537130958e-01 1.662161306059120307e+03 1.247332317900000083e-04 8.366666875599999553e-01 1.622391044900000079e-01 2.971149707699999917e-04 2.556783050699999835e-07 5.246724965699999703e-04 5.711947667100000219e-08 1.437084219499999902e-07 2.238024986600000072e-05 1.295632720599999966e-08 1.000000000000000038e-25 3.729067566599999902e-06 2.401133723999999805e-07 1.000000000000000038e-25 1.000000000000000038e-25 1.000000000000000038e-25 1.078638770399999946e-09 9.821794216299999530e-14 4.367698715699999905e-07 1.000000000000000038e-25 1.000000000000000038e-25 3.639508477400000077e-06 1.000000000000000038e-25
7.126427896022120567e-01 1.676096557140248478e+03 1.273276217600000082e-04 8.366641483600000262e-01 1.622389347500000079e-01 2.971793469600000188e-04 3.539497188300000138e-07 5.245710231700000331e-04 5.613758280799999674e-08 1.748691459700000014e-07 2.242087865700000159e-05 1.625599299600000059e-08 1.000000000000000038e-25 3.729018874899999890e-06 2.400855969000000220e-07 1.000000000000000038e-25 1.000000000000000038e-25 1.000000000000000038e-25 1.103224750599999910e-09 1.210055626900000086e-13 4.480070385600000058e-07 1.000000000000000038e-25 1.000000000000000038e-25 3.636560926699999857e-06 1.000000000000000038e-25
8.971641173621081045e-01 1.688494107137263200e+03 1.278032810400000108e-04 8.366634883800000422e-01 1.622389538500000061e-01 2.972950935800000236e-04 4.983366007300000484e-07 5.244229240699999637e-04 5.529863290000000149e-08 2.137182777800000112e-07 2.246200899100000121e-05 2.040168460999999986e-08 1.000000000000000038e-25 3.728970200799999858e-06 2.400482293200000115e-07 1.000000000000000038e-25 1.000000000000000038e-25 1.000000000000000038e-25 1.109310194200000034e-09 1.452781227699999960e-13 4.595402613199999862e-07 1.000000000000000038e-25 1.000000000000000038e-25 3.632826524700000147e-06 1.000000000000000038e-25
1.129462705897041452e+00 1.699446936991366329e+03 1.263647077700000092e-04 8.366644887899999938e-01 1.622391526099999925e-01 2.974841566499999783e-04 7.113721615700000228e-07 5.242054051899999604e-04 5.458724440799999741e-08 2.620461248599999787e-07 2.250346824699999947e-05 2.558822462100000084e-08 1.000000000000000038e-25 3.728920822200000075e-06 2.400018377500000011e-07 1.000000000000000038e-25 1.000000000000000038e-25 1.000000000000000038e-25 1.098562297199999922e-09 1.703481733400000050e-13 4.707878171599999888e-07 1.000000000000000038e-25 1.000000000000000038e-25 3.628286373300000083e-06 1.000000000000000038e-25
1.421909302127586150e+00 1.709713204563939598e+03 1.239367929300000078e-04 8.366662567399999473e-01 1.622394663299999984e-01 2.977757431200000115e-04 1.024583006200000022e-06 5.238864118999999936e-04 5.394721801000000143e-08 3.221974170199999968e-07 2.254556701600000124e-05 3.210944910499999818e-08 1.000000000000000038e-25 3.728868149299999979e-06 2.399479676700000024e-07 1.000000000000000038e-25 1.000000000000000038e-25 1.000000000000000038e-25 1.079076063600000026e-09 1.974096892100000117e-13 4.810759076699999836e-07 1.000000000000000038e-25 1.000000000000000038e-25 3.623077617799999854e-06 1.000000000000000038e-25
1.790077753714927056e+00 1.719841835175919186e+03 1.212977579400000022e-04 8.366680248500000250e-01 1.622398445000000078e-01 2.982067980899999818e-04 1.476513263899999938e-06 5.234268966100000166e-04 5.334336240200000327e-08 3.961450626900000182e-07 2.258838578399999884e-05 4.023974001199999998e-08 1.000000000000000038e-25 3.728810678000000179e-06 2.398889626299999776e-07 1.000000000000000038e-25 1.000000000000000038e-25 1.000000000000000038e-25 1.057692231499999916e-09 2.279150816399999979e-13 4.899755960899999603e-07 1.000000000000000038e-25 1.000000000000000038e-25 3.617392451300000136e-06 1.000000000000000038e-25
2.253574373239140449e+00 1.729859565981063497e+03 1.184485227299999935e-04 8.366697042299999776e-01 1.622403086099999947e-01 2.988413613600000222e-04 2.131446362800000043e-06 5.227620815200000265e-04 5.277690064199999778e-08 4.874511584499999704e-07 2.263271194199999880e-05 5.039076620299999810e-08 1.000000000000000038e-25 3.728747682399999811e-06 2.398237666499999966e-07 1.000000000000000038e-25 1.000000000000000038e-25 1.000000000000000038e-25 1.034410746500000077e-09 2.622863515500000008e-13 4.976428816799999788e-07 1.000000000000000038e-25 1.000000000000000038e-25 3.611141533799999991e-06 1.000000000000000038e-25
2.837082045838864808e+00 1.739661276965629440e+03 1.153443418700000000e-04 8.366712144800000361e-01 1.622408920800000043e-01 2.997686588700000155e-04 3.078715444500000127e-06 5.218021227199999904e-04 5.225906947799999899e-08 5.999340907199999878e-07 2.267927602400000012e-05 6.297603558600000024e-08 1.000000000000000038e-25 3.728678925699999964e-06 2.397511525900000147e-07 1.000000000000000038e-25 1.000000000000000038e-25 1.000000000000000038e-25 1.008808198700000053e-09 3.004359828800000216e-13 5.041980390499999929e-07 1.000000000000000038e-25 1.000000000000000038e-25 3.604232592100000082e-06 1.000000000000000038e-25
3.571674682851528004e+00 1.749103464833894122e+03 1.118349627500000022e-04 8.366725032999999812e-01 1.622416537299999906e-01 3.011284896199999876e-04 4.458472973400000157e-06 5.204062069700000079e-04 5.180533917199999774e-08 7.393131556299999490e-07 2.272949657299999998e-05 7.855123581699999639e-08 1.000000000000000038e-25 3.728603717200000155e-06 2.396682066700000225e-07 1.000000000000000038e-25 1.000000000000000038e-25 1.000000000000000038e-25 9.795273314399999796e-10 3.419209176100000123e-13 5.098216241799999640e-07 1.000000000000000038e-25 1.000000000000000038e-25 3.596448582400000124e-06 1.000000000000000038e-25
4.496472020903658162e+00 1.757683996504771130e+03 1.075367302299999980e-04 8.366736337800000367e-01 1.622426956499999906e-01 3.031348046299999865e-04 6.484952515600000416e-06 5.183595394399999681e-04 5.145507146000000178e-08 9.125790222300000268e-07 2.278505494000000105e-05 9.762069629000000041e-08 1.000000000000000038e-25 3.728521841400000185e-06 2.395687834800000184e-07 1.000000000000000038e-25 1.000000000000000038e-25 1.000000000000000038e-25 9.430934738799998997e-10 3.840936806000000072e-13 5.146853302600000044e-07 1.000000000000000038e-25 1.000000000000000038e-25 3.587403622800000131e-06 1.000000000000000038e-25
5.660722890537083885e+00 1.764632540217294491e+03 1.018525297200000013e-04 8.366746544299999977e-01 1.622441888800000009e-01 3.061574557700000180e-04 9.529220764400000832e-06 5.152905294099999504e-04 5.126934729899999876e-08 1.130831702500000004e-06 2.284894314999999908e-05 1.207364522200000015e-07 1.000000000000000038e-25 3.728432124899999840e-06 2.394399557099999844e-07 1.000000000000000038e-25 1.000000000000000038e-25 1.000000000000000038e-25 8.941010166600000294e-10 4.216472366300000138e-13 5.189715418899999897e-07 1.000000000000000038e-25 1.000000000000000038e-25 3.576339462000000174e-06 1.000000000000000038e-25
7.126427896022061503e+00 1.769461011951663068e+03 9.467943396599999572e-05 8.366749184599999722e-01 1.622463233800000015e-01 3.107449602799999995e-04 1.414365989600000085e-05 5.106466432599999702e-04 5.129919965000000323e-08 1.407157101199999912e-06 2.292538516800000117e-05 1.481065283300000120e-07 1.000000000000000038e-25 3.728332132900000074e-06 2.392669115200000006e-07 1.000000000000000038e-25 1.000000000000000038e-25 1.000000000000000038e-25 8.315517153600000419e-10 4.496153311700000000e-13 5.227019912599999508e-07 1.000000000000000038e-25 1.000000000000000038e-25 3.562446202099999936e-06 1.000000000000000038e-25
8.971641173621007326e+00 1.772336808180926255e+03 8.651169290200000372e-05 8.366729302199999996e-01 1.622493140800000122e-01 3.176673523300000204e-04 2.110551153799999991e-05 5.036509154799999853e-04 5.156323925600000178e-08 1.758283909100000006e-06 2.302052413000000100e-05 1.795743900300000035e-07 1.000000000000000038e-25 3.728217063400000194e-06 2.390383169600000184e-07 1.000000000000000038e-25 1.000000000000000038e-25 1.000000000000000038e-25 7.598516439200000130e-10 4.669678103699999543e-13 5.258406620699999888e-07 1.000000000000000038e-25 1.000000000000000038e-25 3.544893310199999954e-06 1.000000000000000038e-25
1.129462705897032393e+01 1.773960244569559563e+03 7.820849425099999795e-05 8.366667242899999968e-01 1.622533791000000114e-01 3.277951403999999772e-04 3.129393863299999935e-05 4.934255426999999833e-04 5.203659311700000322e-08 2.200998812300000125e-06 2.314038693700000077e-05 2.141068635000000072e-07 1.000000000000000038e-25 3.728080488700000189e-06 2.387472841300000077e-07 1.000000000000000038e-25 1.000000000000000038e-25 1.000000000000000038e-25 6.867148379799999754e-10 4.768347775700000080e-13 5.283561903099999743e-07 1.000000000000000038e-25 1.000000000000000038e-25 3.523025410500000202e-06 1.000000000000000038e-25
1.421909302127574648e+01 1.775188570668670764e+03 7.043024792200000203e-05 8.366543741699999925e-01 1.622587879700000124e-01 3.421047564999999888e-04 4.569334151199999904e-05 4.789881944500000086e-04 5.265041674399999708e-08 2.758808418099999860e-06 2.329023487699999958e-05 2.502275569299999963e-07 1.000000000000000038e-25 3.727912400000000005e-06 2.383915486399999992e-07 1.000000000000000038e-25 1.000000000000000038e-25 1.000000000000000038e-25 6.181080973599999937e-10 4.843170045500000425e-13 5.303106193000000224e-07 1.000000000000000038e-25 1.000000000000000038e-25 3.495981719800000103e-06 1.000000000000000038e-25
1.790077753714912134e+01 1.776685397832268791e+03 6.359052861400000449e-05 8.366346128499999590e-01 1.622657243099999980e-01 3.612536578199999882e-04 6.496411146600000101e-05 4.596819029900000263e-04 5.327212965199999829e-08 3.452192756799999897e-06 2.346928375999999945e-05 2.854133270799999965e-07 1.000000000000000038e-25 3.727701721799999859e-06 2.379771919500000115e-07 1.000000000000000038e-25 1.000000000000000038e-25 1.000000000000000038e-25 5.577656785099999931e-10 4.936043459600000312e-13 5.317892334699999970e-07 1.000000000000000038e-25 1.000000000000000038e-25 3.463139011399999966e-06 1.000000000000000038e-25
2.253574373239121797e+01 1.778816360516572558e+03 5.771545563100000299e-05 8.366066954499999930e-01 1.622743626600000044e-01 3.857725588100000013e-04 8.963592836500000550e-05 4.349804390199999999e-04 5.371030623500000111e-08 4.312772151199999632e-06 2.367331617799999917e-05 3.172865710499999907e-07 1.000000000000000038e-25 3.727431484299999961e-06 2.375049757499999996e-07 1.000000000000000038e-25 1.000000000000000038e-25 1.000000000000000038e-25 5.059481978099999755e-10 5.071906501299999901e-13 5.329095599299999970e-07 1.000000000000000038e-25 1.000000000000000038e-25 3.423489632300000012e-06 1.000000000000000038e-25
2.837082045838841537e+01 1.782077436434613446e+03 5.290208172099999880e-05 8.365708409300000037e-01 1.622846197699999993e-01 4.154244007899999961e-04 1.194639283299999940e-04 4.051313500499999806e-04 5.368537764700000062e-08 5.368567166899999876e-06 2.389165030800000089e-05 3.437957635500000167e-07 1.000000000000000038e-25 3.727084334300000003e-06 2.369879902599999869e-07 1.000000000000000038e-25 1.000000000000000038e-25 1.000000000000000038e-25 4.635458560000000034e-10 5.288677458499999912e-13 5.337530398400000171e-07 1.000000000000000038e-25 1.000000000000000038e-25 3.376949485799999807e-06 1.000000000000000038e-25
3.571674682851498517e+01 1.786662950218703145e+03 4.902540300799999726e-05 8.365277828799999593e-01 1.622963544599999863e-01 4.497320944799999918e-04 1.539621400499999995e-04 3.706222615900000173e-04 5.291393727999999841e-08 6.660499271599999614e-06 2.411372683700000158e-05 3.636752578600000009e-07 1.000000000000000038e-25 3.726639050000000018e-06 2.364314326400000029e-07 1.000000000000000038e-25 1.000000000000000038e-25 1.000000000000000038e-25 4.294561351499999832e-10 5.609438550300000140e-13 5.343976426700000341e-07 1.000000000000000038e-25 1.000000000000000038e-25 3.323382888300000004e-06 1.000000000000000038e-25
4.496472020903621569e+01 1.793419063884391562e+03 4.627706086100000053e-05 8.364796551900000043e-01 1.623089852600000105e-01 4.869538023099999964e-04 1.913739520099999928e-04 3.332077824200000153e-04 5.114799001799999865e-08 8.214827076200000640e-06 2.432613312099999925e-05 3.773661810699999812e-07 1.000000000000000038e-25 3.726085179699999797e-06 2.358737125399999938e-07 1.000000000000000038e-25 1.000000000000000038e-25 1.000000000000000038e-25 4.054307285300000247e-10 6.118676817999999536e-13 5.348838470300000157e-07 1.000000000000000038e-25 1.000000000000000038e-25 3.265153963499999804e-06 1.000000000000000038e-25
5.660722890537037699e+01 1.806473740255415123e+03 4.601480951099999806e-05 8.364316266200000349e-01 1.623208285999999945e-01 5.222895056800000435e-04 2.268647655799999909e-04 2.977051549100000259e-04 4.835872832900000022e-08 9.995683303099999823e-06 2.451062568099999904e-05 3.922166278300000091e-07 1.000000000000000038e-25 3.725460879299999821e-06 2.354890190599999904e-07 1.000000000000000038e-25 1.000000000000000038e-25 1.000000000000000038e-25 4.038034100099999753e-10 7.233143606699999861e-13 5.352047878600000443e-07 1.000000000000000038e-25 1.000000000000000038e-25 3.213058308700000048e-06 1.000000000000000038e-25
7.126427896022002528e+01 1.828128266080429967e+03 4.902329503399999909e-05 8.363879377499999768e-01 1.623306038200000023e-01 5.520379523399999511e-04 2.567071820600000040e-04 2.678230871999999745e-04 4.498790259900000246e-08 1.194467965699999954e-05 2.466016673700000144e-05 4.155771049299999796e-07 1.000000000000000038e-25 3.724825367799999866e-06 2.353854115999999920e-07 1.000000000000000038e-25 1.000000000000000038e-25 1.000000000000000038e-25 4.319009279700000158e-10 9.508858511800000310e-13 5.353855611299999925e-07 1.000000000000000038e-25 1.000000000000000038e-25 3.176258343700000057e-06 1.000000000000000038e-25
8.971641173620933785e+01 1.859149746975357402e+03 5.600868554899999705e-05 8.363495130100000452e-01 1.623378672299999881e-01 5.750326794299999520e-04 2.797214053099999998e-04 2.447251590500000031e-04 4.154409373600000179e-08 1.402299073200000009e-05 2.477784410100000080e-05 4.530627329799999865e-07 1.000000000000000038e-25 3.724222723599999822e-06 2.355515620199999995e-07 1.000000000000000038e-25 1.000000000000000038e-25 1.000000000000000038e-25 4.966552906100000281e-10 1.392311520799999955e-12 5.354557865500000044e-07 1.000000000000000038e-25 1.000000000000000038e-25 3.158246765799999979e-06 1.000000000000000038e-25
1.129462705897022943e+02 1.899163625310519365e+03 6.796837211699999833e-05 8.363148123200000450e-01 1.623426902900000079e-01 5.917544517999999724e-04 2.963805100899999747e-04 2.279239752000000101e-04 3.836207593999999840e-08 1.620353690499999947e-05 2.486918356899999900e-05 5.085311493399999784e-07 1.000000000000000038e-25 3.723672839899999895e-06 2.358870972200000074e-07 1.000000000000000038e-25 1.000000000000000038e-25 1.000000000000000038e-25 6.081402401199999858e-10 2.235551812799999927e-12 5.354356352199999506e-07 1.000000000000000038e-25 1.000000000000000038e-25 3.157659633800000026e-06 1.000000000000000038e-25
1.421909302127562853e+02 1.955451507895589657e+03 9.156502392299999626e-05 8.362304774000000052e-01 1.623339615899999921e-01 6.083619660100000447e-04 3.001219073899999792e-04 2.238914567500000061e-04 3.688067113299999720e-08 1.826691924000000073e-05 2.477310745300000070e-05 6.023016226600000200e-07 1.000000000000000038e-25 3.722914831999999981e-06 2.363245726699999936e-07 1.000000000000000038e-25 1.849870063499999903e-09 1.000000000000000038e-25 8.302235427300000151e-10 4.215241494599999947e-12 5.352095800999999666e-07 1.000000000000000038e-25 1.000000000000000038e-25 3.178347856099999949e-06 3.135986967900000088e-05
1.790077753714897710e+02 2.032219511612608812e+03 1.382007217599999906e-04 8.361248882299999741e-01 1.623201438399999863e-01 6.444521644199999698e-04 2.858277896199999733e-04 2.377191490000000063e-04 3.900320186399999968e-08 2.004268015100000008e-05 2.428868903899999895e-05 7.476059989600000344e-07 1.000000000000000038e-25 3.721904891099999813e-06 2.367254177400000122e-07 1.000000000000000038e-25 5.446949346600000127e-09 1.000000000000000038e-25 1.276935035099999980e-09 9.448428945099999912e-12 5.346980023300000081e-07 1.000000000000000038e-25 1.000000000000000038e-25 3.207122908599999866e-06 6.402503388900000238e-05
2.253574373239103465e+02 2.142569547761068861e+03 2.462054827900000270e-04 8.360006751999999874e-01 1.622948154899999940e-01 6.263668129900000275e-04 2.621550714399999930e-04 2.604557430699999936e-04 3.837688956699999807e-08 2.118463884500000147e-05 2.425250746500000145e-05 1.044767893099999900e-06 1.000000000000000038e-25 3.721551004299999811e-06 2.369977282399999912e-07 2.011442476699999879e-09 4.665708387600000050e-09 2.117467517400000047e-07 2.340846978600000149e-09 2.726930793300000002e-11 5.334467538099999550e-07 7.187626751200000322e-06 1.000000000000000038e-25 3.330554539500000031e-06 6.594259481400000205e-05
