# P      T      H      H2       He       H2O       CH4       CO       CO2       NH3       H2S       HCN       C2H2       Na       K       TiO       VO       FeH      e      Hm      PH3      FeI      FeII      CaI      MgI
3.571674682851674833e-05 2.710220303465128382e+03 9.020126178299999742e-01 8.307118918199999161e-03 8.902556890799999401e-02 1.063035013999999934e-07 1.000000000000000038e-25 2.880817539399999853e-04 5.463468878000000249e-10 1.000000000000000038e-25 6.703328433600000306e-12 8.416812075399999730e-13 1.000000000000000038e-25 4.876662579999999903e-09 1.046955258399999954e-11 1.675230519400000049e-09 1.401529862899999975e-11 3.921640463900000222e-11 2.367555839399999874e-06 3.782119121200000064e-12 1.000000000000000038e-25 2.053355020500000075e-05 1.000000000000000038e-25 2.093102851300000211e-06 3.653237516800000081e-05
4.496472020903842217e-05 2.695766491102412601e+03 8.984635777899999676e-01 1.156834051800000041e-02 8.931386408899999463e-02 2.072002816599999887e-07 1.000000000000000038e-25 2.890147481700000012e-04 7.712682120500000094e-10 1.000000000000000038e-25 1.267895336099999978e-11 8.996573386200000284e-13 1.000000000000000038e-25 6.844343934499999736e-09 1.443896037199999920e-11 2.411525602699999915e-09 2.027442835300000024e-11 5.172178736000000248e-11 2.309845443399999968e-06 4.770265088100000002e-12 1.000000000000000038e-25 2.066344608000000052e-05 1.000000000000000038e-25 2.099880973599999934e-06 3.665067058199999984e-05
5.660722890537316039e-05 2.678331062036098956e+03 8.931569619900000534e-01 1.644317910800000004e-02 8.974466602099999413e-02 4.234269453200000041e-07 1.000000000000000038e-25 2.904086650799999995e-04 1.121505097699999984e-09 1.000000000000000038e-25 2.492114542300000095e-11 9.480812838300000268e-13 1.000000000000000038e-25 9.976949989900000193e-09 2.060943008900000138e-11 3.566930992899999969e-09 3.036655576999999753e-11 6.882869841099999766e-11 2.270643604399999987e-06 6.092994935999999940e-12 1.000000000000000038e-25 2.081032447499999872e-05 1.000000000000000038e-25 2.110009549999999829e-06 3.682744173000000206e-05
7.126427896022353330e-05 2.674216645999244065e+03 8.880646039999999797e-01 2.112029158299999834e-02 9.015791381000000382e-02 7.019113232300000424e-07 1.000000000000000038e-25 2.917456590799999872e-04 1.456332212700000027e-09 1.187988882099999959e-14 4.132289147900000177e-11 1.056302748800000063e-12 1.000000000000000038e-25 1.301243405099999969e-08 2.677417871699999964e-11 4.565632000500000382e-09 3.968350486999999721e-11 8.774978708699999454e-11 2.257690050600000141e-06 7.650047108000000195e-12 1.000000000000000038e-25 2.092653314000000151e-05 1.000000000000000038e-25 2.119725372500000091e-06 3.699700774499999962e-05
8.971641173621374690e-05 2.667723787228353103e+03 8.810931329700000258e-01 2.752286851599999862e-02 9.072359317000000534e-02 1.202701333100000082e-06 1.000000000000000038e-25 2.935757626400000006e-04 1.931660212100000056e-09 2.247278259199999927e-14 7.050755851200000614e-11 1.166625698100000050e-12 1.000000000000000038e-25 1.741900708600000051e-08 3.561029302200000075e-11 5.945581673800000166e-09 5.317656296199999865e-11 1.126706846799999956e-10 2.250295177999999952e-06 9.659739020599999369e-12 1.000000000000000038e-25 2.107501913400000167e-05 1.000000000000000038e-25 2.133024937800000053e-06 3.722912113199999817e-05
1.129462705897078389e-04 2.657644853829511703e+03 8.711899614200000475e-01 3.661747271400000309e-02 9.152711664300000605e-02 2.160164964500000209e-06 1.000000000000000038e-25 2.961752750299999977e-04 2.641016342499999833e-09 4.402803793999999941e-14 1.253784405699999903e-10 1.272151139699999967e-12 1.000000000000000038e-25 2.420936628199999853e-08 4.899232278000000084e-11 7.922940257199999273e-09 7.387793812300000558e-11 1.461085477199999979e-10 2.249157881200000143e-06 1.227879974000000072e-11 1.000000000000000038e-25 2.127604034499999938e-05 1.000000000000000038e-25 2.151916285300000209e-06 3.755882999699999803e-05
1.421909302127632546e-04 2.643692898815650551e+03 8.568660508200000026e-01 4.977139755699999668e-02 9.268933205099999517e-02 4.073873800599999928e-06 1.000000000000000038e-25 2.999351070199999928e-04 3.731023344400000114e-09 8.964337998300000413e-14 2.335605903999999975e-10 1.373254680299999935e-12 1.000000000000000038e-25 3.514443267199999999e-08 7.016258592000000247e-11 1.074466406700000010e-08 1.066931821400000056e-10 1.917455423900000026e-10 2.255654323500000018e-06 1.572806139399999931e-11 1.000000000000000038e-25 2.155754277500000139e-05 1.000000000000000038e-25 2.179240448999999906e-06 3.803572281899999808e-05
1.790077753714985496e-04 2.592879910527174616e+03 8.176412910600000528e-01 8.579099335300000018e-02 9.587230455400000406e-02 1.282403588999999991e-05 1.000000000000000038e-25 3.102316625299999966e-04 7.192528870599999913e-09 2.727562997100000150e-13 6.867974656200000188e-10 1.309221680599999930e-12 1.000000000000000038e-25 7.426331311700000440e-08 1.407735018300000000e-10 1.862553216099999974e-08 2.234437285699999880e-10 2.814708319899999814e-10 2.281435054100000053e-06 2.140222285100000046e-11 1.000000000000000038e-25 2.231136224899999928e-05 1.000000000000000038e-25 2.254071939199999837e-06 3.934182326200000242e-05
2.253574373239214108e-04 2.492862013364647282e+03 7.057705449600000236e-01 1.885158317099999981e-01 1.049531409100000062e-01 6.317077580600000142e-05 1.000000000000000038e-25 3.396056620400000089e-04 1.843110214100000035e-08 1.295119971899999921e-12 3.643244035399999944e-09 1.251373306200000040e-12 1.000000000000000038e-25 2.646969266399999903e-07 4.706646413300000254e-10 3.403135390000000078e-08 6.690589457900000003e-10 4.739444554700000046e-10 2.306250418799999936e-06 2.970897785000000290e-11 1.000000000000000038e-25 2.443183620899999997e-05 1.000000000000000038e-25 2.467549759899999892e-06 4.306810036599999751e-05
2.837082045838957515e-04 2.408832543581818754e+03 5.600693132299999766e-01 3.223036828099999918e-01 1.167814030599999969e-01 1.516773889599999962e-04 1.000000000000000038e-25 3.778698934499999883e-04 2.997672577299999726e-08 4.212008718099999829e-12 1.435470557600000034e-08 1.725089106899999941e-12 1.000000000000000038e-25 7.135955529499999621e-07 1.344708782000000036e-09 4.435801849400000258e-08 1.239796480799999907e-09 7.208684662799999596e-10 2.144915677699999893e-06 3.398557207500000095e-11 1.000000000000000038e-25 2.718637160000000145e-05 1.000000000000000038e-25 2.745595667199999805e-06 4.792177835699999846e-05
3.571674682851644746e-04 2.376970045401279094e+03 4.766434430600000050e-01 3.989096523799999794e-01 1.235526209199999947e-01 1.973694783900000046e-04 1.000000000000000038e-25 3.997773680399999835e-04 3.388573098499999952e-08 7.789714822300000786e-12 2.861895091800000163e-08 2.503787546800000078e-12 1.000000000000000038e-25 1.064715004599999974e-06 2.227903362000000097e-09 4.834738097000000058e-08 1.479362486599999901e-09 9.258097365000000060e-10 1.958535827000000017e-06 3.609327251500000314e-11 1.394402479800000060e-14 2.876272433299999914e-05 1.000000000000000038e-25 2.904755973500000136e-06 5.070028151499999717e-05
4.496472020903805218e-04 2.361633692907821569e+03 4.193484564500000178e-01 4.515216189699999827e-01 1.282022367100000004e-01 2.248127914300000014e-04 1.000000000000000038e-25 4.148215519400000025e-04 3.566627402800000207e-08 1.224470375300000057e-11 4.612518247799999808e-08 3.523609862300000096e-12 1.000000000000000038e-25 1.336389742099999950e-06 3.105300850099999809e-09 5.068632699500000063e-08 1.601356858400000063e-09 1.131023006300000086e-09 1.799769038799999993e-06 3.823177013000000312e-11 2.729313036000000094e-14 2.984505210599999877e-05 1.000000000000000038e-25 3.014039315100000139e-06 5.260816604499999672e-05
5.660722890537269554e-04 2.344116352791471400e+03 3.620663552100000238e-01 5.041222214399999624e-01 1.328503725200000096e-01 2.496644191999999895e-04 1.000000000000000038e-25 4.298612875400000259e-04 3.710434281899999722e-08 1.890360200699999886e-11 7.415549682599999809e-08 4.975024381100000252e-12 1.000000000000000038e-25 1.635047561999999964e-06 4.315571760599999801e-09 5.302033929900000309e-08 1.723001888500000074e-09 1.367790147499999974e-09 1.613669058099999963e-06 3.903054542999999713e-11 5.315553183199999809e-14 3.092699485699999828e-05 1.000000000000000038e-25 3.123280610900000024e-06 5.451542788599999704e-05
7.126427896022295054e-04 2.328409932705806568e+03 3.116159625600000149e-01 5.504497794099999508e-01 1.369438472800000028e-01 2.695529631399999886e-04 1.000000000000000038e-25 4.431065628100000161e-04 3.814034629199999776e-08 2.809073797100000049e-11 1.144114767399999954e-07 6.930673757499999899e-12 1.000000000000000038e-25 1.915508847300000148e-06 5.802032445899999912e-09 5.505118238600000088e-08 1.827363585700000074e-09 1.629345247700000007e-09 1.431925234800000021e-06 3.913236957300000022e-11 9.848651006700000359e-14 3.187976823699999998e-05 1.000000000000000038e-25 3.219476121699999818e-06 5.619506728700000050e-05
8.971641173621299880e-04 2.313749268292031047e+03 2.671379887299999978e-01 5.912931944799999506e-01 1.405525408699999923e-01 2.857550208099999948e-04 1.000000000000000038e-25 4.547833366600000072e-04 3.894325468700000319e-08 4.061083898299999941e-11 1.713492211199999937e-07 9.534702360599999964e-12 1.000000000000000038e-25 2.174118532299999969e-06 7.622952095099999883e-09 5.685400691399999676e-08 1.922162995399999844e-09 1.918532540499999800e-09 1.259837969400000061e-06 3.866257232999999969e-11 1.762863688599999996e-13 3.271964260100000249e-05 1.000000000000000038e-25 3.304267454000000169e-06 5.767575865399999943e-05
1.129462705897069227e-03 2.299132985345820998e+03 2.275459930900000094e-01 6.276500252100000177e-01 1.437646989399999908e-01 2.992803379699999892e-04 1.000000000000000038e-25 4.651770577400000050e-04 3.962320482600000316e-08 5.755281744800000054e-11 2.517182769000000084e-07 1.296870753300000072e-11 1.000000000000000038e-25 2.411945193999999978e-06 9.880676540099999248e-09 5.850361192000000232e-08 2.015089116500000021e-09 2.237107161900000062e-09 1.098393244100000067e-06 3.760112255699999805e-11 3.089643795199999973e-13 3.346716309699999980e-05 1.000000000000000038e-25 3.379727494000000011e-06 5.899371423999999811e-05
1.421909302127621162e-03 2.284914659583879256e+03 1.929586645499999920e-01 6.594112158599999551e-01 1.465707535299999864e-01 3.104774060399999921e-04 1.000000000000000038e-25 4.742567324000000165e-04 4.021154105700000250e-08 8.023350250500000267e-11 3.627421030800000215e-07 1.746556677399999965e-11 1.000000000000000038e-25 2.624010507800000055e-06 1.264596990200000018e-08 5.998878132999999468e-08 2.105638874100000024e-09 2.588485657999999830e-09 9.522624315900000144e-07 3.620973066600000092e-11 5.313459201999999737e-13 3.412009824599999773e-05 1.000000000000000038e-25 3.445630079699999932e-06 6.014500571800000160e-05
1.790077753714970805e-03 2.271007104492091457e+03 1.631000057099999956e-01 6.868301665099999509e-01 1.489931394800000086e-01 3.197279089500000213e-04 1.670286306799999902e-14 4.820949288300000238e-04 4.073761990100000197e-08 1.101693462700000009e-10 5.129590793000000147e-07 2.327505753100000159e-11 1.000000000000000038e-25 2.809274415200000132e-06 1.600625323600000124e-08 6.132065604900000219e-08 2.195053769500000159e-09 2.973020555900000039e-09 8.229461445499999685e-07 3.460908948500000211e-11 8.976370165399999850e-13 3.468367037899999902e-05 1.000000000000000038e-25 3.502501486800000192e-06 6.113883960899999729e-05
2.253574373239196002e-03 2.257354624864142352e+03 1.374136100699999974e-01 7.104177907600000008e-01 1.510770255099999904e-01 3.274032959299999967e-04 3.109979101099999741e-14 4.888377897799999665e-04 4.122185768600000066e-08 1.495519165400000064e-10 7.135923465799999999e-07 3.076299416299999993e-11 1.000000000000000038e-25 2.969368758700000165e-06 2.008880315099999986e-08 6.251721789699999943e-08 2.284390615299999959e-09 3.395161501400000035e-09 7.097902881499999968e-07 3.290819412999999955e-11 1.496827703899999957e-12 3.516838982799999852e-05 1.000000000000000038e-25 3.551401660000000090e-06 6.199374909599999334e-05
2.837082045838934530e-03 2.243990249848626263e+03 1.155454635999999952e-01 7.304991580399999851e-01 1.528511502899999874e-01 3.337457155600000169e-04 5.693652498900000598e-14 4.945783020900000083e-04 4.167372261800000010e-08 2.008800042899999950e-10 9.758978338300000918e-07 4.033350162299999913e-11 1.000000000000000038e-25 3.105383647500000186e-06 2.500535626399999859e-08 6.358546552300000618e-08 2.373613894699999910e-09 3.857000759300000364e-09 6.122960585299999940e-07 3.120570931000000243e-11 2.464268792299999915e-12 3.558094382900000316e-05 1.000000000000000038e-25 3.593004704500000018e-06 6.272152643500000107e-05
3.571674682851615906e-03 2.230945472575796430e+03 9.699520462199999471e-02 7.475337351899999927e-01 1.543561184799999986e-01 3.389949364800000061e-04 1.029045163399999999e-13 4.994478521300000024e-04 4.210074742200000309e-08 2.676640591599999757e-10 1.313179639599999942e-06 5.255874599900000053e-11 1.000000000000000038e-25 3.219811216799999849e-06 3.089685798500000245e-08 6.453815127600000521e-08 2.462811505000000085e-09 4.364425903500000035e-09 5.288241108099999519e-07 2.957071009000000090e-11 4.017066436500000366e-12 3.593077800399999936e-05 1.000000000000000038e-25 3.628262859900000148e-06 6.333883103799999416e-05
4.496472020903767922e-03 2.218340248117634928e+03 8.139781889699999884e-02 7.618567056299999640e-01 1.556215492299999892e-01 3.433202109500000212e-04 1.835891038599999974e-13 5.035422832099999916e-04 4.250513945300000017e-08 3.539494581100000162e-10 1.736415222100000034e-06 6.808367246200000389e-11 1.000000000000000038e-25 3.314658912299999833e-06 3.785657925599999940e-08 6.538167572799999783e-08 2.551319284799999985e-09 4.921199887600000025e-09 4.579986172499999852e-07 2.805635840099999926e-11 6.480413887600000070e-12 3.622478267300000270e-05 1.000000000000000038e-25 3.657870588799999947e-06 6.385781544399999840e-05
5.660722890537223800e-03 2.206313244260217289e+03 6.835061615000000146e-02 7.738378539900000463e-01 1.566801147100000124e-01 3.468793023499999869e-04 3.240403976299999937e-13 5.069673203300000333e-04 4.288659589499999831e-08 4.652556248599999970e-10 2.255304270200000000e-06 8.780425211399999834e-11 1.000000000000000038e-25 3.392394889500000060e-06 4.594795428199999985e-08 6.612326939200000451e-08 2.638058096200000200e-09 5.535484939400000076e-09 3.980876845900000081e-07 2.670478070099999919e-11 1.035642985800000060e-11 3.647055460700000215e-05 1.000000000000000038e-25 3.682593487100000173e-06 6.429188236200000545e-05
7.126427896022236724e-03 2.194968031608615092e+03 5.750497562799999907e-02 7.837973159400000167e-01 1.575600974599999926e-01 3.497999249300000248e-04 5.655711104999999810e-13 5.098144844399999775e-04 4.324449712999999913e-08 6.080068470700000025e-10 2.873900567000000176e-06 1.127462594299999965e-10 1.000000000000000038e-25 3.455355187300000174e-06 5.514025599100000193e-08 6.677043365300000386e-08 2.722037775500000028e-09 6.213193842000000164e-09 3.474783009899999982e-07 2.552401898599999999e-11 1.638126457899999970e-11 3.667467165599999770e-05 1.000000000000000038e-25 3.703094399700000174e-06 6.465263450400000401e-05
8.971641173621227455e-03 2.184349151998377693e+03 4.848836939699999876e-02 7.920771826600000454e-01 1.582917178999999896e-01 3.522045691899999874e-04 9.781790197899999036e-13 5.121815655899999726e-04 4.357972565199999686e-08 7.909723410699999888e-10 3.593953118000000211e-06 1.443177991699999896e-10 1.000000000000000038e-25 3.506101529400000003e-06 6.535796429399999798e-08 6.733425920100000432e-08 2.802753560200000073e-09 6.964340808700000108e-09 3.044240390999999778e-07 2.449971800800000115e-11 2.567945957100000121e-11 3.684415910699999699e-05 1.000000000000000038e-25 3.720080675000000063e-06 6.495246763800000336e-05
1.129462705897060076e-02 2.174425310551012899e+03 4.100066848799999858e-02 7.989530631500000313e-01 1.588993211699999963e-01 3.541877659499999883e-04 1.675771922700000010e-12 5.141473412399999703e-04 4.389377469700000301e-08 1.024298751999999971e-09 4.409735179000000133e-06 1.841142550700000093e-10 1.000000000000000038e-25 3.546802854300000064e-06 7.641530050600000207e-08 6.782523359000000368e-08 2.880022172300000195e-09 7.795558282999999726e-09 2.675377111199999852e-07 2.359966201999999934e-11 3.988137304700000159e-11 3.698467886699999897e-05 1.000000000000000038e-25 3.734121985600000006e-06 6.520136860099999792e-05
1.421909302127609409e-02 2.165169142151074084e+03 3.474341456499999842e-02 8.046990324799999650e-01 1.594071171399999987e-01 3.558371676300000112e-04 2.855396407599999832e-12 5.157901496399999557e-04 4.418843709600000310e-08 1.323259006999999938e-09 5.316450584299999738e-06 2.345771140600000181e-10 1.000000000000000038e-25 3.579557570399999907e-06 8.813257400599999988e-08 6.825452585700000597e-08 2.953845711400000092e-09 8.723269441299999320e-09 2.354932115300000039e-07 2.279796280000000154e-11 6.155322415899999497e-11 3.710185146299999689e-05 1.000000000000000038e-25 3.745782371700000197e-06 6.540926339199999327e-05
1.790077753714956060e-02 2.156562358481134652e+03 2.953080654400000102e-02 8.094857139000000146e-01 1.598301739799999899e-01 3.572064599599999871e-04 4.827665148899999827e-12 5.171587490800000526e-04 4.446399278700000104e-08 1.703483645699999937e-09 6.295172521799999797e-06 2.981344261900000178e-10 1.000000000000000038e-25 3.605799979200000028e-06 1.001691214299999987e-07 6.862905034100000095e-08 3.023980355399999898e-09 9.753208080399999933e-09 2.075657563599999964e-07 2.206808463699999927e-11 9.423697920599999672e-11 3.719918179600000083e-05 1.000000000000000038e-25 3.755413442800000094e-06 6.558233253100000603e-05
2.253574373239176920e-02 2.148557801455433946e+03 2.516441284800000067e-02 8.134953285599999528e-01 1.601845858500000053e-01 3.583497865600000147e-04 8.120489249499999851e-12 5.183052150700000497e-04 4.472157739699999723e-08 2.188283822600000174e-09 7.330827323700000187e-06 3.784643972999999803e-10 1.000000000000000038e-25 3.626937561600000173e-06 1.122672295599999965e-07 6.895693823800000582e-08 3.090459286800000141e-09 1.090279398199999957e-08 1.829994804799999960e-07 2.139286726999999849e-11 1.434050773899999882e-10 3.728040147600000293e-05 1.000000000000000038e-25 3.763387862600000081e-06 6.572717125499999771e-05
2.837082045838910938e-02 2.141027141310127718e+03 2.149257783199999897e-02 8.168671436300000144e-01 1.604826518599999918e-01 3.593071377599999752e-04 1.358480948199999963e-11 5.192693393499999690e-04 4.496514635499999790e-08 2.804245824300000084e-09 8.403439897300000512e-06 4.796294579099999701e-10 1.000000000000000038e-25 3.644054451999999920e-06 1.241711927799999929e-07 6.924698985199999916e-08 3.154166056000000129e-09 1.218130058799999975e-08 1.612669813399999991e-07 2.073984431400000104e-11 2.169526203099999947e-10 3.734836747500000297e-05 1.000000000000000038e-25 3.769989692499999941e-06 6.584882245400000252e-05
3.571674682851586069e-02 2.133858157005579869e+03 1.838149796099999844e-02 8.197240320299999938e-01 1.607352241399999937e-01 3.601127892699999941e-04 2.266109032500000092e-11 5.200862292400000369e-04 4.519788268099999829e-08 3.589218167600000029e-09 9.497299489800000439e-06 6.074428929500000413e-10 1.000000000000000038e-25 3.658046207800000141e-06 1.357127527599999870e-07 6.950651928299999805e-08 3.215835890099999958e-09 1.360828030200000047e-08 1.419064678400000065e-07 2.009157991099999909e-11 3.270493082699999838e-10 3.740558900499999791e-05 1.000000000000000038e-25 3.775465884600000040e-06 6.595172974100000100e-05
4.496472020903731492e-02 2.127095081666759143e+03 1.575341827500000014e-02 8.221373965199999523e-01 1.609486066099999890e-01 3.607862711799999893e-04 3.764148061099999684e-11 5.207762777600000344e-04 4.541797254700000167e-08 4.585685980300000202e-09 1.058684662899999964e-05 7.684226443199999596e-10 1.000000000000000038e-25 3.669471933800000086e-06 1.466526117299999946e-07 6.973745082499999461e-08 3.274884945800000048e-09 1.519807719999999963e-08 1.247523283199999978e-07 1.945697649599999948e-11 4.906059440000000104e-10 3.745352302199999965e-05 1.000000000000000038e-25 3.779959307600000131e-06 6.603847255100000568e-05
5.660722890537177310e-02 2.120754569253573209e+03 1.352588328799999955e-02 8.241829554799999791e-01 1.611294863299999880e-01 3.613485189299999877e-04 6.235741926499999613e-11 5.213611111800000187e-04 4.562519513199999906e-08 5.853098305000000186e-09 1.165483537600000020e-05 9.717241425200000152e-10 1.000000000000000038e-25 3.678856361699999922e-06 1.568782036900000058e-07 6.994303927900000247e-08 3.331152633900000200e-09 1.697605339000000158e-08 1.095558855799999987e-07 1.884155323000000031e-11 7.331248190300000512e-10 3.749370355399999982e-05 1.000000000000000038e-25 3.783618266699999944e-06 6.611178183299999743e-05
7.126427896022177744e-02 2.114732945390192071e+03 1.163345745800000060e-02 8.259207975800000323e-01 1.612831699299999977e-01 3.618162203799999950e-04 1.029652550099999950e-10 5.218578826900000054e-04 4.582186075899999910e-08 7.460737243600000593e-09 1.268469949499999941e-05 1.227779680700000037e-09 1.000000000000000038e-25 3.686605115699999902e-06 1.663168061699999929e-07 7.012757862399999600e-08 3.385192750500000094e-09 1.895877680299999835e-08 9.611396629900000193e-08 1.823693441600000034e-11 1.091040658500000016e-09 3.752735196800000114e-05 1.000000000000000038e-25 3.786559251299999988e-06 6.617382737000000411e-05
8.971641173621153209e-02 2.108938520961417453e+03 1.001530086899999998e-02 8.274067909400000254e-01 1.614145925799999881e-01 3.622051452599999843e-04 1.697506243699999885e-10 5.222825339099999766e-04 4.601108716899999922e-08 9.504085663499999806e-09 1.366774172499999923e-05 1.550909816000000021e-09 1.000000000000000038e-25 3.693062778499999872e-06 1.749764177400000064e-07 7.029545165099999950e-08 3.437794781099999843e-09 2.117360427399999890e-08 8.419450476900000514e-08 1.763433839099999872e-11 1.619481390300000069e-09 3.755559122000000165e-05 1.000000000000000038e-25 3.788885562799999944e-06 6.622662112499999739e-05
1.129462705897050778e-01 2.103333872639874244e+03 8.631396258899999910e-03 8.286776815899999926e-01 1.615269998499999915e-01 3.625262517300000225e-04 2.791037580399999816e-10 5.226455322200000263e-04 4.619450302900000081e-08 1.209223078800000066e-08 1.459263422699999959e-05 1.957233883499999890e-09 1.000000000000000038e-25 3.698458896899999834e-06 1.828396522400000057e-07 7.044921961900000275e-08 3.489343314899999913e-09 2.363859134499999963e-08 7.366454867699999651e-08 1.703157853900000033e-11 2.395642776899999815e-09 3.757916058400000283e-05 1.000000000000000038e-25 3.790663283100000162e-06 6.627148659700000108e-05
1.421909302127597752e-01 2.097908935696002118e+03 7.441900420399999959e-03 8.297700552900000304e-01 1.616236244900000063e-01 3.627908548100000066e-04 4.590435362300000230e-10 5.229572836400000514e-04 4.637190081299999837e-08 1.538986968700000037e-08 1.545689267699999978e-05 2.471477660600000160e-09 1.000000000000000038e-25 3.702998422299999957e-06 1.899522319900000088e-07 7.059025827299999771e-08 3.539701473900000066e-09 2.640186460200000059e-08 6.435207768600000063e-08 1.643756966000000090e-11 3.538383588700000058e-09 3.759876505199999722e-05 1.000000000000000038e-25 3.791950014500000176e-06 6.630972580899999712e-05
1.790077753714941489e-01 2.092661346722979033e+03 6.423294594499999975e-03 8.307055067099999857e-01 1.617063740399999894e-01 3.630065060500000003e-04 7.530868810100000287e-10 5.232238896099999925e-04 4.654404255400000315e-08 1.956472568299999952e-08 1.625234001200000011e-05 3.118109911299999854e-09 1.000000000000000038e-25 3.706810597200000181e-06 1.963133159900000089e-07 7.071995561200000150e-08 3.589004772800000029e-09 2.947878440100000137e-08 5.617513687700000225e-08 1.585303671800000002e-11 5.205778396099999847e-09 3.761483466800000193e-05 1.000000000000000038e-25 3.792780438800000073e-06 6.634211468900000580e-05
2.253574373239158879e-01 2.087633708178084817e+03 5.549476513999999916e-03 8.315080027800000328e-01 1.617773668099999895e-01 3.631816200300000169e-04 1.234340169100000023e-09 5.234520914299999527e-04 4.670941832699999996e-08 2.486619779799999901e-08 1.697926656999999902e-05 3.934247252599999982e-09 1.000000000000000038e-25 3.710021218499999891e-06 2.019752616600000001e-07 7.083853493900000636e-08 3.636741207899999986e-09 3.292176828199999981e-08 4.900690104400000151e-08 1.529008418900000016e-11 7.632479133499999845e-09 3.762781033299999838e-05 1.000000000000000038e-25 3.793184893000000103e-06 6.636949551500000459e-05
2.837082045838887900e-01 2.082945100272675518e+03 4.805131013100000063e-03 8.321916038600000176e-01 1.618378454000000133e-01 3.633224117499999966e-04 2.016531210000000080e-09 5.236457537799999980e-04 4.686378052899999917e-08 3.156623601999999837e-08 1.763409881600000022e-05 4.960526471899999770e-09 1.000000000000000038e-25 3.712708017299999810e-06 2.069510967400000001e-07 7.094457542499999676e-08 3.681608539600000041e-09 3.676675211000000116e-08 4.278672945799999974e-08 1.476889254000000026e-11 1.111906630200000010e-08 3.763794620999999979e-05 1.000000000000000038e-25 3.793182317499999813e-06 6.639235877699999544e-05
3.571674682851557203e-01 2.078724300155413857e+03 4.170979097899999745e-03 8.327740109200000296e-01 1.618893749599999987e-01 3.634357195799999755e-04 3.286897587700000018e-09 5.238096901299999940e-04 4.700372663900000161e-08 4.004991662699999693e-08 1.822040308099999971e-05 6.255170659699999856e-09 1.000000000000000038e-25 3.714957645500000155e-06 2.113027436700000077e-07 7.103748390399999712e-08 3.722548249800000128e-09 4.108241487200000090e-08 3.740380746100000094e-08 1.430408308300000049e-11 1.608544104100000088e-08 3.764553778499999997e-05 1.000000000000000038e-25 3.792790117299999977e-06 6.641131001699999829e-05
4.496472020903694577e-01 2.075071310813419586e+03 3.633861040100000092e-03 8.332673052700000360e-01 1.619330238799999988e-01 3.635269760599999975e-04 5.334153307299999650e-09 5.239469963700000297e-04 4.712472977799999673e-08 5.074359439900000221e-08 1.873961998100000134e-05 7.883389781700000771e-09 1.000000000000000038e-25 3.716830222700000179e-06 2.150696848499999958e-07 7.111607417700000501e-08 3.758180524700000311e-09 4.592136873400000322e-08 3.278438280000000054e-08 1.391172052500000072e-11 2.303343040600000096e-08 3.765078132199999852e-05 1.000000000000000038e-25 3.792023912499999943e-06 6.642675825999999964e-05
5.660722890537130958e-01 2.072103763735000030e+03 3.178687865999999928e-03 8.336853403799999729e-01 1.619700177399999996e-01 3.636016596200000229e-04 8.624939936700000519e-09 5.240610664500000527e-04 4.722316037000000239e-08 6.423784256099999784e-08 1.919777626900000044e-05 9.936699293000000618e-09 1.000000000000000038e-25 3.718389072699999894e-06 2.183195542200000086e-07 7.117980096700000554e-08 3.787398129100000315e-09 5.137290899499999788e-08 2.882693419200000164e-08 1.360314479399999987e-11 3.260220407099999758e-08 3.765387230200000098e-05 1.000000000000000038e-25 3.790893958899999920e-06 6.643915740999999770e-05
7.126427896022120567e-01 2.069953800794061408e+03 2.795218442500000105e-03 8.340375174799999902e-01 1.620011885600000090e-01 3.636642688399999916e-04 1.386584447100000058e-08 5.241537643599999572e-04 4.729399253299999907e-08 8.118458714999999864e-08 1.959861587399999963e-05 1.251867459999999997e-08 1.000000000000000038e-25 3.719677560799999811e-06 2.210973032299999898e-07 7.122731291100000194e-08 3.808699450600000131e-09 5.751169776100000117e-08 2.546327291599999949e-08 1.339393175999999954e-11 4.544064070399999994e-08 3.765492958800000282e-05 1.000000000000000038e-25 3.789414492400000018e-06 6.644880554100000456e-05
8.971641173621081045e-01 2.068663451508868548e+03 2.471138911199999896e-03 8.343351415699999940e-01 1.620275371600000125e-01 3.637194613799999928e-04 2.217882614099999993e-08 5.242270329000000466e-04 4.733562910999999856e-08 1.024736714900000029e-07 1.994943605200000071e-05 1.577137126700000035e-08 1.000000000000000038e-25 3.720744406700000044e-06 2.234715923800000036e-07 7.125885996099999392e-08 3.821589063200000089e-09 6.444803572800000642e-08 2.259994521599999869e-08 1.328764559599999984e-11 6.225835249499999982e-08 3.765407503799999948e-05 1.000000000000000038e-25 3.787591415299999847e-06 6.645605169399999412e-05
1.129462705897041452e+00 2.068091317970668570e+03 2.195229826400000011e-03 8.345885128000000153e-01 1.620499756899999866e-01 3.637716220100000223e-04 3.527367205199999791e-08 5.242819062700000482e-04 4.735279475099999899e-08 1.291152462499999950e-07 2.025719518899999917e-05 1.985428100200000084e-08 1.000000000000000038e-25 3.721633646999999843e-06 2.255102615300000091e-07 7.127732847199999988e-08 3.827403924199999971e-09 7.225476135099999851e-08 2.014691104899999881e-08 1.326606937000000004e-11 8.366414817699999644e-08 3.765144710299999780e-05 1.000000000000000038e-25 3.785429427299999928e-06 6.646123064500000593e-05
1.421909302127586150e+00 2.067968083305183882e+03 1.954797165900000206e-03 8.348092844800000245e-01 1.620695368500000011e-01 3.638260204100000070e-04 5.603932848500000295e-08 5.243185151499999861e-04 4.735482747299999676e-08 1.627040760199999931e-07 2.053162241099999846e-05 2.501288926400000107e-08 1.000000000000000038e-25 3.722392255699999988e-06 2.272975142000000022e-07 7.128753290800000234e-08 3.828506120300000345e-09 8.108075532600000023e-08 1.799669303900000122e-08 1.329607687499999984e-11 1.103979773199999977e-07 3.764713560700000172e-05 1.000000000000000038e-25 3.782894639800000127e-06 6.646469076900000320e-05
1.790077753714927056e+00 2.068057001000011041e+03 1.743512692000000067e-03 8.350032616800000529e-01 1.620867364299999891e-01 3.638883306600000146e-04 8.879737455700000312e-08 5.243338725500000085e-04 4.735019423499999978e-08 2.048266591799999992e-07 2.077682255499999962e-05 3.148819040399999888e-08 1.000000000000000038e-25 3.723044336499999814e-06 2.288739671899999999e-07 7.129352196599999444e-08 3.827846894499999609e-09 9.097477951899999444e-08 1.609641383199999838e-08 1.334779546799999936e-11 1.425827490899999933e-07 3.764121096299999976e-05 1.000000000000000038e-25 3.779969366100000142e-06 6.646662118500000081e-05
2.253574373239140449e+00 2.068248419208043742e+03 1.555774003199999946e-03 8.351755783500000030e-01 1.621020323700000099e-01 3.639670969400000066e-04 1.406885135199999886e-07 5.243218191600000416e-04 4.734298259499999783e-08 2.578791166899999737e-07 2.099759712999999989e-05 3.964557076500000168e-08 1.000000000000000038e-25 3.723609284099999888e-06 2.302768242000000048e-07 7.129727400899999747e-08 3.826347173999999908e-09 1.020992074299999977e-07 1.439898844999999922e-08 1.340806431500000051e-11 1.799963182500000089e-07 3.763361656500000067e-05 1.000000000000000038e-25 3.776603614900000203e-06 6.646712629799999791e-05
2.837082045838864808e+00 2.068533513606122142e+03 1.389344663899999902e-03 8.353282718800000284e-01 1.621156100900000008e-01 3.640742274999999965e-04 2.225305400100000130e-07 5.242715665800000207e-04 4.733399973899999798e-08 3.244506461000000060e-07 2.119577562999999863e-05 4.988113929200000031e-08 1.000000000000000038e-25 3.724094718100000027e-06 2.315193132499999949e-07 7.129910192899999915e-08 3.824195962100000109e-09 1.145632200299999967e-07 1.288712807799999936e-08 1.347607478799999947e-11 2.213495747400000079e-07 3.762428612299999881e-05 1.000000000000000038e-25 3.772768850800000157e-06 6.646622331500000661e-05
3.571674682851528004e+00 2.068944943658899319e+03 1.241525989000000002e-03 8.354637945799999743e-01 1.621276949200000095e-01 3.642285074000000235e-04 3.518338029400000233e-07 5.241655113699999948e-04 4.732256990699999924e-08 4.082202163299999876e-07 2.137421284399999900e-05 6.275840422199999834e-08 1.000000000000000038e-25 3.724508964699999877e-06 2.326188506499999929e-07 7.129859070899999865e-08 3.821138079000000294e-09 1.285816651699999975e-07 1.153881076899999954e-08 1.355772826599999952e-11 2.648693556299999765e-07 3.761305689100000204e-05 1.000000000000000038e-25 3.768410177400000046e-06 6.646388812799999325e-05
4.496472020903658162e+00 2.069535524284216081e+03 1.110943710500000067e-03 8.355833702899999604e-01 1.621384073799999881e-01 3.644575354299999762e-04 5.550363911300000327e-07 5.239766426899999593e-04 4.730768554699999858e-08 5.132427678800000392e-07 2.153447421100000082e-05 7.889568360799999350e-08 1.000000000000000038e-25 3.724856226800000104e-06 2.335835489599999949e-07 7.129502175000000362e-08 3.816790358000000075e-09 1.443145679000000051e-07 1.034353363999999942e-08 1.366150168299999940e-11 3.081043907899999980e-07 3.759979675600000007e-05 1.000000000000000038e-25 3.763495410300000141e-06 6.646007892199999535e-05
5.660722890537083885e+00 2.070385244193716517e+03 9.954965376400000225e-04 8.356888683800000051e-01 1.621479326399999921e-01 3.648048723799999843e-04 8.743316986499999944e-07 5.236620066699999897e-04 4.728892365100000225e-08 6.451690972000000492e-07 2.167921038399999944e-05 9.914503331899999895e-08 1.000000000000000038e-25 3.725142594500000005e-06 2.344273672000000099e-07 7.128780493300000179e-08 3.810893653100000157e-09 1.620355944600000013e-07 9.283652231199999287e-09 1.379631317000000059e-11 3.489357784699999847e-07 3.758427485100000319e-05 1.000000000000000038e-25 3.757960029800000187e-06 6.645471777499999729e-05
7.126427896022061503e+00 2.071613324126608404e+03 8.942569421399999786e-04 8.357810523900000010e-01 1.621563672699999903e-01 3.653343579600000024e-04 1.372220878500000052e-06 5.231578221399999645e-04 4.726456113200000223e-08 8.101936793900000505e-07 2.181012186600000095e-05 1.244269839700000001e-07 1.000000000000000038e-25 3.725370599600000144e-06 2.351559696000000083e-07 7.127548281499999697e-08 3.802755163700000134e-09 1.819714638099999992e-07 8.352045860399999403e-09 1.397949560399999931e-11 3.854815454000000077e-07 3.756628683199999776e-05 1.000000000000000038e-25 3.751771198199999873e-06 6.644770611800000456e-05
8.971641173621007326e+00 2.073397057433985083e+03 8.061317105099999802e-04 8.358607921199999735e-01 1.621638327000000102e-01 3.661430548599999869e-04 2.144136381300000100e-06 5.223668819999999647e-04 4.723130774000000103e-08 1.016541867200000009e-06 2.192967394499999926e-05 1.559449752299999911e-07 1.000000000000000038e-25 3.725542789700000150e-06 2.357765809699999952e-07 7.125551685800000313e-08 3.791155396800000255e-09 2.044961427499999953e-07 7.539905028400000112e-09 1.424065201000000034e-11 4.167751856599999802e-07 3.754548688500000306e-05 1.000000000000000038e-25 3.744877182800000121e-06 6.643886423800000190e-05
1.129462705897032393e+01 2.075991590967685170e+03 7.305685783899999730e-04 8.359284088999999751e-01 1.621704190599999873e-01 3.673661909000000103e-04 3.323755046600000057e-06 5.211533560599999546e-04 4.718612200899999868e-08 1.272872671900000025e-06 2.204006917000000157e-05 1.949016456799999987e-07 1.000000000000000038e-25 3.725660602599999796e-06 2.362930411399999880e-07 7.122505017499999824e-08 3.774891716500000088e-09 2.299318681299999911e-07 6.843176258699999875e-09 1.461634693600000031e-11 4.424632202999999987e-07 3.752157367300000226e-05 1.000000000000000038e-25 3.737267850299999843e-06 6.642800868300000614e-05
1.421909302127574648e+01 2.079768326867106225e+03 6.667476351400000332e-04 8.359843789699999972e-01 1.621762605800000090e-01 3.692048686900000170e-04 5.109956302800000044e-06 5.193152213300000200e-04 4.712251777100000028e-08 1.591944354599999935e-06 2.214483304000000141e-05 2.430224398200000180e-07 1.000000000000000038e-25 3.725725006500000201e-06 2.367113309699999897e-07 7.117893039800000562e-08 3.751730422000000338e-09 2.589677966800000033e-07 6.255355186899999696e-09 1.517177356299999849e-11 4.629816204199999973e-07 3.749388919700000249e-05 1.000000000000000038e-25 3.728883657899999929e-06 6.641474391800000071e-05
1.790077753714912134e+01 2.085296161351115188e+03 6.153577442500000319e-04 8.360277507100000172e-01 1.621813789200000078e-01 3.718925366199999781e-04 7.734089433400000602e-06 5.166178482099999898e-04 4.702864947700000109e-08 1.983891250500000154e-06 2.224628191999999957e-05 3.015137065000000032e-07 1.000000000000000038e-25 3.725733719599999800e-06 2.370278227300000058e-07 7.110895418000000394e-08 3.718262508699999800e-09 2.921184232200000210e-07 5.784046774799999622e-09 1.601054294200000009e-11 4.787785572400000190e-07 3.746192425099999955e-05 1.000000000000000038e-25 3.719826129100000039e-06 6.639866406000000565e-05
2.253574373239121797e+01 2.093397305458109258e+03 5.769084438500000477e-04 8.360577072899999518e-01 1.621858250300000082e-01 3.756596247399999968e-04 1.147743693199999930e-05 5.127753370200000514e-04 4.687764383300000019e-08 2.462670578200000090e-06 2.234740729500000127e-05 3.720873711799999915e-07 1.000000000000000038e-25 3.725683588800000105e-06 2.372409928799999964e-07 7.514155143000000586e-08 3.668236654700000027e-09 3.304535445700000114e-07 5.435506001499999755e-09 1.730741903400000135e-11 4.906586908499999848e-07 3.742462137100000219e-05 1.000000000000000038e-25 3.716056960300000039e-06 6.637899254299999897e-05
2.837082045838841537e+01 2.105287932138807719e+03 5.535817570200000015e-04 8.360718127499999763e-01 1.621894885700000122e-01 3.808598004999999933e-04 1.653846699900000038e-05 5.075843153800000535e-04 4.665100729500000023e-08 3.037223893900000110e-06 2.245095036500000096e-05 4.557200377800000128e-07 1.000000000000000038e-25 3.725565909400000150e-06 2.373391224199999877e-07 9.091665423900000256e-08 3.593966277700000030e-09 3.752079698700000079e-07 5.232357614299999790e-09 1.937609198699999842e-11 4.992570941800000387e-07 3.738072077800000002e-05 1.000000000000000038e-25 3.728723757000000076e-06 6.635463195100000202e-05
3.571674682851498517e+01 2.122769925194686039e+03 5.490262910400000272e-04 8.360667595899999860e-01 1.621920888800000016e-01 3.874276302399999746e-04 2.295600736299999896e-05 5.009978847399999997e-04 4.627489094000000175e-08 3.715225132400000006e-06 2.255566912399999927e-05 5.543733402199999729e-07 1.000000000000000038e-25 3.725366394700000106e-06 2.373017490199999888e-07 9.908878039600000361e-08 3.480197321900000046e-09 4.285328039300000262e-07 5.212566923700000234e-09 2.281598667699999923e-11 5.051682630799999478e-07 3.732800812700000110e-05 1.000000000000000038e-25 3.728250917499999830e-06 6.632367958800000510e-05
4.496472020903621569e+01 2.148070338477917630e+03 5.695387421100000461e-04 8.360341445800000271e-01 1.621924153100000043e-01 3.950969639799999903e-04 3.036233953699999871e-05 4.933708023500000530e-04 4.568508691499999863e-08 4.491922038200000400e-06 2.265693465900000118e-05 6.702769834500000226e-07 1.000000000000000038e-25 3.725046852500000197e-06 2.370897130000000053e-07 1.339688235299999963e-07 3.310567395299999953e-09 5.028601660600000132e-07 5.441832379799999999e-09 2.876243210200000100e-11 5.087823008999999944e-07 3.799661514700000225e-05 1.000000000000000038e-25 3.757935866299999937e-06 6.628313013800000140e-05
5.660722890537037699e+01 2.186614184551564449e+03 6.352783733400000537e-04 8.359520047899999806e-01 1.621874389300000108e-01 4.025761585600000120e-04 3.753018050199999919e-05 4.859010304299999999e-04 4.471167913000000007e-08 5.335990437899999786e-06 2.273685806500000146e-05 8.104780791100000480e-07 1.000000000000000038e-25 3.724505866299999988e-06 2.365664829400000049e-07 1.431755004399999967e-07 3.044427134400000157e-09 6.718678867300000475e-07 6.128852876699999750e-09 4.050186972799999830e-11 5.098621301200000426e-07 4.345592999399999860e-05 1.000000000000000038e-25 3.765023272799999839e-06 6.622632616899999766e-05
7.126427896022002528e+01 2.246751793144163457e+03 7.916139202899999524e-04 8.358009850399999996e-01 1.621765101000000042e-01 4.077518430799999976e-04 4.220692641099999838e-05 4.808025148400000138e-04 4.318934247800000215e-08 6.169498589900000286e-06 2.276257838499999938e-05 9.890859580699999409e-07 1.000000000000000038e-25 3.723628641499999994e-06 2.354134100399999895e-07 1.400253925000000058e-07 2.641702462200000045e-09 9.912550526599999673e-07 7.753258617700000544e-09 6.746654509699999679e-11 5.073883705699999783e-07 5.379473029200000287e-05 1.000000000000000038e-25 3.767555456800000096e-06 6.614294474299999504e-05
8.971641173620933785e+01 2.334665490791615412e+03 1.116677007200000092e-03 8.354998262099999629e-01 1.621506358600000031e-01 4.093814343699999866e-04 4.299417553599999676e-05 4.793870160000000000e-04 4.114777145900000270e-08 6.926511672499999816e-06 2.269586138399999866e-05 1.226290492900000077e-06 1.000000000000000038e-25 3.721915243799999981e-06 2.330402027700000049e-07 1.341289728400000067e-07 2.131998930600000079e-09 1.203881353399999916e-06 1.118038826400000080e-08 1.355600631900000125e-10 4.997074802399999928e-07 5.357347040599999750e-05 1.000000000000000038e-25 3.777359303100000184e-06 6.601422153800000315e-05
1.129462705897022943e+02 2.453219980396606843e+03 1.756293163600000000e-03 8.349139794700000117e-01 1.620981166999999890e-01 4.079342871999999892e-04 4.021689123099999951e-05 4.812214641400000266e-04 3.878888114600000117e-08 7.576408714000000059e-06 2.249014917100000148e-05 1.541301597500000095e-06 1.000000000000000038e-25 3.718322106200000125e-06 2.284007157200000082e-07 1.239964921699999943e-07 1.604728556899999926e-09 1.489493888100000022e-06 1.810228406699999852e-08 3.202058711600000204e-10 4.837435712600000447e-07 5.327022811300000267e-05 1.000000000000000038e-25 3.791546993799999893e-06 6.581489802100000017e-05
1.421909302127562853e+02 2.591242835829922114e+03 2.840951664399999840e-03 8.339193873800000434e-01 1.620093970700000052e-01 4.064803841199999927e-04 3.690824830800000213e-05 4.831790055299999909e-04 3.655350034300000028e-08 8.239611104299999908e-06 2.214857406100000152e-05 1.940319661299999946e-06 1.000000000000000038e-25 3.711356689099999931e-06 2.207504370599999875e-07 1.099397731799999946e-07 1.178412515500000077e-09 1.851440596800000019e-06 3.023724200500000149e-08 7.858782854000000293e-10 4.590164971999999788e-07 5.287838284999999783e-05 1.000000000000000038e-25 3.803927588299999835e-06 6.552792131199999587e-05
1.790077753714897710e+02 2.735059191320137870e+03 4.423895675500000291e-03 8.324644620400000194e-01 1.618808230400000103e-01 4.069416960000000029e-04 3.495837822999999975e-05 4.833006685300000058e-04 3.470109655699999709e-08 9.032756661299999970e-06 2.171473425400000061e-05 2.420985352000000003e-06 1.000000000000000038e-25 3.699499757199999910e-06 2.102008265800000086e-07 9.421959153999999913e-08 8.803363618299999997e-10 2.281730255599999874e-06 4.856300740300000065e-08 1.809802629600000092e-09 4.289331213300000218e-07 5.240466591799999759e-05 1.000000000000000038e-25 3.811640576800000042e-06 6.514897925299999832e-05
2.253574373239103465e+02 2.881085953445713130e+03 6.564992438399999859e-03 8.304937395799999456e-01 1.617076198899999873e-01 4.096355687799999772e-04 3.446425715700000001e-05 4.813719371699999930e-04 3.321939830400000137e-08 1.000674106100000003e-05 2.122026972200000085e-05 2.991039524900000083e-06 1.000000000000000038e-25 3.680782901799999852e-06 1.970793946400000034e-07 7.874030617299999497e-08 6.752579042800000507e-10 2.783008428899999981e-06 7.414873384800000281e-08 3.855181034299999728e-09 3.969057641899999835e-07 5.184481091199999762e-05 1.000000000000000038e-25 3.815068856499999957e-06 6.466661751599999807e-05
