# P      T      H      H2       He       H2O       CH4       CO       CO2       NH3       H2S       HCN       C2H2       Na       K       TiO       VO       FeH      e      Hm      PH3      FeI      FeII      CaI      MgI
3.571674682851674833e-05 3.438121108113222363e+03 9.108393824499999569e-01 1.127340779900000054e-04 8.829239122399999695e-02 1.488555365999999989e-11 1.000000000000000038e-25 2.674496384899999733e-04 4.314204091599999740e-12 1.000000000000000038e-25 1.000000000000000038e-25 3.470710678800000129e-12 1.000000000000000038e-25 2.470016017099999970e-10 1.101005696900000010e-12 6.596043971100000231e-12 4.307326190499999859e-14 2.984600276600000133e-12 2.301576577900000126e-05 1.033918340400000020e-11 1.000000000000000038e-25 8.978348841399999989e-06 1.000000000000000038e-25 2.124645589099999912e-06 3.623153173799999833e-05
4.496472020903842217e-05 3.419129715331946500e+03 9.108021596399999975e-01 1.551741472600000132e-04 8.829701162299999351e-02 2.778790433199999941e-11 1.000000000000000038e-25 2.734458232200000162e-04 6.003763785299999688e-12 1.000000000000000038e-25 1.000000000000000038e-25 4.478251223399999776e-12 1.000000000000000038e-25 3.169319283400000145e-10 1.391319862600000092e-12 9.275785630500000127e-12 5.989287360300000434e-14 4.763194193499999826e-12 2.101887978399999998e-05 1.222105122099999953e-11 1.000000000000000038e-25 1.097583610599999949e-05 1.000000000000000038e-25 2.124756773000000181e-06 3.623342559900000215e-05
5.660722890537316039e-05 3.389816191500405694e+03 9.107358752799999957e-01 2.247744592900000071e-04 8.830408114899999938e-02 5.794537938599999972e-11 1.000000000000000038e-25 2.784854338300000011e-04 8.852420903100000378e-12 1.000000000000000038e-25 1.837574012400000113e-14 5.647017535799999747e-12 1.000000000000000038e-25 4.164409859100000085e-10 1.784980507999999968e-12 1.413242006899999950e-11 8.965970399499999402e-14 7.829183865100000499e-12 1.846446546900000168e-05 1.411986841799999981e-11 1.000000000000000038e-25 1.353190079100000000e-05 1.000000000000000038e-25 2.124926891900000043e-06 3.623632362999999935e-05
7.126427896022353330e-05 3.372084196235387026e+03 9.106512924799999853e-01 3.083194895600000016e-04 8.831208086599999507e-02 1.088582095200000024e-10 1.000000000000000038e-25 2.809801562100000235e-04 1.227581287499999921e-11 1.000000000000000038e-25 3.361113486100000016e-14 6.839437708799999793e-12 1.000000000000000038e-25 5.191063595399999987e-10 2.192699155399999880e-12 2.004033337599999878e-11 1.257845414699999995e-13 1.172639581799999922e-11 1.645184964000000026e-05 1.626360827000000038e-11 1.000000000000000038e-25 1.554693932200000030e-05 1.000000000000000038e-25 2.125119394600000062e-06 3.623960271000000100e-05
8.971641173621374690e-05 3.355971016261579280e+03 9.105352448700000378e-01 4.199497922500000061e-04 8.832247616299999937e-02 2.022043930499999982e-10 1.000000000000000038e-25 2.826105073900000032e-04 1.689280802200000076e-11 1.000000000000000038e-25 6.076870513199999653e-14 8.112212033499999510e-12 1.000000000000000038e-25 6.384902779299999981e-10 2.661078026899999816e-12 2.821428545099999909e-11 1.753663333500000005e-13 1.707473578899999954e-11 1.458925480599999998e-05 1.860489839599999963e-11 1.000000000000000038e-25 1.741293512900000045e-05 1.000000000000000038e-25 2.125369543700000060e-06 3.624386379799999803e-05
1.129462705897078389e-04 3.340714953877672997e+03 9.103770514500000299e-01 5.697041447299999901e-04 8.833617812499999777e-02 3.732617673500000255e-10 1.000000000000000038e-25 2.837097926299999824e-04 2.314783815099999975e-11 1.000000000000000038e-25 1.091258146900000052e-13 9.458272680900000797e-12 1.000000000000000038e-25 7.781710262000000427e-10 3.201954633900000068e-12 3.957956196899999752e-11 2.437314290299999904e-13 2.433486970700000131e-11 1.287996988699999922e-05 2.115274644400000007e-11 1.000000000000000038e-25 1.912687232300000028e-05 1.000000000000000038e-25 2.125699263400000096e-06 3.624948047500000124e-05
1.421909302127632546e-04 3.327017592356563455e+03 9.101654845800000171e-01 7.679097684299999657e-04 8.835410079399999561e-02 6.806758295699999866e-10 1.000000000000000038e-25 2.844547274600000186e-04 3.148780395799999959e-11 1.000000000000000038e-25 1.939547217600000047e-13 1.090013775599999936e-11 1.000000000000000038e-25 9.403507436399999647e-10 3.824798702600000399e-12 5.504202430499999683e-11 3.361382750600000116e-13 3.401551567099999969e-11 1.136416887999999932e-05 2.400128477200000052e-11 1.000000000000000038e-25 2.064888146600000010e-05 1.000000000000000038e-25 2.126130548600000152e-06 3.625682745399999888e-05
1.790077753714985496e-04 3.313010207499935404e+03 9.098768757899999837e-01 1.036546274299999983e-03 8.837821157099999547e-02 1.245948168300000056e-09 1.000000000000000038e-25 2.850050857299999893e-04 4.290757229699999809e-11 1.000000000000000038e-25 3.455366963199999989e-13 1.241157859900000075e-11 1.000000000000000038e-25 1.133662750199999905e-09 4.556468496100000339e-12 7.678996407600000321e-11 4.649772907499999505e-13 4.701833052500000116e-11 9.982199472799999432e-06 2.711138331500000056e-11 1.000000000000000038e-25 2.203929502100000052e-05 1.000000000000000038e-25 2.126710742199999839e-06 3.626671154299999792e-05
2.253574373239214108e-04 3.299253890950682489e+03 9.094864409399999738e-01 1.398365666099999965e-03 8.841051948900000013e-02 2.278719235899999979e-09 1.000000000000000038e-25 2.854281618400000115e-04 5.842522561999999505e-11 1.000000000000000038e-25 6.152081909900000353e-13 1.400990385399999958e-11 1.000000000000000038e-25 1.364006345100000016e-09 5.418090954800000385e-12 1.070688162800000039e-10 6.429532867000000065e-13 6.431022783399999675e-11 8.754887158099999890e-06 3.057695682700000275e-11 1.000000000000000038e-25 2.327800157199999992e-05 1.000000000000000038e-25 2.127488188700000196e-06 3.627995652000000229e-05
2.837082045838957515e-04 3.285555074400758713e+03 9.089592849600000024e-01 1.885475107100000047e-03 8.845386738200000654e-02 4.163327708799999850e-09 1.000000000000000038e-25 2.857837248599999968e-04 7.949923581699999787e-11 1.000000000000000038e-25 1.094529890300000030e-12 1.569314832600000024e-11 1.000000000000000038e-25 1.640266555999999964e-09 6.439090139900000186e-12 1.492237652200000043e-10 8.887839653799999902e-13 8.715345488500000208e-11 7.675201596300000519e-06 3.445102134700000123e-11 1.000000000000000038e-25 2.437304457600000102e-05 1.000000000000000038e-25 2.128531296600000081e-06 3.629772817100000042e-05
3.571674682851644746e-04 3.272132250851283061e+03 9.082494330000000504e-01 2.540147656999999955e-03 8.851199518300000013e-02 7.591508786599999995e-09 1.000000000000000038e-25 2.861166970800000015e-04 1.080390770399999983e-10 1.000000000000000038e-25 1.945585487199999821e-12 1.748816011399999969e-11 1.000000000000000038e-25 1.974149169199999794e-09 7.660199384100000173e-12 2.076646783699999908e-10 1.227763371500000051e-12 1.172175628299999914e-10 6.737693388799999786e-06 3.886259421799999974e-11 1.000000000000000038e-25 2.533121069900000062e-05 1.000000000000000038e-25 2.129930061599999836e-06 3.632156012299999742e-05
4.496472020903805218e-04 3.258924466516236862e+03 9.072972442700000251e-01 3.417222368699999926e-03 8.858975459100000560e-02 1.379529100699999995e-08 1.000000000000000038e-25 2.864658524699999881e-04 1.465398495700000034e-10 1.000000000000000038e-25 3.451558083300000127e-12 1.940845789099999936e-11 1.000000000000000038e-25 2.380698537599999941e-09 9.132165180000000138e-12 2.883386324400000070e-10 1.691725526800000088e-12 1.565527146499999935e-10 5.931602534199999907e-06 4.392913973899999693e-11 1.000000000000000038e-25 2.616499722999999884e-05 1.000000000000000038e-25 2.131801231999999881e-06 3.635344201600000327e-05
5.660722890537269554e-04 3.245809782605100736e+03 9.060169790000000001e-01 4.595523399900000062e-03 8.869411800800000578e-02 2.503327926799999978e-08 1.000000000000000038e-25 2.868696145900000204e-04 1.985885719300000077e-10 1.000000000000000038e-25 6.124713603500000009e-12 2.148218295400000123e-11 1.000000000000000038e-25 2.883197460599999994e-09 1.093381242900000070e-11 3.999021448299999868e-10 2.329224230499999886e-12 2.080541173200000027e-10 5.241024196800000156e-06 4.983538975000000204e-11 1.000000000000000038e-25 2.689280625699999870e-05 1.000000000000000038e-25 2.134312586499999911e-06 3.639623319300000021e-05
7.126427896022295054e-04 3.232884271726765292e+03 9.043052224500000014e-01 6.170077104400000303e-03 8.883348611499999881e-02 4.523761965800000104e-08 1.000000000000000038e-25 2.873651653900000189e-04 2.685275730800000139e-10 1.148683625300000034e-14 1.084795973200000058e-11 2.373829110399999911e-11 1.000000000000000038e-25 3.509766134500000150e-09 1.316009752200000032e-11 5.530861671299999802e-10 3.199704921499999912e-12 2.751061476100000252e-10 4.656839708800000253e-06 5.680176007700000250e-11 1.000000000000000038e-25 2.752676662199999902e-05 1.000000000000000038e-25 2.137666271500000190e-06 3.645337881000000152e-05
8.971641173621299880e-04 3.220524060174870101e+03 9.020378498300000158e-01 8.254895060500000784e-03 8.901793343699999916e-02 8.108397632000000039e-08 1.000000000000000038e-25 2.879918494900000187e-04 3.615479767299999988e-10 2.289437167399999910e-14 1.912513387699999906e-11 2.624868121400000064e-11 1.000000000000000038e-25 4.296589563400000230e-09 1.593698503399999879e-11 7.605499364599999872e-10 4.374255710100000007e-12 3.619905146699999930e-10 4.171311254900000184e-06 6.518798929899999922e-11 1.000000000000000038e-25 2.807822403799999927e-05 1.000000000000000038e-25 2.142104708699999809e-06 3.652901026399999954e-05
1.129462705897069227e-03 3.209246818356909898e+03 8.990924504899999725e-01 1.096235975700000052e-02 8.925738528799999350e-02 1.430315370200000042e-07 1.000000000000000038e-25 2.887864376100000179e-04 4.828228018299999553e-10 4.496293052699999927e-14 3.334531283099999762e-11 2.909571030300000031e-11 1.000000000000000038e-25 5.282637783200000214e-09 1.940306729499999904e-11 1.034549299800000026e-09 5.923715853700000038e-12 4.732755958200000286e-10 3.777503135599999898e-06 7.541104028300000126e-11 1.000000000000000038e-25 2.855766513599999993e-05 1.000000000000000038e-25 2.147866724400000090e-06 3.662719749999999704e-05
1.421909302127621162e-03 3.198689639909473044e+03 8.952516033499999804e-01 1.449215040199999978e-02 8.956948445899999556e-02 2.498801985799999758e-07 1.000000000000000038e-25 2.898097663299999756e-04 6.418828451700000061e-10 8.761083878800000465e-14 5.783217894099999853e-11 3.234752301600000110e-11 1.000000000000000038e-25 6.544794684100000386e-09 2.382099245700000065e-11 1.397822120099999902e-09 7.979382772999999518e-12 6.166942289899999522e-10 3.456099041499999790e-06 8.803417309799999407e-11 1.000000000000000038e-25 2.899071169600000018e-05 1.000000000000000038e-25 2.155376844800000180e-06 3.675517544100000107e-05
1.790077753714970805e-03 3.187788965966314663e+03 8.901964760099999596e-01 1.913707257200000095e-02 8.998010203900000392e-02 4.357000496799999918e-07 1.000000000000000038e-25 2.911478898199999733e-04 8.536396912599999993e-10 1.702130292000000112e-13 1.003615087700000024e-10 3.595672365399999823e-11 1.000000000000000038e-25 8.206406544800000767e-09 2.959200322199999703e-11 1.888103458400000083e-09 1.075721404199999973e-11 8.019809354699999748e-10 3.190592769200000067e-06 1.035618921800000030e-10 1.000000000000000038e-25 2.940310809999999991e-05 1.000000000000000038e-25 2.165257580099999979e-06 3.692355458199999809e-05
2.253574373239196002e-03 3.175640693425954396e+03 8.834197945699999721e-01 2.536295101299999855e-02 9.053039435099999310e-02 7.662581533300000168e-07 1.000000000000000038e-25 2.929353017100000010e-04 1.142984577200000088e-09 3.327926251299999750e-13 1.759151575699999893e-10 3.990423255499999798e-11 1.000000000000000038e-25 1.048460128600000077e-08 3.742079686100000091e-11 2.568856062300000078e-09 1.462445143400000008e-11 1.044273857800000027e-09 2.970128504299999807e-06 1.229119423799999897e-10 1.000000000000000038e-25 2.982038630599999837e-05 1.000000000000000038e-25 2.178499218599999919e-06 3.714921454599999750e-05
2.837082045838934530e-03 3.160668387669597450e+03 8.740808767400000123e-01 3.394176565100000265e-02 9.128857057799999453e-02 1.377937561700000054e-06 1.000000000000000038e-25 2.953935236700000184e-04 1.554323165900000011e-09 6.613424369699999569e-13 3.151196018600000007e-10 4.403599942699999735e-11 1.000000000000000038e-25 1.378873294499999958e-08 4.859931150500000196e-11 3.557787703500000177e-09 2.026620942500000001e-11 1.365409602400000047e-09 2.787099501400000039e-06 1.472517877300000088e-10 1.000000000000000038e-25 3.027443035600000063e-05 1.000000000000000038e-25 2.196742950199999960e-06 3.746013276299999938e-05
3.571674682851615906e-03 3.139311446934242667e+03 8.602632913200000120e-01 4.663339923399999892e-02 9.241014197499999860e-02 2.626955905099999897e-06 1.000000000000000038e-25 2.990262951700000207e-04 2.194627450099999843e-09 1.375463856800000066e-12 5.958479810799999525e-10 4.795148055200000305e-11 1.000000000000000038e-25 1.915737629500000084e-08 6.632432958000000240e-11 5.148281359599999640e-09 2.940232574700000005e-11 1.808536862099999935e-09 2.633857075600000161e-06 1.787216293100000042e-10 1.000000000000000038e-25 3.082814101600000106e-05 1.000000000000000038e-25 2.223730499000000190e-06 3.792010025499999691e-05
4.496472020903767922e-03 3.106584030664135753e+03 8.380179636200000282e-01 6.706406817700000245e-02 9.421555803400000206e-02 5.543972861800000074e-06 1.000000000000000038e-25 3.048705160800000238e-04 3.310351632499999827e-09 3.095963741200000089e-12 1.239294545699999990e-09 5.101144365199999819e-11 1.000000000000000038e-25 2.930378895699999966e-08 9.873301504199999870e-11 8.031198283099999891e-09 4.625560793999999695e-11 2.450605245200000167e-09 2.515456962599999856e-06 2.212415832800000099e-10 1.000000000000000038e-25 3.158975350199999706e-05 1.000000000000000038e-25 2.267171764100000006e-06 3.866057452900000327e-05
5.660722890537223800e-03 3.048894149350859152e+03 7.951030855399999764e-01 1.064746659799999939e-01 9.769835169700000210e-02 1.452473761799999991e-05 1.000000000000000038e-25 3.161404827900000003e-04 5.749854782599999629e-09 8.295755890899999320e-12 3.190538220900000173e-09 5.199367356099999860e-11 1.000000000000000038e-25 5.544048243000000155e-08 1.783442460500000017e-10 1.459461591199999945e-08 8.664146160800000093e-11 3.496268619599999877e-09 2.446601745100000162e-06 2.841586489400000081e-10 1.000000000000000038e-25 3.289304516500000025e-05 1.000000000000000038e-25 2.350969269899999859e-06 4.008915469100000158e-05
7.126427896022236724e-03 2.951427740258727681e+03 7.032673910100000203e-01 1.908049671400000036e-01 1.051521717999999994e-01 4.822847935800000322e-05 1.000000000000000038e-25 3.402558440599999815e-04 1.178138972999999941e-08 2.794647233799999908e-11 1.134016517299999996e-08 5.291320571099999683e-11 1.000000000000000038e-25 1.499976487000000030e-07 4.525981669700000217e-10 3.062497828699999902e-08 2.022807973399999888e-10 5.357576623199999753e-09 2.455948598099999825e-06 3.787102582900000203e-10 1.571758762400000156e-14 3.548731903399999756e-05 1.000000000000000038e-25 2.530291294099999985e-06 4.314686299999999727e-05
8.971641173621227455e-03 2.839994675581791853e+03 5.624299735200000150e-01 3.201275017499999875e-01 1.165846038000000057e-01 1.242585900000000025e-04 1.000000000000000038e-25 3.772420386000000046e-04 2.075480217799999941e-08 8.776780768900000569e-11 4.188637517300000009e-08 6.560948601199999384e-11 1.000000000000000038e-25 4.452668579299999801e-07 1.328346430700000030e-09 5.308301792100000182e-08 4.162838051600000226e-10 8.067101507100000201e-09 2.415294527700000026e-06 4.638365542700000098e-10 8.843996173499999484e-14 3.937097602300000128e-05 1.000000000000000038e-25 2.805278640199999805e-06 4.783685239999999777e-05
1.129462705897060076e-02 2.758712954055429236e+03 4.384742581600000189e-01 4.339491478499999944e-01 1.266455666699999871e-01 1.937436615800000031e-04 3.245534801299999807e-14 4.097930220900000069e-04 2.664953148300000073e-08 1.941980372899999939e-10 1.089482431599999960e-07 9.458822148599999790e-11 1.000000000000000038e-25 9.090885765499999520e-07 2.960787156600000065e-09 6.893573383499999747e-08 6.033327333599999820e-10 1.085172032000000001e-08 2.191116682700000128e-06 4.860817041900000180e-10 3.168746743800000242e-13 4.277214566799999751e-05 1.000000000000000038e-25 3.047228546400000109e-06 5.196408976000000291e-05
1.421909302127609409e-02 2.711138320484339602e+03 3.554981912399999833e-01 5.101425626000000157e-01 1.333792827599999953e-01 2.352059240600000087e-04 8.500392748699999551e-14 4.315801654200000022e-04 2.948001846000000152e-08 3.332823938599999760e-10 2.056572020599999938e-07 1.351749031199999994e-10 1.000000000000000038e-25 1.332391827800000005e-06 4.928377798200000410e-09 7.799713002599999590e-08 7.192401503899999798e-10 1.346017977099999948e-08 1.929440664799999985e-06 4.826528935899999794e-10 7.647808478799999912e-13 4.504574842099999906e-05 1.000000000000000038e-25 3.209122771800000198e-06 5.472606747399999722e-05
1.790077753714956060e-02 2.680277692431977812e+03 2.964680019300000025e-01 5.643480081199999665e-01 1.381692404800000107e-01 2.616982985600000062e-04 1.887733230700000090e-13 4.470785959899999779e-04 3.106830688100000301e-08 5.105728144600000080e-10 3.318679032000000263e-07 1.876089474600000033e-10 1.000000000000000038e-25 1.682239581200000013e-06 7.118395031299999671e-09 8.392776794900000167e-08 7.970028929199999737e-10 1.609967826000000091e-08 1.694187127300000024e-06 4.751496727300000479e-10 1.528640476700000056e-12 4.666187217499999997e-05 1.000000000000000038e-25 3.324245772200000037e-06 5.669039036200000230e-05
2.253574373239176920e-02 2.657706331554401004e+03 2.509299013899999875e-01 6.061643649800000366e-01 1.418641692800000076e-01 2.805352611299999984e-04 3.845932729500000170e-13 4.590340734399999951e-04 3.211101323299999968e-08 7.401141465200000025e-10 4.939194183099999484e-07 2.552297536700000239e-10 1.000000000000000038e-25 1.975694698699999913e-06 9.578893098299999862e-09 8.831760920699999769e-08 8.552737806299999554e-10 1.891439572599999915e-08 1.488488301099999903e-06 4.672127179900000198e-10 2.782796816499999868e-12 4.790762520100000046e-05 1.000000000000000038e-25 3.413011462300000061e-06 5.820527204500000086e-05
2.837082045838910938e-02 2.639520398503883825e+03 2.139999664299999937e-01 6.400762118299999637e-01 1.448605277099999922e-01 2.948933590100000159e-04 7.436861685899999691e-13 4.687292528499999752e-04 3.287281494199999784e-08 1.038595363100000091e-09 7.001058987800000136e-07 3.421774834700000197e-10 1.000000000000000038e-25 2.226749622099999872e-06 1.238080356299999986e-08 9.185103859199999430e-08 9.029220769399999877e-10 2.197181151699999851e-08 1.307846975800000000e-06 4.585698084300000107e-10 4.801809221899999766e-12 4.891701760499999707e-05 1.000000000000000038e-25 3.484953989800000118e-06 5.943337490600000112e-05
3.571674682851586069e-02 2.623792632156708805e+03 1.830863914599999975e-01 6.684634521900000292e-01 1.473686868699999875e-01 3.063437479400000184e-04 1.392298642399999901e-12 4.768447602199999921e-04 3.347261634599999675e-08 1.428370662199999898e-09 9.608183161700000712e-07 4.541824647899999843e-10 1.000000000000000038e-25 2.444703673799999911e-06 1.561070844500000140e-08 9.486177790399999368e-08 9.445020672199999344e-10 2.533424592700000010e-08 1.147977820899999896e-06 4.489515498300000258e-10 8.024678582200000254e-12 4.976110792499999848e-05 1.000000000000000038e-25 3.545130303199999800e-06 6.046100057599999801e-05
4.496472020903731492e-02 2.609848089465356679e+03 1.570361881400000048e-01 6.923848028400000354e-01 1.494822360199999922e-01 3.156243828200000099e-04 2.540064175399999957e-12 4.836833871900000025e-04 3.396205183900000080e-08 1.933938762299999992e-09 1.283776889799999976e-06 5.975683525900000293e-10 1.000000000000000038e-25 2.632939447700000174e-06 1.931434375899999935e-08 9.747713511999999802e-08 9.816993993100001022e-10 2.903657857799999859e-08 1.007722419300000025e-06 4.389217109500000149e-10 1.308325932500000015e-11 5.047149897000000063e-05 1.000000000000000038e-25 3.595789539499999957e-06 6.132653889799999749e-05
5.660722890537177310e-02 2.597297687511456388e+03 1.349315168899999917e-01 7.126830696899999484e-01 1.512756664500000126e-01 3.232553174100000247e-04 4.546645331000000159e-12 4.894861419999999973e-04 3.437281035499999685e-08 2.588806297800000185e-09 1.677245552300000090e-06 7.810825364600000203e-10 1.000000000000000038e-25 2.795198239399999881e-06 2.355004294499999966e-08 9.978067873499999736e-08 1.015554787700000019e-09 3.313610056899999904e-08 8.850929467699999983e-07 4.290287731099999770e-10 2.094551110999999919e-11 5.107330973100000006e-05 1.000000000000000038e-25 3.638720372599999799e-06 6.206053116000000191e-05
7.126427896022177744e-02 2.586036271354744713e+03 1.162191343099999996e-01 7.298662693599999862e-01 1.527938775799999871e-01 3.295524082899999995e-04 7.997645226999999962e-12 4.943982896500000081e-04 3.472126785300000264e-08 3.431074533500000045e-09 2.145095768899999941e-06 1.014665077100000080e-09 1.000000000000000038e-25 2.933746802900000156e-06 2.833867908300000090e-08 1.018062063700000036e-07 1.046331184599999909e-09 3.767409789599999957e-08 7.788940351399999688e-07 4.199350180299999854e-10 3.297938690199999703e-11 5.158167327099999960e-05 1.000000000000000038e-25 3.675000755400000144e-06 6.268138183799999881e-05
8.971641173621153209e-02 2.576067695247657866e+03 1.003825628100000061e-01 7.444086642599999637e-01 1.540787794000000044e-01 3.347731571299999986e-04 1.386684031499999920e-11 4.985554229299999675e-04 3.501796265600000269e-08 4.511611794099999916e-09 2.689294860299999816e-06 1.311818828900000006e-09 1.000000000000000038e-25 3.051304750399999859e-06 3.369530499100000320e-08 1.035745564400000029e-07 1.074018078699999958e-09 4.272046803299999831e-08 6.874122646999999849e-07 4.123135336600000046e-10 5.118839230199999899e-11 5.201068220800000316e-05 1.000000000000000038e-25 3.705635899600000057e-06 6.320625321999999923e-05
1.129462705897050778e-01 2.567419250669749090e+03 8.703181756399999691e-02 7.566683657799999629e-01 1.551620147299999919e-01 3.391034797800000127e-04 2.369661839399999932e-11 5.020599132700000015e-04 3.526936932699999903e-08 5.887881515299999762e-09 3.305762448500000070e-06 1.687822861500000008e-09 1.000000000000000038e-25 3.150173730600000157e-06 3.959103055499999836e-08 1.050976203699999961e-07 1.098469174000000035e-09 4.832732310400000257e-08 6.091464079499999809e-07 4.066113629499999793e-10 7.830602843300000258e-11 5.237097791100000225e-05 1.000000000000000038e-25 3.731385247699999807e-06 6.364810247600000061e-05
1.421909302127597752e-01 2.560138982425183258e+03 7.573576191399999935e-02 7.670412767700000023e-01 1.560785628899999944e-01 3.427214292599999827e-04 4.008228298399999894e-11 5.050249193599999891e-04 3.548044774499999796e-08 7.645624585200000655e-09 3.991424956400000213e-06 2.165966657100000030e-09 1.000000000000000038e-25 3.233250992600000152e-06 4.601455095699999978e-08 1.063874473300000048e-07 1.119488531300000044e-09 5.461512966500000272e-08 5.420643598799999538e-07 4.033018217499999863e-10 1.184198237399999873e-10 5.267425981400000333e-05 1.000000000000000038e-25 3.753085832900000002e-06 6.402122093300000592e-05
1.790077753714941489e-01 2.554293162625654531e+03 6.623601797900000032e-02 7.757646613799999979e-01 1.568493844699999917e-01 3.457358214400000143e-04 6.695179489199999805e-11 5.075182390500000522e-04 3.565352275600000295e-08 9.869741036000000603e-09 4.732485589600000163e-06 2.769461837699999901e-09 1.000000000000000038e-25 3.302386884799999953e-06 5.286194348900000067e-08 1.074475501799999996e-07 1.136806086299999904e-09 6.163865075199999427e-08 4.849313389300000080e-07 4.026153725900000059e-10 1.766854036500000005e-10 5.292755799400000115e-05 1.000000000000000038e-25 3.771241267800000043e-06 6.433417840800000021e-05
2.253574373239158879e-01 2.549914833022594394e+03 5.821871809700000094e-02 7.831267392999999855e-01 1.574999418199999890e-01 3.482632333400000144e-04 1.107386296699999986e-10 5.096222200600000014e-04 3.579111196899999899e-08 1.268638609099999955e-08 5.518694787600000057e-06 3.533404897600000107e-09 1.000000000000000038e-25 3.359936477800000047e-06 6.006068020600000246e-08 1.082865711200000057e-07 1.150233321299999916e-09 6.953512774499999807e-08 4.360867747300000262e-07 4.048291799499999865e-10 2.605730358499999784e-10 5.313934026500000113e-05 1.000000000000000038e-25 3.786460116899999860e-06 6.459735008200000173e-05
2.837082045838887900e-01 2.546931654377233372e+03 5.144549659000000053e-02 7.893463990400000352e-01 1.580495710500000039e-01 3.503899770600000141e-04 1.812727222999999959e-10 5.113993777000000202e-04 3.589649079600000295e-08 1.623425404899999893e-08 6.335384325500000308e-06 4.496571122000000235e-09 1.000000000000000038e-25 3.407789374800000175e-06 6.750029426000000240e-08 1.089216236000000066e-07 1.159872222299999900e-09 7.839778222499999714e-08 3.942241977199999984e-07 4.098699152299999846e-10 3.797504890200000107e-10 5.331604935800000303e-05 1.000000000000000038e-25 3.799205532799999891e-06 6.481861942699999662e-05
3.571674682851557203e-01 2.545137833073849833e+03 4.565426782100000247e-02 7.946643103599999591e-01 1.585195338100000018e-01 3.522052548199999735e-04 2.946234919799999997e-10 5.129184285599999987e-04 3.597520460799999978e-08 2.071419956000000081e-08 7.175716099800000410e-06 5.714714346900000187e-09 1.000000000000000038e-25 3.448017427199999796e-06 7.514441556499999764e-08 1.093860764199999985e-07 1.166239477900000035e-09 8.838686499800000558e-08 3.578281614799999870e-07 4.174229734600000195e-10 5.485222005999999679e-10 5.346471036199999832e-05 1.000000000000000038e-25 3.809982487200000198e-06 6.500662966199999716e-05
4.496472020903694577e-01 2.544223590094216888e+03 4.065170626200000081e-02 7.992580022499999881e-01 1.589255131500000029e-01 3.537735990699999761e-04 4.757184724999999548e-10 5.142300185100000254e-04 3.603389128599999827e-08 2.635601194499999849e-08 8.031484704600000540e-06 7.250887007200000336e-09 1.000000000000000038e-25 3.482188735400000078e-06 8.295051136200000346e-08 1.097220396799999995e-07 1.170162562800000014e-09 9.961024365799999359e-08 3.257571123899999946e-07 4.268158674400000164e-10 7.862788722700000426e-10 5.359051618799999777e-05 1.000000000000000038e-25 3.819162661699999647e-06 6.516776404899999329e-05
5.660722890537130958e-01 2.543856171246276062e+03 3.626377424800000110e-02 8.032872914399999953e-01 1.592816283000000055e-01 3.551512918999999956e-04 7.654723181399999580e-10 5.153796853500000044e-04 3.607884628199999795e-08 3.348490044299999790e-08 8.900335438900000622e-06 9.193648947899999425e-09 1.000000000000000038e-25 3.511678104099999824e-06 9.092882488999999379e-08 1.099700089200000055e-07 1.172470411000000099e-09 1.122476571700000024e-07 2.969716424300000003e-07 4.374090563399999919e-10 1.122045887899999935e-09 5.369805841699999693e-05 1.000000000000000038e-25 3.827075411699999904e-06 6.530773087699999740e-05
7.126427896022120567e-01 2.543764235134095088e+03 3.237979458700000063e-02 8.068538120899999555e-01 1.595968576500000069e-01 3.563734415399999814e-04 1.227836845700000020e-09 5.163962926000000226e-04 3.611563017599999825e-08 4.247571777400000143e-08 9.776104496399999969e-06 1.164395756399999922e-08 1.000000000000000038e-25 3.537379763899999792e-06 9.905443740799999978e-08 1.101667314599999959e-07 1.173962989499999955e-09 1.264231071799999914e-07 2.708224899400000163e-07 4.484486154800000057e-10 1.595633024899999998e-09 5.379024795999999737e-05 1.000000000000000038e-25 3.833927945199999603e-06 6.543015877900000045e-05
8.971641173621081045e-01 2.543784156713415541e+03 2.891635309400000103e-02 8.100341623800000335e-01 1.598779680899999889e-01 3.574658508700000073e-04 1.966755346699999865e-09 5.173014614900000360e-04 3.614704356999999885e-08 5.383882943599999720e-08 1.065378650300000024e-05 1.473993060399999995e-08 1.000000000000000038e-25 3.559946579799999837e-06 1.072991645199999977e-07 1.103308677100000011e-07 1.175023599100000043e-09 1.423462140000000049e-07 2.468504288299999958e-07 4.595729291700000141e-10 2.264828348099999857e-09 5.386916246199999789e-05 1.000000000000000038e-25 3.839870999300000233e-06 6.553772414700000657e-05
1.129462705897041452e+00 2.543848647741608147e+03 2.583025660399999868e-02 8.128680061199999862e-01 1.601284627700000074e-01 3.584415025700000263e-04 3.142548952500000110e-09 5.181061696899999557e-04 3.617443375000000198e-08 6.814810759600000310e-08 1.152272885699999977e-05 1.863695652700000015e-08 1.000000000000000038e-25 3.579741371300000060e-06 1.155715006599999962e-07 1.104718104699999978e-07 1.175843471900000051e-09 1.601650278300000119e-07 2.248697749300000117e-07 4.705118025399999494e-10 3.206097245599999958e-09 5.393583922299999663e-05 1.000000000000000038e-25 3.844980467600000033e-06 6.563179277899999493e-05
1.421909302127586150e+00 2.543944252479445822e+03 2.306058555300000146e-02 8.154112836900000438e-01 1.603532843100000105e-01 3.593191493300000052e-04 5.025174106999999796e-09 5.188258335099999461e-04 3.619870817100000233e-08 8.628211621699999619e-08 1.238053616500000010e-05 2.357335228499999961e-08 1.000000000000000038e-25 3.597224793499999832e-06 1.238498059200000128e-07 1.105956087399999985e-07 1.176517375800000055e-09 1.802305008500000048e-07 2.045618112899999985e-07 4.811937608100000393e-10 4.536721474900000150e-09 5.399159761599999971e-05 1.000000000000000038e-25 3.849356804999999845e-06 6.571422064999999518e-05
1.790077753714927056e+00 2.544078617686504458e+03 2.059463670799999840e-02 8.176756592099999610e-01 1.605534621299999909e-01 3.601027307000000208e-04 8.017149757500000801e-09 5.194630622599999544e-04 3.621942799299999967e-08 1.091042534599999959e-07 1.321328804699999971e-05 2.978443212799999854e-08 1.000000000000000038e-25 3.612537391699999820e-06 1.319913525800000007e-07 1.106996200999999983e-07 1.176970318800000089e-09 2.026829108599999962e-07 1.859536505000000015e-07 4.915813556899999561e-10 6.399788754799999949e-09 5.403664733099999677e-05 1.000000000000000038e-25 3.853018521199999675e-06 6.578535760899999684e-05
2.253574373239140449e+00 2.544268366032635640e+03 1.839039755599999881e-02 8.196997095300000424e-01 1.607324052299999861e-01 3.608060121500000013e-04 1.278628321799999980e-08 5.200277280099999946e-04 3.623693192300000041e-08 1.379274570300000061e-07 1.401794548399999947e-05 3.762741176299999840e-08 1.000000000000000038e-25 3.626002242299999982e-06 1.399562677899999972e-07 1.107858753200000015e-07 1.177216700200000047e-09 2.279036625500000046e-07 1.688447424999999932e-07 5.016761365100000278e-10 9.009323607799999237e-09 5.407175920699999950e-05 1.000000000000000038e-25 3.856028439100000228e-06 6.584641246299999945e-05
2.837082045838864808e+00 2.544538263969174750e+03 1.642907329199999947e-02 8.215006903199999488e-01 1.608916384000000088e-01 3.614362140199999917e-04 2.035219787499999900e-08 5.205231780800000227e-04 3.625092644899999691e-08 1.741832588899999921e-07 1.478605122800000030e-05 4.749320646700000185e-08 1.000000000000000038e-25 3.637788321300000028e-06 1.476459002500000061e-07 1.108521355400000001e-07 1.177188058299999899e-09 2.561397205399999741e-07 1.532015628000000105e-07 5.115083576499999999e-10 1.263312747400000007e-08 5.409720276400000133e-05 1.000000000000000038e-25 3.858412080099999829e-06 6.589788349900000265e-05
3.571674682851528004e+00 2.544921696006033926e+03 1.467952739700000009e-02 8.231071884499999713e-01 1.610336890300000101e-01 3.620055839499999959e-04 3.238111202199999985e-08 5.209550981000000492e-04 3.626128926099999996e-08 2.199181228300000049e-07 1.551596628399999858e-05 5.994122833699999942e-08 1.000000000000000038e-25 3.648132483699999937e-06 1.550276813500000070e-07 1.108968454699999979e-07 1.176823700200000088e-09 2.878633676799999785e-07 1.388806534499999876e-07 5.211913878199999527e-10 1.764971336500000025e-08 5.411335987099999910e-05 1.000000000000000038e-25 3.860208026199999733e-06 6.594056763000000578e-05
4.496472020903658162e+00 2.545465505105416014e+03 1.312636745400000068e-02 8.245333314799999647e-01 1.611598070099999891e-01 3.625228675499999882e-04 5.141974446400000073e-08 5.213240040299999510e-04 3.626735943399999699e-08 2.774047444500000036e-07 1.620212586500000039e-05 7.559647151700000470e-08 1.000000000000000038e-25 3.657168070200000054e-06 1.620265975599999970e-07 1.109145749200000057e-07 1.175984898500000001e-09 3.234170296399999792e-07 1.258534972699999956e-07 5.308976062299999711e-10 2.451218346100000112e-08 5.412031124299999772e-05 1.000000000000000038e-25 3.861432792700000248e-06 6.597479541899999597e-05
5.660722890537083885e+00 2.546239834669112952e+03 1.174528911700000074e-02 8.258014272899999453e-01 1.612719667499999954e-01 3.630017923599999897e-04 8.159070538399999883e-08 5.216307556899999745e-04 3.626879966700000275e-08 3.498221539199999849e-07 1.684462062600000054e-05 9.533380186299999937e-08 1.000000000000000038e-25 3.665075143000000004e-06 1.686263795700000113e-07 1.109015704099999963e-07 1.174569479000000024e-09 3.633914595500000113e-07 1.140033307699999969e-07 5.408403347900000483e-10 3.382005844100000100e-08 5.411813319099999670e-05 1.000000000000000038e-25 3.862108469099999820e-06 6.600106861900000216e-05
7.126427896022061503e+00 2.547348317075906380e+03 1.052508658599999973e-02 8.269217516500000364e-01 1.613710802799999955e-01 3.634549648299999994e-04 1.291478014899999893e-07 5.218703517299999595e-04 3.626419453500000073e-08 4.407031843700000103e-07 1.743992734699999903e-05 1.201374931599999981e-07 1.000000000000000038e-25 3.671947917600000039e-06 1.747697628999999882e-07 1.108461189799999973e-07 1.172300884100000080e-09 4.082546120600000228e-07 1.033144039700000031e-07 5.514464491600000513e-10 4.620956311600000195e-08 5.410666641900000097e-05 1.000000000000000038e-25 3.862243175999999974e-06 6.601949862000000427e-05
8.971641173621007326e+00 2.548944162173138466e+03 9.449044948700000696e-03 8.279096325000000478e-01 1.614585086599999997e-01 3.639013529299999741e-04 2.040042921900000038e-07 5.220348950199999501e-04 3.625204281500000030e-08 5.548302060899999558e-07 1.798864402999999902e-05 1.513478612399999945e-07 1.000000000000000038e-25 3.677907201000000153e-06 1.804427926199999897e-07 1.107349489400000032e-07 1.168871628900000063e-09 4.587579434499999804e-07 9.371146119700000050e-08 5.632907219600000440e-10 6.239401482899999355e-08 5.408561919799999718e-05 1.000000000000000038e-25 3.861845948199999984e-06 6.603022641100000456e-05
1.129462705897032393e+01 2.551246776786106238e+03 8.510481431299999483e-03 8.287711776299999666e-01 1.615348002199999966e-01 3.643627493800000216e-04 3.207802278800000195e-07 5.221086652299999605e-04 3.622945586100000024e-08 6.973523749199999817e-07 1.848827454100000038e-05 1.904434250199999963e-07 1.000000000000000038e-25 3.683009472199999924e-06 1.855949983200000027e-07 1.105438866400000000e-07 1.163741733199999907e-09 5.155210772199999624e-07 8.520040020799999502e-08 5.773227818899999645e-10 8.288141838299999631e-08 5.405455748199999714e-05 1.000000000000000038e-25 3.860924461299999868e-06 6.603309176600000055e-05
1.421909302127574648e+01 2.554572172850737843e+03 7.693644734500000235e-03 8.295208065900000483e-01 1.616012434399999864e-01 3.648745808499999918e-04 5.029809524500000511e-07 5.220679129499999687e-04 3.619326527399999820e-08 8.760661641600000145e-07 1.894229113600000161e-05 2.396745020499999848e-07 1.000000000000000038e-25 3.687357444899999874e-06 1.902390184099999978e-07 1.102445073900000058e-07 1.156300204400000005e-09 5.798730471400000463e-07 7.769443622399999448e-08 5.948430365199999632e-10 1.081086413299999998e-07 5.401258696799999951e-05 1.000000000000000038e-25 3.859480189400000389e-06 6.602784748400000660e-05
1.790077753714912134e+01 2.559392958351722427e+03 7.000477648499999969e-03 8.301566781400000483e-01 1.616576927399999974e-01 3.654770811199999970e-04 7.824856319799999621e-07 5.218754607300000363e-04 3.613758746300000103e-08 1.097839337100000041e-06 1.934677381499999956e-05 3.011582703900000177e-07 1.000000000000000038e-25 3.690947491099999973e-06 1.943003881299999870e-07 1.097863220399999973e-07 1.145497054700000034e-09 6.526369573499999685e-07 7.126607668899999405e-08 6.180099654799999519e-10 1.376297571000000092e-07 5.395883577699999708e-05 1.000000000000000038e-25 3.857534221499999590e-06 6.601382418599999918e-05
2.253574373239121797e+01 2.566421971731345820e+03 6.426873684200000089e-03 8.306824789600000258e-01 1.617044998899999919e-01 3.662316939399999833e-04 1.206474680500000014e-06 5.214779999099999680e-04 3.605417693400000003e-08 1.372604566399999916e-06 1.970261397800000141e-05 3.780491736699999823e-07 1.000000000000000038e-25 3.693801744399999956e-06 1.977472239300000019e-07 1.090960787200000062e-07 1.129885796699999982e-09 7.356686126500000243e-07 6.592939770099999883e-08 6.503070344799999669e-10 1.705071609899999897e-07 5.389156655199999895e-05 1.000000000000000038e-25 3.855107782999999696e-06 6.598991305299999543e-05
2.837082045838841537e+01 2.576696135018140012e+03 5.980339619000000009e-03 8.310912127199999722e-01 1.617410774099999893e-01 3.672114267100000081e-04 1.833098524999999913e-06 5.208069127200000165e-04 3.593090245500000119e-08 1.709093285900000000e-06 2.000636305999999983e-05 4.735539527400000023e-07 1.000000000000000038e-25 3.695867949000000150e-06 2.004868283300000115e-07 1.080637633599999954e-07 1.107449183300000041e-09 8.308251935799999495e-07 6.181037744399999345e-08 6.974018488799999954e-10 2.047162910299999896e-07 5.380872364499999876e-05 1.000000000000000038e-25 3.852264277899999886e-06 6.595439985699999466e-05
3.571674682851498517e+01 2.591671319544918333e+03 5.669691310099999638e-03 8.313746526399999892e-01 1.617667375400000107e-01 3.685099426999999760e-04 2.733773158199999959e-06 5.197762461800000018e-04 3.575175793499999898e-08 2.118088369700000041e-06 2.025624578300000157e-05 5.920896686199999701e-07 1.000000000000000038e-25 3.697069951000000091e-06 2.024257555300000032e-07 1.065347166200000027e-07 1.075680583300000089e-09 9.413371904999999570e-07 5.905346673899999854e-08 7.686743689500000099e-10 2.378945461800000016e-07 5.370684362500000069e-05 1.000000000000000038e-25 3.849087866599999970e-06 6.590448810500000609e-05
4.496472020903621569e+01 2.613244211670945788e+03 5.516981078000000351e-03 8.315124229500000519e-01 1.617797149499999865e-01 3.702149208900000011e-04 3.969295038800000014e-06 5.183047085999999961e-04 3.549656767100000030e-08 2.606445625299999967e-06 2.044627531799999984e-05 7.381041075200000320e-07 1.000000000000000038e-25 3.697230976300000085e-06 2.033990271100000122e-07 1.042980468399999997e-07 1.031761557099999984e-09 1.070967746000000096e-06 5.794524114599999974e-08 8.799681897399999840e-10 2.672700056899999759e-07 5.358156630199999783e-05 1.000000000000000038e-25 3.845731863600000389e-06 6.583611642899999739e-05
5.660722890537037699e+01 2.644224121698877752e+03 5.562531926100000405e-03 8.314673923099999975e-01 1.617767529699999929e-01 3.723938129099999992e-04 5.566864054600000297e-06 5.163333344400000040e-04 3.513733191400000258e-08 3.179300994000000212e-06 2.056690121200000098e-05 9.176725746899999782e-07 1.000000000000000038e-25 3.696006262599999930e-06 2.031451827999999957e-07 1.010367911199999944e-07 9.722844442999999857e-10 1.225958854499999975e-06 5.898748680800000158e-08 1.061696323599999947e-09 2.903615994099999892e-07 5.342554804299999685e-05 1.000000000000000038e-25 3.842390498199999611e-06 6.574232001799999606e-05
7.126427896022002528e+01 2.688956939452584265e+03 5.894641945500000285e-03 8.311584968099999804e-01 1.617506649200000091e-01 3.750149048099999933e-04 7.438874499899999586e-06 5.138995457899999536e-04 3.463454068900000294e-08 3.828856610400000119e-06 2.059522781099999911e-05 1.137294644700000045e-06 1.000000000000000038e-25 3.692627762799999888e-06 2.011451137099999886e-07 9.626275680899999806e-08 8.933191866499999787e-10 1.414931811099999952e-06 6.323948187600000414e-08 1.377975583699999962e-09 3.043828936600000147e-07 5.322773744600000083e-05 1.000000000000000038e-25 3.839343105699999682e-06 6.561138860200000419e-05
8.971641173620933785e+01 2.752290940835033325e+03 6.647584477199999786e-03 8.304625550699999970e-01 1.616905007099999902e-01 3.779607189200000217e-04 9.379632833500000096e-06 5.111335143600000000e-04 3.396038416800000291e-08 4.540800693999999979e-06 2.050277298200000006e-05 1.406400911699999902e-06 1.000000000000000038e-25 3.685760158000000035e-06 1.967022437400000027e-07 8.946872641399999624e-08 7.943586605699999878e-10 1.650205121400000021e-06 7.234871458700000290e-08 1.959445725499999840e-09 3.073826530899999825e-07 5.297211068399999742e-05 1.000000000000000038e-25 3.836755298200000251e-06 6.542546623599999379e-05
1.129462705897022943e+02 2.843694722214945614e+03 8.170397418000000314e-03 8.290593658999999560e-01 1.615678036900000114e-01 3.809152658000000192e-04 1.092772445600000020e-05 5.083489594300000117e-04 3.306637345400000111e-08 5.268613828200000171e-06 2.021449656100000072e-05 1.736374783899999945e-06 1.000000000000000038e-25 3.671800449399999852e-06 1.881685632599999912e-07 7.981190980000000128e-08 6.742675584699999794e-10 1.951283031299999823e-06 9.054991105600000334e-08 3.155969941399999829e-09 2.950496828699999772e-07 5.262953748500000272e-05 1.000000000000000038e-25 3.834617416299999759e-06 6.514888658000000065e-05
1.421909302127562853e+02 2.965602785662912993e+03 1.083607247099999983e-02 8.266061954400000245e-01 1.613522910500000129e-01 3.839291250000000186e-04 1.190807475499999955e-05 5.055392565400000171e-04 3.203376707899999957e-08 5.999984652900000416e-06 1.969632267299999934e-05 2.142664214199999974e-06 1.000000000000000038e-25 3.645422304200000025e-06 1.745842377000000015e-07 6.773899681699999848e-08 5.487787746399999996e-10 2.335307389599999940e-06 1.227035059800000097e-07 5.667561085399999723e-09 2.687415609700000064e-07 5.217261259499999669e-05 1.000000000000000038e-25 3.831869302100000210e-06 6.474363944400000166e-05
1.790077753714897710e+02 3.100156117689577513e+03 1.444850167199999980e-02 8.232821331699999856e-01 1.610601090700000126e-01 3.877483701099999815e-04 1.288612913699999946e-05 5.021136576499999910e-04 3.111218698999999948e-08 6.808351421499999917e-06 1.907848088399999838e-05 2.630245467099999974e-06 1.000000000000000038e-25 3.605245482199999979e-06 1.585565944900000016e-07 5.606213291900000153e-08 4.458404779100000221e-10 2.789970683200000179e-06 1.672468449599999896e-07 1.020813883599999948e-08 2.410036276400000183e-07 5.161905405099999876e-05 1.000000000000000038e-25 3.827185150199999821e-06 6.422084742899999759e-05
2.253574373239103465e+02 3.234944306332276938e+03 1.863757718500000035e-02 8.194263210800000197e-01 1.607214802099999895e-01 3.929621879499999742e-04 1.432568370199999944e-05 4.975978160100000356e-04 3.039840080999999885e-08 7.772836426400000440e-06 1.847975846799999850e-05 3.206405229400000014e-06 1.000000000000000038e-25 3.552487484700000092e-06 1.427814108300000062e-07 4.631109797299999933e-08 3.697370173099999816e-10 3.306312773199999797e-06 2.203399246400000048e-07 1.745882621200000035e-08 2.193072369000000107e-07 5.098798613399999774e-05 1.000000000000000038e-25 3.820468334200000363e-06 6.359918797799999940e-05
