# P      T      H      H2       He       H2O       CH4       CO       CO2       NH3       H2S       HCN       C2H2       Na       K       TiO       VO       FeH      e      Hm      PH3      FeI      FeII      CaI      MgI
3.571674682851674833e-05 6.663500374455090878e+02 5.727654815499999992e-13 8.368552363500000313e-01 1.622689437800000078e-01 2.497348668100000165e-04 3.593321700699999882e-05 4.872610428800000157e-04 1.901450739099999919e-06 3.355015274200000133e-09 2.537926880199999869e-05 1.426524382999999913e-12 1.000000000000000038e-25 5.433364152400000215e-08 2.854036901600000037e-08 1.000000000000000038e-25 1.000000000000000038e-25 1.000000000000000038e-25 1.000000000000000038e-25 1.000000000000000038e-25 5.365814024000000413e-07 1.000000000000000038e-25 1.000000000000000038e-25 3.757897114299999972e-07 1.000000000000000038e-25
4.496472020903842217e-05 6.713793491760052348e+02 6.864595925999999890e-13 8.368483273900000352e-01 1.622706148699999962e-01 2.549659005600000083e-04 4.108303408399999906e-05 4.821930803799999747e-04 1.825003439600000001e-06 3.936080533499999697e-09 2.537953006900000040e-05 1.733977836600000041e-12 1.000000000000000038e-25 5.433333493299999674e-08 2.937869086400000154e-08 1.000000000000000038e-25 1.000000000000000038e-25 1.000000000000000038e-25 1.000000000000000038e-25 1.000000000000000038e-25 5.365869247100000379e-07 1.000000000000000038e-25 1.000000000000000038e-25 3.778962510300000228e-07 1.000000000000000038e-25
5.660722890537316039e-05 6.808204855567312279e+02 1.057479399899999913e-12 8.368517268599999781e-01 1.622697231599999901e-01 2.524606293200000072e-04 3.834966900600000021e-05 4.850948005199999936e-04 1.653762343999999933e-06 4.351108786300000098e-09 2.537939026199999840e-05 2.202830083200000000e-12 1.000000000000000038e-25 5.433330176599999936e-08 3.385150858000000016e-08 1.000000000000000038e-25 1.000000000000000038e-25 1.000000000000000038e-25 1.000000000000000038e-25 1.000000000000000038e-25 5.365828604499999675e-07 1.000000000000000038e-25 1.000000000000000038e-25 4.322198351499999781e-07 1.000000000000000038e-25
7.126427896022353330e-05 6.867379232856002318e+02 1.319893286500000055e-12 8.368462852800000462e-01 1.622710311199999922e-01 2.565885597799999994e-04 4.238291939199999959e-05 4.811465158499999813e-04 1.573028641099999907e-06 5.054913008200000226e-09 2.537959463899999894e-05 2.694240494900000085e-12 1.000000000000000038e-25 5.433314705300000104e-08 3.539298165600000052e-08 1.000000000000000038e-25 1.000000000000000038e-25 1.000000000000000038e-25 1.000000000000000038e-25 1.000000000000000038e-25 5.365869795600000198e-07 1.000000000000000038e-25 1.000000000000000038e-25 4.433225980699999968e-07 1.000000000000000038e-25
8.971641173621374690e-05 6.904498097162363592e+02 1.446602190000000088e-12 8.368338974900000338e-01 1.622740609999999972e-01 2.659342208500000229e-04 5.171412851900000074e-05 4.718552556399999739e-04 1.542883814000000027e-06 6.058028585899999618e-09 2.538006846400000027e-05 3.200990090500000031e-12 1.000000000000000038e-25 5.433295086400000135e-08 3.488600475899999923e-08 1.000000000000000038e-25 1.000000000000000038e-25 1.000000000000000038e-25 1.000000000000000038e-25 1.000000000000000038e-25 5.365974304199999853e-07 1.000000000000000038e-25 1.000000000000000038e-25 4.243561387400000005e-07 1.000000000000000038e-25
1.129462705897078389e-04 6.943250493300365633e+02 1.597317322700000047e-12 8.368199643599999460e-01 1.622774684799999922e-01 2.764460748100000076e-04 6.220901918499999726e-05 4.614026238000000155e-04 1.511650855300000003e-06 7.243542225500000360e-09 2.538060133300000022e-05 3.778156140800000219e-12 1.000000000000000038e-25 5.433276618699999885e-08 3.441320840900000177e-08 1.000000000000000038e-25 1.000000000000000038e-25 1.000000000000000038e-25 1.000000000000000038e-25 1.000000000000000038e-25 5.366090662700000491e-07 1.000000000000000038e-25 1.000000000000000038e-25 4.063003909499999834e-07 1.000000000000000038e-25
1.421909302127632546e-04 6.979300383770946610e+02 1.734071352200000004e-12 8.368027241200000077e-01 1.622816883000000043e-01 2.894494533700000161e-04 7.520580420300000603e-05 4.484441670800000000e-04 1.486977104999999972e-06 8.702915177900000187e-09 2.538126127400000033e-05 4.405444357800000100e-12 1.000000000000000038e-25 5.433255674799999741e-08 3.357679631499999703e-08 1.000000000000000038e-25 1.000000000000000038e-25 1.000000000000000038e-25 1.000000000000000038e-25 1.000000000000000038e-25 5.366234386999999665e-07 1.000000000000000038e-25 1.000000000000000038e-25 3.837116318400000062e-07 1.000000000000000038e-25
1.790077753714985496e-04 7.021456869717045493e+02 1.942032392999999947e-12 8.367855083499999846e-01 1.622858972400000044e-01 3.024391123700000193e-04 8.817069328199999591e-05 4.355289029799999851e-04 1.450971352999999907e-06 1.037318477600000038e-08 2.538191946800000162e-05 5.138440917599999622e-12 1.000000000000000038e-25 5.433232212899999755e-08 3.317202742899999901e-08 1.000000000000000038e-25 1.000000000000000038e-25 1.000000000000000038e-25 1.000000000000000038e-25 1.000000000000000038e-25 5.366376229999999732e-07 1.000000000000000038e-25 1.000000000000000038e-25 3.675937536300000046e-07 1.000000000000000038e-25
2.253574373239214108e-04 7.069661109599085194e+02 2.238916913900000108e-12 8.367687662599999632e-01 1.622899844300000061e-01 3.150732210900000102e-04 1.007638070799999968e-04 4.229952883899999890e-04 1.404697272599999946e-06 1.228168831100000028e-08 2.538255857399999974e-05 6.010811358400000020e-12 1.000000000000000038e-25 5.434830722200000328e-08 3.317905443999999900e-08 1.000000000000000038e-25 1.000000000000000038e-25 1.000000000000000038e-25 1.000000000000000038e-25 1.000000000000000038e-25 5.366512842000000201e-07 1.000000000000000038e-25 1.000000000000000038e-25 3.572124365600000069e-07 1.000000000000000038e-25
2.837082045838957515e-04 7.122992175694545267e+02 2.642441914800000018e-12 8.367527337400000320e-01 1.622938961600000063e-01 3.271779672699999921e-04 1.128152131099999938e-04 4.110103898200000204e-04 1.350846934000000051e-06 1.445336425899999961e-08 2.538317018600000125e-05 7.051474837900000399e-12 1.000000000000000038e-25 5.434175759499999758e-08 3.353852323000000147e-08 1.000000000000000038e-25 1.000000000000000038e-25 1.000000000000000038e-25 1.000000000000000038e-25 1.000000000000000038e-25 5.366642723200000224e-07 1.000000000000000038e-25 1.000000000000000038e-25 3.514966249799999941e-07 1.000000000000000038e-25
3.571674682851644746e-04 7.180960023765767346e+02 3.181373422199999848e-12 8.367374320999999560e-01 1.622976264300000082e-01 3.387337867500000250e-04 1.243083951499999909e-04 3.995885497999999980e-04 1.291574695999999952e-06 1.693202689700000053e-08 2.538375336499999925e-05 8.301745502900000786e-12 1.000000000000000038e-25 5.433733807199999816e-08 3.420533886900000173e-08 1.000000000000000038e-25 1.000000000000000038e-25 1.000000000000000038e-25 1.000000000000000038e-25 1.000000000000000038e-25 5.366765869099999628e-07 1.000000000000000038e-25 1.000000000000000038e-25 3.495978650100000096e-07 1.000000000000000038e-25
4.496472020903805218e-04 7.243108484085362306e+02 3.892520296299999945e-12 8.367229337599999539e-01 1.623011582699999955e-01 3.496853184599999853e-04 1.351907870399999970e-04 3.887801242199999830e-04 1.229035759900000056e-06 1.975212963899999960e-08 2.538430544500000122e-05 9.803547932099999551e-12 1.000000000000000038e-25 5.433433141700000265e-08 3.514374907700000285e-08 1.000000000000000038e-25 1.000000000000000038e-25 1.000000000000000038e-25 1.000000000000000038e-25 1.000000000000000038e-25 5.366881830800000351e-07 1.000000000000000038e-25 1.000000000000000038e-25 3.509278154899999786e-07 1.000000000000000038e-25
5.660722890537269554e-04 7.309277430945685410e+02 4.833987693000000191e-12 8.367092731199999855e-01 1.623044836499999977e-01 3.600061860700000198e-04 1.454375962000000106e-04 3.786085785399999825e-04 1.164531260500000085e-06 2.296490349400000061e-08 2.538482516100000057e-05 1.162004171300000040e-11 1.000000000000000038e-25 5.433230422600000132e-08 3.634460906299999779e-08 1.000000000000000038e-25 1.000000000000000038e-25 1.000000000000000038e-25 1.000000000000000038e-25 1.000000000000000038e-25 5.366990380800000245e-07 1.000000000000000038e-25 1.000000000000000038e-25 3.552212455299999933e-07 1.000000000000000038e-25
7.126427896022295054e-04 7.379717261598957521e+02 6.092166725800000387e-12 8.366964239499999900e-01 1.623074656999999865e-01 3.694686886799999838e-04 1.548220987399999979e-04 3.692991263100000188e-04 1.099128523100000086e-06 2.659729033699999867e-08 2.538661307099999984e-05 1.383119615699999945e-11 1.000000000000000038e-25 5.697274646900000062e-08 3.784005853099999683e-08 1.000000000000000038e-25 1.000000000000000038e-25 1.000000000000000038e-25 1.000000000000000038e-25 1.000000000000000038e-25 5.367086929800000334e-07 1.000000000000000038e-25 1.000000000000000038e-25 3.627189625000000032e-07 1.000000000000000038e-25
8.971641173621299880e-04 7.454907451399267302e+02 7.804474991400000094e-12 8.366856444600000442e-01 1.623102170899999863e-01 3.778458565700000137e-04 1.631172814700000077e-04 3.610785119999999882e-04 1.033460742799999996e-06 3.068567822600000151e-08 2.539395314100000047e-05 1.655877827099999898e-11 1.000000000000000038e-25 7.078599997699999428e-08 3.965824663899999690e-08 1.000000000000000038e-25 1.000000000000000038e-25 1.000000000000000038e-25 1.000000000000000038e-25 1.000000000000000038e-25 5.367175072800000423e-07 1.000000000000000038e-25 1.000000000000000038e-25 3.739206041700000119e-07 1.000000000000000038e-25
1.129462705897069227e-03 7.534908038985058738e+02 1.015491009199999950e-11 8.366761874300000512e-01 1.623125004600000088e-01 3.849789014999999886e-04 1.701654840900000004e-04 3.541025029500000261e-04 9.686526946399999500e-07 3.524893585599999800e-08 2.540374079100000151e-05 1.994061870799999930e-11 1.000000000000000038e-25 8.963781839599999945e-08 4.184097569999999780e-08 1.000000000000000038e-25 1.000000000000000038e-25 1.000000000000000038e-25 1.000000000000000038e-25 1.000000000000000038e-25 5.367246854000000389e-07 1.000000000000000038e-25 1.000000000000000038e-25 3.890968986600000064e-07 1.000000000000000038e-25
1.421909302127621162e-03 7.620060897322371147e+02 1.341931323600000040e-11 8.366682313900000167e-01 1.623144109399999868e-01 3.909712413899999969e-04 1.760705226799999892e-04 3.482670098199999883e-04 9.052852219199999691e-07 4.036768019300000246e-08 2.541702971599999971e-05 2.417535240999999943e-11 1.000000000000000038e-25 1.156046568300000061e-07 4.438853213500000295e-08 1.000000000000000038e-25 1.000000000000000038e-25 1.000000000000000038e-25 1.000000000000000038e-25 1.000000000000000038e-25 5.367305323600000008e-07 1.000000000000000038e-25 1.000000000000000038e-25 4.083044327799999840e-07 1.000000000000000038e-25
1.790077753714970805e-03 7.711936068043557952e+02 1.811259950500000055e-11 8.366628260499999747e-01 1.623156889100000055e-01 3.950275365599999872e-04 1.800350949999999931e-04 3.443684089500000101e-04 8.434437969699999956e-07 4.596426126000000008e-08 2.543593040699999888e-05 2.958840655199999748e-11 1.000000000000000038e-25 1.529865337499999948e-07 4.746947458200000278e-08 1.000000000000000038e-25 1.000000000000000038e-25 1.000000000000000038e-25 1.000000000000000038e-25 1.000000000000000038e-25 5.367341331399999612e-07 1.000000000000000038e-25 1.000000000000000038e-25 4.337728422399999945e-07 1.000000000000000038e-25
2.253574373239196002e-03 7.812644645398047487e+02 2.516579650599999866e-11 8.366608314000000268e-01 1.623161187200000133e-01 3.964914367000000098e-04 1.813999024200000027e-04 3.430656140199999748e-04 7.828149853699999632e-07 5.197907028099999817e-08 2.546433653700000101e-05 3.671860893999999728e-11 1.000000000000000038e-25 2.096345083400000039e-07 5.128381705699999931e-08 1.000000000000000038e-25 1.000000000000000038e-25 1.000000000000000038e-25 1.000000000000000038e-25 1.000000000000000038e-25 5.367346939400000473e-07 1.000000000000000038e-25 1.000000000000000038e-25 4.682334862400000068e-07 1.000000000000000038e-25
2.837082045838934530e-03 7.922196905029240952e+02 3.591466350200000233e-11 8.366621538999999830e-01 1.623157171300000090e-01 3.954214282900000033e-04 1.802232146800000127e-04 3.442996015199999930e-04 7.242062326299999594e-07 5.836779362800000152e-08 2.550781495299999946e-05 4.615276762599999764e-11 1.000000000000000038e-25 2.966718257500000011e-07 5.585282115300000109e-08 1.000000000000000038e-25 1.000000000000000038e-25 1.000000000000000038e-25 1.000000000000000038e-25 1.000000000000000038e-25 5.367420012999999917e-07 1.000000000000000038e-25 1.000000000000000038e-25 5.126704693000000164e-07 1.000000000000000038e-25
3.571674682851615906e-03 8.040047246533397356e+02 5.235813112100000035e-11 8.366659434700000064e-01 1.623146827699999961e-01 3.924391420899999913e-04 1.771273690300000125e-04 3.474480875599999792e-04 6.682061845499999866e-07 6.521081463100000085e-08 2.557457677900000132e-05 5.860666646299999463e-11 1.000000000000000038e-25 4.304509565300000230e-07 6.108379484400000029e-08 1.000000000000000038e-25 1.000000000000000038e-25 1.000000000000000038e-25 1.000000000000000038e-25 1.000000000000000038e-25 5.367292666899999741e-07 1.000000000000000038e-25 1.000000000000000038e-25 5.667989583499999945e-07 1.000000000000000038e-25
4.496472020903767922e-03 8.167208174475143778e+02 7.809191019199999654e-11 8.366723856000000126e-01 1.623129508399999976e-01 3.873681757699999769e-04 1.719336953299999940e-04 3.526896678199999808e-04 6.146784988999999821e-07 7.241808106900000173e-08 2.567984677599999876e-05 7.520283908300000070e-11 1.000000000000000038e-25 6.414286980300000365e-07 6.704399887700000086e-08 1.000000000000000038e-25 1.000000000000000038e-25 1.000000000000000038e-25 1.000000000000000038e-25 1.000000000000000038e-25 5.367202128299999940e-07 1.000000000000000038e-25 1.000000000000000038e-25 6.327833572900000272e-07 1.000000000000000038e-25
5.660722890537223800e-03 8.305945430322044558e+02 1.199042609100000013e-10 8.366818713800000529e-01 1.623103903099999967e-01 3.798467280200000062e-04 1.642759640799999906e-04 3.603908426000000101e-04 5.629265585899999857e-07 7.986195897300000511e-08 2.585291124799999956e-05 9.775196034100000435e-11 1.000000000000000038e-25 9.881956048300000241e-07 7.387771621899999495e-08 1.000000000000000038e-25 1.000000000000000038e-25 1.000000000000000038e-25 1.000000000000000038e-25 1.000000000000000038e-25 5.367084611499999749e-07 1.000000000000000038e-25 1.000000000000000038e-25 7.144138799400000461e-07 1.000000000000000038e-25
7.126427896022236724e-03 8.460437852933786189e+02 1.918731851999999958e-10 8.366954092099999629e-01 1.623066635600000085e-01 3.689440209400000155e-04 1.532152267100000053e-04 3.714905592600000004e-04 5.118559660400000292e-07 8.714523847199999787e-08 2.615641000899999934e-05 1.292498720200000091e-10 1.000000000000000038e-25 1.596093386600000018e-06 8.187270745500000392e-08 1.000000000000000038e-25 1.000000000000000038e-25 1.000000000000000038e-25 1.000000000000000038e-25 1.000000000000000038e-25 5.366922878300000226e-07 1.000000000000000038e-25 1.000000000000000038e-25 8.189830189700000368e-07 1.000000000000000038e-25
8.971641173621227455e-03 8.628859018820677420e+02 3.161685690400000245e-10 8.367109607199999521e-01 1.623022327499999973e-01 3.560994775299999924e-04 1.401941858399999980e-04 3.845466417100000121e-04 4.624327825299999756e-07 9.440432045399999719e-08 2.668666355800000165e-05 1.726109887899999950e-10 1.000000000000000038e-25 2.657556919899999905e-06 9.063158236700000641e-08 1.000000000000000038e-25 1.000000000000000038e-25 1.000000000000000038e-25 1.000000000000000038e-25 1.000000000000000038e-25 5.366722604099999915e-07 1.000000000000000038e-25 1.000000000000000038e-25 9.440211878400000029e-07 1.000000000000000038e-25
1.129462705897060076e-02 8.799865999113624184e+02 5.135344870800000443e-10 8.367248544099999963e-01 1.622984512500000032e-01 3.449201338999999993e-04 1.288415179600000131e-04 3.959312091399999969e-04 4.182402922999999773e-07 1.025489701699999999e-07 2.722209464499999890e-05 2.283565868499999995e-10 1.000000000000000038e-25 3.729228046099999970e-06 9.895541867100000177e-08 1.000000000000000038e-25 1.000000000000000038e-25 1.000000000000000038e-25 1.000000000000000038e-25 1.000000000000000038e-25 5.366531956899999480e-07 1.000000000000000038e-25 1.000000000000000038e-25 1.070631872899999995e-06 1.000000000000000038e-25
1.421909302127609409e-02 8.970847044803670087e+02 8.150797464000000261e-10 8.367366579399999615e-01 1.622955143700000047e-01 3.360598362099999955e-04 1.198185687699999941e-04 4.049832299099999822e-04 3.795940937400000086e-07 1.120880589299999993e-07 2.722157350599999979e-05 2.987038436199999821e-10 1.000000000000000038e-25 3.729233185700000106e-06 1.065395751999999967e-07 1.000000000000000038e-25 1.000000000000000038e-25 1.000000000000000038e-25 1.000000000000000038e-25 1.000000000000000038e-25 5.366358812600000523e-07 1.000000000000000038e-25 1.000000000000000038e-25 1.191234393199999998e-06 1.000000000000000038e-25
1.790077753714956060e-02 9.150115351827564609e+02 1.300291015700000081e-09 8.367485026500000034e-01 1.622925665999999933e-01 3.271687656100000078e-04 1.107630134099999949e-04 4.140647376500000134e-04 3.440100907699999894e-07 1.222668412700000084e-07 2.722103924499999988e-05 3.905193137299999931e-10 1.000000000000000038e-25 3.729237677999999896e-06 1.140072972000000051e-07 1.000000000000000038e-25 1.000000000000000038e-25 1.000000000000000038e-25 1.000000000000000038e-25 1.000000000000000038e-25 5.366164539500000138e-07 1.000000000000000038e-25 1.000000000000000038e-25 1.316894405700000071e-06 1.000000000000000038e-25
2.253574373239176920e-02 9.340200138753646115e+02 2.097519687199999908e-09 8.367606971400000093e-01 1.622895320899999938e-01 3.180142219600000028e-04 1.014413242799999947e-04 4.234095707500000211e-04 3.109242531500000091e-07 1.330100097599999984e-07 2.722047357699999986e-05 5.113847597100000452e-10 1.000000000000000038e-25 3.729242176999999804e-06 1.213916977300000117e-07 1.000000000000000038e-25 1.000000000000000038e-25 1.000000000000000038e-25 1.000000000000000038e-25 1.000000000000000038e-25 5.365937948800000132e-07 1.000000000000000038e-25 1.000000000000000038e-25 1.447977195500000070e-06 1.000000000000000038e-25
2.837082045838910938e-02 9.539495687365224512e+02 3.396599445300000153e-09 8.367725732399999838e-01 1.622865760799999946e-01 3.090980858199999788e-04 9.236130627799999705e-05 4.325100783400000052e-04 2.807098811899999940e-07 1.444641881799999899e-07 2.721989797900000130e-05 6.685016541999999712e-10 1.000000000000000038e-25 3.729245808099999815e-06 1.284770059599999955e-07 1.000000000000000038e-25 1.000000000000000038e-25 1.000000000000000038e-25 1.000000000000000038e-25 1.000000000000000038e-25 5.365678350100000457e-07 1.000000000000000038e-25 1.000000000000000038e-25 1.578974375200000094e-06 1.000000000000000038e-25
3.571674682851586069e-02 9.749007011388206365e+02 5.524448174999999713e-09 8.367840074900000369e-01 1.622837295000000013e-01 3.005125217099999745e-04 8.361751527200000401e-05 4.412719955299999864e-04 2.531649430099999742e-07 1.567397236199999936e-07 2.721930779599999949e-05 8.726317110200000134e-10 1.000000000000000038e-25 3.729248614700000065e-06 1.352301269199999994e-07 1.000000000000000038e-25 1.000000000000000038e-25 1.000000000000000038e-25 1.000000000000000038e-25 1.000000000000000038e-25 5.365376102800000001e-07 1.000000000000000038e-25 1.000000000000000038e-25 1.707357238600000073e-06 1.000000000000000038e-25
4.496472020903731492e-02 9.970463904298466105e+02 9.052599882700000475e-09 8.367952238500000472e-01 1.622809375100000007e-01 2.920879908499999871e-04 7.504104842500000096e-05 4.498643512100000078e-04 2.279714671599999944e-07 1.696535150199999890e-07 2.721867842400000132e-05 1.137752724099999954e-09 1.000000000000000038e-25 3.729251335499999940e-06 1.416953250799999990e-07 1.000000000000000038e-25 1.000000000000000038e-25 1.000000000000000038e-25 1.000000000000000038e-25 1.000000000000000038e-25 5.365011770699999685e-07 1.000000000000000038e-25 1.000000000000000038e-25 1.832314141400000047e-06 1.000000000000000038e-25
5.660722890537177310e-02 1.020401644480511322e+03 1.490159398899999966e-08 8.368058464500000015e-01 1.622782929000000096e-01 2.841060312900000034e-04 6.691705716599999820e-05 4.580022616500000030e-04 2.051447425800000059e-07 1.834334362700000027e-07 2.721800527099999860e-05 1.480403946800000095e-09 1.000000000000000038e-25 3.729253627799999795e-06 1.478313304799999936e-07 1.000000000000000038e-25 1.000000000000000038e-25 1.000000000000000038e-25 1.000000000000000038e-25 1.000000000000000038e-25 5.364571005000000443e-07 1.000000000000000038e-25 1.000000000000000038e-25 1.950327826600000152e-06 1.000000000000000038e-25
7.126427896022177744e-02 1.044834252862407538e+03 2.451806080200000139e-08 8.368155818200000429e-01 1.622758679400000126e-01 2.767857945099999866e-04 5.946775859499999991e-05 4.654636860300000048e-04 1.847229914499999906e-07 1.982610602500000111e-07 2.721727441600000150e-05 1.918902725100000037e-09 1.000000000000000038e-25 3.729255328300000193e-06 1.536241964000000028e-07 1.000000000000000038e-25 1.000000000000000038e-25 1.000000000000000038e-25 1.000000000000000038e-25 1.000000000000000038e-25 5.364037422099999889e-07 1.000000000000000038e-25 1.000000000000000038e-25 2.058506866399999863e-06 1.000000000000000038e-25
8.971641173621153209e-02 1.070076494956239003e+03 3.999624028800000328e-08 8.368239805999999614e-01 1.622737728199999951e-01 2.704633792199999951e-04 5.303221914500000139e-05 4.719098262199999797e-04 1.667719135000000099e-07 2.147332839699999913e-07 2.721647524400000147e-05 2.474381071899999849e-09 1.000000000000000038e-25 3.729255748399999885e-06 1.590641381100000116e-07 1.000000000000000038e-25 1.000000000000000038e-25 1.000000000000000038e-25 1.000000000000000038e-25 1.000000000000000038e-25 5.363403293400000038e-07 1.000000000000000038e-25 1.000000000000000038e-25 2.154065756099999997e-06 1.000000000000000038e-25
1.129462705897050778e-01 1.095746952962075284e+03 6.409090341299999726e-08 8.368307933199999882e-01 1.622720680599999965e-01 2.653241694199999978e-04 4.779708217300000230e-05 4.771542245699999987e-04 1.512781125800000095e-07 2.334487257199999981e-07 2.721558998699999930e-05 3.168543392299999997e-09 1.000000000000000038e-25 3.729254330900000196e-06 1.641699278499999914e-07 1.000000000000000038e-25 1.000000000000000038e-25 1.000000000000000038e-25 1.000000000000000038e-25 1.000000000000000038e-25 5.362670265000000369e-07 1.000000000000000038e-25 1.000000000000000038e-25 2.235870768400000195e-06 1.000000000000000038e-25
1.421909302127597752e-01 1.121392519974661809e+03 9.990558522300000328e-08 8.368357012499999525e-01 1.622708308099999885e-01 2.616055657200000201e-04 4.400009610700000200e-05 4.809594356700000093e-04 1.381570151000000074e-07 2.557062020899999953e-07 2.721461443600000141e-05 4.029884392400000088e-09 1.000000000000000038e-25 3.729249854000000018e-06 1.689569352700000084e-07 1.000000000000000038e-25 1.000000000000000038e-25 1.000000000000000038e-25 1.000000000000000038e-25 1.000000000000000038e-25 5.361866321699999864e-07 1.000000000000000038e-25 1.000000000000000038e-25 2.303497462699999838e-06 1.000000000000000038e-25
1.790077753714941489e-01 1.146501806195850577e+03 1.503487350300000112e-07 8.368387514999999777e-01 1.622700481899999880e-01 2.592700784999999873e-04 4.160215611600000257e-05 4.833646915099999936e-04 1.272104733599999950e-07 2.823687401499999946e-07 2.721354530399999874e-05 5.084380900899999856e-09 1.000000000000000038e-25 3.729241775499999989e-06 1.734448988599999922e-07 1.000000000000000038e-25 1.000000000000000038e-25 1.000000000000000038e-25 1.000000000000000038e-25 1.000000000000000038e-25 5.361031915699999934e-07 1.000000000000000038e-25 1.000000000000000038e-25 2.358301697000000056e-06 1.000000000000000038e-25
2.253574373239158879e-01 1.170656386337246659e+03 2.171912067999999955e-07 8.368398457300000315e-01 1.622697417099999984e-01 2.583877890899999980e-04 4.067164591699999826e-05 4.843018662899999907e-04 1.182105132799999946e-07 3.150668954000000211e-07 2.721241047699999864e-05 6.367029840299999999e-09 1.000000000000000038e-25 3.729228977599999802e-06 1.776185443200000055e-07 1.000000000000000038e-25 1.000000000000000038e-25 1.000000000000000038e-25 1.000000000000000038e-25 1.000000000000000038e-25 5.360234921399999543e-07 1.000000000000000038e-25 1.000000000000000038e-25 2.401428087699999806e-06 1.000000000000000038e-25
2.837082045838887900e-01 1.193710182342107601e+03 3.014646946199999882e-07 8.368391851699999995e-01 1.622698643499999871e-01 2.588124537200000219e-04 4.105938967499999851e-05 4.839202816500000229e-04 1.108166935699999994e-07 3.549020742099999959e-07 2.721123124099999891e-05 7.914319126799999766e-09 1.000000000000000038e-25 3.729211301800000206e-06 1.814925261500000030e-07 1.000000000000000038e-25 1.000000000000000038e-25 1.000000000000000038e-25 1.000000000000000038e-25 1.000000000000000038e-25 5.359523192499999475e-07 1.000000000000000038e-25 1.000000000000000038e-25 2.435127618899999833e-06 1.000000000000000038e-25
3.571674682851557203e-01 1.215839808140536434e+03 4.046812146599999772e-07 8.368369654199999674e-01 1.622703652599999935e-01 2.603929580499999793e-04 4.261128957800000241e-05 4.823741834199999864e-04 1.046538186500000012e-07 4.032131795199999978e-07 2.721001475499999894e-05 9.780233906699999850e-09 1.000000000000000038e-25 3.729188674399999885e-06 1.851178573500000103e-07 1.000000000000000038e-25 1.000000000000000038e-25 1.000000000000000038e-25 1.000000000000000038e-25 1.000000000000000038e-25 5.358918989600000034e-07 1.000000000000000038e-25 1.000000000000000038e-25 2.461721253300000001e-06 1.000000000000000038e-25
4.496472020903694577e-01 1.237522595896159146e+03 5.313212735300000373e-07 8.368336230499999751e-01 1.622711352300000021e-01 2.627976250100000247e-04 4.499239961699999865e-05 4.799984783200000166e-04 9.933174934699999891e-08 4.604870063000000196e-07 2.720871767900000034e-05 1.202915339000000080e-08 1.000000000000000038e-25 3.729161964999999792e-06 1.886042161599999994e-07 1.000000000000000038e-25 1.000000000000000038e-25 1.000000000000000038e-25 1.000000000000000038e-25 1.000000000000000038e-25 5.358392145799999543e-07 1.000000000000000038e-25 1.000000000000000038e-25 2.484078398899999881e-06 1.000000000000000038e-25
5.660722890537130958e-01 1.259080752586642575e+03 6.869593690900000490e-07 8.368293056200000191e-01 1.622721359400000063e-01 2.659111901999999784e-04 4.808569105199999785e-05 4.769101981499999747e-04 9.462410576000000540e-08 5.280452335899999914e-07 2.720730877099999842e-05 1.474393076999999948e-08 1.000000000000000038e-25 3.729131251999999871e-06 1.920091398500000080e-07 1.000000000000000038e-25 1.000000000000000038e-25 1.000000000000000038e-25 1.000000000000000038e-25 1.000000000000000038e-25 5.357926218399999670e-07 1.000000000000000038e-25 1.000000000000000038e-25 2.503635735700000076e-06 1.000000000000000038e-25
7.126427896022120567e-01 1.280071530257089307e+03 8.692284654800000178e-07 8.368235972799999978e-01 1.622734701999999918e-01 2.700476540599999926e-04 5.220574900400000261e-05 4.727949748299999934e-04 9.058404786100000187e-08 6.086115342199999742e-07 2.720587386800000035e-05 1.796859521199999878e-08 1.000000000000000038e-25 3.729095068299999916e-06 1.952075187900000040e-07 1.000000000000000038e-25 1.000000000000000038e-25 1.000000000000000038e-25 1.000000000000000038e-25 1.000000000000000038e-25 5.357580858599999789e-07 1.000000000000000038e-25 1.000000000000000038e-25 2.519207289800000202e-06 1.000000000000000038e-25
8.971641173621081045e-01 1.299523682544163876e+03 1.061208065600000056e-06 8.368154192900000288e-01 1.622754083400000102e-01 2.760298077499999804e-04 5.817751605399999737e-05 4.668285458900000022e-04 8.740006949200000122e-08 7.078553438899999986e-07 2.720464954800000097e-05 2.169000083500000151e-08 1.000000000000000038e-25 3.729049649599999812e-06 1.979453663000000059e-07 1.000000000000000038e-25 1.000000000000000038e-25 1.000000000000000038e-25 1.000000000000000038e-25 1.000000000000000038e-25 5.357488239199999471e-07 1.000000000000000038e-25 1.000000000000000038e-25 2.527596059299999958e-06 1.000000000000000038e-25
1.129462705897041452e+00 1.316671044231185533e+03 1.239139147299999952e-06 8.368037580999999614e-01 1.622782064399999891e-01 2.846356150399999827e-04 6.678040102699999976e-05 4.582323503399999979e-04 8.513552974200000241e-08 8.320415084600000311e-07 2.720387660500000112e-05 2.581022632199999849e-08 1.000000000000000038e-25 3.728990878999999842e-06 2.000452356299999925e-07 1.000000000000000038e-25 1.000000000000000038e-25 1.000000000000000038e-25 1.000000000000000038e-25 1.000000000000000038e-25 5.357730045899999828e-07 1.000000000000000038e-25 1.000000000000000038e-25 2.526441659999999996e-06 1.000000000000000038e-25
1.421909302127586150e+00 1.331284339944607609e+03 1.382066035900000039e-06 8.367874763099999447e-01 1.622821497799999957e-01 2.967329706900000228e-04 7.888337338699999944e-05 4.461385487100000204e-04 8.371051172700000153e-08 9.899895993200000616e-07 2.720373366000000066e-05 3.018762333500000299e-08 1.000000000000000038e-25 3.728912751499999926e-06 2.014477819699999939e-07 1.000000000000000038e-25 1.000000000000000038e-25 1.000000000000000038e-25 1.000000000000000038e-25 1.000000000000000038e-25 5.358318525800000361e-07 1.000000000000000038e-25 1.000000000000000038e-25 2.514022606399999913e-06 1.000000000000000038e-25
1.790077753714927056e+00 1.343483414293414398e+03 1.480387608499999938e-06 8.367659471799999693e-01 1.622873946600000006e-01 3.127972880499999974e-04 9.496204919000000399e-05 4.300725068299999913e-04 8.289126609200000346e-08 1.189133203499999982e-06 2.720425817900000144e-05 3.457919597000000322e-08 1.000000000000000038e-25 3.728808982399999830e-06 2.022073921100000111e-07 1.000000000000000038e-25 1.000000000000000038e-25 1.000000000000000038e-25 1.000000000000000038e-25 1.000000000000000038e-25 5.359170691299999757e-07 1.000000000000000038e-25 1.000000000000000038e-25 2.490061081400000141e-06 1.000000000000000038e-25
2.253574373239140449e+00 1.353500565587911524e+03 1.530459455799999950e-06 8.367382445300000082e-01 1.622941690599999931e-01 3.335232600400000157e-04 1.157120929600000012e-04 4.093398798800000149e-04 8.238864963899999580e-08 1.441230530000000065e-06 2.720546197800000144e-05 3.870022919099999970e-08 1.000000000000000038e-25 3.728668594499999927e-06 2.023717757300000047e-07 1.000000000000000038e-25 1.000000000000000038e-25 1.000000000000000038e-25 1.000000000000000038e-25 1.000000000000000038e-25 5.360210571600000513e-07 1.000000000000000038e-25 1.000000000000000038e-25 2.453517857600000207e-06 1.000000000000000038e-25
2.837082045838864808e+00 1.361850098068220859e+03 1.541343178399999977e-06 8.367042568100000466e-01 1.623024972100000074e-01 3.589828826099999916e-04 1.412053119999999874e-04 3.838696902799999962e-04 8.175270219299999922e-08 1.757159575099999955e-06 2.720723397899999901e-05 4.227124235000000211e-08 1.000000000000000038e-25 3.728479409199999850e-06 2.020578808800000089e-07 1.000000000000000038e-25 1.000000000000000038e-25 1.000000000000000038e-25 1.000000000000000038e-25 1.000000000000000038e-25 5.361332805999999808e-07 1.000000000000000038e-25 1.000000000000000038e-25 2.404882265600000006e-06 1.000000000000000038e-25
3.571674682851528004e+00 1.369336616219286725e+03 1.530725069700000100e-06 8.366645729899999662e-01 1.623122288299999882e-01 3.887130645999999946e-04 1.709771694500000110e-04 3.541266701100000049e-04 8.044136410499999981e-08 2.149886725599999992e-06 2.720939199700000126e-05 4.516488568200000002e-08 1.000000000000000038e-25 3.728227925000000123e-06 2.014322032799999974e-07 1.000000000000000038e-25 1.000000000000000038e-25 1.000000000000000038e-25 1.000000000000000038e-25 1.000000000000000038e-25 5.362448801500000157e-07 1.000000000000000038e-25 1.000000000000000038e-25 2.346006571899999906e-06 1.000000000000000038e-25
4.496472020903658162e+00 1.376411674321393775e+03 1.509601846399999918e-06 8.366202405899999528e-01 1.623231035100000108e-01 4.219092367100000054e-04 2.042215898300000089e-04 3.209166256800000268e-04 7.801875097599999845e-08 2.633366329499999948e-06 2.721179936100000062e-05 4.726782184199999923e-08 1.000000000000000038e-25 3.727900308799999936e-06 2.005923704800000114e-07 1.000000000000000038e-25 1.000000000000000038e-25 1.000000000000000038e-25 1.000000000000000038e-25 1.000000000000000038e-25 5.363514514200000472e-07 1.000000000000000038e-25 1.000000000000000038e-25 2.278791790300000191e-06 1.000000000000000038e-25
5.660722890537083885e+00 1.382769536947383585e+03 1.472177835799999986e-06 8.365712636000000035e-01 1.623351224500000078e-01 4.585587693399999871e-04 2.409272993900000070e-04 2.842514954799999784e-04 7.417591811199999912e-08 3.234201727800000074e-06 2.721449300199999988e-05 4.829349725299999705e-08 1.000000000000000038e-25 3.727471697000000027e-06 1.994482686199999996e-07 1.000000000000000038e-25 1.000000000000000038e-25 1.000000000000000038e-25 1.000000000000000038e-25 1.000000000000000038e-25 5.364549068400000045e-07 1.000000000000000038e-25 1.000000000000000038e-25 2.201819556399999910e-06 1.000000000000000038e-25
7.126427896022061503e+00 1.387917283350723665e+03 1.410613386499999900e-06 8.365180313100000209e-01 1.623481932799999972e-01 4.983560535300000233e-04 2.807904871500000268e-04 2.444355463599999804e-04 6.863235709900000655e-08 3.986488581699999726e-06 2.721750331900000058e-05 4.788542882400000293e-08 1.000000000000000038e-25 3.726910603299999882e-06 1.978659536599999939e-07 1.000000000000000038e-25 1.000000000000000038e-25 1.000000000000000038e-25 1.000000000000000038e-25 1.000000000000000038e-25 5.365562997900000515e-07 1.000000000000000038e-25 1.000000000000000038e-25 2.113437396399999962e-06 1.000000000000000038e-25
8.971641173621007326e+00 1.391934314377507690e+03 1.329511174900000057e-06 8.364624382499999955e-01 1.623618505599999928e-01 5.398485314500000003e-04 3.223578648700000022e-04 2.029208623100000046e-04 6.124601624600000340e-08 4.931375025000000267e-06 2.722071383300000063e-05 4.597919097499999692e-08 1.000000000000000038e-25 3.726188317800000039e-06 1.958390078500000075e-07 1.000000000000000038e-25 1.000000000000000038e-25 1.000000000000000038e-25 1.000000000000000038e-25 1.000000000000000038e-25 5.366533410499999586e-07 1.000000000000000038e-25 1.000000000000000038e-25 2.015117196300000118e-06 1.000000000000000038e-25
1.129462705897032393e+01 1.395554953328203283e+03 1.246443141599999965e-06 8.364086351099999650e-01 1.623750711399999935e-01 5.798790777400000341e-04 3.624670548800000103e-04 1.628656835400000126e-04 5.243719049999999783e-08 6.100081211300000408e-06 2.722382975199999879e-05 4.298962510100000288e-08 1.000000000000000038e-25 3.725303889700000057e-06 1.935757858700000074e-07 1.000000000000000038e-25 1.000000000000000038e-25 1.000000000000000038e-25 1.000000000000000038e-25 1.000000000000000038e-25 5.367406095800000001e-07 1.000000000000000038e-25 1.000000000000000038e-25 1.913819980599999865e-06 1.000000000000000038e-25
1.421909302127574648e+01 1.399768066838428695e+03 1.177097498299999961e-06 8.363602471500000135e-01 1.623869610500000005e-01 6.156850897900000182e-04 3.983498495900000130e-04 1.270337825400000048e-04 4.308034768399999691e-08 7.530275886200000269e-06 2.722660056099999846e-05 3.950676091700000010e-08 1.000000000000000038e-25 3.724273052799999897e-06 1.913418094800000078e-07 1.000000000000000038e-25 1.000000000000000038e-25 1.000000000000000038e-25 1.000000000000000038e-25 1.000000000000000038e-25 5.368148564299999683e-07 1.000000000000000038e-25 1.000000000000000038e-25 1.816826371799999923e-06 1.000000000000000038e-25
1.790077753714912134e+01 1.405436933456694078e+03 1.133975152400000017e-06 8.363201095300000221e-01 1.623968205899999906e-01 6.451148661599999693e-04 4.278485690699999856e-04 9.757869526199999712e-05 3.430402159000000274e-08 9.234433160599999236e-06 2.722883106699999854e-05 3.615244374899999827e-08 1.000000000000000038e-25 3.723144461700000106e-06 1.894481654700000070e-07 1.000000000000000038e-25 1.000000000000000038e-25 1.000000000000000038e-25 1.000000000000000038e-25 1.000000000000000038e-25 5.368741245399999617e-07 1.000000000000000038e-25 1.000000000000000038e-25 1.731584499099999928e-06 1.000000000000000038e-25
2.253574373239121797e+01 1.413274563390566072e+03 1.124115321200000100e-06 8.362884986699999912e-01 1.624045789299999876e-01 6.679457830400000037e-04 4.507373173999999912e-04 7.472484564099999887e-05 2.680359278899999892e-08 1.123272485999999917e-05 2.723047723500000096e-05 3.332565051500000012e-08 1.000000000000000038e-25 3.721961428200000099e-06 1.881226879000000079e-07 1.000000000000000038e-25 1.000000000000000038e-25 1.000000000000000038e-25 1.000000000000000038e-25 1.000000000000000038e-25 5.369196003700000299e-07 1.000000000000000038e-25 1.000000000000000038e-25 1.661704619699999923e-06 1.000000000000000038e-25
2.837082045838841537e+01 1.424033382074414476e+03 1.157377421300000084e-06 8.362647542700000214e-01 1.624103936500000123e-01 6.846763991399999706e-04 4.675112234800000120e-04 5.797677512300000079e-05 2.089888083800000149e-08 1.351202102000000084e-05 2.723152213699999853e-05 3.135836794900000079e-08 1.000000000000000038e-25 3.720782861399999873e-06 1.876089592699999901e-07 1.000000000000000038e-25 1.000000000000000038e-25 1.000000000000000038e-25 1.000000000000000038e-25 1.000000000000000038e-25 5.369528197599999504e-07 1.000000000000000038e-25 1.000000000000000038e-25 1.610350861699999903e-06 1.000000000000000038e-25
3.571674682851498517e+01 1.438467808074140521e+03 1.247706192200000093e-06 8.362473461899999627e-01 1.624146342699999968e-01 6.964615228000000128e-04 4.793226497100000092e-04 4.618295240499999815e-05 1.649834513099999873e-08 1.605242505200000049e-05 2.723197658900000000e-05 3.046925099600000305e-08 1.000000000000000038e-25 3.719658856699999862e-06 1.881047204900000030e-07 1.000000000000000038e-25 1.000000000000000038e-25 1.000000000000000038e-25 1.000000000000000038e-25 1.000000000000000038e-25 5.369759485899999526e-07 1.000000000000000038e-25 1.000000000000000038e-25 1.579149801199999906e-06 1.000000000000000038e-25
4.496472020903621569e+01 1.457344501125682882e+03 1.418418238299999938e-06 8.362348576400000510e-01 1.624176397200000066e-01 7.043842826999999760e-04 4.872521856799999973e-04 3.826354609399999936e-05 1.337371356300000031e-08 1.879344027499999832e-05 2.723181529900000128e-05 3.089162535700000117e-08 1.000000000000000038e-25 3.718646003099999832e-06 1.897724592000000010e-07 1.000000000000000038e-25 1.000000000000000038e-25 1.000000000000000038e-25 1.000000000000000038e-25 1.000000000000000038e-25 5.369906213200000170e-07 1.000000000000000038e-25 1.000000000000000038e-25 1.569661790000000076e-06 1.000000000000000038e-25
5.660722890537037699e+01 1.481721760728182517e+03 1.714836953900000015e-06 8.362261275700000329e-01 1.624196794699999946e-01 7.093290779199999587e-04 4.921811017300000302e-04 3.333744679700000144e-05 1.125872029699999983e-08 2.165581839799999859e-05 2.723092869099999876e-05 3.301906827699999789e-08 1.000000000000000038e-25 3.717798723299999937e-06 1.927604322499999933e-07 1.000000000000000038e-25 1.000000000000000038e-25 1.000000000000000038e-25 1.000000000000000038e-25 1.000000000000000038e-25 5.369977523800000525e-07 1.000000000000000038e-25 1.000000000000000038e-25 1.583840946699999956e-06 1.000000000000000038e-25
7.126427896022002528e+01 1.512541848366972772e+03 2.216848830500000153e-06 8.362203593799999446e-01 1.624209234200000018e-01 7.118987016299999559e-04 4.947090782399999513e-04 3.080413297099999983e-05 9.931748293499999890e-09 2.452598016399999909e-05 2.722910147000000121e-05 3.748076592000000273e-08 1.000000000000000038e-25 3.717168117900000066e-06 1.970899258600000084e-07 1.000000000000000038e-25 1.000000000000000038e-25 1.000000000000000038e-25 1.000000000000000038e-25 1.000000000000000038e-25 5.369974413499999819e-07 1.000000000000000038e-25 1.000000000000000038e-25 1.623141354999999953e-06 1.000000000000000038e-25
8.971641173620933785e+01 1.550834368468994853e+03 3.073189807600000070e-06 8.362169812399999902e-01 1.624214668099999981e-01 7.124736015299999985e-04 4.952133247499999934e-04 3.028403437899999953e-05 9.213832249100000311e-09 2.730459188799999880e-05 2.722594872199999915e-05 4.534301302400000221e-08 1.000000000000000038e-25 3.716783339299999961e-06 2.026117224500000031e-07 1.000000000000000038e-25 1.000000000000000038e-25 1.000000000000000038e-25 2.417338961300000042e-11 1.491721951699999978e-14 5.369889102599999490e-07 1.000000000000000038e-25 1.000000000000000038e-25 1.687950963500000025e-06 1.000000000000000038e-25
1.129462705897022943e+02 1.598014439964372968e+03 4.587733459300000079e-06 8.362158659199999677e-01 1.624212451700000059e-01 7.110067296300000023e-04 4.936403567599999568e-04 3.182483905499999799e-05 9.029302276299999672e-09 2.985230111899999912e-05 2.722071950700000068e-05 5.873231071400000295e-08 1.000000000000000038e-25 3.716679762800000162e-06 2.090513953099999905e-07 1.000000000000000038e-25 1.000000000000000038e-25 1.000000000000000038e-25 3.682692154100000235e-11 3.352967966999999943e-14 5.369692389199999771e-07 1.000000000000000038e-25 1.000000000000000038e-25 1.779129424699999938e-06 1.000000000000000038e-25
1.421909302127562853e+02 1.653394237883262349e+03 7.214805722500000316e-06 8.362158926799999614e-01 1.624203977600000015e-01 7.079850862599999621e-04 4.904782871200000054e-04 3.493193124699999960e-05 9.168228135600000373e-09 3.226067655100000285e-05 2.721266795100000152e-05 7.967067870399999497e-08 1.000000000000000038e-25 3.716763853199999928e-06 2.155397119399999949e-07 1.000000000000000038e-25 1.000000000000000038e-25 1.000000000000000038e-25 5.919305518499999469e-11 8.160716864099999538e-14 5.369370818500000392e-07 1.000000000000000038e-25 1.000000000000000038e-25 1.886758089199999929e-06 1.000000000000000038e-25
1.790077753714897710e+02 1.722947958695952366e+03 1.247600122300000037e-05 8.362185216599999915e-01 1.624180969600000080e-01 7.014656541499999761e-04 4.837473338399999982e-04 4.155596052500000313e-05 9.931693333199999696e-09 3.412253330499999729e-05 2.719859595499999892e-05 1.177484344700000033e-07 1.000000000000000038e-25 3.717208743799999978e-06 2.221413229500000000e-07 1.000000000000000038e-25 1.000000000000000038e-25 1.000000000000000038e-25 1.049332902900000028e-10 2.294129532700000229e-13 5.368753879300000056e-07 1.000000000000000038e-25 1.000000000000000038e-25 2.023026283399999974e-06 1.000000000000000038e-25
2.253574373239103465e+02 1.817275725675514423e+03 2.521306251099999843e-05 8.361043017200000538e-01 1.623923804200000098e-01 7.081588712800000436e-04 4.676319750199999957e-04 5.736639557100000031e-05 1.250124156900000017e-08 3.491403996799999739e-05 2.646831762599999969e-05 1.987339420299999873e-07 1.000000000000000038e-25 3.717268509500000138e-06 2.283179863900000108e-07 1.000000000000000038e-25 7.429279621100000417e-11 3.309615873099999966e-09 2.184389683799999970e-10 8.172318043000000366e-13 5.366700365100000452e-07 1.677015604099999922e-07 1.000000000000000038e-25 2.311771569100000003e-06 6.025799104500000483e-07
