# P      T      H      H2       He       H2O       CH4       CO       CO2       NH3       H2S       HCN       C2H2       Na       K       TiO       VO       FeH      e      Hm      PH3      FeI      FeII      CaI      MgI
3.571674682851674833e-05 7.603032270399218078e+02 7.843828298599999417e-11 8.368739028099999588e-01 1.622566636299999920e-01 2.378733690200000135e-04 2.968495316399999969e-07 5.239199793599999674e-04 8.391435960099999685e-07 1.033282476100000015e-09 2.721512112900000127e-05 1.503821925900000020e-12 1.000000000000000038e-25 3.729763856999999924e-06 1.007349921900000044e-07 1.000000000000000038e-25 1.000000000000000038e-25 1.000000000000000038e-25 1.000000000000000038e-25 1.000000000000000038e-25 5.363073879099999607e-07 1.000000000000000038e-25 1.000000000000000038e-25 1.766189291400000017e-06 1.000000000000000038e-25
4.496472020903842217e-05 7.647021260368749154e+02 8.532492342199999389e-11 8.368737707600000242e-01 1.622566933000000045e-01 2.379752055500000056e-04 3.848976701600000013e-07 5.238594652799999666e-04 8.117051620500000175e-07 1.239484884800000022e-09 2.721512500099999837e-05 1.885952584200000040e-12 1.000000000000000038e-25 3.729750375399999808e-06 1.012586254000000033e-07 1.000000000000000038e-25 1.000000000000000038e-25 1.000000000000000038e-25 1.000000000000000038e-25 1.000000000000000038e-25 5.363246324699999957e-07 1.000000000000000038e-25 1.000000000000000038e-25 1.752008574800000058e-06 1.000000000000000038e-25
5.660722890537316039e-05 7.743171904898266575e+02 1.170325526900000057e-10 8.368736443500000011e-01 1.622566918999999996e-01 2.381026936199999965e-04 3.956705675299999905e-07 5.239049743599999680e-04 7.554181649800000017e-07 1.406149368100000083e-09 2.721511540799999968e-05 2.357516406899999960e-12 1.000000000000000038e-25 3.729747320799999930e-06 1.047622017499999993e-07 1.000000000000000038e-25 1.000000000000000038e-25 1.000000000000000038e-25 1.000000000000000038e-25 1.000000000000000038e-25 5.362998276500000200e-07 1.000000000000000038e-25 1.000000000000000038e-25 1.809171231800000078e-06 1.000000000000000038e-25
7.126427896022353330e-05 7.821481130858454662e+02 1.472038927899999982e-10 8.368735095899999532e-01 1.622567048599999895e-01 2.382244918400000034e-04 4.434001805500000170e-07 5.238993176599999546e-04 7.133866192600000207e-07 1.628426659099999928e-09 2.721511003799999905e-05 2.949770062099999909e-12 1.000000000000000038e-25 3.729740001199999932e-06 1.071335994200000027e-07 1.000000000000000038e-25 1.000000000000000038e-25 1.000000000000000038e-25 1.000000000000000038e-25 1.000000000000000038e-25 5.362901448199999829e-07 1.000000000000000038e-25 1.000000000000000038e-25 1.838972991500000008e-06 1.000000000000000038e-25
8.971641173621374690e-05 7.878752443396731451e+02 1.678957759699999955e-10 8.368733369599999916e-01 1.622567380999999920e-01 2.383591197999999976e-04 5.482008702499999527e-07 5.238231822699999582e-04 6.848281386000000173e-07 1.931281911100000084e-09 2.721511170399999895e-05 3.696484734399999619e-12 1.000000000000000038e-25 3.729727404599999957e-06 1.082772106300000028e-07 1.000000000000000038e-25 1.000000000000000038e-25 1.000000000000000038e-25 1.000000000000000038e-25 1.000000000000000038e-25 5.362997401199999661e-07 1.000000000000000038e-25 1.000000000000000038e-25 1.839125827399999962e-06 1.000000000000000038e-25
1.129462705897078389e-04 7.934521863411537197e+02 1.896710832499999995e-10 8.368731348100000300e-01 1.622567826999999907e-01 2.385190587700000133e-04 6.835930535499999919e-07 5.237141902600000228e-04 6.585713280500000374e-07 2.294565734200000121e-09 2.721511545099999994e-05 4.629464769900000037e-12 1.000000000000000038e-25 3.729713715899999969e-06 1.093016233300000035e-07 1.000000000000000038e-25 1.000000000000000038e-25 1.000000000000000038e-25 1.000000000000000038e-25 1.000000000000000038e-25 5.363107072299999779e-07 1.000000000000000038e-25 1.000000000000000038e-25 1.836396385399999896e-06 1.000000000000000038e-25
1.421909302127632546e-04 7.981256418954490073e+02 2.056969312299999897e-10 8.368728513700000038e-01 1.622568499700000055e-01 2.387306009999999969e-04 8.889903514300000056e-07 5.235298955199999601e-04 6.376852827799999505e-07 2.755457098300000141e-09 2.721512488200000080e-05 5.804860831699999825e-12 1.000000000000000038e-25 3.729696885499999819e-06 1.098065486100000017e-07 1.000000000000000038e-25 1.000000000000000038e-25 1.000000000000000038e-25 1.000000000000000038e-25 1.000000000000000038e-25 5.363284738299999669e-07 1.000000000000000038e-25 1.000000000000000038e-25 1.821092415599999953e-06 1.000000000000000038e-25
1.790077753714985496e-04 8.023517356672125516e+02 2.184485483200000103e-10 8.368724682100000534e-01 1.622569459600000097e-01 2.390170740499999969e-04 1.179082362199999976e-06 5.232580287599999935e-04 6.197691749000000003e-07 3.324018022099999956e-09 2.721514013599999875e-05 7.273355859100000162e-12 1.000000000000000038e-25 3.729677906300000174e-06 1.100330907600000064e-07 1.000000000000000038e-25 1.000000000000000038e-25 1.000000000000000038e-25 1.000000000000000038e-25 1.000000000000000038e-25 5.363482334500000218e-07 1.000000000000000038e-25 1.000000000000000038e-25 1.799216982500000000e-06 1.000000000000000038e-25
2.253574373239214108e-04 8.061676118748661111e+02 2.277739538700000109e-10 8.368719296100000093e-01 1.622570825000000105e-01 2.394180532500000079e-04 1.592557404899999897e-06 5.228604182700000071e-04 6.043446481000000180e-07 4.028912672299999682e-09 2.721516311400000142e-05 9.112489251300000413e-12 1.000000000000000038e-25 3.729656644699999789e-06 1.099992133099999995e-07 1.000000000000000038e-25 1.000000000000000038e-25 1.000000000000000038e-25 1.000000000000000038e-25 1.000000000000000038e-25 5.363690064400000247e-07 1.000000000000000038e-25 1.000000000000000038e-25 1.771145483000000000e-06 1.000000000000000038e-25
2.837082045838957515e-04 8.097062181398838447e+02 2.345249066499999825e-10 8.368711735999999624e-01 1.622572742499999998e-01 2.399811894300000114e-04 2.174740851600000202e-06 5.222924149199999894e-04 5.907827482700000264e-07 4.896229550699999958e-09 2.721519596699999852e-05 1.140239502999999936e-11 1.000000000000000038e-25 3.729633420999999836e-06 1.097669658900000020e-07 1.000000000000000038e-25 1.000000000000000038e-25 1.000000000000000038e-25 1.000000000000000038e-25 1.000000000000000038e-25 5.363894050599999624e-07 1.000000000000000038e-25 1.000000000000000038e-25 1.738495609799999977e-06 1.000000000000000038e-25
3.571674682851644746e-04 8.131771725308092300e+02 2.404574971999999794e-10 8.368701259599999887e-01 1.622575387500000133e-01 2.407639009800000105e-04 2.979844289899999903e-06 5.215007421200000461e-04 5.782051447000000462e-07 5.958037689699999874e-09 2.721524120800000116e-05 1.425426450500000031e-11 1.000000000000000038e-25 3.729608691499999862e-06 1.094328121900000028e-07 1.000000000000000038e-25 1.000000000000000038e-25 1.000000000000000038e-25 1.000000000000000038e-25 1.000000000000000038e-25 5.364083406599999568e-07 1.000000000000000038e-25 1.000000000000000038e-25 1.703480496600000080e-06 1.000000000000000038e-25
4.496472020903805218e-04 8.164952358386740343e+02 2.448192754500000205e-10 8.368686626600000400e-01 1.622579065599999981e-01 2.418589728300000021e-04 4.102047640500000039e-06 5.203909700000000508e-04 5.669606054600000490e-07 7.260341828100000315e-09 2.721530408999999951e-05 1.778198036399999948e-11 1.000000000000000038e-25 3.729582427700000030e-06 1.089479258499999943e-07 1.000000000000000038e-25 1.000000000000000038e-25 1.000000000000000038e-25 1.000000000000000038e-25 1.000000000000000038e-25 5.364262201599999636e-07 1.000000000000000038e-25 1.000000000000000038e-25 1.665056455099999929e-06 1.000000000000000038e-25
5.660722890537269554e-04 8.193843699470885440e+02 2.447474527799999986e-10 8.368665298799999874e-01 1.622584416800000040e-01 2.434565801999999911e-04 5.737056901799999673e-06 5.187664475900000431e-04 5.582010174299999737e-07 8.889340150100000635e-09 2.721539588199999875e-05 2.212966842700000039e-11 1.000000000000000038e-25 3.729553891900000003e-06 1.081277619199999987e-07 1.000000000000000038e-25 1.000000000000000038e-25 1.000000000000000038e-25 1.000000000000000038e-25 1.000000000000000038e-25 5.364442471600000290e-07 1.000000000000000038e-25 1.000000000000000038e-25 1.618927597200000066e-06 1.000000000000000038e-25
7.126427896022295054e-04 8.217980827322621735e+02 2.399347492999999908e-10 8.368633797800000274e-01 1.622592265299999947e-01 2.458132492899999921e-04 8.142786120099999690e-06 5.163692212799999952e-04 5.522325544500000333e-07 1.093316443300000045e-08 2.721553038799999857e-05 2.741696706699999902e-11 1.000000000000000038e-25 3.729523282600000024e-06 1.069122325599999968e-07 1.000000000000000038e-25 1.000000000000000038e-25 1.000000000000000038e-25 1.000000000000000038e-25 1.000000000000000038e-25 5.364623691500000504e-07 1.000000000000000038e-25 1.000000000000000038e-25 1.563952286399999986e-06 1.000000000000000038e-25
8.971641173621299880e-04 8.241330236617206992e+02 2.343269813400000173e-10 8.368589270899999821e-01 1.622603335699999982e-01 2.491534434199999958e-04 1.153767012600000078e-05 5.129824301099999593e-04 5.477157070100000462e-07 1.346165118000000002e-08 2.721571895900000001e-05 3.377957647700000047e-11 1.000000000000000038e-25 3.729492144899999950e-06 1.054885951899999977e-07 1.000000000000000038e-25 1.000000000000000038e-25 1.000000000000000038e-25 1.000000000000000038e-25 1.000000000000000038e-25 5.364795570499999625e-07 1.000000000000000038e-25 1.000000000000000038e-25 1.504541040199999896e-06 1.000000000000000038e-25
1.129462705897069227e-03 8.270354088486641331e+02 2.340209672899999901e-10 8.368532080399999629e-01 1.622617488199999958e-01 2.534504402600000136e-04 1.588316127999999912e-05 5.086470418500000116e-04 5.421848963600000412e-07 1.647674600700000039e-08 2.721595812800000055e-05 4.135121149499999967e-11 1.000000000000000038e-25 3.729462801900000129e-06 1.042519395500000025e-07 1.000000000000000038e-25 1.000000000000000038e-25 1.000000000000000038e-25 1.000000000000000038e-25 1.000000000000000038e-25 5.364945740200000135e-07 1.000000000000000038e-25 1.000000000000000038e-25 1.449701635700000064e-06 1.000000000000000038e-25
1.421909302127621162e-03 8.311550527685712950e+02 2.445775980399999921e-10 8.368466565600000129e-01 1.622633627500000009e-01 2.583802509999999757e-04 2.084402674799999987e-05 5.037004341099999465e-04 5.331406391900000350e-07 1.996086219499999920e-08 2.721622865599999933e-05 5.045147508700000305e-11 1.000000000000000038e-25 3.729436651999999789e-06 1.036062127499999989e-07 1.000000000000000038e-25 1.000000000000000038e-25 1.000000000000000038e-25 1.000000000000000038e-25 1.000000000000000038e-25 5.365067835199999930e-07 1.000000000000000038e-25 1.000000000000000038e-25 1.407952901999999944e-06 1.000000000000000038e-25
1.790077753714970805e-03 8.369752468003708827e+02 2.723556505600000208e-10 8.368402667700000075e-01 1.622649289399999972e-01 2.631961858200000041e-04 2.566315614500000068e-05 4.989009722999999908e-04 5.185300919000000194e-07 2.379746139099999977e-08 2.721648838100000032e-05 6.151081619500000546e-11 1.000000000000000038e-25 3.729414678200000060e-06 1.039438185299999988e-07 1.000000000000000038e-25 1.000000000000000038e-25 1.000000000000000038e-25 1.000000000000000038e-25 1.000000000000000038e-25 5.365153217299999501e-07 1.000000000000000038e-25 1.000000000000000038e-25 1.387639699499999919e-06 1.000000000000000038e-25
2.253574373239196002e-03 8.446172752058752167e+02 3.236094334400000216e-10 8.368348307599999814e-01 1.622662529599999959e-01 2.673013332499999772e-04 2.974190434400000030e-05 4.948468159299999544e-04 4.982089331699999953e-07 2.793274054099999889e-08 2.721670418499999922e-05 7.526207042600000569e-11 1.000000000000000038e-25 3.729396419699999949e-06 1.053637607100000027e-07 1.000000000000000038e-25 1.000000000000000038e-25 1.000000000000000038e-25 1.000000000000000038e-25 1.000000000000000038e-25 5.365200422700000464e-07 1.000000000000000038e-25 1.000000000000000038e-25 1.390530927200000069e-06 1.000000000000000038e-25
2.837082045838934530e-03 8.538044896983019498e+02 4.048212123899999999e-10 8.368306187499999771e-01 1.622672701200000012e-01 2.704897962300000154e-04 3.288023243300000181e-05 4.917360728900000214e-04 4.738981077700000029e-07 3.236145987399999985e-08 2.721686496500000011e-05 9.246138244400000480e-11 1.000000000000000038e-25 3.729380934200000050e-06 1.076778982900000006e-07 1.000000000000000038e-25 1.000000000000000038e-25 1.000000000000000038e-25 1.000000000000000038e-25 1.000000000000000038e-25 5.365213814000000029e-07 1.000000000000000038e-25 1.000000000000000038e-25 1.412757367699999976e-06 1.000000000000000038e-25
3.571674682851615906e-03 8.642040745209936858e+02 5.251200903899999734e-10 8.368274516700000554e-01 1.622680267299999868e-01 2.728946995400000162e-04 3.521903206000000263e-05 4.894260574799999802e-04 4.475405431200000116e-07 3.716837529399999701e-08 2.721697815800000022e-05 1.140699941099999995e-10 1.000000000000000038e-25 3.729367152499999831e-06 1.106153830999999963e-07 1.000000000000000038e-25 1.000000000000000038e-25 1.000000000000000038e-25 1.000000000000000038e-25 1.000000000000000038e-25 5.365200278900000514e-07 1.000000000000000038e-25 1.000000000000000038e-25 1.448687004600000098e-06 1.000000000000000038e-25
4.496472020903767922e-03 8.756862972114104195e+02 7.013871642699999578e-10 8.368253186399999821e-01 1.622685265599999871e-01 2.745233467799999935e-04 3.676918340900000307e-05 4.879048476699999982e-04 4.201891386500000100e-07 4.236767633999999967e-08 2.721704342800000003e-05 1.412299619299999995e-10 1.000000000000000038e-25 3.729354807599999911e-06 1.140424749500000014e-07 1.000000000000000038e-25 1.000000000000000038e-25 1.000000000000000038e-25 1.000000000000000038e-25 1.000000000000000038e-25 5.365160013399999664e-07 1.000000000000000038e-25 1.000000000000000038e-25 1.495921875700000088e-06 1.000000000000000038e-25
5.660722890537223800e-03 8.882694141353376835e+02 9.618189482099999418e-10 8.368241881700000384e-01 1.622687778899999933e-01 2.753987697500000090e-04 3.755583838600000314e-05 4.871467225899999754e-04 3.924379953899999804e-07 4.799152510300000180e-08 2.721706053999999858e-05 1.755709174400000122e-10 1.000000000000000038e-25 3.729343757400000124e-06 1.178767254800000045e-07 1.000000000000000038e-25 1.000000000000000038e-25 1.000000000000000038e-25 1.000000000000000038e-25 1.000000000000000038e-25 5.365090961500000398e-07 1.000000000000000038e-25 1.000000000000000038e-25 1.553010992300000071e-06 1.000000000000000038e-25
7.126427896022236724e-03 9.020505684117190413e+02 1.355871015499999936e-09 8.368242077899999964e-01 1.622687445000000062e-01 2.754095649600000117e-04 3.746760679600000157e-05 4.872627328400000262e-04 3.645074061699999756e-07 5.397379878499999891e-08 2.721702062199999841e-05 2.191453330600000123e-10 1.000000000000000038e-25 3.729334370200000122e-06 1.221056933199999879e-07 1.000000000000000038e-25 1.000000000000000038e-25 1.000000000000000038e-25 1.000000000000000038e-25 1.000000000000000038e-25 5.364985066500000077e-07 1.000000000000000038e-25 1.000000000000000038e-25 1.620239515600000072e-06 1.000000000000000038e-25
8.971641173621227455e-03 9.170478783976491286e+02 1.959763032200000077e-09 8.368252399500000216e-01 1.622684607100000065e-01 2.746585523400000162e-04 3.660983231000000193e-05 4.881471314599999771e-04 3.369090311699999851e-07 6.033036547300000486e-08 2.721692583900000049e-05 2.746146086699999785e-10 1.000000000000000038e-25 3.729326578600000107e-06 1.266324553799999985e-07 1.000000000000000038e-25 1.000000000000000038e-25 1.000000000000000038e-25 1.000000000000000038e-25 1.000000000000000038e-25 5.364837149800000433e-07 1.000000000000000038e-25 1.000000000000000038e-25 1.695661964000000009e-06 1.000000000000000038e-25
1.129462705897060076e-02 9.332019618882408167e+02 2.890352669400000154e-09 8.368270842199999615e-01 1.622679765800000007e-01 2.732958778000000102e-04 3.513604643700000101e-05 4.896459690699999506e-04 3.102197115499999779e-07 6.705653996400000303e-08 2.721677990400000167e-05 3.449560560600000255e-10 1.000000000000000038e-25 3.729320305899999916e-06 1.313330140699999939e-07 1.000000000000000038e-25 1.000000000000000038e-25 1.000000000000000038e-25 1.000000000000000038e-25 1.000000000000000038e-25 5.364641586500000302e-07 1.000000000000000038e-25 1.000000000000000038e-25 1.776549955200000048e-06 1.000000000000000038e-25
1.421909302127609409e-02 9.505244306061108546e+02 4.336906216100000352e-09 8.368294658799999564e-01 1.622673602499999923e-01 2.715276241099999857e-04 3.325544827099999703e-05 4.915499407699999669e-04 2.847612809899999868e-07 7.426206600999999956e-08 2.721658754700000027e-05 4.345097799099999928e-10 1.000000000000000038e-25 3.729315219599999878e-06 1.361117070299999920e-07 1.000000000000000038e-25 1.000000000000000038e-25 1.000000000000000038e-25 1.000000000000000038e-25 1.000000000000000038e-25 5.364391521599999699e-07 1.000000000000000038e-25 1.000000000000000038e-25 1.860152686200000036e-06 1.000000000000000038e-25
1.790077753714956060e-02 9.689978376353611793e+02 6.605112782200000298e-09 8.368323002799999966e-01 1.622666328700000105e-01 2.694167260400000090e-04 3.103299893000000101e-05 4.937939404300000076e-04 2.607425734200000234e-07 8.188127391399999555e-08 2.721634269700000082e-05 5.478344247599999803e-10 1.000000000000000038e-25 3.729311503399999801e-06 1.409115830600000098e-07 1.000000000000000038e-25 1.000000000000000038e-25 1.000000000000000038e-25 1.000000000000000038e-25 1.000000000000000038e-25 5.364072908399999666e-07 1.000000000000000038e-25 1.000000000000000038e-25 1.944748996999999955e-06 1.000000000000000038e-25
2.253574373239176920e-02 9.885347867274883811e+02 1.014818025099999982e-08 8.368352471000000126e-01 1.622658787500000088e-01 2.672182763799999970e-04 2.872757474800000118e-05 4.961190458000000209e-04 2.384759397899999834e-07 9.009456302300000517e-08 2.721604808299999916e-05 6.910773466500000367e-10 1.000000000000000038e-25 3.729308572499999937e-06 1.456343890900000041e-07 1.000000000000000038e-25 1.000000000000000038e-25 1.000000000000000038e-25 1.000000000000000038e-25 1.000000000000000038e-25 5.363678270000000365e-07 1.000000000000000038e-25 1.000000000000000038e-25 2.026935057699999919e-06 1.000000000000000038e-25
2.837082045838910938e-02 1.009060516910896126e+03 1.568039116199999871e-08 8.368381987199999816e-01 1.622651245099999973e-01 2.650124017699999899e-04 2.642095853799999842e-05 4.984434977199999782e-04 2.180166774799999978e-07 9.893299455199999762e-08 2.721569209699999976e-05 8.712026352400000469e-10 1.000000000000000038e-25 3.729306351400000171e-06 1.502569723700000033e-07 1.000000000000000038e-25 1.000000000000000038e-25 1.000000000000000038e-25 1.000000000000000038e-25 1.000000000000000038e-25 5.363191484100000055e-07 1.000000000000000038e-25 1.000000000000000038e-25 2.105225141199999952e-06 1.000000000000000038e-25
3.571674682851586069e-02 1.030599101201270287e+03 2.431657726100000035e-08 8.368410294300000496e-01 1.622644008799999926e-01 2.628925921100000039e-04 2.420780886500000084e-05 5.006727746299999759e-04 1.993172504200000074e-07 1.085505267700000039e-07 2.721525822000000146e-05 1.097864322600000081e-09 1.000000000000000038e-25 3.729304546000000207e-06 1.547859879499999925e-07 1.000000000000000038e-25 1.000000000000000038e-25 1.000000000000000038e-25 1.000000000000000038e-25 1.000000000000000038e-25 5.362594276500000060e-07 1.000000000000000038e-25 1.000000000000000038e-25 2.178531388299999925e-06 1.000000000000000038e-25
4.496472020903731492e-02 1.053284851350430472e+03 3.790968360500000079e-08 8.368437956099999964e-01 1.622636932900000106e-01 2.608150062499999910e-04 2.204381477899999841e-05 5.028513248499999954e-04 1.821812304000000026e-07 1.188896547599999977e-07 2.721471073499999847e-05 1.382389201199999986e-09 1.000000000000000038e-25 3.729303457700000061e-06 1.592910541200000088e-07 1.000000000000000038e-25 1.000000000000000038e-25 1.000000000000000038e-25 1.000000000000000038e-25 1.000000000000000038e-25 5.361850231699999731e-07 1.000000000000000038e-25 1.000000000000000038e-25 2.247347279799999901e-06 1.000000000000000038e-25
5.660722890537177310e-02 1.077204827628951534e+03 5.941036169800000145e-08 8.368464427499999747e-01 1.622630141299999940e-01 2.588183486900000113e-04 1.996788514500000050e-05 5.049403778900000538e-04 1.664943954800000041e-07 1.300595418900000076e-07 2.721400660500000165e-05 1.740019417699999963e-09 1.000000000000000038e-25 3.729302974699999897e-06 1.638350734899999948e-07 1.000000000000000038e-25 1.000000000000000038e-25 1.000000000000000038e-25 1.000000000000000038e-25 1.000000000000000038e-25 5.360919350200000455e-07 1.000000000000000038e-25 1.000000000000000038e-25 2.311631744500000142e-06 1.000000000000000038e-25
7.126427896022177744e-02 1.102236103621530219e+03 9.316660994200000573e-08 8.368488711999999552e-01 1.622623865700000001e-01 2.569741556600000092e-04 1.805234384400000101e-05 5.068676473500000317e-04 1.522766164299999990e-07 1.421967470200000044e-07 2.721309623000000048e-05 2.187347790399999913e-09 1.000000000000000038e-25 3.729302762199999814e-06 1.684540227300000010e-07 1.000000000000000038e-25 1.000000000000000038e-25 1.000000000000000038e-25 1.000000000000000038e-25 1.000000000000000038e-25 5.359766268000000157e-07 1.000000000000000038e-25 1.000000000000000038e-25 2.370949506100000121e-06 1.000000000000000038e-25
8.971641173621153209e-02 1.127984397667130679e+03 1.446332456300000088e-07 8.368508558899999672e-01 1.622618644200000126e-01 2.554474886699999820e-04 1.646376792000000034e-05 5.084665834499999633e-04 1.396522770100000025e-07 1.558613601300000003e-07 2.721194353000000129e-05 2.745396070600000130e-09 1.000000000000000038e-25 3.729301568599999804e-06 1.731258282700000066e-07 1.000000000000000038e-25 1.000000000000000038e-25 1.000000000000000038e-25 1.000000000000000038e-25 1.000000000000000038e-25 5.358397537600000107e-07 1.000000000000000038e-25 1.000000000000000038e-25 2.424133457500000090e-06 1.000000000000000038e-25
1.129462705897050778e-01 1.153950753970862934e+03 2.201903844199999948e-07 8.368522983499999679e-01 1.622614682000000086e-01 2.543049519099999990e-04 1.526897244299999908e-05 5.096704042999999906e-04 1.286296310100000106e-07 1.715659403800000070e-07 2.721051802199999929e-05 3.437246920999999969e-09 1.000000000000000038e-25 3.729298414800000159e-06 1.778237801100000006e-07 1.000000000000000038e-25 1.000000000000000038e-25 1.000000000000000038e-25 1.000000000000000038e-25 1.000000000000000038e-25 5.356844783400000122e-07 1.000000000000000038e-25 1.000000000000000038e-25 2.471058214499999928e-06 1.000000000000000038e-25
1.421909302127597752e-01 1.179681783316160818e+03 3.258556487699999825e-07 8.368530857000000545e-01 1.622612271799999950e-01 2.536331404999999967e-04 1.455435545800000078e-05 5.103928273100000494e-04 1.191502286799999937e-07 1.903246775800000120e-07 2.720882187500000011e-05 4.297678478300000162e-09 1.000000000000000038e-25 3.729291891200000084e-06 1.824777176799999893e-07 1.000000000000000038e-25 1.000000000000000038e-25 1.000000000000000038e-25 1.000000000000000038e-25 1.000000000000000038e-25 5.355197240700000452e-07 1.000000000000000038e-25 1.000000000000000038e-25 2.511610330899999831e-06 1.000000000000000038e-25
1.790077753714941489e-01 1.204699508112869808e+03 4.660121762200000071e-07 8.368532190599999865e-01 1.622611378000000104e-01 2.534254699800000065e-04 1.431226609500000053e-05 5.106415731599999765e-04 1.110965745900000007e-07 2.128187928800000068e-07 2.720688377199999950e-05 5.359312640199999811e-09 1.000000000000000038e-25 3.729281404500000065e-06 1.869904644600000070e-07 1.000000000000000038e-25 1.000000000000000038e-25 1.000000000000000038e-25 1.000000000000000038e-25 1.000000000000000038e-25 5.353560679099999715e-07 1.000000000000000038e-25 1.000000000000000038e-25 2.546245464200000185e-06 1.000000000000000038e-25
2.253574373239158879e-01 1.228555878070147173e+03 6.404604519399999488e-07 8.368526011400000408e-01 1.622612239900000086e-01 2.537555798300000255e-04 1.461555947500000079e-05 5.103439270299999810e-04 1.043529627500000053e-07 2.404043180400000212e-07 2.720479412899999848e-05 6.669674227900000400e-09 1.000000000000000038e-25 3.729265826999999832e-06 1.912164994600000025e-07 1.000000000000000038e-25 1.000000000000000038e-25 1.000000000000000038e-25 1.000000000000000038e-25 1.000000000000000038e-25 5.352098821399999695e-07 1.000000000000000038e-25 1.000000000000000038e-25 2.574804689299999869e-06 1.000000000000000038e-25
2.837082045838887900e-01 1.251126813588409277e+03 8.472299418499999925e-07 8.368512421599999529e-01 1.622614835600000027e-01 2.546174858200000112e-04 1.545669603800000168e-05 5.095075723599999705e-04 9.871299862199999479e-08 2.740489420200000054e-07 2.720263180100000071e-05 8.277367476999999831e-09 1.000000000000000038e-25 3.729245142899999901e-06 1.950837680399999999e-07 1.000000000000000038e-25 1.000000000000000038e-25 1.000000000000000038e-25 1.000000000000000038e-25 1.000000000000000038e-25 5.350907143599999661e-07 1.000000000000000038e-25 1.000000000000000038e-25 2.597964799899999872e-06 1.000000000000000038e-25
3.571674682851557203e-01 1.272801342455188205e+03 1.088827404599999967e-06 8.368491932199999539e-01 1.622619027799999947e-01 2.559712264600000234e-04 1.679376635500000092e-05 5.081745813499999494e-04 9.388922573600000073e-08 3.147472682399999816e-07 2.720040416400000078e-05 1.025259943200000038e-08 1.000000000000000038e-25 3.729219854500000198e-06 1.986416038100000071e-07 1.000000000000000038e-25 1.000000000000000038e-25 1.000000000000000038e-25 1.000000000000000038e-25 1.000000000000000038e-25 5.349977254799999846e-07 1.000000000000000038e-25 1.000000000000000038e-25 2.617118469299999883e-06 1.000000000000000038e-25
4.496472020903694577e-01 1.294293042027805313e+03 1.378741027800000056e-06 8.368466351100000145e-01 1.622624325600000028e-01 2.576714332500000103e-04 1.847921323800000168e-05 5.064925627600000467e-04 8.957952473100000079e-08 3.627161120100000043e-07 2.719800278299999908e-05 1.267347047499999940e-08 1.000000000000000038e-25 3.729191444300000118e-06 2.020368920099999947e-07 1.000000000000000038e-25 1.000000000000000038e-25 1.000000000000000038e-25 1.000000000000000038e-25 1.000000000000000038e-25 5.349175409599999826e-07 1.000000000000000038e-25 1.000000000000000038e-25 2.634366300700000173e-06 1.000000000000000038e-25
5.660722890537130958e-01 1.315943991135850411e+03 1.730224271199999963e-06 8.368435775500000506e-01 1.622630661899999993e-01 2.597012922199999738e-04 2.049529669200000122e-05 5.044792440799999783e-04 8.565084429599999821e-08 4.190473668599999739e-07 2.719536640599999917e-05 1.564438452500000155e-08 1.000000000000000038e-25 3.729160159599999828e-06 2.053145100799999906e-07 1.000000000000000038e-25 1.000000000000000038e-25 1.000000000000000038e-25 1.000000000000000038e-25 1.000000000000000038e-25 5.348452607500000418e-07 1.000000000000000038e-25 1.000000000000000038e-25 2.650419336800000079e-06 1.000000000000000038e-25
7.126427896022120567e-01 1.337143294513269439e+03 2.133498849800000113e-06 8.368397388799999614e-01 1.622638760900000088e-01 2.622791840899999991e-04 2.306105819599999887e-05 5.019156089699999910e-04 8.220099056399999760e-08 4.861287195499999709e-07 2.719266023900000084e-05 1.925309569399999859e-08 1.000000000000000038e-25 3.729124671299999833e-06 2.083142635900000016e-07 1.000000000000000038e-25 1.000000000000000038e-25 1.000000000000000038e-25 1.000000000000000038e-25 1.000000000000000038e-25 5.347948574699999770e-07 1.000000000000000038e-25 1.000000000000000038e-25 2.663868345500000024e-06 1.000000000000000038e-25
8.971641173621081045e-01 1.356787598193810936e+03 2.545973736899999903e-06 8.368344983900000145e-01 1.622650281099999869e-01 2.659008147700000157e-04 2.667365021199999864e-05 4.983047559899999625e-04 7.941112563200000065e-08 5.686698332100000072e-07 2.719027989100000038e-05 2.357454394100000069e-08 1.000000000000000038e-25 3.729082086099999897e-06 2.107922148599999972e-07 1.000000000000000038e-25 1.000000000000000038e-25 1.000000000000000038e-25 1.000000000000000038e-25 1.000000000000000038e-25 5.347931183100000506e-07 1.000000000000000038e-25 1.000000000000000038e-25 2.672118506400000094e-06 1.000000000000000038e-25
1.129462705897041452e+00 1.374174256176433346e+03 2.918171263999999805e-06 8.368272384999999591e-01 1.622666890199999934e-01 2.710640125499999987e-04 3.183164674100000203e-05 4.931485342599999577e-04 7.735047773000000400e-08 6.716090810200000012e-07 2.718857075900000037e-05 2.862451798799999997e-08 1.000000000000000038e-25 3.729030201299999980e-06 2.126404588199999940e-07 1.000000000000000038e-25 1.000000000000000038e-25 1.000000000000000038e-25 1.000000000000000038e-25 1.000000000000000038e-25 5.348521171500000106e-07 1.000000000000000038e-25 1.000000000000000038e-25 2.673668903700000180e-06 1.000000000000000038e-25
1.421909302127586150e+00 1.389201376084922231e+03 3.215413449600000164e-06 8.368172092200000245e-01 1.622690531300000072e-01 2.783550065500000042e-04 3.912158041999999966e-05 4.858610341399999927e-04 7.598029417500000180e-08 8.016327969100000433e-07 2.718771771600000006e-05 3.440739681799999847e-08 1.000000000000000038e-25 3.728966339700000071e-06 2.138849518000000069e-07 1.000000000000000038e-25 1.000000000000000038e-25 1.000000000000000038e-25 1.000000000000000038e-25 1.000000000000000038e-25 5.349682080199999731e-07 1.000000000000000038e-25 1.000000000000000038e-25 2.667842247799999898e-06 1.000000000000000038e-25
1.790077753714927056e+00 1.401914301450352468e+03 3.417678370999999903e-06 8.368036896599999608e-01 1.622723030200000083e-01 2.883280216900000240e-04 4.909799191200000016e-05 4.758885023300000192e-04 7.523079138499999625e-08 9.648933797799999061e-07 2.718777473499999864e-05 4.076754618999999762e-08 1.000000000000000038e-25 3.728887826699999975e-06 2.145887929000000118e-07 1.000000000000000038e-25 1.000000000000000038e-25 1.000000000000000038e-25 1.000000000000000038e-25 1.000000000000000038e-25 5.351260538899999944e-07 1.000000000000000038e-25 1.000000000000000038e-25 2.654316873700000151e-06 1.000000000000000038e-25
2.253574373239140449e+00 1.412302864906543164e+03 3.509007523300000079e-06 8.367855122199999718e-01 1.622767296600000075e-01 3.018691170600000051e-04 6.264814241900000145e-05 4.623449138199999800e-04 7.504240043299999977e-08 1.171688227299999912e-06 2.718880187200000133e-05 4.744772753700000048e-08 1.000000000000000038e-25 3.728788496099999833e-06 2.147747402199999988e-07 1.000000000000000038e-25 1.000000000000000038e-25 1.000000000000000038e-25 1.000000000000000038e-25 1.000000000000000038e-25 5.353139205199999578e-07 1.000000000000000038e-25 1.000000000000000038e-25 2.631771685600000062e-06 1.000000000000000038e-25
2.837082045838864808e+00 1.420751647591132951e+03 3.504254758399999931e-06 8.367618234400000521e-01 1.622825373800000082e-01 3.196061168000000128e-04 8.040064851200000382e-05 4.446029121000000164e-04 7.521858521500000080e-08 1.431875015800000070e-06 2.719065982799999994e-05 5.404900172300000045e-08 1.000000000000000038e-25 3.728660888600000000e-06 2.145332175099999925e-07 1.000000000000000038e-25 1.000000000000000038e-25 1.000000000000000038e-25 1.000000000000000038e-25 1.000000000000000038e-25 5.355125115200000497e-07 1.000000000000000038e-25 1.000000000000000038e-25 2.599759847400000094e-06 1.000000000000000038e-25
3.571674682851528004e+00 1.428152182901127617e+03 3.446075913799999857e-06 8.367322862899999603e-01 1.622897952500000074e-01 3.417574517699999777e-04 1.025738369099999964e-04 4.224450651599999797e-04 7.539945602199999880e-08 1.756691598900000104e-06 2.719305554200000046e-05 6.026079891799999591e-08 1.000000000000000038e-25 3.728495445800000022e-06 2.140230564499999925e-07 1.000000000000000038e-25 1.000000000000000038e-25 1.000000000000000038e-25 1.000000000000000038e-25 1.000000000000000038e-25 5.357038701900000470e-07 1.000000000000000038e-25 1.000000000000000038e-25 2.558944771699999951e-06 1.000000000000000038e-25
4.496472020903658162e+00 1.435107670146418968e+03 3.366527533600000137e-06 8.366971166700000184e-01 1.622984402300000073e-01 3.681319755200000146e-04 1.289762335000000087e-04 3.960633513199999936e-04 7.519838476099999551e-08 2.157551356300000054e-06 2.719576531200000095e-05 6.578103874999999354e-08 1.000000000000000038e-25 3.728281048100000095e-06 2.133550082499999972e-07 1.000000000000000038e-25 1.000000000000000038e-25 1.000000000000000038e-25 1.000000000000000038e-25 1.000000000000000038e-25 5.358791432200000457e-07 1.000000000000000038e-25 1.000000000000000038e-25 2.510189130400000166e-06 1.000000000000000038e-25
5.660722890537083885e+00 1.441360412991930843e+03 3.255192018199999972e-06 8.366556926099999458e-01 1.623086282800000058e-01 3.991944381899999780e-04 1.600744955999999894e-04 3.649924694200000139e-04 7.431606698300000249e-08 2.656545394000000022e-06 2.719887008499999954e-05 7.012708528199999958e-08 1.000000000000000038e-25 3.727997341799999875e-06 2.124559362699999968e-07 1.000000000000000038e-25 1.000000000000000038e-25 1.000000000000000038e-25 1.000000000000000038e-25 1.000000000000000038e-25 5.360429391900000199e-07 1.000000000000000038e-25 1.000000000000000038e-25 2.451515079800000081e-06 1.000000000000000038e-25
7.126427896022061503e+00 1.446338187885559819e+03 3.094634287699999837e-06 8.366074220600000499e-01 1.623205104000000065e-01 4.353883244099999886e-04 1.963148980200000006e-04 3.287878382999999817e-04 7.237778556299999859e-08 3.282534439399999883e-06 2.720248196399999854e-05 7.262982553300000475e-08 1.000000000000000038e-25 3.727615985500000125e-06 2.111985740300000018e-07 1.000000000000000038e-25 1.000000000000000038e-25 1.000000000000000038e-25 1.000000000000000038e-25 1.000000000000000038e-25 5.361992028200000107e-07 1.000000000000000038e-25 1.000000000000000038e-25 2.380160038199999916e-06 1.000000000000000038e-25
8.971641173621007326e+00 1.450003411540917796e+03 2.890990995099999848e-06 8.365526997200000148e-01 1.623339883699999875e-01 4.763928957900000270e-04 2.373780832599999989e-04 2.877696236199999888e-04 6.887460353700000452e-08 4.072050612000000358e-06 2.720654065700000158e-05 7.285074776400000522e-08 1.000000000000000038e-25 3.727103628700000198e-06 2.095364570200000041e-07 1.000000000000000038e-25 1.000000000000000038e-25 1.000000000000000038e-25 1.000000000000000038e-25 1.000000000000000038e-25 5.363472117200000308e-07 1.000000000000000038e-25 1.000000000000000038e-25 2.295096418799999941e-06 1.000000000000000038e-25
1.129462705897032393e+01 1.453015202848939225e+03 2.678835826299999824e-06 8.364944474000000074e-01 1.623483353500000115e-01 5.199656652099999849e-04 2.810187936799999893e-04 2.441810403899999913e-04 6.345624839099999933e-08 5.055571043900000059e-06 2.721072611500000103e-05 7.093953659399999560e-08 1.000000000000000038e-25 3.726439826899999889e-06 2.075920683400000098e-07 1.000000000000000038e-25 1.000000000000000038e-25 1.000000000000000038e-25 1.000000000000000038e-25 1.000000000000000038e-25 5.364813052400000286e-07 1.000000000000000038e-25 1.000000000000000038e-25 2.200236002799999818e-06 1.000000000000000038e-25
1.421909302127574648e+01 1.456338064982249989e+03 2.490211943499999859e-06 8.364363903599999484e-01 1.623626281699999951e-01 5.632568033400000337e-04 3.243825520300000118e-04 2.008728810300000102e-04 5.622634470999999724e-08 6.270989242399999785e-06 2.721471451000000169e-05 6.747375667700000427e-08 1.000000000000000038e-25 3.725615697999999937e-06 2.055487526499999913e-07 1.000000000000000038e-25 1.000000000000000038e-25 1.000000000000000038e-25 1.000000000000000038e-25 1.000000000000000038e-25 5.365981675600000525e-07 1.000000000000000038e-25 1.000000000000000038e-25 2.101531138299999797e-06 1.000000000000000038e-25
1.790077753714912134e+01 1.460825510631559155e+03 2.349686854399999969e-06 8.363830300100000281e-01 1.623757554899999955e-01 6.028460437299999622e-04 3.640427193799999819e-04 1.612665102100000055e-04 4.794277706599999954e-08 7.737860535500000743e-06 2.721819084499999943e-05 6.326991115099999922e-08 1.000000000000000038e-25 3.724654171999999878e-06 2.036475386899999903e-07 1.000000000000000038e-25 1.000000000000000038e-25 1.000000000000000038e-25 1.000000000000000038e-25 1.000000000000000038e-25 5.366950670299999821e-07 1.000000000000000038e-25 1.000000000000000038e-25 2.007105901999999830e-06 1.000000000000000038e-25
2.253574373239121797e+01 1.467163612388178080e+03 2.267809937099999928e-06 8.363368937699999783e-01 1.623870941099999909e-01 6.368062706099999722e-04 3.980677327200000124e-04 1.272896661899999957e-04 3.954502369200000246e-08 9.485784732999999450e-06 2.722101080400000057e-05 5.902172591599999678e-08 1.000000000000000038e-25 3.723584449099999903e-06 2.020775697499999924e-07 1.000000000000000038e-25 1.000000000000000038e-25 1.000000000000000038e-25 1.000000000000000038e-25 1.000000000000000038e-25 5.367729332900000004e-07 1.000000000000000038e-25 1.000000000000000038e-25 1.922482298199999902e-06 1.000000000000000038e-25
2.837082045838841537e+01 1.476052028051425623e+03 2.258530761000000155e-06 8.362994594999999531e-01 1.623962766600000052e-01 6.640122903899999809e-04 4.253277323900000215e-04 1.000691597500000057e-04 3.193454440000000143e-08 1.151898614500000020e-05 2.722306008300000044e-05 5.542350709300000117e-08 1.000000000000000038e-25 3.722458882499999806e-06 2.010624819700000043e-07 1.000000000000000038e-25 1.000000000000000038e-25 1.000000000000000038e-25 1.000000000000000038e-25 1.000000000000000038e-25 5.368327423100000469e-07 1.000000000000000038e-25 1.000000000000000038e-25 1.852912986599999989e-06 1.000000000000000038e-25
3.571674682851498517e+01 1.488197907171585030e+03 2.337361479099999841e-06 8.362703359900000022e-01 1.624033932900000032e-01 6.847477745599999960e-04 4.461032294799999924e-04 7.932347138300000215e-05 2.558369105099999943e-08 1.384037165700000050e-05 2.722431139799999874e-05 5.296681975700000108e-08 1.000000000000000038e-25 3.721325600699999844e-06 2.007792132500000067e-07 1.000000000000000038e-25 1.000000000000000038e-25 1.000000000000000038e-25 1.000000000000000038e-25 1.000000000000000038e-25 5.368769714100000491e-07 1.000000000000000038e-25 1.000000000000000038e-25 1.801188189300000057e-06 1.000000000000000038e-25
4.496472020903621569e+01 1.504343771716229185e+03 2.532064046600000119e-06 8.362485334500000533e-01 1.624086768999999930e-01 6.997577891799999566e-04 4.611359556999999822e-04 6.431055049999999504e-05 2.064807711900000160e-08 1.641589232199999971e-05 2.722472151199999967e-05 5.211139315099999981e-08 1.000000000000000038e-25 3.720242725800000018e-06 2.013932222600000125e-07 1.000000000000000038e-25 1.000000000000000038e-25 1.000000000000000038e-25 1.000000000000000038e-25 1.000000000000000038e-25 5.369077136900000504e-07 1.000000000000000038e-25 1.000000000000000038e-25 1.769709053599999906e-06 1.000000000000000038e-25
5.660722890537037699e+01 1.525464238172276509e+03 2.894363231700000210e-06 8.362326652299999497e-01 1.624124513999999908e-01 7.100798210199999946e-04 4.714599708399999992e-04 5.399626724999999876e-05 1.701637389500000095e-08 1.919594666499999965e-05 2.722419524399999943e-05 5.337007931100000123e-08 1.000000000000000038e-25 3.719263968400000153e-06 2.030407904199999939e-07 1.000000000000000038e-25 1.000000000000000038e-25 1.000000000000000038e-25 2.273319233499999859e-11 1.000000000000000038e-25 5.369267684500000239e-07 1.000000000000000038e-25 1.000000000000000038e-25 1.760356768400000083e-06 1.000000000000000038e-25
7.126427896022002528e+01 1.552518446300012783e+03 3.514110214800000114e-06 8.362215206199999917e-01 1.624149825900000066e-01 7.166071554199999680e-04 4.779648159400000200e-04 4.749030796900000041e-05 1.449625742499999933e-08 2.208946340299999865e-05 2.722253586999999971e-05 5.743984451999999825e-08 1.000000000000000038e-25 3.718445605399999867e-06 2.057776107100000029e-07 1.000000000000000038e-25 1.000000000000000038e-25 1.000000000000000038e-25 2.785326286700000030e-11 1.547323903200000057e-14 5.369350239799999551e-07 1.000000000000000038e-25 1.000000000000000038e-25 1.774696965000000031e-06 1.000000000000000038e-25
8.971641173620933785e+01 1.586719235364623955e+03 4.561054193800000178e-06 8.362141153900000123e-01 1.624164599900000117e-01 7.200181509299999469e-04 4.813241651299999938e-04 4.411664350300000036e-05 1.287717118000000040e-08 2.499531484299999910e-05 2.721935528000000106e-05 6.548441147299999407e-08 1.000000000000000038e-25 3.717834442900000041e-06 2.095594832200000088e-07 1.000000000000000038e-25 1.000000000000000038e-25 1.000000000000000038e-25 3.660650930800000105e-11 2.786947615999999853e-14 5.369322191599999514e-07 1.000000000000000038e-25 1.000000000000000038e-25 1.813939548700000102e-06 1.000000000000000038e-25
1.129462705897022943e+02 1.629572009057009382e+03 6.371633741900000046e-06 8.362099440200000400e-01 1.624169036499999996e-01 7.205366084199999561e-04 4.817542483299999917e-04 4.365320979800000093e-05 1.202654133500000038e-08 2.776604441900000093e-05 2.721389796099999930e-05 7.970727673999999356e-08 1.000000000000000038e-25 3.717482487099999950e-06 2.142225589999999871e-07 1.000000000000000038e-25 1.000000000000000038e-25 1.000000000000000038e-25 5.195519353400000061e-11 5.626599355999999839e-14 5.369157851899999483e-07 1.000000000000000038e-25 1.000000000000000038e-25 1.879466920799999992e-06 1.000000000000000038e-25
1.421909302127562853e+02 1.680937035981121880e+03 9.441112382200000081e-06 8.362075304299999567e-01 1.624165253000000031e-01 7.189196862500000151e-04 4.800105704700000217e-04 4.533792574400000196e-05 1.167414470499999973e-08 3.042917579599999984e-05 2.720540400799999889e-05 1.021452787699999942e-07 1.000000000000000038e-25 3.717335502799999962e-06 2.191446305199999874e-07 1.000000000000000038e-25 1.000000000000000038e-25 1.000000000000000038e-25 7.838532230699999451e-11 1.244142094799999901e-13 5.368846933599999654e-07 1.000000000000000038e-25 1.000000000000000038e-25 1.963846059200000199e-06 1.000000000000000038e-25
1.790077753714897710e+02 1.746374192081705814e+03 1.541349116799999920e-05 8.362081095500000227e-01 1.624145154299999894e-01 7.132932047300000319e-04 4.741827739499999755e-04 5.105105127899999727e-05 1.208146896900000007e-08 3.260937628299999695e-05 2.719059939900000022e-05 1.426886057499999874e-07 1.000000000000000038e-25 3.717552468300000163e-06 2.243550561799999980e-07 1.000000000000000038e-25 1.000000000000000038e-25 1.000000000000000038e-25 1.307599349400000058e-10 3.189778413300000033e-13 5.368210730699999541e-07 1.000000000000000038e-25 1.000000000000000038e-25 2.077674726999999937e-06 1.000000000000000038e-25
2.253574373239103465e+02 1.839205976065300092e+03 3.014394548500000091e-05 8.361044815200000535e-01 1.623886075600000090e-01 7.075475372500000153e-04 4.580001718199999791e-04 6.690233089400000280e-05 1.425145223700000047e-08 3.361230344599999920e-05 2.610040531100000033e-05 2.326534600899999902e-07 1.000000000000000038e-25 3.717747300900000089e-06 2.296624343099999981e-07 1.000000000000000038e-25 1.174587169500000113e-10 4.597590130099999934e-09 2.629967951700000022e-10 1.077844904500000040e-12 5.365988135199999944e-07 2.258864463699999974e-07 1.000000000000000038e-25 2.364713718099999854e-06 8.933170840000000181e-07
