# P      T      H      H2       He       H2O       CH4       CO       CO2       NH3       H2S       HCN       C2H2       Na       K       TiO       VO       FeH      e      Hm      PH3      FeI      FeII      CaI      MgI
3.571674682851674833e-05 1.267307554705884741e+03 9.934782483899999518e-05 8.367356604200000270e-01 1.622429232100000007e-01 2.627017467400000260e-04 1.853304097100000075e-13 5.249106414599999859e-04 1.008647854300000058e-07 3.222938649500000284e-11 2.126137145899999848e-05 1.034799596400000078e-12 1.000000000000000038e-25 3.729639023799999789e-06 2.412681147800000074e-07 1.000000000000000038e-25 1.503601211199999932e-10 1.000000000000000038e-25 1.000000000000000038e-25 1.000000000000000038e-25 2.119130467000000097e-09 1.000000000000000038e-25 1.000000000000000038e-25 1.000000000000000038e-25 4.321936805700000380e-06
4.496472020903842217e-05 1.273997714486931272e+03 9.899639845000000318e-05 8.367330988000000191e-01 1.622425921900000068e-01 2.636977049600000090e-04 2.613486905499999959e-13 5.249107973699999570e-04 9.963710540699999735e-08 3.944793320799999908e-11 2.131063359700000121e-05 1.294272153700000010e-12 1.000000000000000038e-25 3.729630515099999957e-06 2.412488457000000039e-07 1.000000000000000038e-25 1.710562941599999899e-10 1.000000000000000038e-25 1.000000000000000038e-25 1.000000000000000038e-25 2.538736890400000002e-09 1.000000000000000038e-25 1.000000000000000038e-25 1.000000000000000038e-25 4.977759710599999785e-06
5.660722890537316039e-05 1.290114871965333350e+03 1.148539857499999978e-04 8.367084739600000320e-01 1.622403582599999949e-01 2.689843159400000174e-04 3.111699465099999869e-13 5.249053388699999757e-04 9.786572258199999921e-08 4.648909492099999951e-11 2.115133243600000060e-05 1.588007720500000057e-12 1.000000000000000038e-25 3.729578352699999965e-06 2.414639119299999755e-07 1.000000000000000038e-25 2.616455186500000053e-10 1.000000000000000038e-25 1.000000000000000038e-25 1.000000000000000038e-25 2.474422068999999996e-09 1.000000000000000038e-25 1.000000000000000038e-25 1.000000000000000038e-25 8.458774205499999883e-06
7.126427896022353330e-05 1.305256415577846838e+03 1.304245724199999874e-04 8.366813592499999785e-01 1.622379517800000004e-01 2.760435115300000119e-04 3.761994336400000224e-13 5.248983911799999470e-04 9.702512316199999417e-08 5.506883831099999811e-11 2.097012509100000153e-05 1.937057608400000194e-12 1.000000000000000038e-25 3.729522033199999960e-06 2.416242663100000089e-07 1.000000000000000038e-25 3.791403709199999861e-10 1.000000000000000038e-25 1.000000000000000038e-25 1.000000000000000038e-25 2.482357702700000019e-09 1.000000000000000038e-25 1.000000000000000038e-25 1.000000000000000038e-25 1.309485155600000064e-05
8.971641173621374690e-05 1.319091863891484536e+03 1.443052987699999865e-04 8.366532301900000412e-01 1.622353718500000042e-01 2.840693122199999831e-04 4.658136963700000007e-13 5.248902397700000487e-04 9.682688725300000413e-08 6.567002622200000582e-11 2.079721583900000093e-05 2.358194154199999911e-12 1.000000000000000038e-25 3.729461523400000203e-06 2.417363227899999871e-07 1.000000000000000038e-25 5.147844107199999816e-10 1.000000000000000038e-25 1.000000000000000038e-25 1.000000000000000038e-25 2.580469059000000092e-09 1.000000000000000038e-25 1.000000000000000038e-25 1.000000000000000038e-25 1.836389361800000168e-05
1.129462705897078389e-04 1.333596772230957413e+03 1.606491579699999956e-04 8.366182111200000104e-01 1.622322804399999874e-01 2.951636697300000071e-04 5.672658906099999963e-13 5.248795635700000345e-04 9.749816358100000194e-08 7.815225436800000631e-11 2.057283641299999962e-05 2.841324950399999870e-12 1.000000000000000038e-25 3.729389014800000161e-06 2.418445247799999773e-07 1.000000000000000038e-25 7.091780791100000384e-10 1.000000000000000038e-25 1.000000000000000038e-25 1.000000000000000038e-25 2.659028678700000035e-09 1.000000000000000038e-25 1.000000000000000038e-25 1.000000000000000038e-25 2.565003477600000169e-05
1.421909302127632546e-04 1.347021487248769517e+03 1.750655647799999944e-04 8.365831583099999635e-01 1.622290965200000046e-01 3.067593778500000219e-04 7.067356171000000230e-13 5.248682593099999625e-04 9.849803765599999350e-08 9.358173473999999673e-11 2.037656842700000148e-05 3.427464637199999878e-12 1.000000000000000038e-25 3.729314134800000008e-06 2.419209458800000240e-07 1.000000000000000038e-25 9.263604878999999816e-10 1.000000000000000038e-25 1.000000000000000038e-25 1.000000000000000038e-25 2.823051224599999924e-09 1.000000000000000038e-25 1.000000000000000038e-25 1.000000000000000038e-25 3.327439226999999786e-05
1.790077753714985496e-04 1.361185491389695017e+03 1.921718191799999976e-04 8.365392930899999691e-01 1.622251453799999910e-01 3.219022312000000040e-04 8.649467846199999787e-13 5.248535835699999789e-04 1.003865905700000015e-07 1.117939070300000015e-10 2.013938452899999908e-05 4.091709624200000354e-12 1.000000000000000038e-25 3.729221276599999925e-06 2.419971198800000002e-07 1.000000000000000038e-25 1.231221975900000034e-09 1.000000000000000038e-25 1.000000000000000038e-25 1.000000000000000038e-25 2.966374011400000126e-09 1.000000000000000038e-25 1.000000000000000038e-25 1.000000000000000038e-25 4.324331703100000283e-05
2.253574373239214108e-04 1.375697302675582932e+03 2.110430404399999869e-04 8.364877318400000261e-01 1.622204993299999898e-01 3.402893380199999780e-04 1.050943706600000072e-12 5.248358622499999957e-04 1.030719016000000064e-07 1.335732898399999887e-10 1.988606962200000104e-05 4.850356825799999701e-12 1.000000000000000038e-25 3.729112034499999987e-06 2.420660276600000096e-07 1.000000000000000038e-25 1.637385420299999938e-09 1.000000000000000038e-25 1.000000000000000038e-25 1.000000000000000038e-25 3.116065982299999945e-09 1.000000000000000038e-25 1.000000000000000038e-25 1.000000000000000038e-25 5.536662010300000004e-05
2.837082045838957515e-04 1.391177578632072255e+03 2.339715785699999877e-04 8.364405046099999685e-01 1.622168162200000041e-01 3.572312065600000163e-04 1.272971967299999948e-12 5.248220398299999591e-04 1.049739250899999937e-07 1.591564176700000005e-10 1.967585962600000151e-05 5.786149475699999612e-12 1.000000000000000038e-25 3.729024810700000098e-06 2.421379260399999831e-07 1.000000000000000038e-25 2.227302368000000076e-09 1.000000000000000038e-25 1.000000000000000038e-25 1.000000000000000038e-25 3.230533252600000111e-09 1.000000000000000038e-25 1.000000000000000038e-25 1.000000000000000038e-25 6.656673245099999753e-05
3.571674682851644746e-04 1.407514647595610541e+03 2.611343862199999892e-04 8.364155640999999530e-01 1.622146045600000031e-01 3.571419486800000097e-04 1.609424542500000060e-12 5.248181210600000529e-04 1.017324838500000035e-07 1.893885781899999985e-10 1.967133973899999944e-05 7.249876771300000075e-12 1.000000000000000038e-25 3.728972362900000151e-06 2.422107847399999927e-07 1.000000000000000038e-25 2.893805581300000065e-09 1.000000000000000038e-25 1.000000000000000038e-25 1.000000000000000038e-25 3.320095026900000168e-09 1.000000000000000038e-25 1.000000000000000038e-25 1.000000000000000038e-25 6.656579487100000450e-05
4.496472020903805218e-04 1.423954176100181485e+03 2.904431239800000239e-04 8.363886507800000203e-01 1.622122188000000020e-01 3.570560088000000265e-04 2.041191861400000009e-12 5.248134731200000506e-04 9.865614531199999694e-08 2.254977818099999955e-10 1.966510195800000137e-05 9.081754294000000805e-12 1.000000000000000038e-25 3.728915782400000153e-06 2.422740917399999867e-07 1.000000000000000038e-25 3.207037691500000192e-09 1.000000000000000038e-25 1.000000000000000038e-25 1.000000000000000038e-25 3.427719891299999899e-09 1.000000000000000038e-25 1.000000000000000038e-25 1.000000000000000038e-25 6.656478172999999541e-05
5.660722890537269554e-04 1.440441096041155561e+03 3.215898335899999784e-04 8.363600498300000075e-01 1.622096842200000111e-01 3.569719215300000219e-04 2.602248064700000169e-12 5.248081782500000269e-04 9.574428605000000292e-08 2.688790083700000099e-10 1.965874334899999994e-05 1.138166845200000057e-11 1.000000000000000038e-25 3.728855624800000127e-06 2.423284576300000125e-07 1.000000000000000038e-25 3.534157254200000127e-09 1.000000000000000038e-25 1.000000000000000038e-25 1.000000000000000038e-25 3.561903224300000132e-09 1.000000000000000038e-25 1.000000000000000038e-25 1.000000000000000038e-25 6.656370261700000153e-05
7.126427896022295054e-04 1.457073725085605702e+03 3.550355950700000217e-04 8.363293377299999554e-01 1.622069631799999967e-01 3.568888252499999845e-04 3.326441245200000178e-12 5.248021404400000098e-04 9.297091042300000547e-08 3.207699920700000200e-10 1.965110438599999853e-05 1.426139530300000022e-11 1.000000000000000038e-25 3.728791026699999928e-06 2.423759168300000004e-07 1.000000000000000038e-25 3.874237117699999952e-09 1.000000000000000038e-25 1.000000000000000038e-25 1.000000000000000038e-25 3.715737694900000070e-09 1.000000000000000038e-25 1.000000000000000038e-25 1.000000000000000038e-25 6.656254152000000163e-05
8.971641173621299880e-04 1.473823547068745938e+03 3.906411553799999932e-04 8.362966422099999964e-01 1.622040670999999878e-01 3.568070412499999987e-04 4.268523551600000051e-12 5.247954012699999676e-04 9.033114158400000637e-08 3.830724823900000198e-10 1.964317815099999944e-05 1.787497327000000136e-11 1.000000000000000038e-25 3.728722227799999992e-06 2.424170518800000180e-07 1.000000000000000038e-25 4.223352157199999836e-09 1.000000000000000038e-25 1.000000000000000038e-25 1.000000000000000038e-25 3.895077891400000359e-09 1.000000000000000038e-25 1.000000000000000038e-25 1.000000000000000038e-25 6.656130215199999596e-05
1.129462705897069227e-03 1.490778477605584612e+03 4.290288668999999995e-04 8.362613920000000478e-01 1.622009452700000076e-01 3.567256543300000244e-04 5.483797668700000189e-12 5.247878174900000390e-04 8.780387654999999617e-08 4.574711526399999966e-10 1.963345375600000138e-05 2.239322773600000065e-11 1.000000000000000038e-25 3.728648067400000036e-06 2.424532819800000147e-07 1.000000000000000038e-25 4.579154656800000027e-09 1.000000000000000038e-25 1.000000000000000038e-25 1.000000000000000038e-25 4.091975165200000316e-09 1.000000000000000038e-25 1.000000000000000038e-25 1.000000000000000038e-25 6.655996293400000437e-05
1.421909302127621162e-03 1.508006245430210583e+03 4.703066150599999806e-04 8.362234878900000057e-01 1.621975890100000040e-01 3.566445944400000270e-04 7.069166598999999945e-12 5.247793740399999936e-04 8.537563595499999767e-08 5.470240543400000434e-10 1.962275945299999890e-05 2.808081888799999964e-11 1.000000000000000038e-25 3.728568310199999936e-06 2.424850246000000215e-07 1.000000000000000038e-25 4.937920870799999657e-09 1.000000000000000038e-25 1.000000000000000038e-25 1.000000000000000038e-25 4.313325900300000179e-09 1.000000000000000038e-25 1.000000000000000038e-25 1.000000000000000038e-25 6.655851869500000546e-05
1.790077753714970805e-03 1.525546391562052577e+03 5.151858608999999780e-04 8.361822735399999651e-01 1.621939397799999905e-01 3.565631581099999812e-04 9.112926115400000113e-12 5.247698900400000512e-04 8.303740989699999557e-08 6.539012877600000130e-10 1.960935288799999833e-05 3.519400255899999844e-11 1.000000000000000038e-25 3.728329463799999952e-06 2.383013418500000015e-07 1.000000000000000038e-25 5.294788690200000102e-09 1.000000000000000038e-25 4.371825789599999703e-09 1.032366033800000030e-14 4.549510618300000129e-09 1.000000000000000038e-25 1.000000000000000038e-25 1.000000000000000038e-25 6.655694443300000363e-05
2.253574373239196002e-03 1.543558983554996303e+03 5.646591943099999638e-04 8.361368436999999654e-01 1.621899180299999910e-01 3.564803045899999799e-04 1.174900581400000060e-11 5.247591299199999646e-04 8.076673212200000014e-08 7.817950062799999687e-10 1.959206640199999904e-05 4.412432904000000185e-11 1.000000000000000038e-25 3.728207176599999947e-06 2.379293886899999910e-07 1.000000000000000038e-25 5.645865858799999809e-09 1.000000000000000038e-25 4.795838820399999699e-09 1.419530834999999943e-14 4.796750097599999596e-09 1.000000000000000038e-25 1.000000000000000038e-25 1.000000000000000038e-25 6.655520551099999784e-05
2.837082045838934530e-03 1.562157677119930213e+03 6.201656742600000424e-04 8.360858742300000257e-01 1.621854061399999880e-01 3.563948284700000171e-04 1.510876399900000066e-11 5.247467259599999934e-04 7.854999191899999556e-08 9.338640665800000996e-10 1.956842492200000096e-05 5.529504040500000192e-11 1.000000000000000038e-25 3.728068108800000036e-06 2.375076569199999995e-07 1.000000000000000038e-25 5.985604979499999868e-09 1.000000000000000038e-25 5.272456284100000304e-09 1.957018642799999942e-14 5.041928711599999766e-09 1.000000000000000038e-25 1.000000000000000038e-25 1.000000000000000038e-25 6.655325187199999338e-05
3.571674682851615906e-03 1.581371234027499213e+03 6.822184022499999711e-04 8.360288938400000092e-01 1.621803625600000132e-01 3.563068151900000030e-04 1.941174652699999991e-11 5.247325424500000422e-04 7.638743476599999889e-08 1.115413657299999914e-09 1.953894029900000084e-05 6.931651999899999718e-11 1.000000000000000038e-25 3.727910247899999959e-06 2.370322435100000026e-07 1.000000000000000038e-25 6.305144586299999592e-09 1.000000000000000038e-25 5.806394675200000367e-09 2.704760503599999976e-14 5.290036513700000003e-09 1.000000000000000038e-25 1.000000000000000038e-25 1.000000000000000038e-25 6.655106358399999716e-05
4.496472020903767922e-03 1.601317959785657877e+03 7.527348350099999667e-04 8.359641420200000228e-01 1.621746313999999911e-01 3.562149614299999997e-04 2.485881890799999840e-11 5.247160850899999828e-04 7.426778616900000535e-08 1.330911743900000049e-09 1.950091116700000115e-05 8.686354399100000508e-11 1.000000000000000038e-25 3.727728147399999918e-06 2.364885779099999952e-07 1.000000000000000038e-25 6.596417011600000129e-09 1.000000000000000038e-25 6.414365259399999608e-09 3.753637207199999769e-14 5.526954513299999682e-09 1.000000000000000038e-25 1.000000000000000038e-25 1.000000000000000038e-25 6.654857385900000619e-05
5.660722890537223800e-03 1.622031991014510822e+03 8.326046594899999629e-04 8.358908016599999602e-01 1.621681405100000029e-01 3.561192770800000133e-04 3.177914798199999896e-11 5.246971168299999601e-04 7.219318236499999832e-08 1.587573566100000069e-09 1.945466890600000076e-05 1.088881916400000000e-10 1.000000000000000038e-25 3.727518366499999966e-06 2.358700009599999915e-07 1.000000000000000038e-25 6.848826349199999602e-09 1.000000000000000038e-25 7.104480389700000345e-09 5.229205089699999710e-14 5.757190483899999959e-09 1.000000000000000038e-25 1.000000000000000038e-25 1.000000000000000038e-25 6.654574894500000560e-05
7.126427896022236724e-03 1.643837247031123297e+03 9.263123530599999544e-04 8.358047553299999821e-01 1.621605252999999969e-01 3.560165684300000246e-04 4.038499101799999876e-11 5.246744837000000142e-04 7.013600047900000381e-08 1.890580236400000098e-09 1.939392976799999950e-05 1.364505037899999983e-10 1.000000000000000038e-25 3.727268363600000011e-06 2.351421695199999913e-07 1.000000000000000038e-25 7.054572029000000385e-09 1.000000000000000038e-25 7.915612867600000688e-09 7.346260320599999561e-14 5.949244689500000369e-09 1.000000000000000038e-25 1.000000000000000038e-25 1.000000000000000038e-25 6.654243459400000253e-05
8.971641173621227455e-03 1.666497294426653752e+03 1.033124207099999975e-03 8.357066762399999460e-01 1.621518458800000062e-01 3.559089599700000252e-04 5.122370997899999869e-11 5.246483476399999664e-04 6.812655633800000338e-08 2.250484127599999829e-09 1.932289090399999930e-05 1.710230031299999922e-10 1.000000000000000038e-25 3.726977627899999936e-06 2.343114739700000105e-07 1.000000000000000038e-25 7.200073560599999668e-09 1.000000000000000038e-25 8.842320214599999393e-09 1.035812533900000020e-13 6.128722460100000042e-09 1.000000000000000038e-25 1.000000000000000038e-25 1.000000000000000038e-25 6.653864965499999451e-05
1.129462705897060076e-02 1.690712156708172643e+03 1.162748513899999935e-03 8.355876506199999554e-01 1.621413129500000050e-01 3.557897867199999822e-04 6.435232873600000487e-11 5.246162053200000355e-04 6.611157630800000014e-08 2.671590818400000058e-09 1.922847247799999842e-05 2.142085201000000111e-10 1.000000000000000038e-25 3.726618700600000126e-06 2.333036510100000052e-07 1.000000000000000038e-25 7.278513664999999601e-09 1.000000000000000038e-25 9.968560419300000025e-09 1.479671964500000105e-13 6.234199407100000206e-09 1.000000000000000038e-25 1.000000000000000038e-25 1.000000000000000038e-25 6.653406249500000305e-05
1.421909302127609409e-02 1.716810247280348221e+03 1.322414847499999921e-03 8.354410399499999640e-01 1.621283393899999870e-01 3.556559704799999873e-04 8.014447335500000268e-11 5.245761649499999617e-04 6.407904408200000402e-08 3.165804164799999940e-09 1.910548922900000092e-05 2.685006851899999792e-10 1.000000000000000038e-25 3.726167689399999876e-06 2.320647366399999920e-07 1.000000000000000038e-25 7.277835473699999610e-09 1.000000000000000038e-25 1.135770576900000072e-08 2.148325958600000010e-13 6.256843464900000175e-09 1.000000000000000038e-25 1.000000000000000038e-25 1.000000000000000038e-25 6.652842011899999714e-05
1.790077753714956060e-02 1.743625258499914935e+03 1.503282480400000044e-03 8.352749607099999585e-01 1.621136447500000077e-01 3.555166686000000198e-04 9.980521695399999559e-11 5.245304515800000046e-04 6.212884753800000504e-08 3.750082274600000107e-09 1.897143066999999983e-05 3.363802977200000186e-10 1.000000000000000038e-25 3.725642114500000207e-06 2.306669031699999913e-07 1.000000000000000038e-25 7.193414762200000149e-09 1.000000000000000038e-25 1.293532835600000020e-08 3.114066973899999983e-13 6.281619698699999614e-09 1.000000000000000038e-25 1.000000000000000038e-25 1.000000000000000038e-25 6.652201106900000301e-05
2.253574373239176920e-02 1.779234894936544151e+03 1.829597059000000062e-03 8.349572360100000479e-01 1.620882297400000061e-01 3.776571691999999780e-04 1.093721930900000024e-10 5.244467446500000003e-04 6.349324509499999947e-08 4.367909121400000161e-09 1.926050504799999848e-05 3.960735651500000196e-10 1.000000000000000038e-25 3.724706935699999838e-06 2.281621652600000105e-07 1.000000000000000038e-25 7.064543990599999881e-09 1.000000000000000038e-25 1.576944196400000032e-08 5.002891441999999779e-13 5.746873544599999858e-09 1.000000000000000038e-25 1.000000000000000038e-25 1.000000000000000038e-25 6.651102248099999953e-05
2.837082045838910938e-02 1.817375743138974485e+03 2.247271999199999988e-03 8.345740016499999525e-01 1.620517410600000041e-01 3.631908017699999984e-04 1.311689582700000017e-10 5.243332719999999796e-04 5.870279702599999836e-08 5.073848239300000296e-09 1.825617031600000096e-05 5.147983146000000243e-10 1.000000000000000038e-25 3.723380118299999890e-06 2.249952219000000003e-07 1.000000000000000038e-25 6.674980167699999671e-09 1.000000000000000038e-25 1.939581179799999970e-08 8.136509232499999548e-13 5.189459454399999723e-09 1.000000000000000038e-25 1.000000000000000038e-25 3.455182630400000150e-06 6.649548393200000200e-05
3.571674682851586069e-02 1.847437619733806969e+03 2.554860879999999897e-03 8.342914443300000205e-01 1.620267511500000090e-01 3.631337396300000084e-04 1.635314491600000007e-10 5.242539217100000140e-04 5.698029409899999899e-08 6.011590008600000290e-09 1.806624438799999958e-05 6.449796380999999739e-10 1.000000000000000038e-25 3.722373861099999944e-06 2.226989162000000042e-07 1.000000000000000038e-25 6.358512945900000202e-09 1.000000000000000038e-25 2.209107699199999928e-08 1.177249165700000078e-12 5.211725185500000187e-09 1.000000000000000038e-25 1.000000000000000038e-25 3.454664217700000141e-06 6.648454697399999714e-05
4.496472020903731492e-02 1.877099611714383173e+03 2.873872791599999931e-03 8.339983895400000513e-01 1.620008366300000058e-01 3.630863978999999899e-04 2.060019973399999977e-10 5.241713919199999594e-04 5.539586898199999711e-08 7.139864124699999649e-09 1.789268344499999979e-05 8.080287493300000045e-10 1.000000000000000038e-25 3.721282828100000096e-06 2.203495840300000120e-07 1.000000000000000038e-25 6.016913182799999920e-09 1.000000000000000038e-25 2.489835928400000032e-08 1.675077610500000066e-12 5.310261564000000332e-09 1.000000000000000038e-25 1.000000000000000038e-25 3.454076273400000195e-06 6.647310524899999792e-05
5.660722890537177310e-02 1.907657244503748643e+03 3.230829506800000136e-03 8.336704776400000183e-01 1.619718420900000122e-01 3.630421616399999939e-04 2.598740978800000074e-10 5.240787723200000326e-04 5.387204001900000161e-08 8.483877481599999963e-09 1.771035671699999861e-05 1.012676592399999997e-09 1.000000000000000038e-25 3.720013772500000102e-06 2.177593337100000115e-07 1.000000000000000038e-25 5.649157013900000333e-09 1.000000000000000038e-25 2.804740492000000098e-08 2.380660594500000194e-12 5.417175577900000037e-09 1.000000000000000038e-25 1.000000000000000038e-25 3.453411829599999887e-06 6.646023715899999581e-05
7.126427896022177744e-02 1.936968684934074417e+03 3.573924301099999992e-03 8.333552941399999803e-01 1.619439777899999988e-01 3.630089325900000209e-04 3.330883133300000208e-10 5.239895744500000334e-04 5.250508764699999952e-08 1.011994144099999964e-08 1.756710173500000165e-05 1.269316621899999906e-09 1.000000000000000038e-25 3.718725973400000038e-06 2.153110684600000057e-07 1.000000000000000038e-25 5.292638466500000351e-09 1.000000000000000038e-25 3.109745087700000179e-08 3.300717880299999913e-12 5.649697008800000151e-09 1.000000000000000038e-25 1.000000000000000038e-25 3.452700968600000140e-06 6.644766674399999959e-05
8.971641173621153209e-02 1.964502257050508433e+03 3.879066391199999936e-03 8.330749671299999548e-01 1.619192004799999973e-01 3.629880263099999837e-04 4.352900226500000019e-10 5.239101031600000092e-04 5.129824046400000065e-08 1.213215125899999980e-08 1.747743216100000152e-05 1.592070464900000034e-09 1.000000000000000038e-25 3.717504632599999868e-06 2.131707134599999972e-07 1.000000000000000038e-25 4.961889898099999721e-09 1.000000000000000038e-25 3.384511834299999746e-08 4.448178184600000394e-12 6.049501558800000159e-09 1.000000000000000038e-25 1.000000000000000038e-25 3.451971730899999918e-06 6.643617963500000260e-05
1.129462705897050778e-01 1.988796853813781809e+03 4.096921364800000000e-03 8.328748109400000432e-01 1.619015173199999935e-01 3.629846873200000203e-04 5.840640685400000408e-10 5.238532549299999754e-04 5.029015362899999771e-08 1.463867312199999959e-08 1.747148659700000075e-05 1.997146309799999905e-09 1.000000000000000038e-25 3.716537409500000138e-06 2.116712380099999979e-07 1.000000000000000038e-25 4.677443880400000397e-09 1.000000000000000038e-25 3.586714832099999696e-08 5.753465425899999875e-12 6.722092594399999969e-09 1.000000000000000038e-25 1.000000000000000038e-25 3.451272869500000205e-06 6.642742735900000100e-05
1.421909302127597752e-01 2.008785807740387099e+03 4.184411095400000259e-03 8.327943929800000200e-01 1.618944266800000087e-01 3.630034461599999842e-04 8.113467749099999587e-10 5.238302773999999745e-04 4.949822059500000266e-08 1.782861682499999940e-08 1.757201510300000075e-05 2.509641962400000104e-09 1.000000000000000038e-25 3.716005484300000081e-06 2.110925538799999885e-07 1.000000000000000038e-25 4.450630864800000127e-09 1.000000000000000038e-25 3.678727063000000186e-08 7.086552919599999770e-12 7.825031366000000559e-09 1.000000000000000038e-25 1.000000000000000038e-25 3.450637128399999926e-06 6.642284954400000309e-05
1.790077753714941489e-01 2.023511219572075333e+03 4.117215750799999886e-03 8.328560528999999768e-01 1.618999028299999976e-01 3.630454552399999847e-04 1.168441924600000006e-09 5.238474718899999768e-04 4.893525091899999789e-08 2.190910199399999970e-08 1.778598030700000114e-05 3.154648761999999799e-09 1.000000000000000038e-25 3.716031528399999974e-06 2.115890716800000046e-07 1.000000000000000038e-25 4.288444665500000207e-09 1.000000000000000038e-25 3.637611453199999755e-08 8.256285389500000659e-12 9.576367322499999693e-09 1.000000000000000038e-25 1.000000000000000038e-25 3.450070136299999899e-06 6.642328814500000455e-05
2.253574373239158879e-01 2.032246273956275218e+03 3.888731685100000040e-03 8.330658593899999964e-01 1.619184816500000013e-01 3.631089375299999841e-04 1.752804325199999988e-09 5.239064301100000058e-04 4.860839031099999791e-08 2.721119265200000093e-08 1.811304033299999887e-05 3.970460479899999681e-09 1.000000000000000038e-25 3.716664734199999835e-06 2.132103002700000016e-07 1.000000000000000038e-25 4.194297280000000169e-09 1.000000000000000038e-25 3.454684773999999704e-08 9.055743843199999554e-12 1.237877366099999934e-08 1.000000000000000038e-25 1.000000000000000038e-25 3.449525186299999859e-06 6.642899141900000500e-05
2.837082045838887900e-01 2.034905234404822750e+03 3.528327109299999979e-03 8.333968428300000397e-01 1.619477774499999967e-01 3.631861829699999794e-04 2.733202140899999857e-09 5.239992278400000493e-04 4.850915877399999824e-08 3.412501899100000257e-08 1.853013200399999946e-05 4.999246626099999914e-09 1.000000000000000038e-25 3.717806856600000123e-06 2.157734886600000051e-07 1.000000000000000038e-25 4.166112093300000041e-09 1.000000000000000038e-25 3.152085093399999707e-08 9.352222842699999361e-12 1.684642919299999922e-08 1.000000000000000038e-25 1.000000000000000038e-25 3.448898216300000025e-06 6.643901745100000108e-05
3.571674682851557203e-01 2.032382441859434039e+03 3.093091826800000062e-03 8.337965697300000478e-01 1.619831532200000090e-01 3.632667708200000068e-04 4.409713194100000125e-09 5.241105286500000182e-04 4.860098575700000021e-08 4.317527124899999730e-08 1.899746864200000103e-05 6.300784297699999860e-09 1.000000000000000038e-25 3.719240130399999866e-06 2.189033803299999998e-07 1.000000000000000038e-25 4.193353773999999607e-09 1.000000000000000038e-25 2.777628020299999881e-08 9.173669178399999847e-12 2.390445740499999949e-08 1.000000000000000038e-25 1.000000000000000038e-25 3.448041465400000110e-06 6.645146204000000102e-05
4.496472020903694577e-01 2.026662270631240517e+03 2.655057195199999991e-03 8.341988781700000466e-01 1.620187579300000069e-01 3.633410195700000154e-04 7.257670500599999982e-09 5.242209139699999893e-04 4.881203057599999685e-08 5.489172224999999777e-08 1.946174390199999975e-05 7.941144930400000536e-09 1.000000000000000038e-25 3.720688963600000126e-06 2.220976064599999907e-07 1.000000000000000038e-25 4.255173850300000093e-09 1.000000000000000038e-25 2.394757814399999990e-08 8.710940599100000010e-12 3.460928246800000330e-08 1.000000000000000038e-25 1.000000000000000038e-25 3.446829531700000152e-06 6.646388540299999871e-05
5.660722890537130958e-01 2.019981843245377831e+03 2.263539479799999820e-03 8.345584650299999740e-01 1.620505855799999895e-01 3.634052830100000051e-04 1.202861557499999918e-08 5.243166347799999797e-04 4.906194810900000087e-08 6.991833613900000490e-08 1.988442508500000083e-05 1.001203193000000034e-08 1.000000000000000038e-25 3.721967474099999933e-06 2.249903784000000065e-07 1.000000000000000038e-25 4.328232236899999728e-09 1.000000000000000038e-25 2.048863530999999843e-08 8.182468498699999549e-12 5.001822511100000221e-08 1.000000000000000038e-25 1.000000000000000038e-25 3.445201938600000131e-06 6.647455465500000339e-05
7.126427896022120567e-01 2.013768247002110456e+03 1.935495036500000038e-03 8.348597486500000109e-01 1.620772589399999963e-01 3.634610003199999760e-04 1.986595343699999961e-08 5.243920135699999853e-04 4.929746019899999730e-08 8.896080519500000001e-08 2.024988118500000055e-05 1.261727117100000081e-08 1.000000000000000038e-25 3.723015572599999944e-06 2.274392429499999998e-07 1.000000000000000038e-25 4.396512787799999806e-09 1.000000000000000038e-25 1.756891429399999993e-08 7.712917023299999766e-12 7.096034014799999957e-08 1.000000000000000038e-25 1.000000000000000038e-25 3.443162649800000017e-06 6.648283040100000200e-05
8.971641173621081045e-01 2.008584161837685770e+03 1.665807663699999958e-03 8.351074215599999517e-01 1.620991943600000040e-01 3.635124782399999817e-04 3.260612167400000111e-08 5.244464055000000327e-04 4.949668624500000077e-08 1.130150184099999940e-07 2.056093775699999873e-05 1.589975458199999860e-08 1.000000000000000038e-25 3.723853974900000193e-06 2.294660694299999917e-07 1.000000000000000038e-25 4.454487226199999946e-09 1.000000000000000038e-25 1.515587093500000065e-08 7.338543721999999368e-12 9.806935567699999702e-08 1.000000000000000038e-25 1.000000000000000038e-25 3.440721648499999854e-06 6.648881266799999668e-05
1.129462705897041452e+00 2.004620631423556915e+03 1.445831493700000005e-03 8.353094183699999453e-01 1.621170952500000095e-01 3.635647159999999892e-04 5.302542787199999823e-08 5.244791149699999959e-04 4.965028709200000056e-08 1.431911903799999997e-07 2.082376096200000006e-05 2.001962755499999859e-08 1.000000000000000038e-25 3.724515785199999790e-06 2.311243895199999920e-07 1.000000000000000038e-25 4.499164340300000107e-09 1.000000000000000038e-25 1.318013876500000054e-08 7.065248838099999724e-12 1.312577976200000078e-07 1.000000000000000038e-25 1.000000000000000038e-25 3.437900040200000023e-06 6.649273894699999775e-05
1.421909302127586150e+00 2.001913193885905457e+03 1.264894331599999977e-03 8.354755331300000032e-01 1.621318303600000066e-01 3.636243743999999895e-04 8.567387995699999345e-08 5.244880908799999606e-04 4.975646234299999727e-08 1.812005603100000044e-07 2.104774942299999949e-05 2.522295535300000055e-08 1.000000000000000038e-25 3.725038918800000015e-06 2.324876110900000056e-07 1.000000000000000038e-25 4.530076453499999943e-09 1.000000000000000038e-25 1.155064353599999960e-08 6.886387592499999764e-12 1.699542979599999908e-07 1.000000000000000038e-25 1.000000000000000038e-25 3.434685621000000162e-06 6.649487735500000192e-05
1.790077753714927056e+00 2.000343641162650329e+03 1.115492160099999927e-03 8.356126481300000242e-01 1.621440114499999863e-01 3.636995103800000242e-04 1.372042510300000007e-07 5.244683300700000257e-04 4.981899362799999978e-08 2.287115209600000069e-07 2.123909699799999914e-05 3.175049717599999916e-08 1.000000000000000038e-25 3.725450569400000189e-06 2.336084020100000037e-07 1.000000000000000038e-25 4.548337665099999800e-09 1.000000000000000038e-25 1.020235969899999967e-08 6.788810274099999812e-12 2.124020315199999899e-07 1.000000000000000038e-25 1.000000000000000038e-25 3.431089651400000197e-06 6.649543894899999754e-05
2.253574373239140449e+00 1.999636394271159361e+03 9.894003722899999149e-04 8.357283017300000116e-01 1.621543104700000071e-01 3.638025116699999733e-04 2.185695408800000023e-07 5.244105477099999689e-04 4.984855541600000151e-08 2.883335360300000051e-07 2.140551249800000052e-05 3.996779445199999942e-08 1.000000000000000038e-25 3.725778515199999793e-06 2.345466311899999992e-07 1.000000000000000038e-25 4.557007618000000022e-09 1.000000000000000038e-25 9.062286723599999637e-09 6.751223139299999719e-12 2.567918619300000225e-07 1.000000000000000038e-25 1.000000000000000038e-25 3.427066899699999962e-06 6.649462087200000231e-05
2.837082045838864808e+00 1.999451578615045946e+03 8.808095264600000274e-04 8.358278063899999832e-01 1.621632050400000080e-01 3.639512770700000259e-04 3.466024363400000200e-07 5.242988747299999952e-04 4.985994787799999942e-08 3.629918489000000119e-07 2.155217851499999934e-05 5.027040944599999790e-08 1.000000000000000038e-25 3.726042373200000000e-06 2.353447779100000059e-07 1.000000000000000038e-25 4.560282696899999957e-09 1.000000000000000038e-25 8.078347349499999417e-09 6.747864347800000043e-12 3.009118241399999993e-07 1.000000000000000038e-25 1.000000000000000038e-25 3.422570501199999824e-06 6.649258111999999349e-05
3.571674682851528004e+00 1.999518201658291673e+03 7.853913842599999882e-04 8.359150986300000197e-01 1.621710562500000008e-01 3.641743676599999788e-04 5.488389027600000180e-07 5.241061154600000537e-04 4.986417277200000031e-08 4.568903120999999989e-07 2.168351972099999986e-05 6.321925305700000661e-08 1.000000000000000038e-25 3.726255569700000187e-06 2.360342123599999967e-07 1.000000000000000038e-25 4.561226852000000096e-09 1.000000000000000038e-25 7.211766790600000189e-09 6.761408515000000238e-12 3.428654659799999801e-07 1.000000000000000038e-25 1.000000000000000038e-25 3.417513437599999846e-06 6.648938312000000558e-05
4.496472020903658162e+00 1.999698640989307478e+03 7.009422691699999540e-04 8.359921435999999595e-01 1.621780573799999903e-01 3.645146746399999791e-04 8.673803737099999622e-07 5.237898365699999960e-04 4.986888528000000321e-08 5.747222645099999745e-07 2.180198264800000123e-05 7.942372274199999598e-08 1.000000000000000038e-25 3.726424751000000121e-06 2.366304290800000018e-07 1.000000000000000038e-25 4.561893248500000245e-09 1.000000000000000038e-25 6.443010623299999764e-09 6.781511007000000203e-12 3.808418761000000117e-07 1.000000000000000038e-25 1.000000000000000038e-25 3.411829228899999854e-06 6.648504572299999613e-05
5.660722890537083885e+00 1.999964863527408397e+03 6.258021250599999632e-04 8.360603714200000036e-01 1.621843664100000026e-01 3.650406022999999828e-04 1.369792872700000073e-06 5.232816504899999790e-04 4.987796010999999872e-08 7.229948307400000528e-07 2.191012284700000006e-05 9.971414198299999680e-08 1.000000000000000038e-25 3.726553967800000190e-06 2.371446463200000047e-07 1.000000000000000038e-25 4.563179836399999612e-09 1.000000000000000038e-25 5.757528030100000121e-09 6.806236787899999634e-12 4.138239087999999845e-07 1.000000000000000038e-25 1.000000000000000038e-25 3.405418263899999938e-06 6.647951232099999356e-05
7.126427896022061503e+00 2.000340695271293725e+03 5.592448744399999838e-04 8.361203086399999762e-01 1.621900766000000105e-01 3.658540864699999810e-04 2.157390852499999887e-06 5.224790153499999810e-04 4.989372865099999881e-08 9.089401967300000010e-07 2.200982973000000065e-05 1.249632144299999954e-07 1.000000000000000038e-25 3.726644745500000191e-06 2.375813687500000026e-07 1.000000000000000038e-25 4.565460003299999903e-09 1.000000000000000038e-25 5.149234492099999772e-09 6.838549382099999996e-12 4.412857584499999850e-07 1.000000000000000038e-25 1.000000000000000038e-25 3.398207820299999926e-06 6.647271749099999973e-05
8.971641173621007326e+00 2.000873470417068347e+03 5.002225990099999501e-04 8.361726991700000333e-01 1.621953266900000024e-01 3.671142161799999899e-04 3.388724788200000126e-06 5.212217946899999925e-04 4.992087748799999801e-08 1.142416255999999953e-06 2.210392940700000157e-05 1.562760200000000089e-07 1.000000000000000038e-25 3.726699003499999865e-06 2.379471979400000076e-07 1.000000000000000038e-25 4.569676164299999709e-09 1.000000000000000038e-25 4.608959164100000277e-09 6.880784505600000087e-12 4.634809515299999770e-07 1.000000000000000038e-25 1.000000000000000038e-25 3.390068146899999842e-06 6.646455413600000446e-05
1.129462705897032393e+01 2.001635599329920069e+03 4.482819750199999861e-04 8.362176477199999569e-01 1.622002298499999884e-01 3.690489941699999802e-04 5.291796272500000075e-06 5.192801839099999697e-04 4.996368105800000285e-08 1.434130424600000018e-06 2.219521914200000073e-05 1.946599624699999925e-07 1.000000000000000038e-25 3.726717343100000027e-06 2.382447435699999901e-07 1.000000000000000038e-25 4.576624579899999647e-09 1.000000000000000038e-25 4.132935191000000021e-09 6.939653893799999843e-12 4.808998293300000525e-07 1.000000000000000038e-25 1.000000000000000038e-25 3.380892941199999953e-06 6.645492055099999509e-05
1.421909302127574648e+01 2.002728068463444060e+03 4.024212942900000042e-04 8.362555893599999957e-01 1.622049863199999942e-01 3.720133536600000253e-04 8.221908547300000209e-06 5.162965152000000306e-04 5.002993432999999709e-08 1.800453026499999972e-06 2.228825660200000130e-05 2.414534076899999795e-07 1.000000000000000038e-25 3.726700341199999836e-06 2.384796030499999756e-07 1.000000000000000038e-25 4.588181771599999739e-09 1.000000000000000038e-25 3.712249660000000013e-09 7.021455111399999891e-12 4.943959339500000166e-07 1.000000000000000038e-25 1.000000000000000038e-25 3.370431633100000108e-06 6.644359635299999583e-05
1.790077753714912134e+01 2.004306401197836294e+03 3.625579004299999894e-04 8.362859871400000200e-01 1.622097528299999980e-01 3.764581916799999766e-04 1.263170368200000013e-05 5.118163870900000346e-04 5.012359069000000142e-08 2.256328406700000121e-06 2.238718951199999979e-05 2.971548331399999806e-07 1.000000000000000038e-25 3.726647135200000167e-06 2.386519342100000187e-07 1.000000000000000038e-25 4.605839296500000381e-09 1.000000000000000038e-25 3.346431924000000043e-09 7.139526971899999940e-12 5.046198235500000073e-07 1.000000000000000038e-25 1.000000000000000038e-25 3.358521095699999974e-06 6.643042707899999893e-05
2.253574373239121797e+01 2.006643663450206759e+03 3.282459104100000045e-04 8.363084128200000134e-01 1.622147706600000072e-01 3.829992987300000163e-04 1.913943961900000076e-05 5.052196859500000369e-04 5.024302884200000087e-08 2.823750615399999951e-06 2.249781018000000091e-05 3.621344257899999808e-07 1.000000000000000038e-25 3.726555328499999928e-06 2.387636639899999871e-07 1.000000000000000038e-25 4.631116172399999746e-09 1.000000000000000038e-25 3.031661517500000042e-09 7.315222379199999223e-12 5.123035019700000512e-07 1.000000000000000038e-25 1.000000000000000038e-25 3.344833982500000121e-06 6.641505060700000223e-05
2.837082045838841537e+01 2.010012843776989484e+03 2.993325378899999831e-04 8.363220978800000038e-01 1.622202746199999934e-01 3.923060975700000202e-04 2.841805398700000162e-05 4.958332374000000431e-04 5.037270363700000251e-08 3.524279530599999963e-06 2.262504310499999851e-05 4.353297957600000128e-07 1.000000000000000038e-25 3.726421342499999879e-06 2.388156621999999941e-07 1.000000000000000038e-25 4.665230238599999980e-09 1.000000000000000038e-25 2.766764594100000160e-09 7.574976805099999708e-12 5.180122966000000052e-07 1.000000000000000038e-25 1.000000000000000038e-25 3.329077768899999882e-06 6.639709905599999653e-05
3.571674682851498517e+01 2.014909776755725034e+03 2.757217579000000138e-04 8.363267251099999466e-01 1.622265334299999862e-01 4.048215048900000125e-04 4.118453833000000006e-05 4.829400788400000201e-04 5.043324683500000187e-08 4.386180972499999781e-06 2.277099327700000110e-05 5.152882956899999867e-07 1.000000000000000038e-25 3.726240317699999918e-06 2.388080286999999910e-07 1.000000000000000038e-25 4.704374283400000175e-09 1.000000000000000038e-25 2.551166853100000193e-09 7.966633455599999342e-12 5.222343138500000112e-07 1.000000000000000038e-25 1.000000000000000038e-25 3.319413655500000180e-06 6.637591769200000113e-05
4.496472020903621569e+01 2.022265507458767843e+03 2.581818353700000217e-04 8.363203794400000390e-01 1.622335394699999933e-01 4.211803279200000217e-04 5.772344771799999913e-05 4.662572479499999738e-04 5.036914740000000323e-08 5.431376578200000310e-06 2.293749486399999850e-05 5.988583067700000120e-07 1.000000000000000038e-25 3.725999952599999835e-06 2.387422264800000259e-07 1.000000000000000038e-25 4.741140000100000374e-09 1.000000000000000038e-25 2.392537786000000199e-09 8.588946335499999232e-12 5.252969736999999953e-07 1.000000000000000038e-25 1.000000000000000038e-25 3.345559899199999837e-06 6.635048341600000617e-05
5.660722890537037699e+01 2.031877607383598388e+03 2.452552153199999982e-04 8.363039633900000158e-01 1.622415292200000136e-01 4.417129834100000005e-04 7.836818291799999372e-05 4.454540040999999833e-04 5.009588075100000007e-08 6.698091473199999900e-06 2.312279638699999963e-05 6.827252780100000146e-07 1.000000000000000038e-25 3.725691175399999907e-06 2.386257610299999900e-07 1.000000000000000038e-25 4.777663728099999729e-09 1.000000000000000038e-25 2.277281065599999910e-09 9.467169732800000743e-12 5.275748882100000098e-07 1.000000000000000038e-25 1.000000000000000038e-25 3.394092851899999869e-06 6.631992474300000228e-05
7.126427896022002528e+01 2.047256020252729058e+03 2.418138877200000044e-04 8.362748109200000002e-01 1.622495375999999934e-01 4.649714476899999846e-04 1.014111575800000014e-04 4.222293457500000133e-04 4.940528380200000277e-08 8.176273207199999591e-06 2.331240256500000135e-05 7.680560362399999866e-07 1.000000000000000038e-25 3.725301084299999854e-06 2.384570848799999884e-07 1.000000000000000038e-25 4.763081537799999725e-09 1.000000000000000038e-25 2.252871602800000160e-09 1.104370267100000075e-11 5.290986984599999643e-07 1.000000000000000038e-25 1.000000000000000038e-25 3.448549733500000145e-06 6.628126052199999395e-05
8.971641173620933785e+01 2.067834208726711495e+03 2.460872748099999824e-04 8.362357222399999790e-01 1.622575234899999996e-01 4.901960162199999870e-04 1.261961468400000076e-04 3.972338224900000270e-04 4.826079681099999924e-08 9.895612024999999643e-06 2.349904012799999969e-05 8.552512567899999842e-07 1.000000000000000038e-25 3.724828850700000038e-06 2.382464907699999912e-07 1.000000000000000038e-25 4.699755334299999972e-09 1.000000000000000038e-25 2.303301446199999831e-09 1.352248978300000049e-11 5.301552899800000083e-07 1.000000000000000038e-25 1.000000000000000038e-25 3.468174095700000142e-06 6.623279776099999950e-05
1.129462705897022943e+02 2.096766600940943590e+03 2.632590131600000076e-04 8.361866675400000393e-01 1.622642582000000111e-01 5.142207237400000250e-04 1.500702596100000061e-04 3.730926161599999735e-04 4.656973968400000177e-08 1.181520501200000079e-05 2.366369720899999963e-05 9.534810352699999918e-07 1.000000000000000038e-25 3.724286919100000021e-06 2.379903683999999939e-07 1.000000000000000038e-25 4.538645389099999965e-09 1.000000000000000038e-25 2.480734917500000010e-09 1.786176417800000152e-11 5.307533080500000309e-07 1.000000000000000038e-25 1.000000000000000038e-25 3.448059706899999842e-06 6.617014953799999594e-05
1.421909302127562853e+02 2.178788101288405414e+03 3.832427235899999850e-04 8.360438205800000411e-01 1.622482705000000136e-01 5.138982853000000333e-04 1.489231544899999999e-04 3.735686273499999772e-04 4.409610028700000018e-08 1.312499621199999993e-05 2.367260167600000073e-05 1.188285056700000012e-06 1.000000000000000038e-25 3.723535823399999918e-06 2.373939052699999982e-07 2.205797642099999864e-08 3.745821014100000061e-09 3.909660745699999813e-07 3.687174048300000165e-09 3.779546660000000158e-11 5.290362865900000104e-07 1.608367401700000078e-05 1.000000000000000038e-25 3.506371389800000047e-06 6.604778603300000023e-05
1.790077753714897710e+02 2.309990387982375978e+03 6.974529496500000113e-04 8.357641010999999898e-01 1.622142991299999892e-01 4.966610683500000513e-04 1.297801227100000058e-04 3.914828835700000058e-04 4.130753701700000057e-08 1.384041721899999955e-05 2.352046307699999931e-05 1.602210835500000064e-06 1.000000000000000038e-25 3.722178420000000193e-06 2.354685095099999881e-07 1.389773262399999885e-07 2.666327694499999929e-09 1.256192839099999971e-06 6.941413300200000007e-09 1.121017749200000055e-10 5.238154353499999947e-07 4.048507903400000305e-05 1.000000000000000038e-25 3.684689743599999827e-06 6.583797844100000140e-05
2.253574373239103465e+02 2.448441058716037332e+03 1.216396460299999953e-03 8.353028811299999523e-01 1.621681714300000077e-01 4.848551441200000243e-04 1.156861055299999980e-04 4.039057876499999944e-04 3.876591514599999917e-08 1.474933130900000036e-05 2.331373945500000058e-05 2.108181622600000053e-06 1.000000000000000038e-25 3.719452101999999813e-06 2.318331536499999890e-07 1.286254825499999895e-07 1.893480240999999936e-09 2.074538637000000078e-06 1.253988080699999957e-08 3.103629325500000029e-10 5.158065641899999599e-07 5.270853991300000052e-05 1.000000000000000038e-25 3.721500267699999973e-06 6.554954824999999674e-05
