# P      T      H      H2       He       H2O       CH4       CO       CO2       NH3       H2S       HCN       C2H2       Na       K       TiO       VO       FeH      e      Hm      PH3      FeI      FeII      CaI      MgI
3.571674682851674833e-05 1.937940192577405014e+03 1.474616472699999958e-01 7.012039797900000426e-01 1.502645967400000060e-01 3.293152113200000192e-04 1.000000000000000038e-25 4.861976454800000236e-04 5.248171493300000309e-08 3.765338649600000232e-12 1.952247284999999973e-07 4.838314702100000435e-13 1.000000000000000038e-25 3.093195333799999956e-06 1.510167057300000032e-08 1.000000000000000038e-25 5.108168047299999711e-09 1.650969361700000067e-10 5.710871050199999773e-07 1.249279263900000039e-12 4.713188072999999769e-14 1.951211374399999980e-05 1.000000000000000038e-25 3.514004074400000194e-06 6.166222000199999588e-05
4.496472020903842217e-05 1.953813648848877619e+03 1.473605297199999942e-01 7.012968291600000237e-01 1.502727881500000029e-01 3.291203073599999933e-04 1.000000000000000038e-25 4.862248931600000055e-04 5.174019743400000058e-08 4.609268974899999622e-12 2.092288507999999991e-07 6.084138441799999530e-13 1.000000000000000038e-25 3.084915550600000205e-06 1.528646562399999851e-08 1.000000000000000038e-25 4.930617650099999678e-09 1.889959434099999909e-10 5.793822742000000241e-07 1.505750080100000003e-12 5.672434033499999902e-14 1.951314596499999934e-05 1.000000000000000038e-25 3.514183636600000123e-06 6.166555935099999328e-05
5.660722890537316039e-05 1.979451831204208702e+03 1.564180756000000116e-01 6.929792318799999906e-01 1.495379906500000078e-01 3.264727359399999815e-04 1.000000000000000038e-25 4.838482628799999877e-04 5.059484209399999750e-08 5.440091068899999700e-12 2.027695301999999878e-07 7.509134304100000467e-13 1.000000000000000038e-25 3.025833171600000075e-06 1.430221781400000000e-08 1.000000000000000038e-25 4.637320174300000394e-09 2.165571856800000010e-10 6.214562138900000515e-07 1.971586520599999833e-12 6.082041046100000278e-14 1.941769217200000128e-05 1.000000000000000038e-25 3.496994189199999862e-06 6.136400206000000178e-05
7.126427896022353330e-05 1.994537648216346952e+03 1.548949421799999948e-01 6.943779274900000464e-01 1.496615395299999984e-01 3.266286274399999982e-04 1.000000000000000038e-25 4.842487118199999730e-04 4.994377471600000212e-08 6.698245537999999891e-12 2.206371506399999967e-07 9.473319619099999837e-13 1.000000000000000038e-25 3.024542069600000067e-06 1.465292586399999971e-08 1.000000000000000038e-25 4.474836425399999651e-09 2.479285651300000241e-10 6.254212977400000024e-07 2.346969858600000090e-12 7.452104958799999420e-14 1.943369615799999894e-05 1.000000000000000038e-25 3.499869172000000132e-06 6.141467173499999966e-05
8.971641173621374690e-05 2.004722817712577580e+03 1.485908551600000072e-01 7.001669934900000003e-01 1.501729428199999883e-01 3.280836855300000177e-04 1.000000000000000038e-25 4.859040166500000111e-04 4.951744742099999782e-08 8.409512366700000604e-12 2.529441668800000105e-07 1.207251280800000078e-12 1.000000000000000038e-25 3.050314702399999886e-06 1.564175777800000095e-08 1.000000000000000038e-25 4.371286212000000277e-09 2.837641864300000030e-10 6.111814387200000009e-07 2.674844976099999950e-12 9.705366575999999681e-14 1.950006082999999944e-05 1.000000000000000038e-25 3.511809061900000174e-06 6.162449703199999443e-05
1.129462705897078389e-04 2.012552866947539087e+03 1.404138807799999999e-01 7.076759396899999777e-01 1.508362866600000129e-01 3.300535685900000266e-04 1.000000000000000038e-25 4.880508866899999792e-04 4.919888224899999725e-08 1.063791320300000039e-11 2.965771592099999987e-07 1.543424414799999951e-12 1.000000000000000038e-25 3.087261788099999809e-06 1.700821592699999923e-08 1.000000000000000038e-25 4.295065521199999637e-09 3.244546656999999903e-10 5.891098346399999821e-07 2.984958427000000073e-12 1.298337267099999939e-13 1.958615071699999877e-05 1.000000000000000038e-25 3.527298189899999805e-06 6.189666810499999878e-05
1.421909302127632546e-04 2.017325224210801935e+03 1.300650886599999945e-01 7.171792765200000197e-01 1.516758229200000085e-01 3.326108972299999882e-04 1.000000000000000038e-25 4.907677762800000511e-04 4.901159249700000108e-08 1.360021930000000079e-11 3.579779590100000060e-07 1.983544436300000022e-12 1.000000000000000038e-25 3.137178402099999874e-06 1.894185858200000036e-08 1.000000000000000038e-25 4.253130017700000175e-09 3.707069658899999955e-10 5.578156783399999715e-07 3.244429136300000085e-12 1.799876669499999972e-13 1.969511407800000015e-05 1.000000000000000038e-25 3.546902010400000049e-06 6.224113653899999825e-05
1.790077753714985496e-04 2.020157292688286816e+03 1.189807830900000002e-01 7.273580400300000415e-01 1.525750332899999950e-01 3.353625491100000020e-04 1.000000000000000038e-25 4.936776859399999873e-04 4.890639519399999735e-08 1.745629546499999876e-11 4.385282935700000207e-07 2.551114666000000179e-12 1.000000000000000038e-25 3.191969147399999971e-06 2.138246177800000081e-08 1.000000000000000038e-25 4.232279890599999919e-09 4.227561042199999759e-10 5.226015263799999553e-07 3.466779337799999907e-12 2.543080380399999848e-13 1.981181973499999990e-05 1.000000000000000038e-25 3.567895911299999863e-06 6.261008776900000639e-05
2.253574373239214108e-04 2.021160342309801308e+03 1.075107694500000016e-01 7.378910027799999716e-01 1.535055417800000044e-01 3.382091358000000026e-04 1.000000000000000038e-25 4.966887992899999757e-04 4.887598698700000257e-08 2.249210121999999870e-11 5.442816172599999825e-07 3.284320449700000153e-12 1.000000000000000038e-25 3.249500003199999816e-06 2.444240945400000101e-08 1.000000000000000038e-25 4.230913880099999662e-09 4.812993152599999596e-10 4.847941915400000189e-07 3.646873676599999839e-12 3.659265034600000072e-13 1.993258167600000125e-05 1.000000000000000038e-25 3.589615221200000103e-06 6.299187696000000021e-05
2.837082045838957515e-04 2.020472280776442403e+03 9.606545211299999387e-02 7.484012886099999928e-01 1.544340568400000002e-01 3.410395636399999740e-04 1.000000000000000038e-25 4.996933932399999717e-04 4.891307027099999755e-08 2.903676324399999839e-11 6.820541392499999500e-07 4.225742225099999793e-12 1.000000000000000038e-25 3.307288480499999958e-06 2.823225509299999850e-08 1.000000000000000038e-25 4.247347298599999902e-09 5.466408952799999573e-10 4.459504217999999984e-07 3.781669194299999700e-12 5.343239658700000087e-13 2.005307588199999988e-05 1.000000000000000038e-25 3.611280465799999981e-06 6.337284248100000445e-05
3.571674682851644746e-04 2.018417143924105403e+03 8.501699733199999387e-02 7.585471349500000349e-01 1.553303891699999995e-01 3.437554492200000159e-04 1.000000000000000038e-25 5.025937901600000023e-04 4.900368214800000006e-08 3.753925245000000022e-11 8.598991303199999794e-07 5.434243893300000117e-12 1.000000000000000038e-25 3.363000941700000048e-06 3.286286722199999853e-08 1.000000000000000038e-25 4.278024396699999999e-09 6.195972463199999750e-10 4.075537445100000154e-07 3.877799449499999997e-12 7.895917688899999978e-13 2.016938046499999930e-05 1.000000000000000038e-25 3.632184527900000056e-06 6.374059523699999877e-05
4.496472020903805218e-04 2.014990271300554923e+03 7.452324088799999746e-02 7.681836002299999855e-01 1.561817373399999875e-01 3.463175783799999925e-04 1.000000000000000038e-25 5.053485642600000259e-04 4.914840248500000143e-08 4.855733719999999916e-11 1.088844836899999897e-06 6.978452293599999932e-12 1.000000000000000038e-25 3.415562767900000140e-06 3.850810946700000330e-08 1.000000000000000038e-25 4.323341489800000035e-09 7.005058455199999499e-10 3.701914292799999793e-07 3.931695362499999644e-12 1.179597221200000076e-12 2.027983176200000087e-05 1.000000000000000038e-25 3.652026535199999881e-06 6.408988193099999326e-05
5.660722890537269554e-04 2.010353351109897176e+03 6.474463165700000689e-02 7.771633430000000065e-01 1.569750879300000068e-01 3.486869827499999917e-04 1.044136446999999971e-14 5.079156106800000086e-04 4.934086712399999752e-08 6.285104974599999520e-11 1.381708856900000017e-06 8.952309228999999677e-12 1.000000000000000038e-25 3.463886380099999996e-06 4.533156586799999933e-08 1.000000000000000038e-25 4.381710838500000374e-09 7.902540762499999715e-10 3.344687749400000042e-07 3.947706618900000212e-12 1.780129282799999949e-12 2.038273777099999874e-05 1.000000000000000038e-25 3.670500342699999908e-06 6.441536173799999984e-05
7.126427896022295054e-04 2.004594071245632676e+03 5.579185370999999866e-02 7.853847214300000434e-01 1.577014643400000138e-01 3.508392909800000029e-04 1.770601133399999939e-14 5.102658839499999831e-04 4.957832630900000178e-08 8.133288342200000155e-11 1.752396884300000086e-06 1.146376736199999984e-11 1.000000000000000038e-25 3.507256918699999956e-06 5.347210413400000084e-08 1.000000000000000038e-25 4.452447003900000396e-09 8.892778028899999802e-10 3.007419156600000157e-07 3.926910957299999787e-12 2.708735046200000118e-12 2.047693104100000152e-05 1.000000000000000038e-25 3.687394130199999870e-06 6.471335081200000271e-05
8.971641173621299880e-04 1.997888071264731252e+03 4.772652526300000253e-02 7.927911511699999858e-01 1.583558699300000039e-01 3.527630244299999850e-04 3.013568979099999760e-14 5.123832207900000423e-04 4.985482318100000077e-08 1.052383854800000056e-10 2.215779698700000173e-06 1.465893148299999860e-11 1.000000000000000038e-25 3.545298688000000074e-06 6.301150546300000100e-08 1.000000000000000038e-25 4.533884694800000125e-09 9.986020065099999927e-10 2.691823391600000174e-07 3.873735257000000278e-12 4.152210162299999833e-12 2.056176018200000168e-05 1.000000000000000038e-25 3.702588666999999999e-06 6.498179795300000150e-05
1.129462705897069227e-03 1.990597350918404800e+03 4.063600901699999934e-02 7.993024065599999561e-01 1.589312173300000131e-01 3.544417247399999911e-04 5.127793884700000040e-14 5.142446994299999926e-04 5.015755440800000296e-08 1.359601409199999885e-10 2.780265649999999997e-06 1.870084987900000084e-11 1.000000000000000038e-25 3.577652329299999842e-06 7.381374164700000413e-08 1.000000000000000038e-25 4.622312311900000043e-09 1.118950184799999975e-09 2.401118145399999812e-07 3.796550420799999989e-12 6.383320199899999621e-12 2.063630310799999994e-05 1.000000000000000038e-25 3.715916561900000151e-06 6.521779417599999674e-05
1.421909302127621162e-03 1.982828994925360803e+03 3.443684738600000239e-02 8.049951276600000316e-01 1.594342773699999882e-01 3.559002197699999729e-04 8.746128679600000415e-14 5.158722329600000421e-04 5.048333692000000233e-08 1.756460840499999889e-10 3.458511098299999830e-06 2.384063581899999988e-11 1.000000000000000038e-25 3.604893446700000034e-06 8.577673600699999570e-08 1.000000000000000038e-25 4.716701133300000167e-09 1.252311091000000032e-09 2.132224899799999961e-07 3.697051774900000103e-12 9.856336684199999389e-12 2.070143568399999997e-05 1.000000000000000038e-25 3.727532591200000204e-06 6.542411631200000508e-05
1.790077753714970805e-03 1.974940343996931006e+03 2.913962630600000145e-02 8.098595937200000483e-01 1.598641874399999996e-01 3.571407904199999997e-04 1.487347119799999887e-13 5.172630439399999785e-04 5.081828201299999969e-08 2.264380207099999998e-10 4.245513355700000420e-06 3.032515312800000280e-11 1.000000000000000038e-25 3.627237596199999919e-06 9.844565074099999425e-08 1.000000000000000038e-25 4.812943768700000230e-09 1.399455487599999987e-09 1.887324481900000079e-07 3.583195139499999875e-12 1.519951153700000103e-11 2.075704526899999942e-05 1.000000000000000038e-25 3.737415161899999864e-06 6.560040963500000163e-05
2.253574373239196002e-03 1.967243269552669972e+03 2.466352502500000071e-02 8.139700230299999895e-01 1.602274998000000061e-01 3.581867158800000031e-04 2.521970709100000122e-13 5.184383478000000349e-04 5.114985148999999726e-08 2.914710881599999794e-10 5.132876805199999777e-06 3.852760266999999841e-11 1.000000000000000038e-25 3.645340434399999864e-06 1.113733001900000023e-07 1.000000000000000038e-25 4.907386720700000163e-09 1.563002506599999921e-09 1.665935570699999910e-07 3.463608091300000008e-12 2.337551004999999884e-11 2.080398060900000049e-05 1.000000000000000038e-25 3.745714802300000115e-06 6.574936054599999410e-05
2.837082045838934530e-03 1.960066203855829372e+03 2.094053070399999952e-02 8.173888721400000001e-01 1.605297250399999875e-01 3.590572471800000209e-04 4.248061417299999831e-13 5.194159913799999704e-04 5.146331751500000318e-08 3.741459800399999998e-10 6.096483727799999684e-06 4.885658264100000001e-11 1.000000000000000038e-25 3.659790274899999789e-06 1.240114666199999875e-07 1.000000000000000038e-25 4.995858076999999843e-09 1.744875142900000038e-09 1.469005985699999930e-07 3.347837627500000166e-12 3.569310207199999993e-11 2.084295739799999831e-05 1.000000000000000038e-25 3.752559311300000193e-06 6.587322850799999518e-05
3.571674682851615906e-03 1.953883585170799279e+03 1.788803283699999871e-02 8.201920016499999466e-01 1.607775573699999905e-01 3.597741695700000107e-04 7.098735774799999892e-13 5.202176570399999998e-04 5.173827096100000261e-08 4.790201556799999877e-10 7.104113686399999638e-06 6.189325018800000155e-11 1.000000000000000038e-25 3.671181283199999802e-06 1.358723591100000058e-07 1.000000000000000038e-25 5.072787415500000052e-09 1.949108195699999967e-09 1.297110718699999896e-07 3.250294402499999913e-12 5.393793211800000121e-11 2.087484382400000017e-05 1.000000000000000038e-25 3.758104425699999806e-06 6.597475668599999364e-05
4.496472020903767922e-03 1.948914393895778176e+03 1.540816852099999995e-02 8.224692789199999909e-01 1.609789288900000115e-01 3.603613570299999801e-04 1.173548319999999982e-12 5.208690244700000041e-04 5.196260305699999957e-08 6.111373568899999858e-10 8.120496252699999852e-06 7.829146043299999403e-11 1.000000000000000038e-25 3.680110127900000168e-06 1.466365742999999931e-07 1.000000000000000038e-25 5.135065652100000220e-09 2.178812540900000206e-09 1.149419404999999938e-07 3.178730436999999993e-12 8.039632120799999729e-11 2.090067020199999975e-05 1.000000000000000038e-25 3.762535937799999960e-06 6.605719709399999649e-05
5.660722890537223800e-03 1.945520735703076298e+03 1.341568931499999978e-02 8.242989862599999773e-01 1.611407493199999985e-01 3.608392459799999921e-04 1.917333899700000110e-12 5.213924698100000105e-04 5.211869194700000313e-08 7.770861293100000321e-10 9.110404993800000443e-06 9.896336843700000135e-11 1.000000000000000038e-25 3.687051145200000092e-06 1.560961316999999877e-07 1.000000000000000038e-25 5.178179429400000142e-09 2.439539474999999868e-09 1.024960655500000036e-07 3.145573167399999948e-12 1.178888219999999980e-10 2.092133181400000118e-05 1.000000000000000038e-25 3.766016497200000197e-06 6.612337984999999566e-05
7.126427896022236724e-03 1.943911087422507535e+03 1.182984677099999972e-02 8.257552740100000399e-01 1.612695649499999995e-01 3.612263769499999958e-04 3.088108872100000104e-12 5.218091857100000354e-04 5.219608698400000185e-08 9.839689767300000149e-10 1.004347221400000070e-05 1.249426204000000105e-10 1.000000000000000038e-25 3.692411083199999804e-06 1.641842847600000018e-07 1.000000000000000038e-25 5.199589249899999655e-09 2.736041632800000187e-09 9.219381408099999901e-08 3.158858467999999879e-12 1.695661415899999918e-10 2.093767718600000034e-05 1.000000000000000038e-25 3.768701956299999925e-06 6.617598658899999917e-05
8.971641173621227455e-03 1.944241271142356254e+03 1.057533209400000028e-02 8.269072971599999988e-01 1.613714832200000004e-01 3.615399022900000082e-04 4.903280043799999907e-12 5.221389415499999749e-04 5.218682489799999787e-08 1.241122902299999935e-09 1.090111639399999966e-05 1.576445482900000098e-10 1.000000000000000038e-25 3.696530589500000154e-06 1.709572376900000000e-07 1.000000000000000038e-25 5.197324489500000279e-09 3.075347690500000056e-09 8.378794551399999523e-08 3.227394715399999845e-12 2.390457266799999970e-10 2.095049452000000002e-05 1.000000000000000038e-25 3.770737471700000137e-06 6.621751671500000400e-05
1.129462705897060076e-02 1.946692135461638827e+03 9.600451508899999695e-03 8.278025247100000428e-01 1.614506961899999926e-01 3.617915137200000035e-04 7.655147028199999949e-12 5.223953080299999869e-04 5.208307017400000253e-08 1.557927824500000076e-09 1.166606728700000044e-05 1.986472087500000062e-10 1.000000000000000038e-25 3.699636301600000006e-06 1.764627477899999876e-07 1.000000000000000038e-25 5.169247950700000227e-09 3.464012639699999881e-09 7.710685373199999638e-08 3.363086635900000090e-12 3.293732441999999751e-10 2.096032362299999970e-05 1.000000000000000038e-25 3.772226768400000059e-06 6.624968365799999842e-05
1.421909302127609409e-02 1.951412163534525007e+03 8.852834692300000710e-03 8.284890470600000389e-01 1.615114533099999972e-01 3.619934095499999943e-04 1.177724707600000002e-11 5.225920374999999587e-04 5.187974201999999884e-08 1.948773274700000092e-09 1.233649196399999961e-05 2.503779957499999875e-10 1.000000000000000038e-25 3.701933573299999800e-06 1.808376465100000007e-07 1.000000000000000038e-25 5.113719320800000148e-09 3.913782672299999894e-09 7.191245882000000596e-08 3.581735139000000016e-12 4.440144022600000256e-10 2.096770506900000135e-05 1.000000000000000038e-25 3.773271957600000199e-06 6.627421946800000311e-05
1.790077753714956060e-02 1.958507315113378354e+03 8.303077426499999233e-03 8.289938648600000404e-01 1.615561399700000123e-01 3.621523892499999876e-04 1.779374921599999962e-11 5.227368470799999929e-04 5.157506147299999929e-08 2.425332291399999883e-09 1.290566752399999946e-05 3.152013385299999941e-10 1.000000000000000038e-25 3.703536846400000115e-06 1.841478457200000107e-07 1.000000000000000038e-25 5.029751047400000367e-09 4.432788458600000244e-09 6.808300245100000167e-08 3.903316178499999672e-12 5.839092796600000246e-10 2.097294130599999926e-05 1.000000000000000038e-25 3.773937370199999956e-06 6.629209375600000160e-05
2.253574373239176920e-02 1.967908387778279575e+03 7.909903642400000628e-03 8.293548819099999525e-01 1.615881074499999903e-01 3.622780067199999937e-04 2.647786861499999886e-11 5.228405680000000090e-04 5.117704026400000146e-08 3.006851534099999913e-09 1.338523551400000005e-05 3.967336339399999894e-10 1.000000000000000038e-25 3.704591029099999898e-06 1.865722565800000007e-07 1.000000000000000038e-25 4.918923466799999851e-09 5.034678758600000212e-09 6.537671551799999674e-08 4.348927254600000012e-12 7.511813614899999664e-10 2.097645279599999842e-05 1.000000000000000038e-25 3.774303013599999850e-06 6.630466723899999413e-05
2.837082045838910938e-02 1.979183016696402319e+03 7.630702567599999611e-03 8.296112295999999997e-01 1.616108161200000004e-01 3.623793431100000143e-04 3.888056522499999825e-11 5.229143689600000049e-04 5.070908589499999783e-08 3.714031879300000004e-09 1.379313677000000031e-05 4.989380494200000153e-10 1.000000000000000038e-25 3.705245017700000143e-06 1.883307894799999886e-07 1.000000000000000038e-25 4.787230934099999730e-09 5.728878430599999600e-09 6.350944532500000650e-08 4.930573749800000215e-12 9.488945980900000915e-10 2.097867754000000068e-05 1.000000000000000038e-25 3.774448913399999981e-06 6.631334913400000397e-05
3.571674682851586069e-02 1.991767105911347699e+03 7.420470448299999744e-03 8.298042377800000091e-01 1.616279214599999903e-01 3.624658252100000167e-04 5.666974725900000068e-11 5.229700436999999875e-04 5.019853560099999774e-08 4.579330028000000192e-09 1.415498429199999935e-05 6.275378690700000199e-10 1.000000000000000038e-25 3.705654830899999813e-06 1.896800202500000091e-07 1.000000000000000038e-25 4.642149633300000190e-09 6.528952442000000290e-09 6.215782969099999711e-08 5.655223223500000101e-12 1.185386559399999949e-09 2.098007394799999834e-05 1.000000000000000038e-25 3.774451922100000190e-06 6.631962510100000143e-05
4.496472020903731492e-02 2.005228081140055565e+03 7.251949478599999631e-03 8.299589396100000016e-01 1.616416374699999881e-01 3.625428746899999949e-04 8.215642675699999420e-11 5.230147262899999608e-04 4.966675476200000284e-08 5.637418966100000081e-09 1.448604530599999969e-05 7.889354261999999688e-10 1.000000000000000038e-25 3.705916557100000060e-06 1.907793523600000110e-07 1.000000000000000038e-25 4.489845089200000135e-09 7.445736607399999664e-09 6.112039880799999667e-08 6.530643265799999890e-12 1.469962719299999934e-09 2.098091697599999990e-05 1.000000000000000038e-25 3.774358367000000088e-06 6.632439132800000390e-05
5.660722890537177310e-02 2.018971568278148652e+03 7.090725740399999970e-03 8.301069407800000244e-01 1.616547596100000039e-01 3.626171699900000234e-04 1.191209398599999894e-10 5.230574248400000426e-04 4.913851572499999906e-08 6.941313399000000408e-09 1.480804101200000047e-05 9.921936829499999830e-10 1.000000000000000038e-25 3.706155736600000161e-06 1.918382398799999927e-07 1.000000000000000038e-25 4.337732606400000287e-09 8.493841893299999880e-09 6.013022496400000657e-08 7.548333819599999560e-12 1.821840579100000079e-09 2.098155272800000131e-05 1.000000000000000038e-25 3.774219889899999874e-06 6.632877997499999831e-05
7.126427896022177744e-02 2.032168996484531363e+03 6.900892578199999648e-03 8.302812190999999675e-01 1.616702043100000097e-01 3.626949888600000086e-04 1.734641054100000056e-10 5.231075303900000178e-04 4.864451315600000022e-08 8.555193432799999221e-09 1.514242952999999940e-05 1.247679229700000058e-09 1.000000000000000038e-25 3.706512374000000209e-06 1.930795154500000109e-07 1.000000000000000038e-25 4.195078482999999832e-09 9.680450120000000539e-09 5.889546268499999864e-08 8.663694043100000752e-12 2.271776233899999987e-09 2.098235044999999967e-05 1.000000000000000038e-25 3.774087286700000141e-06 6.633398163199999995e-05
8.971641173621153209e-02 2.043964601931460038e+03 6.646689472900000305e-03 8.305146187999999929e-01 1.616908762100000008e-01 3.627822353699999901e-04 2.553172457699999783e-10 5.231743891400000108e-04 4.821407788699999723e-08 1.057458698400000036e-08 1.551164606399999839e-05 1.569741437899999980e-09 1.000000000000000038e-25 3.707130723499999954e-06 1.947310508400000008e-07 1.000000000000000038e-25 4.070730343900000177e-09 1.101471254300000050e-08 5.711451005800000026e-08 9.795833305199999593e-12 2.873862718999999808e-09 2.098367586799999965e-05 1.000000000000000038e-25 3.774002136100000192e-06 6.634118296799999771e-05
1.129462705897050778e-01 2.053611860860619345e+03 6.310326090299999899e-03 8.308234811200000403e-01 1.617182202699999904e-01 3.628807460800000215e-04 3.808883647399999910e-10 5.232626236000000128e-04 4.786905362499999934e-08 1.311263901599999950e-08 1.592636455400000048e-05 1.974612116499999893e-09 1.000000000000000038e-25 3.708090208700000065e-06 1.969161477000000102e-07 1.000000000000000038e-25 3.971210550699999680e-09 1.249793601200000006e-08 5.461950525599999826e-08 1.084030064200000080e-11 3.705796132199999843e-09 2.098571411399999899e-05 1.000000000000000038e-25 3.773973329100000197e-06 6.635098125599999774e-05
1.421909302127597752e-01 2.060553576524353502e+03 5.881753441999999950e-03 8.312170378700000084e-01 1.617530530899999874e-01 3.629906275199999851e-04 5.794469975899999536e-10 5.233748069699999984e-04 4.762468830300000163e-08 1.634935594900000134e-08 1.639544114299999961e-05 2.487306323599999949e-09 1.000000000000000038e-25 3.709434833200000201e-06 1.997190081599999899e-07 1.000000000000000038e-25 3.900969024100000323e-09 1.414357042199999948e-08 5.130140349400000093e-08 1.168386759600000033e-11 4.902075176200000225e-09 2.098855677499999884e-05 1.000000000000000038e-25 3.773982489900000140e-06 6.636370722800000079e-05
1.790077753714941489e-01 2.064323362052922221e+03 5.372381067500000239e-03 8.316848141799999539e-01 1.617944482500000003e-01 3.631072045499999764e-04 8.984265995300000294e-10 5.235078576400000209e-04 4.749281116800000172e-08 2.047877248800000107e-08 1.691262211099999992e-05 3.132726062099999840e-09 1.000000000000000038e-25 3.711123620099999919e-06 2.030928229200000119e-07 1.000000000000000038e-25 3.863370914199999829e-09 1.594410416500000023e-08 4.722464329300000207e-08 1.221478954499999980e-11 6.657580567000000312e-09 2.099209126300000033e-05 1.000000000000000038e-25 3.773975784099999891e-06 6.637899829100000245e-05
2.253574373239158879e-01 2.064487211134650352e+03 4.794332728099999670e-03 8.322156790800000481e-01 1.618414217899999952e-01 3.632256787599999807e-04 1.425747339500000032e-09 5.236584523799999759e-04 4.748570873900000148e-08 2.580805718799999846e-08 1.747377646299999932e-05 3.948807131699999644e-09 1.000000000000000038e-25 3.713103260999999941e-06 2.069877132600000105e-07 1.000000000000000038e-25 3.861920422799999805e-09 1.790432480699999974e-08 4.246707020699999765e-08 1.233646738399999965e-11 9.320122481399999623e-09 2.099618490199999863e-05 1.000000000000000038e-25 3.773875563099999823e-06 6.639646018400000244e-05
2.837082045838887900e-01 2.060953383405888417e+03 4.178809011400000210e-03 8.327809800900000115e-01 1.618914401800000125e-01 3.633384894099999903e-04 2.313428593299999901e-09 5.238181923099999608e-04 4.760701169099999981e-08 3.270083547800000165e-08 1.806036603000000056e-05 4.977328433500000162e-09 1.000000000000000038e-25 3.715243142099999892e-06 2.112202216400000052e-07 1.000000000000000038e-25 3.897685906099999944e-09 2.001672920300000165e-08 3.727947322299999959e-08 1.201887520599999924e-11 1.342813906899999955e-08 2.100051728299999921e-05 1.000000000000000038e-25 3.773569579900000077e-06 6.641507378099999334e-05
3.571674682851557203e-01 2.054583820917058802e+03 3.575407198799999964e-03 8.333351639199999550e-01 1.619404753900000049e-01 3.634380047899999928e-04 3.823461988499999696e-09 5.239737408500000056e-04 4.782837961399999722e-08 4.163313089500000092e-08 1.863974975499999977e-05 6.277423465499999712e-09 1.000000000000000038e-25 3.717339857399999898e-06 2.154599172600000074e-07 1.000000000000000038e-25 3.962544354900000389e-09 2.230880278900000146e-08 3.209591540899999754e-08 1.138277090400000037e-11 1.974806743500000111e-08 2.100454066999999975e-05 1.000000000000000038e-25 3.772923569499999910e-06 6.643316331599999813e-05
4.496472020903694577e-01 2.047266961164177701e+03 3.040064060700000022e-03 8.338268487200000134e-01 1.619839836599999972e-01 3.635194314099999820e-04 6.352908287500000215e-09 5.241099798099999865e-04 4.808599760399999777e-08 5.306370161500000263e-08 1.916919149099999994e-05 7.914331410399999917e-09 1.000000000000000038e-25 3.719175807200000061e-06 2.192987251599999897e-07 1.000000000000000038e-25 4.038031257299999960e-09 2.482937904799999912e-08 2.743091467199999933e-08 1.066562086500000036e-11 2.907407666400000036e-08 2.100762076699999904e-05 1.000000000000000038e-25 3.771848662300000177e-06 6.644880452200000245e-05
5.660722890537130958e-01 2.040805831553027019e+03 2.597871090699999889e-03 8.342329796899999872e-01 1.620199265399999977e-01 3.635844547099999799e-04 1.050675429299999943e-08 5.242196577200000217e-04 4.831653825000000101e-08 6.755729526600000208e-08 1.962597337199999849e-05 9.978950506399999292e-09 1.000000000000000038e-25 3.720659511800000164e-06 2.225239929299999952e-07 1.000000000000000038e-25 4.105729422700000184e-09 2.766234583899999840e-08 2.353925037100000093e-08 1.006117171599999929e-11 4.213517929700000023e-08 2.100941225100000132e-05 1.000000000000000038e-25 3.770334717899999795e-06 6.646106251099999720e-05
7.126427896022120567e-01 2.035918059296433967e+03 2.242689741200000215e-03 8.345591877100000389e-01 1.620488026799999925e-01 3.636381033099999899e-04 1.719403423400000106e-08 5.243033779900000291e-04 4.849260602599999693e-08 8.576042391299999974e-08 2.001036460700000077e-05 1.257463207800000032e-08 1.000000000000000038e-25 3.721820614399999995e-06 2.251481387599999908e-07 1.000000000000000038e-25 4.157633878899999670e-09 3.086642810200000267e-08 2.039156809299999848e-08 9.626955565999999758e-12 5.954638187899999880e-08 2.100992193900000113e-05 1.000000000000000038e-25 3.768421141199999859e-06 6.647007538200000486e-05
8.971641173621081045e-01 2.032563664822660485e+03 1.955184765699999935e-03 8.348232264399999547e-01 1.620721834199999878e-01 3.636861019299999771e-04 2.787270112899999922e-08 5.243645918699999875e-04 4.861409930000000130e-08 1.086107401700000043e-07 2.033526011499999851e-05 1.584384400499999846e-08 1.000000000000000038e-25 3.722734499500000000e-06 2.272913045000000129e-07 1.000000000000000038e-25 4.193699762800000035e-09 3.450305577599999897e-08 1.783038376599999966e-08 9.344169478700000546e-12 8.193584750399999660e-08 2.100929157000000114e-05 1.000000000000000038e-25 3.766131944699999965e-06 6.647642779400000424e-05
1.129462705897041452e+00 2.030554279093516016e+03 1.720151861000000088e-03 8.350390557100000333e-01 1.620913048100000031e-01 3.637335596600000200e-04 4.473900547800000124e-08 5.244048940700000170e-04 4.868664967500000154e-08 1.371597112200000022e-07 2.061140917999999871e-05 1.994634136800000023e-08 1.000000000000000038e-25 3.723459259700000021e-06 2.290529325600000020e-07 1.000000000000000038e-25 4.215090186099999737e-09 3.861524752200000312e-08 1.572812769300000024e-08 9.186838079300000429e-12 1.095597686100000035e-07 2.100763774599999890e-05 1.000000000000000038e-25 3.763487172600000127e-06 6.648058503600000552e-05
1.421909302127586150e+00 2.029598951575604133e+03 1.523272705100000082e-03 8.352198201699999602e-01 1.621073317099999966e-01 3.637864804600000218e-04 7.144566035300000218e-08 5.244240780000000192e-04 4.872054495099999818e-08 1.730593437499999910e-07 2.085061772699999951e-05 2.512788794200000039e-08 1.000000000000000038e-25 3.724046629800000065e-06 2.305321152300000007e-07 1.000000000000000038e-25 4.225530778599999861e-09 4.328829801900000046e-08 1.396103226999999928e-08 9.124464148500000098e-12 1.425772205800000112e-07 2.100502529100000001e-05 1.000000000000000038e-25 3.760461539499999911e-06 6.648294690399999824e-05
1.790077753714927056e+00 2.029304948026951934e+03 1.355118883100000018e-03 8.353741716300000508e-01 1.621210320900000057e-01 3.638517395099999992e-04 1.134688248000000055e-07 5.244188116100000378e-04 4.873103825299999997e-08 2.179797035199999899e-07 2.106005347500000007e-05 3.162977860600000245e-08 1.000000000000000038e-25 3.724531106999999952e-06 2.317948935900000063e-07 1.000000000000000038e-25 4.229107005599999888e-09 4.854696439499999738e-08 1.244645100099999940e-08 9.118552512199999193e-12 1.803722676000000080e-07 2.100152825000000105e-05 1.000000000000000038e-25 3.757038023400000039e-06 6.648380917600000227e-05
2.253574373239140449e+00 2.029339565108060469e+03 1.208028573300000017e-03 8.355091338700000314e-01 1.621330317499999896e-01 3.639397011900000244e-04 1.799042961399999969e-07 5.243815163400000322e-04 4.872997966499999849e-08 2.744786242099999998e-07 2.124652280100000065e-05 3.981798122300000201e-08 1.000000000000000038e-25 3.724938875100000072e-06 2.328958782500000048e-07 1.000000000000000038e-25 4.229222555899999709e-09 5.447250672300000249e-08 1.111681928899999987e-08 9.141201565400000270e-12 2.220222158699999943e-07 2.099714579299999967e-05 1.000000000000000038e-25 3.753153679600000148e-06 6.648335798299999410e-05
2.837082045838864808e+00 2.029527643289743537e+03 1.078207702900000004e-03 8.356281716600000298e-01 1.621436436199999997e-01 3.640651520800000196e-04 2.846365746999999915e-07 5.242987439900000058e-04 4.872501613899999893e-08 3.453513289599999896e-07 2.141330968999999982e-05 5.008865550299999921e-08 1.000000000000000038e-25 3.725282798799999962e-06 2.338614731699999897e-07 1.000000000000000038e-25 4.228040135200000374e-09 6.111512563199999352e-08 9.939116403900000656e-09 9.175382240999999592e-12 2.656441731999999754e-07 2.099186790500000050e-05 1.000000000000000038e-25 3.748764180799999836e-06 6.648167781399999846e-05
3.571674682851528004e+00 2.029825351284043336e+03 9.628692164500000537e-04 8.357338122499999855e-01 1.621531018100000054e-01 3.642515982400000248e-04 4.501706683399999795e-07 5.241479245900000292e-04 4.871854265700000103e-08 4.345492782700000220e-07 2.156350220300000078e-05 6.300405589000000431e-08 1.000000000000000038e-25 3.725571191400000040e-06 2.347108661000000018e-07 1.000000000000000038e-25 4.226177227099999738e-09 6.858446705499999386e-08 8.889396932099999512e-09 9.217823644400000665e-12 3.091370446900000250e-07 2.098561504199999875e-05 1.000000000000000038e-25 3.743798438099999967e-06 6.647876276400000210e-05
4.496472020903658162e+00 2.030255916806300320e+03 8.607387384400000093e-04 8.358271777100000355e-01 1.621615212899999992e-01 3.645339953599999899e-04 7.105738062900000251e-07 5.238944055899999626e-04 4.871118128199999908e-08 5.464330241500000203e-07 2.169875198700000094e-05 7.917794057900000209e-08 1.000000000000000038e-25 3.725807679500000141e-06 2.354522446500000023e-07 1.000000000000000038e-25 4.223697673199999863e-09 7.696186935099999693e-08 7.957243841800000290e-09 9.270669085899999643e-12 3.501399745900000010e-07 2.097832066900000156e-05 1.000000000000000038e-25 3.738211909899999986e-06 6.647458031200000614e-05
5.660722890537083885e+00 2.030875505062206003e+03 7.702688289300000041e-04 8.359096124299999486e-01 1.621690463699999862e-01 3.649677321800000101e-04 1.120184137699999927e-06 5.234829713299999666e-04 4.870282869599999882e-08 6.870554498299999827e-07 2.182145842600000080e-05 9.945150818500000090e-08 1.000000000000000038e-25 3.725996132899999966e-06 2.360959627899999886e-07 1.000000000000000038e-25 4.220397567700000066e-09 8.639151072099999633e-08 7.129538568500000407e-09 9.339951002099999300e-12 3.870029935200000005e-07 2.096985918500000025e-05 1.000000000000000038e-25 3.731926134800000111e-06 6.646904819599999659e-05
7.126427896022061503e+00 2.031771104588099206e+03 6.906250228500000450e-04 8.359817698100000527e-01 1.621757722999999929e-01 3.656346974400000020e-04 1.759949069899999920e-06 5.228314212600000503e-04 4.869361995299999839e-08 8.631164556400000100e-07 2.193344038299999956e-05 1.247220480199999952e-07 1.000000000000000038e-25 3.726138608300000083e-06 2.366474030599999965e-07 1.000000000000000038e-25 4.216069902199999614e-09 9.698791765500000146e-08 6.399467579299999650e-09 9.433744747400000147e-12 4.186043192599999924e-07 2.096012832900000003e-05 1.000000000000000038e-25 3.724889262500000075e-06 6.646208487400000100e-05
8.971641173621007326e+00 2.033071555981829306e+03 6.208242489500000096e-04 8.360443797300000091e-01 1.621818212399999959e-01 3.666603843900000169e-04 2.754312244900000021e-06 5.218136046300000247e-04 4.868296914299999978e-08 1.083580285999999945e-06 2.203729812099999933e-05 1.561457393299999932e-07 1.000000000000000038e-25 3.726237093100000058e-06 2.371131458099999888e-07 1.000000000000000038e-25 4.210208602300000147e-09 1.089394608899999985e-07 5.758744101599999715e-09 9.566369689200000735e-12 4.447169240200000229e-07 2.094895546000000115e-05 1.000000000000000038e-25 3.717017419699999809e-06 6.645354078300000019e-05
1.129462705897032393e+01 2.034964208479670106e+03 5.603989230199999880e-04 8.360976299600000328e-01 1.621872902800000071e-01 3.682211041499999955e-04 4.278797340100000391e-06 5.202519980300000096e-04 4.867035070099999785e-08 1.357985510299999923e-06 2.213550147500000130e-05 1.948334282500000000e-07 1.000000000000000038e-25 3.726292568599999966e-06 2.374965230700000097e-07 1.000000000000000038e-25 4.202277948199999832e-09 1.224043046099999948e-07 5.203693376799999698e-09 9.757062689199999910e-12 4.655520122999999878e-07 2.093619490799999844e-05 1.000000000000000038e-25 3.708264843300000203e-06 6.644326742100000415e-05
1.421909302127574648e+01 2.037729889170125489e+03 5.085427718300000429e-04 8.361418974100000012e-01 1.621923339299999878e-01 3.705820190899999770e-04 6.597570903000000169e-06 5.178796177399999472e-04 4.865354543200000225e-08 1.700536180000000019e-06 2.223198169200000000e-05 2.423344544900000206e-07 1.000000000000000038e-25 3.726305670299999836e-06 2.378031899600000102e-07 1.000000000000000038e-25 4.191254239399999832e-09 1.377243281500000008e-07 4.727494710200000144e-09 1.003825684200000054e-11 4.818506449600000343e-07 2.092152469100000024e-05 1.000000000000000038e-25 3.698503712000000162e-06 6.643094106099999929e-05
1.790077753714912134e+01 2.041775686140058724e+03 4.654828795100000123e-04 8.361765414899999804e-01 1.621970392700000096e-01 3.740601965500000236e-04 1.002731889299999951e-05 5.143771864000000341e-04 4.862620263900000071e-08 2.123172963799999882e-06 2.232988465500000105e-05 2.995470750899999866e-07 1.000000000000000038e-25 3.726275471299999874e-06 2.380328326100000124e-07 1.000000000000000038e-25 4.175504063300000034e-09 1.551295168100000097e-07 4.332863740499999641e-09 1.045866361200000067e-11 4.942412962999999588e-07 2.090472608100000000e-05 1.000000000000000038e-25 3.687749740800000047e-06 6.641627044299999423e-05
2.253574373239121797e+01 2.047735779490147024e+03 4.312866644399999993e-04 8.362009574300000025e-01 1.622015333900000134e-01 3.790532958399999764e-04 1.496458639400000025e-05 5.093447223100000141e-04 4.857270360999999725e-08 2.642644422599999922e-06 2.243351491599999907e-05 3.676020985099999900e-07 1.000000000000000038e-25 3.726199697799999815e-06 2.381867605100000102e-07 1.000000000000000038e-25 4.150934406300000291e-09 1.751245817100000003e-07 4.021198363699999833e-09 1.110291177500000061e-11 5.035147107000000179e-07 2.088531088300000122e-05 1.000000000000000038e-25 3.675979540800000110e-06 6.639865309899999437e-05
2.837082045838841537e+01 2.056588637988776100e+03 4.071393175799999965e-04 8.362136098700000408e-01 1.622058286499999946e-01 3.858890962299999796e-04 2.173469567299999948e-05 5.024536314800000540e-04 4.845698282200000283e-08 3.271390794999999886e-06 2.254543830900000096e-05 4.468143010100000180e-07 1.000000000000000038e-25 3.726073613499999833e-06 2.382611087399999978e-07 1.000000000000000038e-25 4.110077971699999873e-09 1.982709079099999960e-07 3.804613347400000097e-09 1.212284082100000027e-11 5.102639141300000505e-07 2.086271975199999897e-05 1.000000000000000038e-25 3.663441431900000025e-06 6.637727398700000374e-05
3.571674682851498517e+01 2.069474665871150592e+03 3.941115677299999965e-04 8.362132227999999889e-01 1.622099087499999925e-01 3.947799127400000046e-04 3.054369082000000217e-05 4.934931592299999668e-04 4.822853291500000019e-08 4.024046189399999958e-06 2.266706993499999925e-05 5.377864311400000116e-07 1.000000000000000038e-25 3.725891116499999888e-06 2.382538766600000098e-07 1.000000000000000038e-25 4.043072547199999587e-09 2.254818093499999983e-07 3.694511324700000103e-09 1.375617320800000032e-11 5.150715129400000523e-07 2.083603783700000084e-05 1.000000000000000038e-25 3.650487622700000121e-06 6.635083332400000110e-05
4.496472020903621569e+01 2.088467270244276278e+03 3.961165113799999912e-04 8.361957519599999555e-01 1.622131805500000024e-01 4.054087894000000169e-04 4.105951779499999993e-05 4.827873782799999730e-04 4.779141414999999976e-08 4.900691781699999972e-06 2.279386857399999929e-05 6.414245864399999946e-07 1.000000000000000038e-25 3.725635567400000206e-06 2.381480427799999935e-07 1.000000000000000038e-25 3.928078904400000332e-09 2.606708417299999907e-07 3.730459375100000104e-09 1.652682905099999999e-11 5.182506735700000003e-07 2.101616822600000105e-05 1.000000000000000038e-25 3.638243455099999796e-06 6.631714595000000583e-05
5.660722890537037699e+01 2.116199331893297312e+03 4.190441478500000192e-04 8.361575091799999804e-01 1.622149850700000118e-01 4.169090036699999889e-04 5.238506035799999797e-05 4.712186252300000163e-04 4.704396681000000175e-08 5.893170634200000313e-06 2.291668094700000162e-05 7.615576306000000005e-07 1.000000000000000038e-25 3.725289709500000139e-06 2.379135046899999966e-07 1.000000000000000038e-25 3.739102262599999663e-09 3.169029403999999898e-07 3.973192293199999974e-09 2.147339505700000112e-11 5.200408119299999506e-07 2.208350198500000030e-05 1.000000000000000038e-25 3.628335628400000000e-06 6.627282265299999327e-05
7.126427896022002528e+01 2.158708440380543834e+03 4.817036854300000225e-04 8.360716285100000533e-01 1.622105527499999866e-01 4.269554303700000210e-04 6.213339030299999883e-05 4.611308253900000252e-04 4.581649828699999952e-08 6.941214017500000215e-06 2.301177574499999921e-05 9.088896682900000412e-07 1.000000000000000038e-25 3.724738502899999829e-06 2.374322724100000104e-07 6.575359314700000076e-08 3.421188263099999919e-09 4.473650277800000053e-07 4.615668525799999862e-09 3.165989860899999974e-11 5.201612815699999776e-07 2.654889674099999912e-05 1.000000000000000038e-25 3.645943097799999809e-06 6.620970859899999515e-05
8.971641173620933785e+01 2.234840705444505602e+03 6.611464387200000417e-04 8.358901102600000410e-01 1.621946367600000105e-01 4.299949215900000093e-04 6.435700800300000351e-05 4.583728327299999949e-04 4.372692195300000127e-08 7.837067219700000404e-06 2.301413031200000113e-05 1.118945659200000070e-06 1.000000000000000038e-25 3.723762774799999846e-06 2.361840674600000065e-07 1.413919776200000022e-07 2.843239117500000046e-09 8.678457389099999772e-07 6.457653900700000281e-09 6.113618795399999973e-11 5.165558858800000153e-07 4.246722004700000184e-05 1.000000000000000038e-25 3.740111547000000051e-06 6.610672854599999762e-05
1.129462705897022943e+02 2.354073058037672126e+03 1.096661569800000012e-03 8.354966869200000090e-01 1.621575108799999942e-01 4.248286494000000075e-04 5.796041461099999965e-05 4.639038969299999916e-04 4.089573067700000111e-08 8.459345249400000060e-06 2.286107990000000074e-05 1.428237550499999938e-06 1.000000000000000038e-25 3.721611002699999852e-06 2.330846455799999956e-07 1.333637403500000080e-07 2.100812958699999909e-09 1.370326313599999899e-06 1.103799205099999941e-08 1.570771266599999892e-10 5.059957662700000088e-07 5.340930714000000047e-05 1.000000000000000038e-25 3.763750585199999799e-06 6.593350088700000191e-05
1.421909302127562853e+02 2.494698560596934840e+03 1.885098129999999896e-03 8.347793172099999826e-01 1.620915907300000125e-01 4.195779758599999833e-04 5.090824331599999906e-05 4.696985120799999870e-04 3.820362675299999728e-08 9.065478906600000228e-06 2.258108773499999976e-05 1.827407242399999958e-06 1.000000000000000038e-25 3.717116893600000163e-06 2.274054548400000025e-07 1.208032921999999904e-07 1.498181360700000094e-09 1.722154540699999943e-06 1.963790216100000128e-08 4.243915735699999926e-10 4.878659208199999538e-07 5.303533503999999861e-05 1.000000000000000038e-25 3.784607751500000161e-06 6.567737060700000560e-05
1.790077753714897710e+02 2.639828559559175119e+03 3.078464402499999850e-03 8.336856875500000541e-01 1.619938053599999928e-01 4.175140643999999956e-04 4.651375017299999966e-05 4.723953946899999952e-04 3.600834582699999736e-08 9.826916401100000266e-06 2.221489728999999981e-05 2.305280358100000162e-06 1.000000000000000038e-25 3.709096401600000190e-06 2.190602142499999872e-07 1.056152116500000019e-07 1.091334534799999962e-09 2.141566907500000037e-06 3.315933242199999939e-08 1.054561266300000024e-09 4.639888457600000010e-07 5.258294092400000249e-05 1.000000000000000038e-25 3.798126894699999932e-06 6.533556955000000075e-05
2.253574373239103465e+02 2.789049837760491300e+03 4.790768302100000334e-03 8.321115708699999836e-01 1.618547594099999931e-01 4.182323791300000078e-04 4.417870235500000208e-05 4.724538583499999752e-04 3.422976279599999935e-08 1.076866094999999993e-05 2.176944221799999909e-05 2.873432385599999962e-06 1.000000000000000038e-25 3.695584187000000162e-06 2.078015791600000024e-07 8.935922455399999821e-08 8.148084152600000027e-10 2.636233463599999816e-06 5.325111616699999888e-08 2.422309026200000202e-09 4.354850065299999833e-07 5.204128035799999768e-05 1.000000000000000038e-25 3.806066257100000037e-06 6.488950511899999388e-05
