# P      T      H      H2       He       H2O       CH4       CO       CO2       NH3       H2S       HCN       C2H2       Na       K       TiO       VO       FeH      e      Hm      PH3      FeI      FeII      CaI      MgI
3.571674682851674833e-05 8.281207913905806208e+02 1.373642525300000006e-09 8.368495524600000346e-01 1.622565166799999903e-01 2.623610180800000258e-04 1.516364603499999924e-08 5.244657357799999706e-04 5.745977390099999923e-07 5.158641039499999888e-10 2.721478222700000158e-05 1.302231286199999972e-12 1.000000000000000038e-25 3.729847893100000118e-06 1.292681731699999977e-07 1.000000000000000038e-25 1.000000000000000038e-25 1.000000000000000038e-25 1.000000000000000038e-25 1.000000000000000038e-25 5.343154459199999950e-07 1.000000000000000038e-25 1.000000000000000038e-25 2.403363986700000047e-06 1.000000000000000038e-25
4.496472020903842217e-05 8.330307013681879198e+02 1.477982891199999961e-09 8.368495374300000123e-01 1.622565191099999971e-01 2.623739869199999777e-04 1.987456275699999910e-08 5.244785591800000353e-04 5.570709246199999682e-07 6.201724051100000301e-10 2.721477638000000017e-05 1.633697354399999942e-12 1.000000000000000038e-25 3.729839634599999860e-06 1.299559532900000109e-07 1.000000000000000038e-25 1.000000000000000038e-25 1.000000000000000038e-25 1.000000000000000038e-25 1.000000000000000038e-25 5.344926154999999755e-07 1.000000000000000038e-25 1.000000000000000038e-25 2.393466608900000070e-06 1.000000000000000038e-25
5.660722890537316039e-05 8.435729617109390119e+02 1.963438809000000128e-09 8.368494768899999992e-01 1.622565174599999993e-01 2.624363587299999756e-04 2.107172436400000110e-08 5.245126193700000395e-04 5.218078365399999916e-07 7.083588338599999489e-10 2.721470572500000169e-05 2.042290662000000171e-12 1.000000000000000038e-25 3.729836841699999861e-06 1.323670442800000128e-07 1.000000000000000038e-25 1.000000000000000038e-25 1.000000000000000038e-25 1.000000000000000038e-25 1.000000000000000038e-25 5.343178794199999816e-07 1.000000000000000038e-25 1.000000000000000038e-25 2.417282463499999887e-06 1.000000000000000038e-25
7.126427896022353330e-05 8.523216857063354155e+02 2.421443258299999819e-09 8.368494343700000337e-01 1.622565175300000051e-01 2.624792911600000054e-04 2.406706037599999884e-08 5.245365932599999710e-04 4.948383156399999680e-07 8.236363539099999713e-10 2.721464955100000015e-05 2.555694640900000134e-12 1.000000000000000038e-25 3.729831820699999964e-06 1.341645606999999946e-07 1.000000000000000038e-25 1.000000000000000038e-25 1.000000000000000038e-25 1.000000000000000038e-25 1.000000000000000038e-25 5.342641764899999593e-07 1.000000000000000038e-25 1.000000000000000038e-25 2.428719303800000138e-06 1.000000000000000038e-25
8.971641173621374690e-05 8.592118967362996500e+02 2.770403066099999846e-09 8.368494026599999636e-01 1.622565186599999876e-01 2.625055595100000256e-04 2.965561351899999973e-08 5.245507702099999831e-04 4.750758378899999933e-07 9.755226495300000860e-10 2.721461637600000125e-05 3.203097233100000113e-12 1.000000000000000038e-25 3.729824250299999947e-06 1.353612347700000044e-07 1.000000000000000038e-25 1.000000000000000038e-25 1.000000000000000038e-25 1.000000000000000038e-25 1.000000000000000038e-25 5.343425096700000451e-07 1.000000000000000038e-25 1.000000000000000038e-25 2.428625184499999958e-06 1.000000000000000038e-25
1.129462705897078389e-04 8.660917744102530378e+02 3.159247370699999828e-09 8.368493739900000339e-01 1.622565209500000105e-01 2.625316232499999873e-04 3.663036057400000298e-08 5.245624721799999708e-04 4.564057157100000258e-07 1.155733405100000003e-09 2.721458210000000100e-05 4.012377790099999765e-12 1.000000000000000038e-25 3.729816167400000029e-06 1.365327096599999982e-07 1.000000000000000038e-25 1.000000000000000038e-25 1.000000000000000038e-25 1.000000000000000038e-25 1.000000000000000038e-25 5.344228868399999571e-07 1.000000000000000038e-25 1.000000000000000038e-25 2.428068327900000117e-06 1.000000000000000038e-25
1.421909302127632546e-04 8.721333009722804945e+02 3.484528266599999935e-09 8.368493498900000382e-01 1.622565249100000051e-01 2.625524679699999800e-04 4.685509217399999740e-08 5.245678178800000343e-04 4.408470818700000135e-07 1.381523474299999930e-09 2.721456031399999842e-05 5.033654803199999906e-12 1.000000000000000038e-25 3.729806389000000048e-06 1.374373951299999882e-07 1.000000000000000038e-25 1.000000000000000038e-25 1.000000000000000038e-25 1.000000000000000038e-25 1.000000000000000038e-25 5.345541260700000375e-07 1.000000000000000038e-25 1.000000000000000038e-25 2.422375675599999862e-06 1.000000000000000038e-25
1.790077753714985496e-04 8.778969802058827554e+02 3.795033478500000259e-09 8.368493237999999890e-01 1.622565300899999896e-01 2.625733789900000221e-04 6.064673394800000046e-08 5.245681499600000344e-04 4.267388437299999998e-07 1.655648209700000052e-09 2.721454317300000072e-05 6.312477501699999894e-12 1.000000000000000038e-25 3.729795510200000015e-06 1.382379944199999914e-07 1.000000000000000038e-25 1.000000000000000038e-25 1.000000000000000038e-25 1.000000000000000038e-25 1.000000000000000038e-25 5.346950397000000387e-07 1.000000000000000038e-25 1.000000000000000038e-25 2.414721712399999797e-06 1.000000000000000038e-25
2.253574373239214108e-04 8.834578300730079263e+02 4.093801804000000413e-09 8.368492940699999716e-01 1.622565370300000087e-01 2.625963199300000044e-04 7.929579945599999815e-08 5.245625243400000312e-04 4.137362437900000231e-07 1.989364640900000046e-09 2.721452992700000074e-05 7.919913110099999778e-12 1.000000000000000038e-25 3.729783462599999807e-06 1.389574321700000123e-07 1.000000000000000038e-25 1.000000000000000038e-25 1.000000000000000038e-25 1.000000000000000038e-25 1.000000000000000038e-25 5.348392392099999907e-07 1.000000000000000038e-25 1.000000000000000038e-25 2.405413761000000134e-06 1.000000000000000038e-25
2.837082045838957515e-04 8.890281322468078997e+02 4.408152104500000020e-09 8.368492575699999492e-01 1.622565459299999957e-01 2.626241151199999973e-04 1.037909354399999947e-07 5.245505064699999831e-04 4.012857426199999813e-07 2.390388962499999932e-09 2.721451718399999972e-05 9.932045153899999371e-12 1.000000000000000038e-25 3.729770500500000147e-06 1.396576216100000088e-07 1.000000000000000038e-25 1.000000000000000038e-25 1.000000000000000038e-25 1.000000000000000038e-25 1.000000000000000038e-25 5.349740437199999556e-07 1.000000000000000038e-25 1.000000000000000038e-25 2.395685720199999797e-06 1.000000000000000038e-25
3.571674682851644746e-04 8.948695969268796944e+02 4.777573225499999939e-09 8.368492111099999908e-01 1.622565569199999891e-01 2.626595342199999905e-04 1.350223665600000113e-07 5.245317757799999826e-04 3.888180457100000223e-07 2.868441184700000077e-09 2.721450107999999975e-05 1.245722281500000044e-11 1.000000000000000038e-25 3.729756874700000208e-06 1.404078942800000103e-07 1.000000000000000038e-25 1.000000000000000038e-25 1.000000000000000038e-25 1.000000000000000038e-25 1.000000000000000038e-25 5.350911678100000387e-07 1.000000000000000038e-25 1.000000000000000038e-25 2.386796178699999956e-06 1.000000000000000038e-25
4.496472020903805218e-04 9.009184074755761458e+02 5.201567757400000324e-09 8.368491483700000177e-01 1.622565697599999968e-01 2.627039429800000019e-04 1.747481052900000015e-07 5.245044069900000423e-04 3.764994822399999995e-07 3.437193205200000180e-09 2.721448221500000046e-05 1.561701204599999920e-11 1.000000000000000038e-25 3.729742519799999984e-06 1.411929654200000076e-07 1.000000000000000038e-25 1.000000000000000038e-25 1.000000000000000038e-25 1.000000000000000038e-25 1.000000000000000038e-25 5.351945508400000372e-07 1.000000000000000038e-25 1.000000000000000038e-25 2.378532953600000205e-06 1.000000000000000038e-25
5.660722890537269554e-04 9.068833224537668229e+02 5.630831658699999677e-09 8.368490746000000202e-01 1.622565878499999947e-01 2.627595250400000253e-04 2.275688909099999893e-07 5.244632143000000236e-04 3.649259625100000092e-07 4.125664197599999656e-09 2.721446630799999940e-05 1.958537635299999850e-11 1.000000000000000038e-25 3.729726872700000007e-06 1.419260963400000050e-07 1.000000000000000038e-25 1.000000000000000038e-25 1.000000000000000038e-25 1.000000000000000038e-25 1.000000000000000038e-25 5.352965156700000369e-07 1.000000000000000038e-25 1.000000000000000038e-25 2.369133038900000136e-06 1.000000000000000038e-25
7.126427896022295054e-04 9.125489950249814228e+02 6.024842546899999658e-09 8.368489786699999655e-01 1.622566125100000090e-01 2.628311440900000140e-04 2.997091748199999931e-07 5.244016664799999554e-04 3.544082958800000164e-07 4.964982134700000255e-09 2.721445687799999886e-05 2.455819161799999953e-11 1.000000000000000038e-25 3.729709520500000018e-06 1.425541626500000069e-07 1.000000000000000038e-25 1.000000000000000038e-25 1.000000000000000038e-25 1.000000000000000038e-25 1.000000000000000038e-25 5.354011783300000408e-07 1.000000000000000038e-25 1.000000000000000038e-25 2.357580736600000118e-06 1.000000000000000038e-25
8.971641173621299880e-04 9.179129309136856136e+02 6.368607886199999994e-09 8.368488483499999520e-01 1.622566462699999990e-01 2.629270632500000033e-04 3.996447253199999795e-07 5.243113516200000046e-04 3.448906038100000086e-07 5.993890414300000223e-09 2.721445500999999844e-05 3.080203776400000097e-11 1.000000000000000038e-25 3.729690194199999994e-06 1.430691735700000100e-07 1.000000000000000038e-25 1.000000000000000038e-25 1.000000000000000038e-25 1.000000000000000038e-25 1.000000000000000038e-25 5.355072184399999751e-07 1.000000000000000038e-25 1.000000000000000038e-25 2.343606709500000140e-06 1.000000000000000038e-25
1.129462705897069227e-03 9.230519044820589443e+02 6.674543690999999827e-09 8.368486709900000431e-01 1.622566923900000124e-01 2.630576873699999748e-04 5.369717380500000123e-07 5.241829166400000049e-04 3.361399715299999947e-07 7.247657937499999728e-09 2.721445948399999921e-05 3.861013857500000292e-11 1.000000000000000038e-25 3.729668988700000098e-06 1.434980452099999917e-07 1.000000000000000038e-25 1.000000000000000038e-25 1.000000000000000038e-25 1.000000000000000038e-25 1.000000000000000038e-25 5.356095219199999910e-07 1.000000000000000038e-25 1.000000000000000038e-25 2.327761292199999893e-06 1.000000000000000038e-25
1.421909302127621162e-03 9.280381165434703234e+02 6.947225642799999986e-09 8.368484257799999604e-01 1.622567559499999978e-01 2.632388051200000231e-04 7.272925772699999846e-07 5.240009405900000359e-04 3.279910080999999863e-07 8.785480608800000576e-09 2.721447046700000062e-05 4.843325051700000282e-11 1.000000000000000038e-25 3.729645680299999954e-06 1.438519118999999868e-07 1.000000000000000038e-25 1.000000000000000038e-25 1.000000000000000038e-25 1.000000000000000038e-25 1.000000000000000038e-25 5.357068768799999666e-07 1.000000000000000038e-25 1.000000000000000038e-25 2.310048865200000177e-06 1.000000000000000038e-25
1.790077753714970805e-03 9.330550915291880756e+02 7.227922101799999859e-09 8.368480927500000499e-01 1.622568412200000032e-01 2.634856736300000227e-04 9.842529675599999563e-07 5.237521068400000047e-04 3.201279809600000108e-07 1.064510925099999977e-08 2.721448511700000103e-05 6.069729091399999740e-11 1.000000000000000038e-25 3.729620741200000151e-06 1.441859708600000045e-07 1.000000000000000038e-25 1.000000000000000038e-25 1.000000000000000038e-25 1.000000000000000038e-25 1.000000000000000038e-25 5.357942365600000264e-07 1.000000000000000038e-25 1.000000000000000038e-25 2.291719992199999838e-06 1.000000000000000038e-25
2.253574373239196002e-03 9.384608236189803847e+02 7.593366920999999882e-09 8.368476507300000033e-01 1.622569509100000029e-01 2.638119218099999942e-04 1.319034824899999931e-06 5.234257715200000107e-04 3.120209825599999771e-07 1.287106500700000017e-08 2.721449856699999879e-05 7.604252389500000624e-11 1.000000000000000038e-25 3.729594765499999956e-06 1.445935547800000049e-07 1.000000000000000038e-25 1.000000000000000038e-25 1.000000000000000038e-25 1.000000000000000038e-25 1.000000000000000038e-25 5.358676493999999688e-07 1.000000000000000038e-25 1.000000000000000038e-25 2.274622988499999904e-06 1.000000000000000038e-25
2.837082045838934530e-03 9.445783996651277903e+02 8.137793974600000172e-09 8.368471070499999831e-01 1.622570860800000014e-01 2.642191362499999967e-04 1.730460011099999954e-06 5.230235561800000146e-04 3.032293608699999848e-07 1.547968380700000148e-08 2.721450525000000112e-05 9.514281354900000105e-11 1.000000000000000038e-25 3.729568812799999950e-06 1.451746779200000124e-07 1.000000000000000038e-25 1.000000000000000038e-25 1.000000000000000038e-25 1.000000000000000038e-25 1.000000000000000038e-25 5.359242423399999576e-07 1.000000000000000038e-25 1.000000000000000038e-25 2.261012985699999909e-06 1.000000000000000038e-25
3.571674682851615906e-03 9.515670213123797794e+02 8.925609507299999186e-09 8.368464569900000427e-01 1.622572454600000047e-01 2.647074062499999879e-04 2.217728507700000023e-06 5.225463497000000035e-04 2.936591723900000263e-07 1.851576276800000084e-08 2.721450245600000136e-05 1.189698021600000007e-10 1.000000000000000038e-25 3.729543256700000133e-06 1.459667499900000009e-07 1.000000000000000038e-25 1.000000000000000038e-25 1.000000000000000038e-25 1.000000000000000038e-25 1.000000000000000038e-25 5.359659353199999673e-07 1.000000000000000038e-25 1.000000000000000038e-25 2.251667723299999896e-06 1.000000000000000038e-25
4.496472020903767922e-03 9.595876158485934866e+02 1.005829776400000003e-08 8.368457229300000355e-01 1.622574232200000022e-01 2.652601238299999832e-04 2.763089305999999813e-06 5.220119550199999988e-04 2.832384723800000002e-07 2.199278797599999879e-08 2.721448517699999998e-05 1.485807920999999942e-10 1.000000000000000038e-25 3.729518789400000200e-06 1.470142028699999944e-07 1.000000000000000038e-25 1.000000000000000038e-25 1.000000000000000038e-25 1.000000000000000038e-25 1.000000000000000038e-25 5.359932155199999714e-07 1.000000000000000038e-25 1.000000000000000038e-25 2.247650340200000098e-06 1.000000000000000038e-25
5.660722890537223800e-03 9.688903951890857797e+02 1.170858502199999920e-08 8.368449490399999524e-01 1.622576082499999905e-01 2.658444916700000130e-04 3.332468165599999913e-06 5.214545484699999655e-04 2.718277855500000174e-07 2.592074200399999872e-08 2.721444499099999841e-05 1.854688242399999924e-10 1.000000000000000038e-25 3.729496072000000188e-06 1.483746973600000036e-07 1.000000000000000038e-25 1.000000000000000038e-25 1.000000000000000038e-25 1.000000000000000038e-25 1.000000000000000038e-25 5.360057629900000111e-07 1.000000000000000038e-25 1.000000000000000038e-25 2.250103095900000209e-06 1.000000000000000038e-25
7.126427896022236724e-03 9.797175497582267099e+02 1.415422547599999937e-08 8.368442113699999796e-01 1.622577814600000001e-01 2.664032677800000143e-04 3.867446448700000261e-06 5.209325532000000153e-04 2.593591024699999867e-07 3.025732097700000216e-08 2.721436889700000085e-05 2.313061587000000093e-10 1.000000000000000038e-25 3.729475979899999863e-06 1.501043231099999989e-07 1.000000000000000038e-25 1.000000000000000038e-25 1.000000000000000038e-25 1.000000000000000038e-25 1.000000000000000038e-25 5.360019376500000282e-07 1.000000000000000038e-25 1.000000000000000038e-25 2.260176351800000018e-06 1.000000000000000038e-25
8.971641173621227455e-03 9.921662389068012544e+02 1.776214998599999990e-08 8.368435675099999971e-01 1.622579287600000031e-01 2.668924178099999953e-04 4.324662986200000209e-06 5.204890901000000080e-04 2.460247300800000196e-07 3.499791330599999819e-08 2.721424443100000103e-05 2.884147167599999994e-10 1.000000000000000038e-25 3.729458671499999884e-06 1.522008543299999870e-07 1.000000000000000038e-25 1.000000000000000038e-25 1.000000000000000038e-25 1.000000000000000038e-25 1.000000000000000038e-25 5.359816106700000201e-07 1.000000000000000038e-25 1.000000000000000038e-25 2.277489801800000133e-06 1.000000000000000038e-25
1.129462705897060076e-02 1.006218299831218474e+03 2.306553976899999877e-08 8.368430635000000395e-01 1.622580391500000052e-01 2.672764349099999884e-04 4.670056238899999872e-06 5.201578573499999547e-04 2.321497928699999916e-07 4.011647428199999798e-08 2.721405695399999869e-05 3.593690047300000114e-10 1.000000000000000038e-25 3.729444196999999947e-06 1.546355739699999978e-07 1.000000000000000038e-25 1.000000000000000038e-25 1.000000000000000038e-25 1.000000000000000038e-25 1.000000000000000038e-25 5.359440421099999517e-07 1.000000000000000038e-25 1.000000000000000038e-25 2.301068182500000022e-06 1.000000000000000038e-25
1.421909302127609409e-02 1.021876808472516132e+03 3.088338637099999741e-08 8.368427067000000497e-01 1.622581110999999909e-01 2.675485549999999987e-04 4.898743298299999949e-06 5.199434460800000110e-04 2.180170797699999938e-07 4.566791516400000304e-08 2.721378880300000122e-05 4.481554567500000027e-10 1.000000000000000038e-25 3.729432118399999945e-06 1.573784562200000076e-07 1.000000000000000038e-25 1.000000000000000038e-25 1.000000000000000038e-25 1.000000000000000038e-25 1.000000000000000038e-25 5.358883301200000510e-07 1.000000000000000038e-25 1.000000000000000038e-25 2.329482982400000076e-06 1.000000000000000038e-25
1.790077753714956060e-02 1.039116957329583101e+03 4.249823300100000108e-08 8.368425151499999659e-01 1.622581402000000117e-01 2.676937291100000226e-04 4.997178812899999607e-06 5.198591015199999915e-04 2.039084569699999909e-07 5.160318780299999802e-08 2.721341383900000011e-05 5.585897456799999865e-10 1.000000000000000038e-25 3.729422514999999858e-06 1.604124812100000001e-07 1.000000000000000038e-25 1.000000000000000038e-25 1.000000000000000038e-25 1.000000000000000038e-25 1.000000000000000038e-25 5.358111055399999844e-07 1.000000000000000038e-25 1.000000000000000038e-25 2.361732241499999885e-06 1.000000000000000038e-25
2.253574373239176920e-02 1.057802980469208933e+03 5.968257618400000394e-08 8.368424450000000459e-01 1.622581372899999930e-01 2.677428869599999791e-04 4.998698123199999898e-06 5.198711910299999616e-04 1.901503374900000072e-07 5.802579822599999870e-08 2.721290637299999925e-05 6.964812375200000272e-10 1.000000000000000038e-25 3.729414607800000143e-06 1.636958394100000087e-07 1.000000000000000038e-25 1.000000000000000038e-25 1.000000000000000038e-25 1.000000000000000038e-25 1.000000000000000038e-25 5.357112438299999947e-07 1.000000000000000038e-25 1.000000000000000038e-25 2.395978297899999990e-06 1.000000000000000038e-25
2.837082045838910938e-02 1.077752831462301401e+03 8.499404135100000086e-08 8.368424618299999951e-01 1.622581104499999927e-01 2.677195101700000253e-04 4.928541088000000300e-06 5.199542383399999605e-04 1.769988778699999936e-07 6.498742216199999477e-08 2.721223293099999855e-05 8.680314133900000020e-10 1.000000000000000038e-25 3.729407949300000183e-06 1.672061660499999993e-07 1.000000000000000038e-25 1.000000000000000038e-25 1.000000000000000038e-25 1.000000000000000038e-25 1.000000000000000038e-25 5.355864484599999557e-07 1.000000000000000038e-25 1.000000000000000038e-25 2.430986958500000176e-06 1.000000000000000038e-25
3.571674682851586069e-02 1.098976117625689312e+03 1.224347770900000126e-07 8.368425352699999653e-01 1.622580660500000105e-01 2.676431515000000168e-04 4.807129379699999942e-06 5.200877621200000528e-04 1.645250108299999972e-07 7.258889914699999374e-08 2.721134341199999933e-05 1.082138957300000039e-09 1.000000000000000038e-25 3.729402164500000205e-06 1.709702707200000032e-07 1.000000000000000038e-25 1.000000000000000038e-25 1.000000000000000038e-25 1.000000000000000038e-25 1.000000000000000038e-25 5.354323527799999571e-07 1.000000000000000038e-25 1.000000000000000038e-25 2.466269299499999862e-06 1.000000000000000038e-25
4.496472020903731492e-02 1.121641354975391096e+03 1.786251548899999930e-07 8.368426671299999953e-01 1.622580014499999945e-01 2.675075468700000209e-04 4.628204392099999706e-06 5.202780317300000242e-04 1.526992691000000011e-07 8.079018912699999894e-08 2.721015569699999966e-05 1.348574547999999939e-09 1.000000000000000038e-25 3.729397536000000197e-06 1.750648780899999973e-07 1.000000000000000038e-25 1.000000000000000038e-25 1.000000000000000038e-25 1.000000000000000038e-25 1.000000000000000038e-25 5.352388214799999973e-07 1.000000000000000038e-25 1.000000000000000038e-25 2.502207370499999948e-06 1.000000000000000038e-25
5.660722890537177310e-02 1.145747157828582431e+03 2.632864845699999971e-07 8.368428160499999935e-01 1.622579222399999910e-01 2.673338009300000261e-04 4.413504900800000339e-06 5.205032658000000251e-04 1.415678802899999959e-07 8.970484711300000108e-08 2.720857278899999843e-05 1.681005883099999986e-09 1.000000000000000038e-25 3.729393664799999876e-06 1.795352975699999871e-07 1.000000000000000038e-25 1.000000000000000038e-25 1.000000000000000038e-25 1.000000000000000038e-25 1.000000000000000038e-25 5.349973953000000511e-07 1.000000000000000038e-25 1.000000000000000038e-25 2.538623374500000174e-06 1.000000000000000038e-25
7.126427896022177744e-02 1.171028509349253000e+03 3.890842083600000193e-07 8.368429341399999943e-01 1.622578398600000027e-01 2.671545302100000068e-04 4.196639238899999624e-06 5.207297349499999959e-04 1.312727942200000072e-07 9.950409708799999657e-08 2.720650197899999998e-05 2.094583202000000097e-09 1.000000000000000038e-25 3.729389866000000115e-06 1.843522728999999980e-07 1.000000000000000038e-25 1.000000000000000038e-25 1.000000000000000038e-25 1.000000000000000038e-25 1.000000000000000038e-25 5.347040966200000319e-07 1.000000000000000038e-25 1.000000000000000038e-25 2.574880872700000070e-06 1.000000000000000038e-25
8.971641173621153209e-02 1.196977999171612282e+03 5.700570142099999866e-07 8.368429409200000002e-01 1.622577683499999979e-01 2.670173674400000115e-04 4.026277485199999998e-06 5.209086465900000145e-04 1.219597938200000017e-07 1.106206579399999962e-07 2.720388723999999915e-05 2.610105316900000068e-09 1.000000000000000038e-25 3.729384755300000115e-06 1.893904299000000068e-07 1.000000000000000038e-25 1.000000000000000038e-25 1.000000000000000038e-25 1.000000000000000038e-25 1.000000000000000038e-25 5.343663957299999788e-07 1.000000000000000038e-25 1.000000000000000038e-25 2.609878091699999917e-06 1.000000000000000038e-25
1.129462705897050778e-01 1.222928827349666790e+03 8.182335523000000210e-07 8.368427767599999623e-01 1.622577189799999930e-01 2.669589788900000112e-04 3.939655266500000043e-06 5.210026707999999753e-04 1.137347797099999948e-07 1.235426082900000108e-07 2.720073947699999941e-05 3.250549123599999956e-09 1.000000000000000038e-25 3.729377085999999918e-06 1.944374264399999923e-07 1.000000000000000038e-25 1.000000000000000038e-25 1.000000000000000038e-25 1.000000000000000038e-25 1.000000000000000038e-25 5.340031695300000013e-07 1.000000000000000038e-25 1.000000000000000038e-25 2.642444167799999872e-06 1.000000000000000038e-25
1.421909302127597752e-01 1.248223671251724681e+03 1.138190792300000029e-06 8.368423775900000194e-01 1.622577065999999957e-01 2.670250166300000018e-04 3.982662939999999821e-06 5.209659014099999978e-04 1.066230933000000062e-07 1.391647979000000025e-07 2.719717537699999850e-05 4.051601660100000243e-09 1.000000000000000038e-25 3.729365202999999906e-06 1.992316507499999972e-07 1.000000000000000038e-25 1.000000000000000038e-25 1.000000000000000038e-25 1.000000000000000038e-25 1.000000000000000038e-25 5.336505187199999656e-07 1.000000000000000038e-25 1.000000000000000038e-25 2.671241232500000166e-06 1.000000000000000038e-25
1.790077753714941489e-01 1.272300561942173317e+03 1.525380400899999916e-06 8.368417224799999943e-01 1.622577380100000133e-01 2.672351137899999906e-04 4.174480947600000060e-06 5.207791944600000458e-04 1.005729740700000022e-07 1.581434753300000041e-07 2.719337331400000163e-05 5.047064845600000126e-09 1.000000000000000038e-25 3.729348539800000192e-06 2.035651331000000110e-07 1.000000000000000038e-25 1.000000000000000038e-25 1.000000000000000038e-25 1.000000000000000038e-25 1.000000000000000038e-25 5.333423736700000060e-07 1.000000000000000038e-25 1.000000000000000038e-25 2.695598129599999983e-06 1.000000000000000038e-25
2.253574373239158879e-01 1.294829141816807123e+03 1.964195409800000114e-06 8.368407733599999565e-01 1.622578274900000062e-01 2.676290309100000050e-04 4.554351923000000162e-06 5.204034023600000386e-04 9.547901373999999630e-08 1.815659989300000019e-07 2.718957129100000068e-05 6.288144367599999961e-09 1.000000000000000038e-25 3.729326280999999959e-06 2.073050704199999948e-07 1.000000000000000038e-25 1.000000000000000038e-25 1.000000000000000038e-25 1.000000000000000038e-25 1.000000000000000038e-25 5.331143174199999934e-07 1.000000000000000038e-25 1.000000000000000038e-25 2.715047128900000154e-06 1.000000000000000038e-25
2.837082045838887900e-01 1.315942677315192668e+03 2.444095980700000155e-06 8.368395211100000397e-01 1.622579802199999865e-01 2.682210084799999789e-04 5.135418911700000399e-06 5.198255278400000252e-04 9.115211175600000051e-08 2.101653319399999873e-07 2.718588462400000017e-05 7.828022478399999334e-09 1.000000000000000038e-25 3.729298889799999870e-06 2.104884915600000103e-07 1.000000000000000038e-25 1.000000000000000038e-25 1.000000000000000038e-25 1.000000000000000038e-25 1.000000000000000038e-25 5.329706458500000485e-07 1.000000000000000038e-25 1.000000000000000038e-25 2.730276379599999925e-06 1.000000000000000038e-25
3.571674682851557203e-01 1.336319803556947136e+03 2.976381174199999829e-06 8.368379558999999857e-01 1.622581945999999886e-01 2.690102851299999882e-04 5.915536133799999793e-06 5.190478772799999663e-04 8.734073758499999622e-08 2.446532943600000089e-07 2.718221866899999940e-05 9.741970982000000130e-09 1.000000000000000038e-25 3.729267319799999911e-06 2.132843676099999889e-07 1.000000000000000038e-25 1.000000000000000038e-25 1.000000000000000038e-25 1.000000000000000038e-25 1.000000000000000038e-25 5.328870677200000320e-07 1.000000000000000038e-25 1.000000000000000038e-25 2.742757008799999884e-06 1.000000000000000038e-25
4.496472020903694577e-01 1.356898022877703852e+03 3.602345549199999898e-06 8.368360983699999478e-01 1.622584522199999879e-01 2.699525044500000076e-04 6.848867646399999802e-06 5.181163693800000004e-04 8.380741993300000374e-08 2.851547922700000118e-07 2.717826902399999976e-05 1.211122254299999964e-08 1.000000000000000038e-25 3.729233329400000193e-06 2.159043347499999956e-07 1.000000000000000038e-25 1.000000000000000038e-25 1.000000000000000038e-25 1.000000000000000038e-25 1.000000000000000038e-25 5.328179157100000461e-07 1.000000000000000038e-25 1.000000000000000038e-25 2.754357833799999831e-06 1.000000000000000038e-25
5.660722890537130958e-01 1.378018406067655860e+03 4.353386023000000338e-06 8.368339118199999982e-01 1.622587522700000007e-01 2.710531615200000065e-04 7.940396556900000490e-06 5.170259624599999942e-04 8.047460949099999426e-08 3.325808520700000182e-07 2.717389910799999887e-05 1.504891325299999972e-08 1.000000000000000038e-25 3.729197142700000121e-06 2.183984376499999993e-07 1.000000000000000038e-25 1.000000000000000038e-25 1.000000000000000038e-25 1.000000000000000038e-25 1.000000000000000038e-25 5.327504583500000189e-07 1.000000000000000038e-25 1.000000000000000038e-25 2.765532945399999879e-06 1.000000000000000038e-25
7.126427896022120567e-01 1.398838974510938669e+03 5.192727041700000314e-06 8.368312688400000310e-01 1.622591377300000026e-01 2.724331310000000037e-04 9.311695536399999492e-06 5.156549516499999526e-04 7.747223541900000060e-08 3.890673183600000020e-07 2.716947348099999949e-05 1.867039890000000085e-08 1.000000000000000038e-25 3.729157178399999983e-06 2.206055428999999985e-07 1.000000000000000038e-25 1.000000000000000038e-25 1.000000000000000038e-25 1.000000000000000038e-25 1.000000000000000038e-25 5.327229541699999794e-07 1.000000000000000038e-25 1.000000000000000038e-25 2.774838692199999994e-06 1.000000000000000038e-25
8.971641173621081045e-01 1.418026810671326075e+03 6.008542575999999592e-06 8.368279164999999908e-01 1.622597054799999883e-01 2.743589606800000058e-04 1.123043499400000060e-05 5.137356289299999578e-04 7.497897401800000359e-08 4.586933165700000203e-07 2.716574557999999954e-05 2.311293550900000054e-08 1.000000000000000038e-25 3.729110520300000064e-06 2.223268568599999993e-07 1.000000000000000038e-25 1.000000000000000038e-25 1.000000000000000038e-25 1.000000000000000038e-25 1.000000000000000038e-25 5.327973810900000386e-07 1.000000000000000038e-25 1.000000000000000038e-25 2.780129775999999876e-06 1.000000000000000038e-25
1.129462705897041452e+00 1.434894048129183375e+03 6.699280882100000143e-06 8.368235630100000488e-01 1.622605582999999962e-01 2.771191235399999946e-04 1.398544272500000068e-05 5.109792910200000376e-04 7.304929565800000148e-08 5.455399871800000128e-07 2.716322526700000052e-05 2.848759666100000134e-08 1.000000000000000038e-25 3.729055638299999820e-06 2.235274398000000049e-07 1.000000000000000038e-25 1.000000000000000038e-25 1.000000000000000038e-25 1.000000000000000038e-25 1.000000000000000038e-25 5.329899320000000281e-07 1.000000000000000038e-25 1.000000000000000038e-25 2.780548514400000202e-06 1.000000000000000038e-25
1.421909302127586150e+00 1.449586744679328149e+03 7.224735867799999990e-06 8.368177860200000096e-01 1.622618117600000132e-01 2.810573014499999746e-04 1.792014269699999994e-05 5.070427388800000188e-04 7.162467880199999499e-08 6.547468541199999844e-07 2.716199854100000068e-05 3.494152064600000242e-08 1.000000000000000038e-25 3.728991384200000023e-06 2.242947958500000063e-07 1.000000000000000038e-25 1.000000000000000038e-25 1.000000000000000038e-25 1.000000000000000038e-25 1.000000000000000038e-25 5.332763151599999657e-07 1.000000000000000038e-25 1.000000000000000038e-25 2.776189232499999843e-06 1.000000000000000038e-25
1.790077753714927056e+00 1.462336915421691174e+03 7.575572826800000007e-06 8.368101008399999596e-01 1.622635871700000010e-01 2.865430324299999805e-04 2.340384840500000043e-05 5.015570179799999986e-04 7.065358561699999641e-08 7.908876980899999745e-07 2.716196841399999844e-05 4.249891540500000083e-08 1.000000000000000038e-25 3.728917281599999916e-06 2.247162406099999974e-07 1.000000000000000038e-25 1.000000000000000038e-25 1.000000000000000038e-25 1.000000000000000038e-25 1.000000000000000038e-25 5.336169840299999495e-07 1.000000000000000038e-25 1.000000000000000038e-25 2.767280712799999831e-06 1.000000000000000038e-25
2.253574373239140449e+00 1.473060232345506392e+03 7.722667666399999454e-06 8.367996579299999960e-01 1.622661015899999892e-01 2.942328992000000070e-04 3.109367730799999786e-05 4.938656592399999533e-04 7.014702388900000538e-08 9.622667285199999743e-07 2.716320066799999885e-05 5.113079991899999833e-08 1.000000000000000038e-25 3.728830261700000057e-06 2.248025192099999885e-07 1.000000000000000038e-25 1.000000000000000038e-25 1.000000000000000038e-25 1.000000000000000038e-25 1.000000000000000038e-25 5.339932195699999788e-07 1.000000000000000038e-25 1.000000000000000038e-25 2.752960791599999931e-06 1.000000000000000038e-25
2.837082045838864808e+00 1.481942545394269700e+03 7.683536347100000739e-06 8.367855312999999962e-01 1.622695763199999974e-01 3.048085952299999998e-04 4.167188237499999919e-05 4.832873556900000190e-04 7.006357571200000509e-08 1.177276722100000060e-06 2.716552646099999952e-05 6.059419757900000509e-08 1.000000000000000038e-25 3.728726913600000112e-06 2.245980686500000001e-07 1.000000000000000038e-25 1.000000000000000038e-25 1.000000000000000038e-25 1.000000000000000038e-25 1.000000000000000038e-25 5.343749146699999623e-07 1.000000000000000038e-25 1.000000000000000038e-25 2.732691910599999799e-06 1.000000000000000038e-25
3.571674682851528004e+00 1.489732086806760890e+03 7.532821084799999688e-06 8.367668725900000437e-01 1.622741960300000119e-01 3.188528441900000251e-04 5.572141774099999886e-05 4.692401436999999787e-04 7.025326287800000656e-08 1.445786922299999995e-06 2.716853688400000039e-05 7.059027092600000136e-08 1.000000000000000038e-25 3.728602273100000137e-06 2.242019619700000047e-07 1.000000000000000038e-25 1.000000000000000038e-25 1.000000000000000038e-25 1.000000000000000038e-25 1.000000000000000038e-25 5.347323496999999611e-07 1.000000000000000038e-25 1.000000000000000038e-25 2.706526295099999899e-06 1.000000000000000038e-25
4.496472020903658162e+00 1.496952822811792885e+03 7.328432565800000038e-06 8.367430989399999852e-01 1.622800855200000059e-01 3.367595113500000009e-04 7.363660875000000469e-05 4.513307266099999822e-04 7.053279359400000314e-08 1.778043894799999903e-06 2.717193313599999976e-05 8.065592674799999975e-08 1.000000000000000038e-25 3.728449427500000158e-06 2.236834295500000123e-07 1.000000000000000038e-25 1.000000000000000038e-25 1.000000000000000038e-25 1.000000000000000038e-25 1.000000000000000038e-25 5.350512910599999904e-07 1.000000000000000038e-25 1.000000000000000038e-25 2.674434453799999862e-06 1.000000000000000038e-25
5.660722890537083885e+00 1.503310045793276458e+03 7.049539029799999780e-06 8.367131154100000412e-01 1.622875210099999910e-01 3.593610833599999912e-04 9.625202641200000071e-05 4.287262784800000069e-04 7.076921263800000390e-08 2.192835437199999836e-06 2.717584942399999963e-05 9.010628362900000340e-08 1.000000000000000038e-25 3.728254047400000099e-06 2.229810769599999987e-07 1.000000000000000038e-25 1.000000000000000038e-25 1.000000000000000038e-25 5.780625107700000014e-11 1.000000000000000038e-25 5.353405445300000454e-07 1.000000000000000038e-25 1.000000000000000038e-25 2.634365184200000199e-06 1.000000000000000038e-25
7.126427896022061503e+00 1.508225680153827852e+03 6.662872809500000291e-06 8.366756629799999567e-01 1.622968190000000088e-01 3.876125489299999945e-04 1.245258701900000045e-04 4.004710418699999885e-04 7.074625402600000577e-08 2.714619085599999925e-06 2.718047248699999904e-05 9.790479224400000538e-08 1.000000000000000038e-25 3.727995283099999935e-06 2.220039270300000083e-07 1.000000000000000038e-25 1.000000000000000038e-25 1.000000000000000038e-25 5.454200793100000119e-11 1.000000000000000038e-25 5.356075104999999854e-07 1.000000000000000038e-25 1.000000000000000038e-25 2.583373966299999923e-06 1.000000000000000038e-25
8.971641173621007326e+00 1.511646896360859046e+03 6.183696542999999613e-06 8.366299378899999528e-01 1.623081734200000070e-01 4.220951421899999984e-04 1.590421376200000037e-04 3.659832756799999962e-04 7.002765133499999676e-08 3.374771168400000177e-06 2.718575024500000049e-05 1.030960409399999997e-07 1.000000000000000038e-25 3.727644778499999857e-06 2.207033802799999919e-07 1.000000000000000038e-25 1.000000000000000038e-25 1.000000000000000038e-25 5.049124853999999721e-11 1.000000000000000038e-25 5.358521413700000402e-07 1.000000000000000038e-25 1.000000000000000038e-25 2.519218067299999963e-06 1.000000000000000038e-25
1.129462705897032393e+01 1.514196557240878292e+03 5.680924161699999863e-06 8.365770122300000278e-01 1.623213004500000112e-01 4.619379845500000046e-04 1.989301175999999907e-04 3.261340488599999811e-04 6.802268244900000008e-08 4.201458753000000118e-06 2.719131158299999937e-05 1.052322535699999992e-07 1.000000000000000038e-25 3.727176481100000068e-06 2.191460746099999879e-07 1.000000000000000038e-25 1.000000000000000038e-25 1.000000000000000038e-25 4.623871772700000216e-11 1.000000000000000038e-25 5.360681260400000061e-07 1.000000000000000038e-25 1.000000000000000038e-25 2.442744321699999965e-06 1.000000000000000038e-25
1.421909302127574648e+01 1.516808983147963318e+03 5.219766891599999863e-06 8.365191527499999946e-01 1.623356244899999967e-01 5.053684459099999681e-04 2.424151604200000130e-04 2.826965181800000261e-04 6.424616044700000193e-08 5.230606786799999959e-06 2.719677724300000079e-05 1.045322738599999995e-07 1.000000000000000038e-25 3.726566632000000115e-06 2.174454531800000084e-07 1.000000000000000038e-25 1.000000000000000038e-25 1.000000000000000038e-25 4.233637968800000040e-11 1.000000000000000038e-25 5.362536984200000380e-07 1.000000000000000038e-25 1.000000000000000038e-25 2.356825318300000195e-06 1.000000000000000038e-25
1.790077753714912134e+01 1.520311360446191202e+03 4.847195694400000077e-06 8.364603997699999738e-01 1.623501407500000104e-01 5.492960365999999478e-04 2.864023191499999932e-04 2.387617730099999907e-04 5.865941871000000033e-08 6.485534185900000261e-06 2.720177373499999945e-05 1.016631616499999979e-07 1.000000000000000038e-25 3.725811701200000108e-06 2.157571320200000030e-07 1.000000000000000038e-25 1.000000000000000038e-25 1.000000000000000038e-25 3.918000374999999799e-11 1.000000000000000038e-25 5.364081112899999940e-07 1.000000000000000038e-25 1.000000000000000038e-25 2.267272936800000128e-06 1.000000000000000038e-25
2.253574373239121797e+01 1.525346654966084316e+03 4.581009935899999604e-06 8.364042362100000405e-01 1.623639899900000128e-01 5.910656193200000078e-04 3.282321140900000046e-04 1.969851550100000059e-04 5.167220802399999816e-08 8.000309199299999901e-06 2.720610032499999967e-05 9.745359820099999648e-08 1.000000000000000038e-25 3.724917183299999883e-06 2.142125472799999872e-07 1.000000000000000038e-25 1.000000000000000038e-25 1.000000000000000038e-25 3.691792972899999970e-11 1.000000000000000038e-25 5.365346930199999612e-07 1.000000000000000038e-25 1.000000000000000038e-25 2.179466130899999834e-06 1.000000000000000038e-25
2.837082045838841537e+01 1.532558027376108384e+03 4.438520651599999595e-06 8.363540162799999456e-01 1.623763444699999892e-01 6.281280049600000085e-04 3.653502555899999739e-04 1.599162484799999950e-04 4.408861582700000093e-08 9.792552403900000761e-06 2.720956576400000024e-05 9.287823320600000535e-08 1.000000000000000038e-25 3.723913503800000172e-06 2.129739461800000081e-07 1.000000000000000038e-25 1.000000000000000038e-25 1.000000000000000038e-25 3.569434161400000003e-11 1.108349347400000041e-14 5.366355579099999964e-07 1.000000000000000038e-25 1.000000000000000038e-25 2.099536711500000001e-06 1.000000000000000038e-25
3.571674682851498517e+01 1.542580796036391348e+03 4.436240943500000112e-06 8.363114354599999745e-01 1.623867830300000092e-01 6.591843625299999938e-04 3.964536773200000070e-04 1.288546522499999924e-04 3.671936505900000053e-08 1.188187479300000005e-05 2.721206979199999873e-05 8.882465143900000517e-08 1.000000000000000038e-25 3.722838231099999907e-06 2.121881209799999998e-07 1.000000000000000038e-25 1.000000000000000038e-25 1.000000000000000038e-25 3.564753991199999894e-11 1.320535411200000058e-14 5.367138812899999831e-07 1.000000000000000038e-25 1.000000000000000038e-25 2.031981256399999839e-06 1.000000000000000038e-25
4.496472020903621569e+01 1.556109992053053475e+03 4.605856227099999813e-06 8.362771923099999727e-01 1.623951238699999911e-01 6.836921357300000061e-04 4.209953619000000023e-04 1.043446686800000048e-04 3.022464541499999772e-08 1.425814914200000051e-05 2.721350542099999965e-05 8.617265372399999421e-08 1.000000000000000038e-25 3.721745874699999938e-06 2.120088872099999980e-07 1.000000000000000038e-25 1.000000000000000038e-25 1.000000000000000038e-25 3.704663958300000006e-11 1.670219077100000031e-14 5.367720375799999731e-07 1.000000000000000038e-25 1.000000000000000038e-25 1.980834237400000034e-06 1.000000000000000038e-25
5.660722890537037699e+01 1.574153815864688568e+03 5.010970296599999810e-06 8.362508180800000135e-01 1.624014612000000135e-01 7.019752756199999950e-04 4.392944799500000030e-04 8.606522223399999802e-05 2.493270389499999982e-08 1.689482526699999902e-05 2.721372782100000003e-05 8.585381870000000245e-08 1.000000000000000038e-25 3.720694201899999869e-06 2.125887019099999994e-07 1.000000000000000038e-25 1.000000000000000038e-25 1.000000000000000038e-25 4.043688225599999955e-11 2.274839321000000145e-14 5.368122316699999846e-07 1.000000000000000038e-25 1.000000000000000038e-25 1.949359055700000038e-06 1.000000000000000038e-25
7.126427896022002528e+01 1.597621078727052236e+03 5.750195313599999876e-06 8.362312357400000229e-01 1.624060276300000050e-01 7.148103318100000169e-04 4.521231201200000141e-04 7.324269355199999789e-05 2.090269171899999916e-08 1.972897965299999926e-05 2.721255143200000014e-05 8.876942535600000562e-08 1.000000000000000038e-25 3.719742138700000212e-06 2.140001346700000108e-07 1.000000000000000038e-25 1.000000000000000038e-25 1.000000000000000038e-25 4.667638551799999763e-11 3.368719389700000292e-14 5.368363294000000391e-07 1.000000000000000038e-25 1.000000000000000038e-25 1.939571755799999917e-06 1.000000000000000038e-25
8.971641173620933785e+01 1.627764987358582630e+03 7.015787341499999686e-06 8.362172338900000224e-01 1.624090599799999923e-01 7.230214704199999527e-04 4.602996150899999893e-04 6.505597402899999991e-05 1.802806389900000139e-08 2.267600905499999974e-05 2.720958939499999924e-05 9.626735426499999955e-08 1.000000000000000038e-25 3.718945837299999825e-06 2.162652220399999887e-07 1.000000000000000038e-25 1.000000000000000038e-25 1.000000000000000038e-25 5.745434823499999769e-11 5.492652672299999991e-14 5.368448543700000456e-07 1.000000000000000038e-25 1.000000000000000038e-25 1.953283377799999907e-06 1.000000000000000038e-25
1.129462705897022943e+02 1.666311266774082469e+03 9.196375082699999654e-06 8.362080378199999720e-01 1.624106278199999864e-01 7.270007261599999680e-04 4.642064645899999825e-04 6.111607874499999779e-05 1.620454747299999915e-08 2.558666581699999931e-05 2.720403613399999991e-05 1.108431344700000056e-07 1.000000000000000038e-25 3.718375594999999930e-06 2.193411072700000067e-07 1.000000000000000038e-25 1.000000000000000038e-25 1.000000000000000038e-25 7.622411793100000078e-11 1.001013204400000060e-13 5.368353939399999471e-07 1.000000000000000038e-25 1.000000000000000038e-25 1.993034188400000031e-06 1.000000000000000038e-25
1.421909302127562853e+02 1.713801564099615462e+03 1.286768246299999923e-05 8.362017951400000371e-01 1.624110093199999938e-01 7.277625823499999985e-04 4.648527532599999756e-04 6.040652233199999681e-05 1.513840946200000042e-08 2.843123073199999988e-05 2.719504481899999887e-05 1.348376319200000092e-07 1.000000000000000038e-25 3.718017915099999966e-06 2.228364429299999961e-07 1.000000000000000038e-25 1.000000000000000038e-25 1.000000000000000038e-25 1.082351699399999982e-10 2.018851366400000032e-13 5.368069983100000461e-07 1.000000000000000038e-25 1.000000000000000038e-25 2.054214854499999791e-06 1.000000000000000038e-25
1.790077753714897710e+02 1.774382822348742138e+03 1.970054395000000007e-05 8.361988282000000217e-01 1.624096115199999968e-01 7.240562141099999606e-04 4.609567254600000115e-04 6.418109551700000429e-05 1.495305284999999944e-08 3.092427788100000024e-05 2.717961680200000038e-05 1.772770597099999922e-07 1.000000000000000038e-25 3.717986046599999824e-06 2.266619548000000005e-07 1.000000000000000038e-25 1.000000000000000038e-25 1.000000000000000038e-25 1.687616433399999948e-10 4.672584786599999630e-13 5.367435958399999716e-07 1.000000000000000038e-25 1.000000000000000038e-25 2.142837353899999952e-06 1.000000000000000038e-25
2.253574373239103465e+02 1.866611928454588451e+03 3.746514754899999685e-05 8.361058241200000074e-01 1.623833528999999998e-01 7.045657423800000176e-04 4.447099594100000137e-04 8.005776250700000077e-05 1.653852948299999975e-08 3.208271891800000309e-05 2.571317061200000111e-05 2.804977186300000089e-07 1.000000000000000038e-25 3.718329745800000012e-06 2.311247305500000125e-07 1.000000000000000038e-25 2.044110716499999982e-10 6.855558737399999719e-09 3.296561758699999766e-10 1.508916340100000021e-12 5.364941945799999627e-07 3.243681271799999746e-07 1.000000000000000038e-25 2.429144166399999957e-06 1.604926677900000010e-06
