# P      T      H      H2       He       H2O       CH4       CO       CO2       NH3       H2S       HCN       C2H2       Na       K       TiO       VO       FeH      e      Hm      PH3      FeI      FeII      CaI      MgI
3.571674682851674833e-05 1.228757611763734076e+03 5.105584785900000005e-05 8.367959654700000138e-01 1.622481671800000136e-01 2.531250794200000224e-04 3.770425394800000054e-13 5.249214576100000480e-04 1.070187404500000011e-07 3.808222175599999726e-11 2.194323394699999982e-05 1.090307442600000001e-12 1.000000000000000038e-25 3.729758547299999943e-06 2.397752120400000087e-07 1.000000000000000038e-25 2.687751594300000108e-11 1.000000000000000038e-25 1.000000000000000038e-25 1.000000000000000038e-25 5.182598138300000178e-09 1.000000000000000038e-25 1.000000000000000038e-25 1.000000000000000038e-25 2.085971623299999901e-07
4.496472020903842217e-05 1.235145923749746544e+03 5.096161776099999708e-05 8.367956480099999483e-01 1.622481242100000109e-01 2.532271571900000231e-04 5.325361056300000042e-13 5.249230233500000497e-04 1.053133337599999960e-07 4.659269504200000100e-11 2.199235237700000091e-05 1.368281685399999932e-12 1.000000000000000038e-25 3.729756601500000021e-06 2.397466887600000100e-07 1.000000000000000038e-25 3.123265910700000160e-11 1.000000000000000038e-25 1.000000000000000038e-25 1.000000000000000038e-25 6.174925723000000299e-09 1.000000000000000038e-25 1.000000000000000038e-25 1.000000000000000038e-25 2.655163679599999989e-07
5.660722890537316039e-05 1.250544766251450028e+03 5.936944381200000211e-05 8.367865366800000260e-01 1.622472950999999941e-01 2.538592788400000229e-04 6.423566518299999683e-13 5.249240990800000273e-04 1.015537272500000006e-07 5.485630779799999974e-11 2.195957348000000014e-05 1.708156208000000040e-12 1.000000000000000038e-25 3.729736864999999843e-06 2.401568337700000131e-07 1.000000000000000038e-25 5.069652577899999851e-11 1.000000000000000038e-25 1.000000000000000038e-25 1.000000000000000038e-25 6.000846999899999953e-09 1.000000000000000038e-25 1.000000000000000038e-25 1.000000000000000038e-25 5.960732640699999655e-07
7.126427896022353330e-05 1.264641784111422112e+03 6.725685861600000294e-05 8.367771805200000523e-01 1.622464577899999927e-01 2.549764535400000096e-04 7.952790067699999955e-13 5.249244118900000438e-04 9.853031164499999803e-08 6.502358633300000006e-11 2.191028740999999996e-05 2.129174095699999983e-12 1.000000000000000038e-25 3.729716798700000098e-06 2.404502427100000002e-07 1.000000000000000038e-25 7.316293207099999642e-11 1.000000000000000038e-25 1.000000000000000038e-25 1.000000000000000038e-25 6.048955834700000123e-09 1.000000000000000038e-25 1.000000000000000038e-25 1.000000000000000038e-25 1.153614705800000105e-06
8.971641173621374690e-05 1.277198553981910209e+03 7.388912776000000453e-05 8.367679359599999867e-01 1.622455979499999867e-01 2.565093038099999778e-04 1.014380534299999973e-12 5.249239728800000329e-04 9.618566251799999784e-08 7.768370178299999862e-11 2.185309264799999878e-05 2.652077461799999915e-12 1.000000000000000038e-25 3.729696044099999964e-06 2.406468617099999797e-07 1.000000000000000038e-25 9.777049525600000178e-11 1.000000000000000038e-25 1.000000000000000038e-25 1.000000000000000038e-25 6.351300866899999751e-09 1.000000000000000038e-25 1.000000000000000038e-25 1.000000000000000038e-25 1.905289535699999930e-06
1.129462705897078389e-04 1.290280092665393113e+03 8.155530033899999534e-05 8.367563051299999888e-01 1.622445619400000039e-01 2.590488859499999984e-04 1.281820167700000014e-12 5.249225930499999910e-04 9.421154818500000114e-08 9.265451563700000243e-11 2.174839377699999977e-05 3.288515458200000149e-12 1.000000000000000038e-25 3.729671122000000118e-06 2.408375688999999791e-07 1.000000000000000038e-25 1.320922285499999887e-10 1.000000000000000038e-25 1.000000000000000038e-25 1.000000000000000038e-25 6.624931255199999968e-09 1.000000000000000038e-25 1.000000000000000038e-25 1.000000000000000038e-25 3.138492382899999823e-06
1.421909302127632546e-04 1.302030705116279933e+03 8.772510458499999380e-05 8.367463196500000144e-01 1.622437164199999893e-01 2.616604295799999751e-04 1.664620977900000097e-12 5.249214276300000117e-04 9.263916103700000215e-08 1.113165409599999980e-10 2.166461694499999832e-05 4.083060209299999994e-12 1.000000000000000038e-25 3.729650390299999887e-06 2.409641897600000045e-07 1.000000000000000038e-25 1.673481758500000011e-10 1.000000000000000038e-25 1.000000000000000038e-25 1.000000000000000038e-25 7.155852718300000299e-09 1.000000000000000038e-25 1.000000000000000038e-25 1.000000000000000038e-25 4.488369427700000139e-06
1.790077753714985496e-04 1.314185235926582664e+03 9.467986041799999726e-05 8.367354296500000288e-01 1.622427428700000118e-01 2.640758553299999778e-04 2.154484357700000171e-12 5.249199288800000373e-04 9.098538870599999786e-08 1.335560697799999892e-10 2.162611311400000112e-05 5.070541348599999936e-12 1.000000000000000038e-25 3.729626630699999969e-06 2.410891462600000149e-07 1.000000000000000038e-25 2.136672461199999934e-10 1.000000000000000038e-25 1.000000000000000038e-25 1.000000000000000038e-25 7.691587808999999307e-09 1.000000000000000038e-25 1.000000000000000038e-25 1.000000000000000038e-25 6.086323464899999671e-06
2.253574373239214108e-04 1.326150307928720395e+03 1.015045174899999983e-04 8.367236780600000312e-01 1.622416866599999952e-01 2.670015432200000156e-04 2.803864030499999857e-12 5.249178774600000204e-04 8.961634209300000534e-08 1.605546926599999903e-10 2.157951570700000014e-05 6.288385277300000053e-12 1.000000000000000038e-25 3.729600785699999920e-06 2.411947276200000057e-07 1.000000000000000038e-25 2.682227668199999993e-10 1.000000000000000038e-25 1.000000000000000038e-25 1.000000000000000038e-25 8.343087851500000762e-09 1.000000000000000038e-25 1.000000000000000038e-25 1.000000000000000038e-25 8.016101903799999770e-06
2.837082045838957515e-04 1.338416836555095870e+03 1.089988710800000036e-04 8.367095952399999925e-01 1.622404101699999879e-01 2.708061706900000121e-04 3.629353080600000062e-12 5.249148244699999985e-04 8.853558226500000009e-08 1.928550730000000123e-10 2.151351709099999851e-05 7.770577596800000124e-12 1.000000000000000038e-25 3.729569680699999848e-06 2.412964890299999938e-07 1.000000000000000038e-25 3.378869447199999796e-10 1.000000000000000038e-25 1.000000000000000038e-25 1.000000000000000038e-25 9.027014746899999309e-09 1.000000000000000038e-25 1.000000000000000038e-25 1.000000000000000038e-25 1.052022654700000036e-05
3.571674682851644746e-04 1.351494255423412596e+03 1.180229841599999982e-04 8.366912590799999716e-01 1.622387423499999926e-01 2.761115380399999770e-04 4.636898321600000113e-12 5.249101266900000305e-04 8.783265172699999532e-08 2.312379240500000030e-10 2.141375812599999979e-05 9.553151252900000167e-12 1.000000000000000038e-25 3.729529331899999850e-06 2.414040237100000229e-07 1.000000000000000038e-25 4.343124498499999754e-10 1.000000000000000038e-25 1.000000000000000038e-25 1.000000000000000038e-25 9.662716469299999747e-09 1.000000000000000038e-25 1.000000000000000038e-25 1.000000000000000038e-25 1.400709579999999928e-05
4.496472020903805218e-04 1.365365395474730121e+03 1.288467060800000026e-04 8.366675461400000513e-01 1.622365955700000029e-01 2.834607537700000032e-04 5.832793867899999866e-12 5.249033614000000536e-04 8.764677524399999837e-08 2.766110935400000146e-10 2.127369126400000148e-05 1.165836829700000005e-11 1.000000000000000038e-25 3.729477651099999827e-06 2.415149936299999750e-07 1.000000000000000038e-25 5.693463261799999967e-10 1.000000000000000038e-25 1.000000000000000038e-25 1.000000000000000038e-25 1.022937745000000052e-08 1.000000000000000038e-25 1.000000000000000038e-25 1.000000000000000038e-25 1.883461752199999903e-05
5.660722890537269554e-04 1.379946644288425887e+03 1.414699599299999873e-04 8.366372730200000163e-01 1.622338294300000039e-01 2.933130824800000047e-04 7.241891995200000048e-12 5.248939589599999674e-04 8.809315378200000011e-08 3.305106901300000172e-10 2.109377197500000005e-05 1.411850435999999944e-11 1.000000000000000038e-25 3.729411301600000072e-06 2.416239273500000160e-07 1.000000000000000038e-25 7.566080875899999870e-10 1.000000000000000038e-25 1.000000000000000038e-25 1.000000000000000038e-25 1.075074168599999973e-08 1.000000000000000038e-25 1.000000000000000038e-25 1.000000000000000038e-25 2.530824386299999977e-05
7.126427896022295054e-04 1.395338455553937820e+03 1.564304614199999918e-04 8.365992831599999846e-01 1.622304363400000060e-01 3.065212502299999981e-04 8.837170084200000556e-12 5.248817199500000526e-04 8.934676543900000476e-08 3.941192391199999818e-10 2.086939168000000077e-05 1.692241118000000131e-11 1.000000000000000038e-25 3.729329975699999904e-06 2.417312581499999979e-07 1.000000000000000038e-25 1.022421262299999991e-09 1.000000000000000038e-25 1.000000000000000038e-25 1.000000000000000038e-25 1.119183991300000076e-08 1.000000000000000038e-25 1.000000000000000038e-25 1.000000000000000038e-25 3.399443917000000143e-05
8.971641173621299880e-04 1.411735316439470125e+03 1.745261193199999956e-04 8.365466859900000385e-01 1.622253972799999888e-01 3.243223437300000187e-04 1.055957324499999962e-11 5.248631065999999649e-04 9.164793513399999381e-08 4.689931564699999788e-10 2.059671017400000121e-05 2.003272906400000063e-11 1.000000000000000038e-25 3.729210039500000063e-06 2.418359718600000123e-07 1.000000000000000038e-25 1.411487736100000076e-09 1.000000000000000038e-25 1.000000000000000038e-25 1.000000000000000038e-25 1.151618273300000065e-08 1.000000000000000038e-25 1.000000000000000038e-25 1.000000000000000038e-25 4.571802837500000015e-05
1.129462705897069227e-03 1.429747807059225579e+03 1.979511985699999909e-04 8.364856105700000377e-01 1.622206563499999921e-01 3.495400730299999797e-04 1.217491825600000040e-11 5.248438489299999624e-04 9.555970431600000248e-08 5.555155906500000361e-10 2.025881663799999864e-05 2.326023741299999996e-11 1.000000000000000038e-25 3.729095822100000173e-06 2.419462687699999933e-07 1.000000000000000038e-25 2.027363356599999816e-09 1.000000000000000038e-25 1.000000000000000038e-25 1.000000000000000038e-25 1.159006359699999986e-08 1.000000000000000038e-25 1.000000000000000038e-25 1.000000000000000038e-25 6.236252583399999659e-05
1.421909302127621162e-03 1.449421400046187500e+03 2.279179933600000035e-04 8.364550780699999688e-01 1.622180086599999960e-01 3.514058053700000201e-04 1.484896810400000109e-11 5.248380651399999668e-04 9.276308764600000655e-08 6.561157534600000266e-10 2.023046778800000100e-05 2.897335701299999992e-11 1.000000000000000038e-25 3.729032176800000211e-06 2.420616422499999866e-07 1.000000000000000038e-25 3.019052592400000017e-09 1.000000000000000038e-25 1.000000000000000038e-25 1.000000000000000038e-25 1.144395067199999973e-08 1.000000000000000038e-25 1.000000000000000038e-25 1.000000000000000038e-25 6.364691653300000101e-05
1.790077753714970805e-03 1.469342973225939659e+03 2.615459472499999730e-04 8.364242027599999574e-01 1.622152712899999905e-01 3.513051785499999788e-04 1.826149631000000087e-11 5.248323491899999733e-04 8.960701172700000407e-08 7.752034707600000232e-10 2.022099211000000127e-05 3.627561074399999775e-11 1.000000000000000038e-25 3.728966509199999892e-06 2.421604611700000127e-07 1.000000000000000038e-25 4.174917313600000148e-09 1.000000000000000038e-25 1.000000000000000038e-25 1.000000000000000038e-25 1.134433508899999983e-08 1.000000000000000038e-25 1.000000000000000038e-25 1.000000000000000038e-25 6.364577668999999880e-05
2.253574373239196002e-03 1.488669120093083620e+03 2.959558298299999981e-04 8.363915147199999511e-01 1.622123341199999957e-01 3.516055618700000222e-04 2.276676271100000103e-11 5.248255976500000499e-04 8.683662441699999560e-08 9.194167640200000213e-10 2.020520148900000160e-05 4.539684216299999705e-11 1.000000000000000038e-25 3.728895861300000130e-06 2.422380470599999892e-07 1.000000000000000038e-25 4.578337663300000296e-09 1.000000000000000038e-25 1.000000000000000038e-25 1.000000000000000038e-25 1.145971544399999993e-08 1.000000000000000038e-25 1.000000000000000038e-25 1.883266245199999870e-07 6.374045601199999401e-05
2.837082045838934530e-03 1.507965298773673567e+03 3.328344154800000191e-04 8.363534938600000190e-01 1.622089435999999885e-01 3.537070694899999970e-04 2.840014206699999922e-11 5.248167711499999739e-04 8.467070414399999756e-08 1.091724737900000029e-09 2.014956479099999919e-05 5.650568631000000131e-11 1.000000000000000038e-25 3.728814245600000118e-06 2.423031242700000063e-07 1.000000000000000038e-25 4.962470985399999596e-09 1.000000000000000038e-25 1.000000000000000038e-25 1.000000000000000038e-25 1.166887567499999979e-08 1.000000000000000038e-25 1.000000000000000038e-25 7.220136006799999831e-07 6.427467480999999455e-05
3.571674682851615906e-03 1.527823323385904587e+03 3.744658727500000230e-04 8.363111114700000348e-01 1.622052470700000026e-01 3.562240734500000255e-04 3.539738933499999938e-11 5.248067938099999948e-04 8.266062233600000391e-08 1.296591880799999940e-09 2.008232165700000094e-05 7.027778356400000308e-11 1.000000000000000038e-25 3.728613883499999986e-06 2.392956021099999996e-07 1.000000000000000038e-25 5.343457443700000224e-09 1.000000000000000038e-25 3.184450505800000053e-09 1.077446720399999953e-14 1.187691516099999965e-08 1.000000000000000038e-25 1.000000000000000038e-25 1.357879457200000012e-06 6.491126133300000164e-05
4.496472020903767922e-03 1.548387705559724964e+03 4.223180518700000259e-04 8.362671717399999816e-01 1.622013555300000076e-01 3.561282677599999797e-04 4.432703623500000085e-11 5.247967315199999648e-04 8.009726053400000622e-08 1.538593726300000056e-09 2.006310143999999953e-05 8.802328545699999497e-11 1.000000000000000038e-25 3.728495857600000097e-06 2.389604343999999833e-07 1.000000000000000038e-25 5.740065613700000073e-09 1.000000000000000038e-25 3.595711941400000025e-09 1.547808446500000083e-14 1.204913758000000041e-08 1.000000000000000038e-25 1.000000000000000038e-25 1.357925049099999939e-06 6.490958150799999455e-05
5.660722890537223800e-03 1.569667453800002932e+03 4.770253047600000128e-04 8.362169375600000398e-01 1.621969071000000095e-01 3.560296982400000011e-04 5.546527245199999974e-11 5.247847832400000202e-04 7.760989034400000117e-08 1.825650497899999926e-09 2.003659604999999874e-05 1.102879613199999966e-10 1.000000000000000038e-25 3.728358916799999961e-06 2.385651411800000081e-07 1.000000000000000038e-25 6.118354611700000225e-09 1.000000000000000038e-25 4.066996505199999616e-09 2.228818683599999910e-14 1.220267859399999937e-08 1.000000000000000038e-25 1.000000000000000038e-25 1.357959801800000104e-06 6.490765826199999648e-05
7.126427896022236724e-03 1.591784238978040776e+03 5.403098257800000373e-04 8.361588276500000472e-01 1.621917618200000022e-01 3.559273045699999942e-04 6.920100156400000174e-11 5.247705049100000185e-04 7.518788461200000604e-08 2.164316482899999960e-09 2.000075861900000077e-05 1.381456212600000125e-10 1.000000000000000038e-25 3.728198079199999790e-06 2.380969932300000101e-07 1.000000000000000038e-25 6.465977774900000226e-09 1.000000000000000038e-25 4.613482224400000368e-09 3.221526408799999744e-14 1.231121481800000021e-08 1.000000000000000038e-25 1.000000000000000038e-25 1.357986637899999905e-06 6.490543183099999774e-05
8.971641173621227455e-03 1.614788628229896176e+03 6.136963538299999681e-04 8.360914418599999509e-01 1.621857959000000127e-01 3.558205757799999774e-04 8.614890710099999699e-11 5.247534965900000053e-04 7.282818826300000029e-08 2.564551257799999867e-09 1.995473854299999945e-05 1.730729213300000115e-10 1.000000000000000038e-25 3.728008371099999977e-06 2.375444419599999954e-07 1.000000000000000038e-25 6.769577718899999797e-09 1.000000000000000038e-25 5.248827824700000295e-09 4.675630919500000042e-14 1.237759274599999951e-08 1.000000000000000038e-25 1.000000000000000038e-25 1.358004176999999969e-06 6.490284729700000050e-05
1.129462705897060076e-02 1.638935566157291760e+03 7.005957839399999752e-04 8.360116483499999696e-01 1.621787321000000004e-01 3.557073595499999903e-04 1.066494143299999951e-10 5.247328767100000379e-04 7.051278114500000063e-08 3.033562551800000023e-09 1.989446833200000144e-05 2.167004717600000074e-10 1.000000000000000038e-25 3.727779836100000107e-06 2.368816934999999898e-07 1.000000000000000038e-25 7.016282318899999594e-09 1.000000000000000038e-25 6.003026446099999962e-09 6.833836011400000045e-14 1.235612994600000023e-08 1.000000000000000038e-25 1.000000000000000038e-25 1.358016553100000045e-06 6.489978783900000122e-05
1.421909302127609409e-02 1.664174793949004425e+03 8.022382944699999645e-04 8.359183172499999870e-01 1.621704708499999981e-01 3.555882053899999816e-04 1.318529294400000053e-10 5.247083057099999901e-04 6.825477127599999604e-08 3.588619260300000182e-09 1.982118755699999971e-05 2.715705275199999830e-10 1.000000000000000038e-25 3.727506873199999874e-06 2.360995552800000057e-07 1.000000000000000038e-25 7.190150609399999641e-09 1.000000000000000038e-25 6.887676950100000139e-09 1.003832724499999998e-13 1.229421054900000073e-08 1.000000000000000038e-25 1.000000000000000038e-25 1.358016298700000096e-06 6.489620450199999331e-05
1.790077753714956060e-02 1.691654052067148996e+03 9.318276315300000421e-04 8.357993253500000108e-01 1.621599386099999984e-01 3.554532838599999993e-04 1.606323954200000109e-10 5.246763962799999874e-04 6.596498943199999353e-08 4.228071357799999961e-09 1.971717781399999922e-05 3.400606906999999752e-10 1.000000000000000038e-25 3.727152762099999896e-06 2.350969784799999959e-07 1.000000000000000038e-25 7.281098971199999781e-09 1.000000000000000038e-25 8.017718735999999476e-09 1.505705268100000069e-13 1.199677198599999950e-08 1.000000000000000038e-25 1.000000000000000038e-25 1.358021594899999974e-06 6.489165630599999708e-05
2.253574373239176920e-02 1.721304076808595255e+03 1.094749994099999913e-03 8.356497264800000213e-01 1.621466984000000111e-01 3.553022437400000198e-04 1.936682351799999917e-10 5.246356981600000481e-04 6.367405948599999697e-08 4.968910307700000209e-09 1.958103121999999870e-05 4.258982519900000034e-10 1.000000000000000038e-25 3.726697138899999856e-06 2.338336076600000043e-07 1.000000000000000038e-25 7.269680522299999997e-09 1.000000000000000038e-25 9.441598291599999515e-09 2.297447428100000101e-13 1.153234140899999962e-08 1.000000000000000038e-25 1.000000000000000038e-25 1.358019216100000070e-06 6.488595307399999657e-05
2.837082045838910938e-02 1.751332753264542362e+03 1.278929319099999943e-03 8.354806076099999812e-01 1.621317330000000001e-01 3.551479838799999800e-04 2.347464407500000121e-10 5.245892401299999787e-04 6.152586577499999931e-08 5.845701006199999617e-09 1.943532281699999846e-05 5.332599359299999868e-10 1.000000000000000038e-25 3.726164885200000143e-06 2.324068888999999972e-07 1.000000000000000038e-25 7.154710855499999849e-09 1.000000000000000038e-25 1.105692358999999997e-08 3.472389455800000215e-13 1.116626833099999969e-08 1.000000000000000038e-25 1.000000000000000038e-25 1.357980899799999980e-06 6.487947955399999875e-05
3.571674682851586069e-02 1.789951936326847772e+03 1.592880977299999902e-03 8.351825479500000204e-01 1.621068127099999923e-01 3.673836996199999973e-04 2.582522679299999996e-10 5.245088890000000528e-04 6.105994796199999975e-08 6.769785990500000252e-09 1.948571484899999876e-05 6.444837531100000501e-10 1.000000000000000038e-25 3.725252574899999879e-06 2.299861102900000011e-07 1.000000000000000038e-25 6.943146550599999689e-09 1.000000000000000038e-25 1.380585853399999935e-08 5.780118396200000219e-13 9.919880507999999982e-09 1.000000000000000038e-25 1.000000000000000038e-25 1.819927476300000086e-06 6.486882913099999875e-05
4.496472020903731492e-02 1.828761904454860769e+03 1.959760917899999993e-03 8.348458593399999961e-01 1.620756890600000000e-01 3.597592418799999930e-04 3.038248345999999837e-10 5.244114786199999875e-04 5.747724778600000322e-08 7.862039420099999700e-09 1.882669476399999889e-05 8.228028958699999939e-10 1.000000000000000038e-25 3.724096084499999986e-06 2.271869649299999930e-07 1.000000000000000038e-25 6.537836220199999815e-09 1.000000000000000038e-25 1.702605078600000060e-08 9.431183542099999278e-13 8.953857593399999919e-09 1.000000000000000038e-25 1.000000000000000038e-25 3.604429346900000141e-06 6.485563147700000521e-05
5.660722890537177310e-02 1.857032776651879203e+03 2.190347707100000121e-03 8.346340862700000196e-01 1.620569613099999973e-01 3.596517455200000119e-04 3.854449935399999917e-10 5.243521127500000477e-04 5.590123012399999794e-08 9.356419448399999501e-09 1.870761215499999871e-05 1.031595540600000027e-09 1.000000000000000038e-25 3.723323079399999838e-06 2.254499353400000040e-07 1.000000000000000038e-25 6.225768306099999974e-09 1.000000000000000038e-25 1.907989237499999948e-08 1.330786753400000063e-12 9.207577949499999854e-09 1.000000000000000038e-25 1.000000000000000038e-25 3.603946667700000211e-06 6.484729812299999837e-05
7.126427896022177744e-02 1.884377819043606451e+03 2.414981797900000050e-03 8.344277762499999751e-01 1.620387198899999881e-01 3.595548792599999799e-04 4.955728858900000225e-10 5.242940857200000188e-04 5.447167884000000251e-08 1.117075300899999994e-08 1.861282282900000130e-05 1.293450605999999965e-09 1.000000000000000038e-25 3.722532934100000045e-06 2.237751871199999985e-07 1.000000000000000038e-25 5.902930244399999745e-09 1.000000000000000038e-25 2.109659856300000078e-08 1.838724833000000173e-12 9.643954944800000116e-09 1.000000000000000038e-25 1.000000000000000038e-25 3.603397750499999926e-06 6.483901495800000153e-05
8.971641173621153209e-02 1.911043511305647144e+03 2.632890974300000197e-03 8.342276387400000548e-01 1.620210271899999999e-01 3.594672289200000139e-04 6.446773476100000424e-10 5.242376008800000422e-04 5.316089466299999933e-08 1.337754860000000078e-08 1.854045771899999939e-05 1.622557355899999942e-09 1.000000000000000038e-25 3.721727694100000036e-06 2.221680256500000003e-07 1.000000000000000038e-25 5.578853909300000338e-09 1.000000000000000038e-25 2.307091113699999895e-08 2.497689197400000058e-12 1.025870841499999969e-08 1.000000000000000038e-25 1.000000000000000038e-25 3.602793553500000009e-06 6.483078066699999881e-05
1.129462705897050778e-01 1.934217409085502823e+03 2.784339063900000133e-03 8.340885316399999638e-01 1.620087362400000064e-01 3.594101731600000136e-04 8.637125708899999971e-10 5.241982040900000249e-04 5.208341618099999972e-08 1.613623427100000058e-08 1.854094191200000106e-05 2.035630736600000153e-09 1.000000000000000038e-25 3.721107446299999958e-06 2.210657047499999901e-07 1.000000000000000038e-25 5.295733036400000135e-09 1.000000000000000038e-25 2.448177342299999948e-08 3.239544481900000090e-12 1.136705452299999944e-08 1.000000000000000038e-25 1.000000000000000038e-25 3.602141863900000163e-06 6.482455813499999708e-05
1.421909302127597752e-01 1.953517475954150996e+03 2.851568270699999814e-03 8.340267634100000382e-01 1.620032886699999952e-01 3.593871072899999840e-04 1.196191783900000097e-09 5.241805028000000527e-04 5.122807227999999908e-08 1.963789616599999846e-08 1.862155952899999977e-05 2.557945153400000121e-09 1.000000000000000038e-25 3.720747520599999830e-06 2.205880321200000046e-07 1.000000000000000038e-25 5.062199799100000291e-09 1.000000000000000038e-25 2.516901536200000114e-08 4.007557630299999612e-12 1.315843237399999939e-08 1.000000000000000038e-25 1.000000000000000038e-25 3.601447138900000081e-06 6.482091812199999577e-05
1.790077753714941489e-01 1.967664663899538027e+03 2.809872429199999910e-03 8.340650240000000437e-01 1.620066905700000004e-01 3.594047472399999822e-04 1.719417971900000054e-09 5.241908574500000074e-04 5.062533286599999850e-08 2.412048339099999915e-08 1.879448085000000169e-05 3.214960986199999987e-09 1.000000000000000038e-25 3.720751294400000031e-06 2.209082002900000130e-07 1.000000000000000038e-25 4.893663807600000023e-09 1.000000000000000038e-25 2.490399373499999911e-08 4.677630553899999923e-12 1.602328414199999983e-08 1.000000000000000038e-25 1.000000000000000038e-25 3.600695092799999834e-06 6.482069593299999541e-05
2.253574373239158879e-01 1.976069901244685525e+03 2.656412960099999859e-03 8.342059214400000533e-01 1.620191720199999907e-01 3.594628598300000141e-04 2.575539610299999900e-09 5.242298286100000298e-04 5.027793437500000212e-08 2.994469275299999710e-08 1.905660413399999975e-05 4.045360305699999723e-09 1.000000000000000038e-25 3.721143780100000109e-06 2.220473657699999894e-07 1.000000000000000038e-25 4.794951354399999795e-09 1.000000000000000038e-25 2.364468644199999991e-08 5.132728697100000231e-12 2.058941502600000045e-08 1.000000000000000038e-25 1.000000000000000038e-25 3.599822794000000133e-06 6.482400542499999600e-05
2.837082045838887900e-01 1.978681163539019963e+03 2.411624513800000175e-03 8.344306910000000022e-01 1.620390729700000032e-01 3.595542667399999814e-04 4.011344479099999810e-09 5.242917626399999512e-04 5.017548004399999841e-08 3.753808704999999718e-08 1.938768569499999935e-05 5.091750095599999623e-09 1.000000000000000038e-25 3.721861647400000082e-06 2.238646675799999968e-07 1.000000000000000038e-25 4.765021526100000311e-09 1.000000000000000038e-25 2.155313586099999895e-08 5.297541813200000280e-12 2.779951965999999887e-08 1.000000000000000038e-25 1.000000000000000038e-25 3.598728330600000039e-06 6.483021267000000612e-05
3.571674682851557203e-01 1.976354389829482443e+03 2.114928032000000166e-03 8.347031307800000244e-01 1.620631916599999944e-01 3.596661503000000070e-04 6.465493792799999655e-09 5.243658310299999670e-04 5.027786950699999779e-08 4.747622350600000208e-08 1.975479805099999997e-05 6.414691075099999761e-09 1.000000000000000038e-25 3.722765956899999953e-06 2.260802677399999972e-07 1.000000000000000038e-25 4.792676437999999598e-09 1.000000000000000038e-25 1.896815850099999924e-08 5.190044871499999660e-12 3.900966186100000212e-08 1.000000000000000038e-25 1.000000000000000038e-25 3.597280789999999830e-06 6.483803361300000232e-05
4.496472020903694577e-01 1.971005085603192583e+03 1.816224803500000005e-03 8.349774126700000298e-01 1.620874750100000095e-01 3.597820449400000232e-04 1.063058680000000001e-08 5.244382219100000419e-04 5.050646569799999670e-08 6.033778892599999520e-08 2.011554821600000035e-05 8.081250473699999363e-09 1.000000000000000038e-25 3.723679653499999963e-06 2.283268242500000014e-07 1.000000000000000038e-25 4.856191747800000352e-09 1.000000000000000038e-25 1.633480354900000128e-08 4.922626791699999626e-12 5.559450876399999937e-08 1.000000000000000038e-25 1.000000000000000038e-25 3.595391941199999947e-06 6.484581155599999415e-05
5.660722890537130958e-01 1.964735478064814970e+03 1.548891291399999990e-03 8.352228821799999592e-01 1.621092123800000062e-01 3.598909346299999923e-04 1.760494335700000150e-08 5.244990348000000066e-04 5.077661339200000328e-08 7.683241707099999566e-08 2.044130400100000155e-05 1.018468114899999983e-08 1.000000000000000038e-25 3.724485275100000002e-06 2.303487527299999871e-07 1.000000000000000038e-25 4.931138622500000009e-09 1.000000000000000038e-25 1.396031114999999969e-08 4.618594860999999636e-12 7.867067440299999773e-08 1.000000000000000038e-25 1.000000000000000038e-25 3.593031785499999893e-06 6.485238633799999782e-05
7.126427896022120567e-01 1.958846321717531282e+03 1.324254581099999903e-03 8.354291328699999797e-01 1.621274842900000124e-01 3.599897441299999812e-04 2.906742905099999860e-08 5.245435387299999912e-04 5.103340219999999696e-08 9.774328982999999476e-08 2.072155846900000165e-05 1.283052606099999950e-08 1.000000000000000038e-25 3.725144738699999884e-06 2.320518448500000066e-07 1.000000000000000038e-25 5.002009270800000318e-09 1.000000000000000038e-25 1.195531568200000052e-08 4.346662617600000114e-12 1.086877570099999970e-07 1.000000000000000038e-25 1.000000000000000038e-25 3.590218106799999943e-06 6.485732858099999335e-05
8.971641173621081045e-01 1.953823778091798431e+03 1.138751196800000037e-03 8.355994318199999604e-01 1.621425812800000033e-01 3.600819130199999873e-04 4.773230919199999830e-08 5.245698014399999883e-04 5.125554672300000040e-08 1.241802880099999949e-07 2.095958848699999946e-05 1.616390505500000110e-08 1.000000000000000038e-25 3.725670763000000103e-06 2.334560165799999886e-07 1.000000000000000038e-25 5.062932186699999802e-09 1.000000000000000038e-25 1.029407993899999926e-08 4.125440690899999722e-12 1.454942558900000080e-07 1.000000000000000038e-25 1.000000000000000038e-25 3.586953501800000082e-06 6.486069600199999687e-05
1.129462705897041452e+00 1.949845567485879656e+03 9.867835987899999800e-04 8.357389127300000053e-01 1.621549593199999861e-01 3.601731839700000231e-04 7.772194170399999631e-08 5.245749788000000175e-04 5.143335768199999856e-08 1.573807541999999960e-07 2.116056246000000009e-05 2.034724784199999938e-08 1.000000000000000038e-25 3.726082974900000100e-06 2.345993942199999948e-07 1.000000000000000038e-25 5.111362934099999744e-09 1.000000000000000038e-25 8.930060525100000589e-09 3.958260208400000393e-12 1.877171565500000087e-07 1.000000000000000038e-25 1.000000000000000038e-25 3.583252233500000063e-06 6.486262853499999697e-05
1.421909302127586150e+00 1.947001037149156218e+03 8.615076508100000382e-04 8.358538504400000457e-01 1.621651766099999892e-01 3.602726213900000248e-04 1.257913039499999980e-07 5.245538078399999493e-04 5.156342237200000132e-08 1.992368661300000123e-07 2.133174560300000146e-05 2.562979343800000123e-08 1.000000000000000038e-25 3.726403659500000003e-06 2.355315624200000101e-07 1.000000000000000038e-25 5.146501180699999779e-09 1.000000000000000038e-25 7.803949273200000288e-09 3.842809684700000172e-12 2.333710200699999927e-07 1.000000000000000038e-25 1.000000000000000038e-25 3.579089571600000164e-06 6.486327201699999487e-05
1.790077753714927056e+00 1.945259612250461487e+03 7.583451675900000416e-04 8.359484354099999681e-01 1.621736079099999894e-01 3.603916758900000002e-04 2.017489740300000017e-07 5.244973637299999662e-04 5.164578373200000170e-08 2.515670816899999951e-07 2.147772064300000066e-05 3.225447021500000042e-08 1.000000000000000038e-25 3.726648285799999915e-06 2.362863995200000053e-07 1.000000000000000038e-25 5.168462370300000383e-09 1.000000000000000038e-25 6.875730233800000098e-09 3.775126191799999975e-12 2.794119984099999787e-07 1.000000000000000038e-25 1.000000000000000038e-25 3.574481447800000144e-06 6.486273735400000472e-05
2.253574373239140449e+00 1.944420081314270192e+03 6.717495952900000419e-04 8.360277382799999879e-01 1.621807091799999934e-01 3.605487888599999782e-04 3.216766428099999794e-07 5.243905316300000174e-04 5.169001305900000299e-08 3.172190701199999971e-07 2.160449339000000037e-05 4.058951420099999732e-08 1.000000000000000038e-25 3.726834067999999961e-06 2.369054258400000022e-07 1.000000000000000038e-25 5.179883847700000413e-09 1.000000000000000038e-25 6.095928878099999670e-09 3.744613375399999649e-12 3.235348180799999787e-07 1.000000000000000038e-25 1.000000000000000038e-25 3.569371951099999944e-06 6.486113410900000225e-05
2.837082045838864808e+00 1.944170836547615409e+03 5.977081893400000220e-04 8.360954096999999585e-01 1.621868146200000083e-01 3.607705086400000223e-04 5.101304187099999671e-07 5.242092539900000204e-04 5.171080333799999983e-08 3.993712087500000259e-07 2.171617448599999969e-05 5.103103532200000178e-08 1.000000000000000038e-25 3.726973501500000129e-06 2.374186011699999875e-07 1.000000000000000038e-25 5.184716062700000326e-09 1.000000000000000038e-25 5.428471030300000012e-09 3.737858107599999862e-12 3.637914094600000153e-07 1.000000000000000038e-25 1.000000000000000038e-25 3.563705586900000044e-06 6.485855758600000368e-05
3.571674682851528004e+00 1.944224315617715547e+03 5.328869852099999468e-04 8.361544547400000527e-01 1.621922089299999981e-01 3.610989533499999815e-04 8.073921178600000510e-07 5.239133403600000410e-04 5.172279615500000210e-08 5.026490894900000320e-07 2.181658767400000129e-05 6.413839114000000490e-08 1.000000000000000038e-25 3.727075931800000069e-06 2.378500610400000046e-07 1.000000000000000038e-25 5.186813628100000088e-09 1.000000000000000038e-25 4.843323022500000364e-09 3.742902734199999802e-12 3.992126328099999831e-07 1.000000000000000038e-25 1.000000000000000038e-25 3.557364715900000071e-06 6.485504768899999451e-05
4.496472020903658162e+00 1.944416035490062541e+03 4.756829463799999778e-04 8.362062605300000229e-01 1.621970431499999976e-01 3.615963531599999947e-04 1.274663341499999899e-06 5.234411310799999681e-04 5.173529373200000050e-08 6.321887021799999556e-07 2.190795561000000069e-05 8.051082919499999486e-08 1.000000000000000038e-25 3.727145648899999885e-06 2.382109742599999922e-07 1.000000000000000038e-25 5.188508467699999815e-09 1.000000000000000038e-25 4.326168030799999742e-09 3.753643607100000387e-12 4.291649463300000206e-07 1.000000000000000038e-25 1.000000000000000038e-25 3.550263117999999957e-06 6.485060877300000506e-05
5.660722890537083885e+00 1.944705196080429232e+03 4.248191760000000010e-04 8.362518639899999551e-01 1.622014543099999928e-01 3.623614637200000166e-04 2.009914153600000030e-06 5.226937953799999995e-04 5.175506938299999730e-08 7.951435309800000258e-07 2.199279803199999852e-05 1.009539088199999990e-07 1.000000000000000038e-25 3.727185197099999922e-06 2.385095567799999910e-07 1.000000000000000038e-25 5.191344056999999838e-09 1.000000000000000038e-25 3.865671449999999998e-09 3.767684641300000089e-12 4.537520350699999875e-07 1.000000000000000038e-25 1.000000000000000038e-25 3.542265181799999918e-06 6.484518782599999929e-05
7.126427896022061503e+00 1.945115558852389768e+03 3.797707534900000262e-04 8.362915475300000123e-01 1.622055340000000123e-01 3.635400243199999855e-04 3.158727530600000079e-06 5.215245888300000477e-04 5.178662584300000040e-08 9.994429833999999564e-07 2.207328252600000126e-05 1.262837672499999972e-07 1.000000000000000038e-25 3.727195349800000212e-06 2.387488476199999967e-07 1.000000000000000038e-25 5.196155056600000125e-09 1.000000000000000038e-25 3.457325263799999979e-09 3.786335082200000362e-12 4.733210965999999815e-07 1.000000000000000038e-25 1.000000000000000038e-25 3.533267525399999823e-06 6.483872624400000137e-05
8.971641173621007326e+00 1.945698913467002512e+03 3.398782034700000183e-04 8.363256102499999622e-01 1.622094109599999945e-01 3.653562143799999750e-04 4.945444023700000138e-06 5.197077035400000239e-04 5.183620352300000056e-08 1.255833489299999952e-06 2.215255625300000160e-05 1.574919359699999966e-07 1.000000000000000038e-25 3.727176600899999931e-06 2.389323981699999885e-07 1.000000000000000038e-25 5.204161545599999700e-09 1.000000000000000038e-25 3.095354328499999903e-09 3.811783344499999827e-12 4.885893751300000415e-07 1.000000000000000038e-25 1.000000000000000038e-25 3.523095116199999997e-06 6.483111997300000293e-05
1.129462705897032393e+01 1.946533977347346536e+03 3.048058815799999793e-04 8.363539311600000081e-01 1.622132175899999862e-01 3.681252887299999951e-04 7.686377435400000506e-06 5.169253771800000168e-04 5.191088173100000076e-08 1.576000599199999917e-06 2.223412540400000054e-05 1.953745619800000038e-07 1.000000000000000038e-25 3.727128969400000102e-06 2.390619077600000012e-07 1.000000000000000038e-25 5.216906651100000182e-09 1.000000000000000038e-25 2.776888738900000006e-09 3.847556209100000159e-12 5.002665556000000392e-07 1.000000000000000038e-25 1.000000000000000038e-25 3.511583749400000082e-06 6.482227931800000080e-05
1.421909302127574648e+01 1.947740544522278924e+03 2.739715984199999916e-04 8.363763990800000547e-01 1.622171593600000017e-01 3.723216049899999935e-04 1.185772272400000068e-05 5.126996103400000351e-04 5.201829785800000067e-08 1.977611399500000032e-06 2.232325429899999886e-05 2.408978295699999752e-07 1.000000000000000038e-25 3.727051211399999885e-06 2.391395925000000133e-07 1.000000000000000038e-25 5.236497657900000369e-09 1.000000000000000038e-25 2.496795113099999794e-09 3.899504788299999602e-12 5.091404419099999769e-07 1.000000000000000038e-25 1.000000000000000038e-25 3.498393621800000047e-06 6.481198914099999659e-05
1.790077753714912134e+01 1.949486760160021731e+03 2.472808996999999978e-04 8.363923242799999880e-01 1.622214339799999960e-01 3.785178002600000122e-04 1.803552856699999949e-05 5.064536067399999552e-04 5.216094426199999777e-08 2.476759148100000059e-06 2.242493007000000025e-05 2.939933258900000090e-07 1.000000000000000038e-25 3.726941762899999961e-06 2.391658781200000243e-07 1.000000000000000038e-25 5.265195807700000033e-09 1.000000000000000038e-25 2.254347515799999840e-09 3.975200160200000030e-12 5.157785706500000384e-07 1.000000000000000038e-25 1.000000000000000038e-25 3.483264548299999910e-06 6.480010488200000631e-05
2.253574373239121797e+01 1.952048290890666067e+03 2.244443821600000102e-04 8.364009770800000521e-01 1.622263086300000101e-01 3.874470308699999891e-04 2.695714675400000062e-05 4.974495616399999837e-04 5.232777196699999729e-08 3.096998578100000162e-06 2.254521676400000083e-05 3.542479296900000176e-07 1.000000000000000038e-25 3.726796319599999952e-06 2.391415402500000114e-07 1.000000000000000038e-25 5.304834289299999704e-09 1.000000000000000038e-25 2.047058846899999834e-09 4.087951275699999668e-12 5.207293332899999877e-07 1.000000000000000038e-25 1.000000000000000038e-25 3.465733863599999847e-06 6.478627991600000556e-05
2.837082045838841537e+01 1.955847561973155280e+03 2.055622469500000080e-04 8.364013503399999605e-01 1.622319990899999953e-01 3.997836953800000190e-04 3.930111589599999975e-05 4.850101555200000015e-04 5.247480208400000075e-08 3.860216333499999914e-06 2.268794056699999868e-05 4.198302822399999947e-07 1.000000000000000038e-25 3.726608946099999946e-06 2.390675346699999750e-07 1.000000000000000038e-25 5.353670182500000121e-09 1.000000000000000038e-25 1.876028054299999962e-09 4.260494908100000304e-12 5.243813869899999719e-07 1.000000000000000038e-25 1.000000000000000038e-25 3.445490655299999976e-06 6.477010568299999458e-05
3.571674682851498517e+01 1.961284850588418522e+03 1.904059085400000052e-04 8.363928136399999547e-01 1.622387295999999923e-01 4.161440586199999865e-04 5.568596135900000195e-05 4.685186961500000208e-04 5.252513362599999899e-08 4.796280481900000415e-06 2.285492602900000063e-05 4.883985400599999531e-07 1.000000000000000038e-25 3.726370287800000084e-06 2.389461014500000143e-07 1.000000000000000038e-25 5.409643990000000140e-09 1.000000000000000038e-25 1.739304793499999920e-09 4.518506650199999978e-12 5.270810722699999606e-07 1.000000000000000038e-25 1.000000000000000038e-25 3.422102860000000023e-06 6.475093804599999544e-05
4.496472020903621569e+01 1.969221388461307015e+03 1.795021318000000082e-04 8.363748370300000401e-01 1.622464684799999890e-01 4.365545404499999874e-04 7.613507292899999925e-05 4.479536402299999953e-04 5.233625283499999772e-08 5.927318720299999716e-06 2.304170858600000042e-05 5.572272162000000233e-07 1.000000000000000038e-25 3.726070231299999909e-06 2.387826178799999875e-07 1.000000000000000038e-25 5.459747171399999773e-09 1.000000000000000038e-25 1.642046543699999998e-09 4.921617913699999752e-12 5.290444411499999999e-07 1.000000000000000038e-25 1.000000000000000038e-25 3.395866667100000141e-06 6.472786142699999562e-05
5.660722890537037699e+01 1.980598827773260837e+03 1.732190141399999987e-04 8.363476093799999678e-01 1.622550265000000103e-01 4.605715555299999910e-04 1.001738422200000041e-04 4.237887465500000169e-04 5.175131599499999707e-08 7.278980908300000316e-06 2.324045201699999956e-05 6.249463219200000078e-07 1.000000000000000038e-25 3.725698160299999865e-06 2.385860292999999744e-07 1.000000000000000038e-25 5.487731263100000235e-09 1.000000000000000038e-25 1.588036702499999971e-09 5.556853302399999906e-12 5.304597672499999763e-07 1.000000000000000038e-25 1.000000000000000038e-25 3.367490402600000092e-06 6.470980818899999660e-05
7.126427896022002528e+01 1.996094101448086803e+03 1.718055738200000059e-04 8.363121753300000183e-01 1.622640344500000109e-01 4.872134836900000117e-04 1.267282918999999906e-04 3.970948978100000267e-04 5.065932395799999828e-08 8.868238322399999405e-06 2.344077501400000031e-05 6.911932046200000193e-07 1.000000000000000038e-25 3.725248237899999922e-06 2.383675817700000085e-07 1.000000000000000038e-25 5.478488880799999607e-09 1.000000000000000038e-25 1.580037541300000004e-09 6.541525691199999712e-12 5.314699306699999821e-07 1.000000000000000038e-25 1.000000000000000038e-25 3.338236147800000185e-06 6.473221251499999894e-05
8.971641173620933785e+01 2.019932531786806976e+03 1.799238689399999965e-04 8.362674288500000497e-01 1.622718450199999995e-01 5.134598525300000096e-04 1.523955947600000055e-04 3.712503815100000218e-04 4.898485246199999684e-08 1.065430762300000002e-05 2.362457440300000036e-05 7.645061658000000331e-07 1.000000000000000038e-25 3.724727180500000177e-06 2.381549462499999944e-07 1.000000000000000038e-25 5.367208880899999899e-09 1.000000000000000038e-25 1.663380037199999904e-09 8.370153008600000079e-12 5.320624011500000477e-07 1.000000000000000038e-25 1.000000000000000038e-25 3.313599980800000019e-06 6.495127757000000669e-05
1.129462705897022943e+02 2.049737911986970175e+03 1.952322381999999979e-04 8.362164270799999910e-01 1.622788347999999936e-01 5.392540067800000343e-04 1.771737377899999983e-04 3.462521394700000203e-04 4.690351511400000236e-08 1.267065444100000073e-05 2.379186754800000130e-05 8.447451813700000118e-07 1.000000000000000038e-25 3.724139139800000008e-06 2.379340637800000123e-07 1.000000000000000038e-25 5.185452184000000089e-09 1.000000000000000038e-25 1.817205190900000063e-09 1.130160326000000017e-11 5.324330032999999569e-07 1.000000000000000038e-25 1.000000000000000038e-25 3.313428536399999955e-06 6.576381135800000543e-05
1.421909302127562853e+02 2.096807545990279323e+03 2.346279204000000049e-04 8.361530814600000028e-01 1.622812591399999949e-01 5.577143507099999479e-04 1.937069399900000135e-04 3.293626373399999850e-04 4.458911602099999853e-08 1.470569235599999946e-05 2.391156986799999944e-05 9.659987552399999874e-07 1.000000000000000038e-25 3.723537258500000010e-06 2.377112043299999887e-07 1.000000000000000038e-25 4.782958251400000348e-09 1.000000000000000038e-25 2.208915260900000049e-09 1.785130004500000108e-11 5.323103527600000337e-07 1.000000000000000038e-25 1.000000000000000038e-25 3.389668184900000162e-06 6.611850763900000176e-05
1.790077753714897710e+02 2.193707912341889823e+03 3.720401361499999881e-04 8.360071112700000473e-01 1.622615420699999866e-01 5.492336684900000002e-04 1.841466922200000111e-04 3.380716946399999899e-04 4.224784077000000320e-08 1.598944705599999934e-05 2.387995625499999861e-05 1.250169555899999933e-06 1.000000000000000038e-25 3.722846851500000134e-06 2.371708818799999908e-07 1.940193384100000053e-08 3.798495834999999814e-09 4.064564715099999782e-07 3.590664930499999998e-09 4.302442325699999939e-11 5.304739221299999674e-07 1.467622812200000035e-05 1.000000000000000038e-25 3.467171868099999906e-06 6.596783482599999620e-05
2.253574373239103465e+02 2.332068737258049623e+03 6.954442152100000262e-04 8.357227464199999956e-01 1.622250122599999955e-01 5.276775484300000318e-04 1.603525365300000061e-04 3.603705154299999985e-04 3.991571970200000017e-08 1.675175523799999990e-05 2.371264598000000012e-05 1.724431623700000099e-06 1.000000000000000038e-25 3.721496764800000152e-06 2.352567534300000121e-07 1.385279570899999879e-07 2.661859889899999938e-09 1.368570274999999971e-06 6.957536244999999657e-09 1.329110641500000049e-10 5.258987243799999916e-07 3.851026768600000283e-05 1.000000000000000038e-25 3.657568734799999975e-06 6.572065160699999350e-05
