3.401114059005487245e-01 3.340971071905939484e+10
3.435125199595542300e-01 5.351787876623419952e+10
3.469476451591497201e-01 5.626020837256799316e+10
3.504171216107412334e-01 5.824736978079619598e+10
3.539212928268486436e-01 5.553648944569768524e+10
3.574605057551171750e-01 9.377955037255448914e+10
3.610351108126682584e-01 8.003420815681802368e+10
3.646454619207949999e-01 8.267878480611563110e+10
3.682919165400029282e-01 8.899214798518469238e+10
3.719748357054029064e-01 1.400887025998401794e+11
3.756945840624569266e-01 1.438158918088200073e+11
3.794515299030815081e-01 1.192253594410799561e+11
3.832460452021123065e-01 1.692441666046586609e+11
3.870785056541334312e-01 1.778124901663093262e+11
3.909492907106748016e-01 1.668675086763416748e+11
3.948587836177815391e-01 1.191873433218178558e+11
3.988073714539593917e-01 1.137210318757839508e+11
4.027954451684989667e-01 1.249423950137343292e+11
4.068233996201839342e-01 1.489559086617680969e+11
4.108916336163858096e-01 1.288840652903744812e+11
4.150005499525497021e-01 1.588436151414298401e+11
4.191505554520751908e-01 1.835511675812296448e+11
4.233420610065958822e-01 2.517544461835065002e+11
4.275754816166618122e-01 2.163048228038237610e+11
4.318512364328284114e-01 2.354493630693638611e+11
4.361697487971567533e-01 2.355537371957578125e+11
4.405314462851282475e-01 2.756896467996564941e+11
4.449367607479796094e-01 2.845980336664031372e+11
4.493861283554593800e-01 2.972535995858427734e+11
4.538799896390139921e-01 3.070151756310193481e+11
4.584187895354041031e-01 3.339550611870923462e+11
4.630029774307581336e-01 3.625382114618616333e+11
4.676330072050656761e-01 3.830701350609960938e+11
4.723093372771162701e-01 3.912572770080444336e+11
4.770324306498874289e-01 4.408905086190285034e+11
4.818027549563863032e-01 4.663715368592266235e+11
4.866207825059500891e-01 4.811780203489599609e+11
4.914869903310095656e-01 4.757731994018907471e+11
4.964018602343197584e-01 5.256570821847691040e+11
5.013658788366629482e-01 5.833652498119652100e+11
5.063795376250295188e-01 6.134521117617246094e+11
5.114433330012797541e-01 6.411883331840700684e+11
5.165577663312926893e-01 7.297693022011651611e+11
5.217233439946056262e-01 7.157221303334389648e+11
5.269405774345515825e-01 7.393341434590288086e+11
5.322099832088971194e-01 7.598711095452606201e+11
5.375320830409860973e-01 8.137956836378343506e+11
5.429074038713960215e-01 8.882630527534484863e+11
5.483364779101099762e-01 9.387769838685677490e+11
5.538198426892112503e-01 9.460692574864645996e+11
5.593580411161032107e-01 1.020754499188466187e+12
5.649516215272641917e-01 1.125997224952260986e+12
5.706011377425368458e-01 1.140772475253915039e+12
5.763071491199621699e-01 1.157972870595879395e+12
5.820702206111618704e-01 1.163355915684898438e+12
5.878909228172733981e-01 1.316918907691437500e+12
5.937698320454461998e-01 1.417509986486273193e+12
5.997075303659007428e-01 1.422106788340338379e+12
6.057046056695597480e-01 1.376075078681323975e+12
6.117616517262552955e-01 1.320950002383620605e+12
6.178792682435179096e-01 1.530850112510619141e+12
6.240580609259530620e-01 1.678428792813980469e+12
6.302986415352126448e-01 1.612797703126750244e+12
6.366016279505647413e-01 1.533091569379114746e+12
6.429676442300703565e-01 1.498944424553437744e+12
6.493973206723711034e-01 1.503909358368946777e+12
6.558912938790947278e-01 1.565013475333691406e+12
6.624502068178856895e-01 1.724513647040886230e+12
6.690747088860645730e-01 1.852855189967900391e+12
6.757654559749252110e-01 1.901412327919528320e+12
6.825231105346745153e-01 1.873020502110772461e+12
6.893483416400212338e-01 1.806984057136112061e+12
6.962418250564214039e-01 1.709277806783537598e+12
7.032042433069857212e-01 1.678371385323542480e+12
7.102362857400554841e-01 1.891272163417834717e+12
7.173386485974559967e-01 1.987392207571835449e+12
7.245120350834306500e-01 1.936698814385025635e+12
7.317571554342650053e-01 1.809783903058777100e+12
7.390747269886076554e-01 1.706417253789540771e+12
7.464654742584937441e-01 1.670600702812970215e+12
7.539301290010786971e-01 1.664265667310438232e+12
7.614694302910893775e-01 1.813035473472699219e+12
7.690841245940003290e-01 2.008052201002120117e+12
7.767749658399403234e-01 2.060185723179928955e+12
7.845427154983398710e-01 2.078305474701173340e+12
7.923881426533231354e-01 2.073249217781444336e+12
8.003120240798563545e-01 2.014741621922895264e+12
8.083151443206548770e-01 1.933501294782603027e+12
8.163982957638614701e-01 1.860526215601654785e+12
8.245622787215000082e-01 1.961171236152962646e+12
8.328079015087149761e-01 2.042456318492315674e+12
8.411359805238021181e-01 2.089904060553242432e+12
8.495473403290402237e-01 2.268015577657827148e+12
8.580428137323306004e-01 2.190035880426457764e+12
8.666232418696537820e-01 2.104666777481311279e+12
8.752894742883503554e-01 2.031619500524972168e+12
8.840423690312340099e-01 2.037353918790135010e+12
8.928827927215462479e-01 2.140550252336916992e+12
9.018116206487618580e-01 2.125551176961377930e+12
9.108297368552494833e-01 2.068782558833924805e+12
9.199380342238018260e-01 2.017675160243351562e+12
9.291374145660399320e-01 2.038235917138900635e+12
9.384287887117003235e-01 2.047273389605753174e+12
9.478130765988174167e-01 2.018383655226480957e+12
9.572912073648053299e-01 1.999274357919454346e+12
9.668641194384535176e-01 1.977997766726170898e+12
9.765327606328380039e-01 2.059655531313882080e+12
9.862980882391664261e-01 2.114841632142046631e+12
9.961610691215579960e-01 2.173248977799274658e+12
1.006122679812773590e+00 2.145921588508352295e+12
1.016183906610901300e+00 2.103814919153110840e+12
1.026345745677010202e+00 2.099790359069849609e+12
1.036609203133780355e+00 2.058703815182408447e+12
1.046975295165118336e+00 2.021088503074493164e+12
1.057445048116769204e+00 2.000263987648747314e+12
1.068019498597936989e+00 1.994580761915702637e+12
1.078699693583916597e+00 1.983888019676498535e+12
1.089486690519755552e+00 1.990726071027375732e+12
1.100381557424953138e+00 2.016341154675911377e+12
1.111385372999202481e+00 2.019825235037554688e+12
1.122499226729194666e+00 2.000677402715682373e+12
1.133724218996486455e+00 1.986216418146719971e+12
1.145061461186451135e+00 1.969137291997711426e+12
1.156512075798315831e+00 1.960588269293265625e+12
1.168077196556299047e+00 1.945786923408132080e+12
1.179757968521861988e+00 1.929573827279547852e+12
1.191555548207080761e+00 1.936080731578937500e+12
1.203471103689151889e+00 1.904085727570256104e+12
1.215505814726043354e+00 1.879357486681142334e+12
1.227660872873303610e+00 1.857572791433558105e+12
1.239937481602036762e+00 1.856609640405898682e+12
1.252336856418057032e+00 1.843039996913541992e+12
1.264860224982237824e+00 1.823403494954798096e+12
1.277508827232060051e+00 1.796594882198867920e+12
1.290283915504380818e+00 1.785601808077430908e+12
1.303186754659424462e+00 1.762681166605748291e+12
1.316218622206019040e+00 1.744513331131198242e+12
1.329380808428079153e+00 1.763257480542455078e+12
1.342674616512359975e+00 1.805275554580610596e+12
1.356101362677483380e+00 1.793672463111289307e+12
1.369662376304258355e+00 1.768846278982772461e+12
1.383359000067300837e+00 1.747409083424293213e+12
1.397192590067974027e+00 1.743083862461930420e+12
1.411164515968653665e+00 1.733022757688078369e+12
1.425276161128340213e+00 1.719586360898508789e+12
1.439528922739623740e+00 1.693864845821880615e+12
1.453924211967019708e+00 1.669255844200370117e+12
1.468463454086690101e+00 1.652656609243847656e+12
1.483148088627556760e+00 1.626040753246305908e+12
1.497979569513832487e+00 1.598204172556696533e+12
1.512959365208970564e+00 1.567651314581349854e+12
1.528088958861060442e+00 1.539071827506400879e+12
1.543369848449671178e+00 1.513477239032302490e+12
1.558803546934167894e+00 1.485326270661481689e+12
1.574391582403509737e+00 1.452533694213079346e+12
1.590135498227544852e+00 1.422121173177861816e+12
1.606036853209820148e+00 1.393633007649845703e+12
1.622097221741918505e+00 1.361779687465255859e+12
1.638318193959337421e+00 1.328656639674425537e+12
1.654701375898931071e+00 1.296624578185739014e+12
1.671248389657920441e+00 1.266461107075122803e+12
1.687960873554499530e+00 1.244367698680575928e+12
1.704840482290044701e+00 1.231045610092589111e+12
1.721888887112944966e+00 1.226104017509697998e+12
1.739107775984074289e+00 1.213401959181405029e+12
1.756498853743915012e+00 1.205178792765856689e+12
1.774063842281354608e+00 1.197754237073880371e+12
1.791804480704168201e+00 1.183838968222162598e+12
1.809722525511209934e+00 1.170006084344636475e+12
1.827819750766321860e+00 1.148198426414668457e+12
1.846097948273984990e+00 1.135753959063387207e+12
1.864558927756724938e+00 1.121746733663245850e+12
1.883204517034292147e+00 1.090749174545551392e+12
1.902036562204635128e+00 1.064946722414923706e+12
1.921056927826681582e+00 1.041692769039764526e+12
1.940267497104948502e+00 1.019294905141657837e+12
1.959670172075998140e+00 9.940955515647075195e+11
1.979266873796758031e+00 9.780945958410678711e+11
1.999059542534725509e+00 9.582143045672823486e+11
2.019050137960073155e+00 9.395367580620756836e+11
2.039240639339673589e+00 9.181187252428443604e+11
2.059633045733070489e+00 8.973864436710910645e+11
2.080229376190401158e+00 8.762467722801978760e+11
2.101031669952305059e+00 8.521385129874732666e+11
2.122041986651828083e+00 8.300051197776940918e+11
2.143262406518346097e+00 8.066663090830101318e+11
2.164695030583529967e+00 7.821266155754433594e+11
2.186341980889365377e+00 7.600188398175634766e+11
2.208205400698258991e+00 7.371446169813259277e+11
2.230287454705241146e+00 7.150313620896494141e+11
2.252590329252293522e+00 6.947919628742999268e+11
2.275116232544817318e+00 6.755909304438854980e+11
2.297867394870265034e+00 6.728289710824487305e+11
2.320846068818967822e+00 6.626166440751831055e+11
2.344054529507157536e+00 6.492535462310089111e+11
2.367495074802228761e+00 6.351089502621545410e+11
2.391170025550251044e+00 6.300506774139481201e+11
2.415081725805753532e+00 6.192305363940676270e+11
2.439232543063811764e+00 6.086083446371231689e+11
2.463624868494449949e+00 5.990346778052318115e+11
2.488261117179394244e+00 5.873037330770710449e+11
2.513143728351188155e+00 5.748410921605811768e+11
2.538275165634700237e+00 5.599753000883752441e+11
2.563657917291046751e+00 5.452278035958118286e+11
2.589294496463957262e+00 5.293377180006304321e+11
2.615187441428596937e+00 5.120067371215361938e+11
2.641339315842882840e+00 4.961847726241801758e+11
2.667752709001311562e+00 4.809916602599925537e+11
2.694430236091324815e+00 4.693529673834916992e+11
2.721374538452237868e+00 4.585467016476469727e+11
2.748588283836760127e+00 4.486168572482497559e+11
2.776074166675128296e+00 4.378157984831955566e+11
2.803834908341879206e+00 4.256773795608355713e+11
2.831873257425297830e+00 4.156513915905157471e+11
2.860191989999551154e+00 4.039657063029625854e+11
2.888793909899546541e+00 3.912616713516466675e+11
2.917681848998542549e+00 3.826203407772911987e+11
2.946858667488527761e+00 3.711023730023522339e+11
2.976327254163412928e+00 3.613071516429180908e+11
3.006090526705047061e+00 3.497909856992839966e+11
3.036151431972097470e+00 3.409889944558618774e+11
3.066512946291818587e+00 3.294634605618214111e+11
3.097178075754736692e+00 3.205309983041832275e+11
3.128149856512283833e+00 3.105506239475413208e+11
3.159431355077406689e+00 3.007319579165925903e+11
3.191025668628181045e+00 2.915551913651171265e+11
3.222935925314462935e+00 2.817545237257362061e+11
3.255165284567607564e+00 2.728596669444619751e+11
3.287716937413283524e+00 2.638783034159129028e+11
3.320594106787416067e+00 2.551079291638980408e+11
3.353800047855290511e+00 2.469173265850130005e+11
3.387338048333843332e+00 2.386019608497285461e+11
3.421211428817182210e+00 2.307632237775534058e+11
3.455423543105353712e+00 2.229383215371312866e+11
3.489977778536407005e+00 2.156760051208847046e+11
3.524877556321771355e+00 2.086014719534255066e+11
3.560126331884988726e+00 2.016673495928008423e+11
3.595727595203838334e+00 1.948589786097378540e+11
3.631684871155877570e+00 1.885355624274798889e+11
3.668001719867436616e+00 1.823424857663100586e+11
3.704681737066110259e+00 1.761683791884150696e+11
3.741728554436771326e+00 1.700617884632930908e+11
3.779145839981139510e+00 1.642668141681436157e+11
3.816937298380950860e+00 1.589386242337280273e+11
3.855106671364760818e+00 1.536130266609309387e+11
3.893657738078407426e+00 1.485850368081977234e+11
3.932594315459191581e+00 1.439441983863173218e+11
3.971920258613783616e+00 1.398293892764639282e+11
4.011639461199922430e+00 1.355981775633963470e+11
4.051755855811920881e+00 1.317331126147078400e+11
4.092273414370040108e+00 1.281899950383398895e+11
4.133196148513740731e+00 1.240489512981463623e+11
4.174528109998877135e+00 1.203850816996997528e+11
4.216273391098866341e+00 1.166110246581661224e+11
4.258436125009854578e+00 1.133778554624364014e+11
4.301020486259953479e+00 1.109644293181602478e+11
4.344030691122553023e+00 1.077232810478142395e+11
4.387470998033777825e+00 1.049213135720187378e+11
4.431345708014116092e+00 1.024338825468468628e+11
4.475659165094256764e+00 9.974071611312200928e+10
4.520415756745198799e+00 9.670867154609024048e+10
4.565619914312651240e+00 9.363139483772482300e+10
4.611276113455778258e+00 9.080310110315493774e+10
4.657388874590335348e+00 8.767863117631280518e+10
4.703962763336238417e+00 8.466616153312812805e+10
4.751002390969600420e+00 8.186081233096354675e+10
4.798512414879296806e+00 7.924173052962817383e+10
4.846497539028090884e+00 7.649473032270909119e+10
4.894962514418371491e+00 7.408613768821916199e+10
4.943912139562555375e+00 7.159001693480566406e+10
4.993351260958180937e+00 6.921382526786497498e+10
5.043284773567762613e+00 6.709938431974516296e+10
5.093717621303440524e+00 6.476948971552019501e+10
5.144654797516475142e+00 6.263864413673388672e+10
5.196101345491639378e+00 6.050380614626375580e+10
5.248062358946555150e+00 5.847108716487974548e+10
5.300542982536021519e+00 5.645572029902311707e+10
5.353548412361381459e+00 5.452715148489099121e+10
5.407083896484995655e+00 5.276347681620177460e+10
5.461154735449845532e+00 5.090761528300025940e+10
5.515766282804344556e+00 4.914795015905435944e+10
5.570923945632387131e+00 4.744672748522543335e+10
5.626633185088711464e+00 4.579179438577732849e+10
5.682899516939598605e+00 4.417945244014272308e+10
5.739728512108993819e+00 4.267737498565995789e+10
5.797125797230084032e+00 4.108644428393859863e+10
5.855097055202384659e+00 3.968657249395141602e+10
5.913648025754409510e+00 3.820714457059077454e+10
5.972784506011953987e+00 3.685413806353833008e+10
6.032512351072073287e+00 3.557941138681198120e+10
6.092837474582792900e+00 3.423991680383444595e+10
6.153765849328621584e+00 3.298966091991380310e+10
6.215303507821907658e+00 3.180587525353121185e+10
6.277456542900125669e+00 3.071978937579425812e+10
6.340231108329128062e+00 2.967905176182669830e+10
6.403633419412418704e+00 2.874819815949328613e+10
6.467669753606543281e+00 2.798939874514704514e+10
6.532346451142608146e+00 2.714619467162432098e+10
6.597669915654034156e+00 2.640026895191750336e+10
6.663646614810574853e+00 2.560284714076936722e+10
6.730283080958680664e+00 2.459740770998420334e+10
6.797585911768267763e+00 2.383833115762911606e+10
6.865561770885950210e+00 2.296901167467829895e+10
6.934217388594810849e+00 2.218612491949660110e+10
7.003559562480758949e+00 2.133798298230575562e+10
7.073595158105566050e+00 2.061741948880476761e+10
7.144331109686621772e+00 1.987013006769813538e+10
7.215774420783487741e+00 1.915526064984392548e+10
7.287932164991324235e+00 1.848159780105278015e+10
7.360811486641236634e+00 1.781219375780574799e+10
7.434419601507648245e+00 1.717699040974431229e+10
7.508763797522725270e+00 1.657067652712973595e+10
7.583851435497953375e+00 1.598198483333086967e+10
7.659689949852931612e+00 1.541025390317033958e+10
7.736286849351461825e+00 1.487453290804652023e+10
7.813649717844977083e+00 1.428032486059671021e+10
7.891786215023426365e+00 1.386030238102725983e+10
7.970704077173661695e+00 1.334265257612294197e+10
8.050411117945397876e+00 1.287303420381140900e+10
8.130915229124850541e+00 1.243191559348105240e+10
8.212224381416099561e+00 1.198061421263173103e+10
8.294346625230261338e+00 1.156975978739922905e+10
8.377290091482562318e+00 1.115499173252622604e+10
8.461062992397387461e+00 1.075638615699546242e+10
8.545673622321363183e+00 1.037458175200625038e+10
8.631130358544575998e+00 9.985607827315103531e+09
8.717441662130022806e+00 9.635072573550155640e+09
8.804616078751321240e+00 9.285005964635019302e+09
8.892662239538834612e+00 8.930998358083198547e+09
8.981588861934222123e+00 8.608007969284715652e+09
9.071404750553567098e+00 8.283813748731582642e+09
9.162118798059102787e+00 7.984834027684019089e+09
9.253739986039693832e+00 7.694099468620104790e+09
9.346277385900089385e+00 7.415878739866234779e+09
9.439740159759089977e+00 7.145714797831151962e+09
9.534137561356683221e+00 6.874034969318695068e+09
9.629478936970249592e+00 6.643939723357754707e+09
9.725773726339950187e+00 6.391530982055555344e+09
9.823031463603349778e+00 6.164489963348603249e+09
9.921261778239381712e+00 5.954459081293457031e+09
1.002047439602177548e+01 5.726964056258605003e+09
1.012067913998199487e+01 5.529537189762508392e+09
1.022188593138181290e+01 5.321258252353212357e+09
1.032410479069563181e+01 5.142937727619205475e+09
1.042734583860258724e+01 4.950944884778382301e+09
1.053161929698861421e+01 4.778544300705004692e+09
1.063693548995849980e+01 4.604772756045606613e+09
1.074330484485808412e+01 4.443505397265362740e+09
1.085073789330666472e+01 4.276393402549586773e+09
1.095924527223973222e+01 4.135617449602451324e+09
1.106883772496212970e+01 3.978063518166010380e+09
1.117952610221174936e+01 3.839333435888108730e+09
1.129132136323386781e+01 3.697345083769350052e+09
1.140423457686620701e+01 3.563042611038198471e+09
1.151827692263487002e+01 3.437171614862706184e+09
1.163345969186121920e+01 3.311590342617993355e+09
1.174979428877982990e+01 3.193233486098130226e+09
1.186729223166762992e+01 3.073644733752893448e+09
1.198596515398430462e+01 2.956346175358592510e+09
1.210582480552414708e+01 2.850226575270507336e+09
1.222688305357938887e+01 2.744026056801535130e+09
1.234915188411518194e+01 2.645540415939991474e+09
1.247264340295633467e+01 2.548344984843204021e+09
1.259736983698589619e+01 2.449909818243887901e+09
1.272334353535575424e+01 2.361632949067176819e+09
1.285057697070931226e+01 2.274499518107717991e+09
1.297908274041640553e+01 2.193205311977890015e+09
1.310887356782057012e+01 2.109890573947389364e+09
1.323996230349877479e+01 2.034062684704265833e+09
1.337236192653376321e+01 1.958661335237538815e+09
1.350608554579910248e+01 1.886795308740278006e+09
1.364114640125709244e+01 1.811897308373245001e+09
1.377755786526966197e+01 1.749227668258349419e+09
1.391533344392236238e+01 1.680214440676457405e+09
1.405448677836158211e+01 1.617971618542113304e+09
1.419503164614519974e+01 1.565845805879993677e+09
1.433698196260665192e+01 1.500253333524456978e+09
1.448035178223271835e+01 1.447132703508445501e+09
1.462515530005504516e+01 1.396249513203633547e+09
1.477140685305559664e+01 1.338628635691785812e+09
1.491912092158615089e+01 1.291942460248764515e+09
1.506831213080201159e+01 1.241479019913725853e+09
1.521899525211003024e+01 1.196143633256456852e+09
1.537118520463113214e+01 1.152392745146394491e+09
1.552489705667744246e+01 1.107196947431341648e+09
1.568014602724421813e+01 1.067464497053058267e+09
1.583694748751665848e+01 1.026437830428049922e+09
1.599531696239182388e+01 9.897671311083668470e+08
1.615527013201574391e+01 9.543637932327156067e+08
1.631682283333590178e+01 9.145215474294242859e+08
1.647999106166925998e+01 8.826965736985861063e+08
1.664479097228595350e+01 8.497557962915171385e+08
1.681123888200881211e+01 8.167285546823601723e+08
1.697935127082889650e+01 7.853968972940765619e+08
1.714914478353718863e+01 7.567865891451853514e+08
1.732063623137256059e+01 7.294632554022926092e+08
1.749384259368628847e+01 6.997998610416669846e+08
1.766878101962314673e+01 6.757557464476294518e+08
1.784546882981938509e+01 6.478071450464150906e+08
1.802392351811757720e+01 6.246202802835463285e+08
1.820416275329875333e+01 6.010535200466697216e+08
1.838620438083173880e+01 5.780523545837032795e+08
1.857006642464005353e+01 5.571183171332367659e+08
1.875576708888645427e+01 5.357840244651145935e+08
1.894332475977532226e+01 5.155518408489803672e+08
1.913275800737307719e+01 4.948880960295064449e+08
1.969740769490774923e+01 4.424007900577518940e+08
2.068227807965313403e+01 3.644266541677767038e+08
2.171639198363579126e+01 3.010955183327960372e+08
2.280221158281758420e+01 2.488671142014518380e+08
2.394232216195846163e+01 2.058943619863868952e+08
2.513943827005638454e+01 1.701225449079574049e+08
2.639641018355920465e+01 1.407352662295651436e+08
2.771623069273716311e+01 1.163823239182382375e+08
2.910204222737402446e+01 9.621195762952834368e+07
3.055714433874272729e+01 7.960452028757055104e+07
3.208500155567985956e+01 6.575179047726470232e+07
3.368925163346385432e+01 5.443742122563655674e+07
3.537371421513704206e+01 4.490719758578077704e+07
3.714239992589390482e+01 3.701112840117896348e+07
3.899951992218858976e+01 3.046326880851424858e+07
4.094949591829801960e+01 2.508132572443557531e+07
4.299697071421292094e+01 2.064899504533252865e+07
4.514681924992356699e+01 1.698680342793616280e+07
4.740416021241974676e+01 1.398576252040211298e+07
4.977436822304073161e+01 1.151518227671991661e+07
5.226308663419276712e+01 9.495371627346133813e+06
5.487624096590241152e+01 7.796083348639007658e+06
5.762005301419753067e+01 6.432232762670231052e+06
6.050105566490740472e+01 5.285291599231921136e+06
6.352610844815276891e+01 4.346113166942333803e+06
6.670241387056040594e+01 3.584894678244313225e+06
7.003753456408843192e+01 2.944188707774378825e+06
7.353941129229284002e+01 2.422733456442521419e+06
7.721638185690748912e+01 1.989078537943206029e+06
8.107720094975286429e+01 1.638026642020666506e+06
8.513106099724051035e+01 1.347352118807126302e+06
8.938761404710253089e+01 1.104326371675727423e+06
9.385699474945765530e+01 9.094966905605371576e+05
