3.401114059005487245e-01 6.772972670940695953e+10
3.435125199595542300e-01 5.287643428134159088e+10
3.469476451591497201e-01 6.897076316592628479e+10
3.504171216107412334e-01 8.650818403167732239e+10
3.539212928268486436e-01 9.150342337768609619e+10
3.574605057551171750e-01 9.018221488046713257e+10
3.610351108126682584e-01 9.485210614612701416e+10
3.646454619207949999e-01 9.535942095481248474e+10
3.682919165400029282e-01 8.820271458182066345e+10
3.719748357054029064e-01 9.336780928381829834e+10
3.756945840624569266e-01 1.081478712525447083e+11
3.794515299030815081e-01 1.309250546744976501e+11
3.832460452021123065e-01 1.285465361767862396e+11
3.870785056541334312e-01 1.461754300199978943e+11
3.909492907106748016e-01 1.420204323438393555e+11
3.948587836177815391e-01 1.171470433145572662e+11
3.988073714539593917e-01 1.038885582372446442e+11
4.027954451684989667e-01 5.843452474555284882e+10
4.068233996201839342e-01 6.251677557292422485e+10
4.108916336163858096e-01 9.779429890283438110e+10
4.150005499525497021e-01 1.447480169755357666e+11
4.191505554520751908e-01 1.542046039482897339e+11
4.233420610065958822e-01 1.606935595625379639e+11
4.275754816166618122e-01 1.623325170074786072e+11
4.318512364328284114e-01 1.442807368263150940e+11
4.361697487971567533e-01 1.452179698357729797e+11
4.405314462851282475e-01 1.606532673455634155e+11
4.449367607479796094e-01 1.620626555193605042e+11
4.493861283554593800e-01 1.626357888204598389e+11
4.538799896390139921e-01 1.596059498384049988e+11
4.584187895354041031e-01 1.412341438829765320e+11
4.630029774307581336e-01 1.246055259418417511e+11
4.676330072050656761e-01 1.072889880126418915e+11
4.723093372771162701e-01 8.222222960897862244e+10
4.770324306498874289e-01 5.348267401469667816e+10
4.818027549563863032e-01 3.327213438763004303e+10
4.866207825059500891e-01 1.789365307350779724e+10
4.914869903310095656e-01 1.609473301861316299e+10
4.964018602343197584e-01 1.180769305472095871e+10
5.013658788366629482e-01 7.952256785392246246e+09
5.063795376250295188e-01 6.008105370087133408e+09
5.114433330012797541e-01 5.217902380569666862e+09
5.165577663312926893e-01 4.397951459849370956e+09
5.217233439946056262e-01 3.825885993172000408e+09
5.269405774345515825e-01 3.244529433646457195e+09
5.322099832088971194e-01 2.791508126994238853e+09
5.375320830409860973e-01 2.424753996817495823e+09
5.429074038713960215e-01 2.047918987280092955e+09
5.483364779101099762e-01 1.748898823824891567e+09
5.538198426892112503e-01 1.483598702478146791e+09
5.593580411161032107e-01 1.219238531217704535e+09
5.649516215272641917e-01 1.005772484413761258e+09
5.706011377425368458e-01 7.992653220855811834e+08
5.763071491199621699e-01 6.030740037935876846e+08
5.820702206111618704e-01 4.109178091447204947e+08
5.878909228172733981e-01 1.375450574795016050e+08
5.937698320454461998e-01 2.758801349807924628e+08
5.997075303659007428e-01 4.705103331384317875e+08
6.057046056695597480e-01 6.321877273297811747e+08
6.117616517262552955e-01 7.679496003060324192e+08
6.178792682435179096e-01 8.980694963746455908e+08
6.240580609259530620e-01 1.021994678145882964e+09
6.302986415352126448e-01 1.147005779757073879e+09
6.366016279505647413e-01 1.269538964744984865e+09
6.429676442300703565e-01 1.382824963047053099e+09
6.493973206723711034e-01 1.488934794993255377e+09
6.558912938790947278e-01 1.421336247734799623e+09
6.624502068178856895e-01 1.741383280459326744e+09
6.690747088860645730e-01 1.887547423478497267e+09
6.757654559749252110e-01 2.007250598543944836e+09
6.825231105346745153e-01 2.035028772973952770e+09
6.893483416400212338e-01 1.869640229797326088e+09
6.962418250564214039e-01 1.643161724334393740e+09
7.032042433069857212e-01 1.540118311438334465e+09
7.102362857400554841e-01 1.485415245195189953e+09
7.173386485974559967e-01 1.373646413708628893e+09
7.245120350834306500e-01 1.259378722969460964e+09
7.317571554342650053e-01 1.105209191186543465e+09
7.390747269886076554e-01 9.542904973850555420e+08
7.464654742584937441e-01 8.075725507532924414e+08
7.539301290010786971e-01 6.412919639285910130e+08
7.614694302910893775e-01 3.997524806417239904e+08
7.690841245940003290e-01 8.774045018120403588e+07
7.767749658399403234e-01 4.512811276801390648e+08
7.845427154983398710e-01 7.326036583116706610e+08
7.923881426533231354e-01 9.869683665524938107e+08
8.003120240798563545e-01 1.256403526819028378e+09
8.083151443206548770e-01 1.499188836970339298e+09
8.163982957638614701e-01 1.749629903349318981e+09
8.245622787215000082e-01 2.071899129521014690e+09
8.328079015087149761e-01 2.408504391619100571e+09
8.411359805238021181e-01 2.795285332919741154e+09
8.495473403290402237e-01 3.264001050947435379e+09
8.580428137323306004e-01 3.795386305481101036e+09
8.666232418696537820e-01 4.384897195555295944e+09
8.752894742883503554e-01 5.000503225440575600e+09
8.840423690312340099e-01 5.639898244131717682e+09
8.928827927215462479e-01 5.764049254897960663e+09
9.018116206487618580e-01 6.488306334461863518e+09
9.108297368552494833e-01 7.323411399418863297e+09
9.199380342238018260e-01 7.605989929524323463e+09
9.291374145660399320e-01 5.974784148803359032e+09
9.384287887117003235e-01 6.355220356630029678e+09
9.478130765988174167e-01 7.193048453576605797e+09
9.572912073648053299e-01 7.607920772009998322e+09
9.668641194384535176e-01 8.402916764040213585e+09
9.765327606328380039e-01 9.190907984003175735e+09
9.862980882391664261e-01 1.050850167631404305e+10
9.961610691215579960e-01 1.237483079881344223e+10
1.006122679812773590e+00 1.439910543113769150e+10
1.016183906610901300e+00 1.701827266188092804e+10
1.026345745677010202e+00 1.949771399289086914e+10
1.036609203133780355e+00 2.197676966225085068e+10
1.046975295165118336e+00 2.376572015296289062e+10
1.057445048116769204e+00 2.547836539132838821e+10
1.068019498597936989e+00 2.652835571515853500e+10
1.078699693583916597e+00 2.752372131086602402e+10
1.089486690519755552e+00 2.296987605168691254e+10
1.100381557424953138e+00 1.639432569205237007e+10
1.111385372999202481e+00 1.400284240510754967e+10
1.122499226729194666e+00 1.418613368491378975e+10
1.133724218996486455e+00 1.327586703162435532e+10
1.145061461186451135e+00 1.499933793926827240e+10
1.156512075798315831e+00 1.488584699220033073e+10
1.168077196556299047e+00 1.564279784528819084e+10
1.179757968521861988e+00 1.715911835620975494e+10
1.191555548207080761e+00 2.139291561202851868e+10
1.203471103689151889e+00 2.601760067578372574e+10
1.215505814726043354e+00 3.031068098450855255e+10
1.227660872873303610e+00 3.484609147206359863e+10
1.239937481602036762e+00 3.844842149930786896e+10
1.252336856418057032e+00 4.181201514399584198e+10
1.264860224982237824e+00 4.433998232656737518e+10
1.277508827232060051e+00 4.276692592250102997e+10
1.290283915504380818e+00 4.041299817993775177e+10
1.303186754659424462e+00 3.839536715250862122e+10
1.316218622206019040e+00 3.550030859160845184e+10
1.329380808428079153e+00 2.450538778371542358e+10
1.342674616512359975e+00 1.196843932297438431e+10
1.356101362677483380e+00 9.670549329353340149e+09
1.369662376304258355e+00 1.070466645846516418e+10
1.383359000067300837e+00 1.148094451659148407e+10
1.397192590067974027e+00 1.115904921075743484e+10
1.411164515968653665e+00 1.067174989948237801e+10
1.425276161128340213e+00 1.044921829924659729e+10
1.439528922739623740e+00 1.146744102807558250e+10
1.453924211967019708e+00 1.459143641606964684e+10
1.468463454086690101e+00 1.532983696406660461e+10
1.483148088627556760e+00 1.715240585576145172e+10
1.497979569513832487e+00 1.952947301808578873e+10
1.512959365208970564e+00 2.253830411315714264e+10
1.528088958861060442e+00 2.607725499505652618e+10
1.543369848449671178e+00 3.015229406013208008e+10
1.558803546934167894e+00 3.295279055720844650e+10
1.574391582403509737e+00 3.749442980636073303e+10
1.590135498227544852e+00 4.123660729842314148e+10
1.606036853209820148e+00 4.119474464715509796e+10
1.622097221741918505e+00 3.966901191518330383e+10
1.638318193959337421e+00 4.097475542403529358e+10
1.654701375898931071e+00 4.425904868515579987e+10
1.671248389657920441e+00 4.091938400190957642e+10
1.687960873554499530e+00 4.271514349726074982e+10
1.704840482290044701e+00 4.075074326723875427e+10
1.721888887112944966e+00 3.704709139612446594e+10
1.739107775984074289e+00 3.326063910627029800e+10
1.756498853743915012e+00 3.090879772780070496e+10
1.774063842281354608e+00 2.633036996956145859e+10
1.791804480704168201e+00 2.395352534206298828e+10
1.809722525511209934e+00 2.152179620609207153e+10
1.827819750766321860e+00 2.166286986031767654e+10
1.846097948273984990e+00 2.022856434983034897e+10
1.864558927756724938e+00 1.839614428154739761e+10
1.883204517034292147e+00 2.211001638441905594e+10
1.902036562204635128e+00 2.375607993223588181e+10
1.921056927826681582e+00 2.418779953383989716e+10
1.940267497104948502e+00 2.203427077855841827e+10
1.959670172075998140e+00 2.249116896494431305e+10
1.979266873796758031e+00 2.358674802919832993e+10
1.999059542534725509e+00 2.474185864073918533e+10
2.019050137960073155e+00 2.767494649735971069e+10
2.039240639339673589e+00 3.111053224842409897e+10
2.059633045733070489e+00 3.453678339967207336e+10
2.080229376190401158e+00 3.691035156369763184e+10
2.101031669952305059e+00 3.946138844969970703e+10
2.122041986651828083e+00 4.026180317643367767e+10
2.143262406518346097e+00 4.025767429212937164e+10
2.164695030583529967e+00 3.888892029206092834e+10
2.186341980889365377e+00 3.569572306006368256e+10
2.208205400698258991e+00 2.958963110887250137e+10
2.230287454705241146e+00 2.996888344440733719e+10
2.252590329252293522e+00 2.738770537863645172e+10
2.275116232544817318e+00 2.563265178702508163e+10
2.297867394870265034e+00 2.376709986249784851e+10
2.320846068818967822e+00 2.264816483317203522e+10
2.344054529507157536e+00 2.093480705016843033e+10
2.367495074802228761e+00 2.164188496938673019e+10
2.391170025550251044e+00 2.188244296412391663e+10
2.415081725805753532e+00 2.300949338207765198e+10
2.439232543063811764e+00 2.223958874720727921e+10
2.463624868494449949e+00 2.145868810705366898e+10
2.488261117179394244e+00 2.076262773783662033e+10
2.513143728351188155e+00 1.815263118381116104e+10
2.538275165634700237e+00 1.688435303669674683e+10
2.563657917291046751e+00 1.615831126191791916e+10
2.589294496463957262e+00 1.607106808751442528e+10
2.615187441428596937e+00 1.770736153700760269e+10
2.641339315842882840e+00 1.864610790233905411e+10
2.667752709001311562e+00 1.661109787889835358e+10
2.694430236091324815e+00 1.535575797107159615e+10
2.721374538452237868e+00 1.606849529356093597e+10
2.748588283836760127e+00 1.663944017566216850e+10
2.776074166675128296e+00 1.556392359712534142e+10
2.803834908341879206e+00 1.659972275920718956e+10
2.831873257425297830e+00 1.631083796045573997e+10
2.860191989999551154e+00 1.631121186018389130e+10
2.888793909899546541e+00 1.732780172147081375e+10
2.917681848998542549e+00 1.646051269757678413e+10
2.946858667488527761e+00 1.792073123755198288e+10
2.976327254163412928e+00 1.802218090902052689e+10
3.006090526705047061e+00 1.891329460934255600e+10
3.036151431972097470e+00 1.843332961324753952e+10
3.066512946291818587e+00 1.753371791274452591e+10
3.097178075754736692e+00 1.549875371963698578e+10
3.128149856512283833e+00 1.400830109641250229e+10
3.159431355077406689e+00 1.257110919044311714e+10
3.191025668628181045e+00 1.186700215191962051e+10
3.222935925314462935e+00 1.229787837658036995e+10
3.255165284567607564e+00 1.337330196605171585e+10
3.287716937413283524e+00 1.473057474426809692e+10
3.320594106787416067e+00 9.665203565806285858e+09
3.353800047855290511e+00 1.004364204425182533e+10
3.387338048333843332e+00 1.343887220846713066e+10
3.421211428817182210e+00 1.293670088454827309e+10
3.455423543105353712e+00 1.257388255219958687e+10
3.489977778536407005e+00 1.301420842565118599e+10
3.524877556321771355e+00 1.366878032142258072e+10
3.560126331884988726e+00 1.390143162937535286e+10
3.595727595203838334e+00 1.535307654744956779e+10
3.631684871155877570e+00 1.655549931924945450e+10
3.668001719867436616e+00 1.790477177878942108e+10
3.704681737066110259e+00 1.933514153515781784e+10
3.741728554436771326e+00 2.034841944516847610e+10
3.779145839981139510e+00 2.104246119104322815e+10
3.816937298380950860e+00 2.183223866496964645e+10
3.855106671364760818e+00 2.257405398187198639e+10
3.893657738078407426e+00 2.259976575361808014e+10
3.932594315459191581e+00 2.248480270820300293e+10
3.971920258613783616e+00 2.091479352618205261e+10
4.011639461199922430e+00 1.887564179404735184e+10
4.051755855811920881e+00 1.723117341695423126e+10
4.092273414370040108e+00 1.566958830566540146e+10
4.133196148513740731e+00 1.516712235100648689e+10
4.174528109998877135e+00 1.483565243352538109e+10
4.216273391098866341e+00 1.357362601156738281e+10
4.258436125009854578e+00 1.208071888750585747e+10
4.301020486259953479e+00 9.381578885756500244e+09
4.344030691122553023e+00 9.220402810237789154e+09
4.387470998033777825e+00 1.008760309534005165e+10
4.431345708014116092e+00 9.651531397660713196e+09
4.475659165094256764e+00 9.109995276071533203e+09
4.520415756745198799e+00 8.840917534561964035e+09
4.565619914312651240e+00 8.589362685793885231e+09
4.611276113455778258e+00 8.773049002162874222e+09
4.657388874590335348e+00 9.198043326809343338e+09
4.703962763336238417e+00 8.964116006062726974e+09
4.751002390969600420e+00 8.657155275817071915e+09
4.798512414879296806e+00 8.642050314125627518e+09
4.846497539028090884e+00 8.609337641655244827e+09
4.894962514418371491e+00 8.523231203111238480e+09
4.943912139562555375e+00 8.405634307882357597e+09
4.993351260958180937e+00 8.669834116897201538e+09
5.043284773567762613e+00 8.553690489472463608e+09
5.093717621303440524e+00 8.698084795836278915e+09
5.144654797516475142e+00 8.390959329556097031e+09
5.196101345491639378e+00 8.279119034483733177e+09
5.248062358946555150e+00 8.396983118484972954e+09
5.300542982536021519e+00 7.965618776324248314e+09
5.353548412361381459e+00 7.812857564304367065e+09
5.407083896484995655e+00 7.306642965898089409e+09
5.461154735449845532e+00 7.305747224492126465e+09
5.515766282804344556e+00 7.098659587106622696e+09
5.570923945632387131e+00 6.693600437028361320e+09
5.626633185088711464e+00 6.622234964375599861e+09
5.682899516939598605e+00 6.410233930402336121e+09
5.739728512108993819e+00 6.152114746246527672e+09
5.797125797230084032e+00 6.034150524602102280e+09
5.855097055202384659e+00 5.641673378317352295e+09
5.913648025754409510e+00 5.765353415708556175e+09
5.972784506011953987e+00 5.742971356728324890e+09
6.032512351072073287e+00 5.512575617934638023e+09
6.092837474582792900e+00 5.619874193318723679e+09
6.153765849328621584e+00 5.661990579757863998e+09
6.215303507821907658e+00 5.557322845195261955e+09
6.277456542900125669e+00 5.600511288363914490e+09
6.340231108329128062e+00 5.340848352771593094e+09
6.403633419412418704e+00 4.750833069152839661e+09
6.467669753606543281e+00 4.265383335246325016e+09
6.532346451142608146e+00 4.132925571635605812e+09
6.597669915654034156e+00 3.735637497845057011e+09
6.663646614810574853e+00 3.774868417517688274e+09
6.730283080958680664e+00 3.895930614485135555e+09
6.797585911768267763e+00 3.614450378115150452e+09
6.865561770885950210e+00 3.584327576878412247e+09
6.934217388594810849e+00 3.631661148956266403e+09
7.003559562480758949e+00 3.538945965928544521e+09
7.073595158105566050e+00 3.262634680351652622e+09
7.144331109686621772e+00 3.113234110322355270e+09
7.215774420783487741e+00 2.963361237600900173e+09
7.287932164991324235e+00 2.774993242531558514e+09
7.360811486641236634e+00 2.627371962396914959e+09
7.434419601507648245e+00 2.571337685743668079e+09
7.508763797522725270e+00 2.608855090673727989e+09
7.583851435497953375e+00 2.599883102919418812e+09
7.659689949852931612e+00 2.525337124312464237e+09
7.736286849351461825e+00 2.141745802323183537e+09
7.813649717844977083e+00 2.159539324962829113e+09
7.891786215023426365e+00 2.176119400787316322e+09
7.970704077173661695e+00 2.262884248195908546e+09
8.050411117945397876e+00 2.225573242523267746e+09
8.130915229124850541e+00 2.203290236476518154e+09
8.212224381416099561e+00 2.144052958704215527e+09
8.294346625230261338e+00 2.119041683297151566e+09
8.377290091482562318e+00 2.089132322626249552e+09
8.461062992397387461e+00 2.077018530405552387e+09
8.545673622321363183e+00 2.053239362802869558e+09
8.631130358544575998e+00 2.064301638330900908e+09
8.717441662130022806e+00 2.013303000085395098e+09
8.804616078751321240e+00 1.983929472835835218e+09
8.892662239538834612e+00 1.955405379524457455e+09
8.981588861934222123e+00 1.870850001954111099e+09
9.071404750553567098e+00 1.900195434597016811e+09
9.162118798059102787e+00 1.906635753609762907e+09
9.253739986039693832e+00 1.854480843515480280e+09
9.346277385900089385e+00 1.841246330469931126e+09
9.439740159759089977e+00 1.751182306331512451e+09
9.534137561356683221e+00 1.761219644271660328e+09
9.629478936970249592e+00 1.684970937061857939e+09
9.725773726339950187e+00 1.682916326128602982e+09
9.823031463603349778e+00 1.629561252028134108e+09
9.921261778239381712e+00 1.548664156164531946e+09
1.002047439602177548e+01 1.539640593000303030e+09
1.012067913998199487e+01 1.451715741246794939e+09
1.022188593138181290e+01 1.418663832586144447e+09
1.032410479069563181e+01 1.330588381082762241e+09
1.042734583860258724e+01 1.267308767387081623e+09
1.053161929698861421e+01 1.280992727825728655e+09
1.063693548995849980e+01 1.264570881576967955e+09
1.074330484485808412e+01 1.227394555710605860e+09
1.085073789330666472e+01 1.199344061576308966e+09
1.095924527223973222e+01 1.111802983153672695e+09
1.106883772496212970e+01 1.092049859338553190e+09
1.117952610221174936e+01 1.077243454607407808e+09
1.129132136323386781e+01 1.037822388686489940e+09
1.140423457686620701e+01 1.029690724947826982e+09
1.151827692263487002e+01 9.708012839955613613e+08
1.163345969186121920e+01 9.349627408174661398e+08
1.174979428877982990e+01 8.592117600509711504e+08
1.186729223166762992e+01 8.612067079187717438e+08
1.198596515398430462e+01 8.463416050760471821e+08
1.210582480552414708e+01 7.991623819580459595e+08
1.222688305357938887e+01 7.799421760266941786e+08
1.234915188411518194e+01 7.396302175290173292e+08
1.247264340295633467e+01 6.934586393735656738e+08
1.259736983698589619e+01 6.718551059448057413e+08
1.272334353535575424e+01 6.625071601421295404e+08
1.285057697070931226e+01 6.410244776665259600e+08
1.297908274041640553e+01 6.035171362212145329e+08
1.310887356782057012e+01 5.971662416205658913e+08
1.323996230349877479e+01 5.535755478333829641e+08
1.337236192653376321e+01 5.419839767717852592e+08
1.350608554579910248e+01 5.042756523098418713e+08
1.364114640125709244e+01 5.027062047304165959e+08
1.377755786526966197e+01 4.771456873511135578e+08
1.391533344392236238e+01 4.616053427476336360e+08
1.405448677836158211e+01 4.449580557404553890e+08
1.419503164614519974e+01 4.135308162477895617e+08
1.433698196260665192e+01 4.083372528912425041e+08
1.448035178223271835e+01 3.771694490305056572e+08
1.462515530005504516e+01 3.748273271088521481e+08
1.477140685305559664e+01 3.689136843457431197e+08
1.491912092158615089e+01 3.251721641906435490e+08
1.506831213080201159e+01 3.400027693429648280e+08
1.521899525211003024e+01 3.273575754701275826e+08
1.537118520463113214e+01 3.096906862708606124e+08
1.552489705667744246e+01 2.973758764553360939e+08
1.568014602724421813e+01 2.860336471904871464e+08
1.583694748751665848e+01 2.825327075242986083e+08
1.599531696239182388e+01 2.692006481255273819e+08
1.615527013201574391e+01 2.573749352062669992e+08
1.631682283333590178e+01 2.523323155633305311e+08
1.647999106166925998e+01 2.380728282549614906e+08
1.664479097228595350e+01 2.259381752655185163e+08
1.681123888200881211e+01 2.302294720402511656e+08
1.697935127082889650e+01 2.208872894872314930e+08
1.714914478353718863e+01 2.016210214630911052e+08
1.732063623137256059e+01 1.948994982736199796e+08
1.749384259368628847e+01 1.949050112538757920e+08
1.766878101962314673e+01 1.833772859073222280e+08
1.784546882981938509e+01 1.808793205475926697e+08
1.802392351811757720e+01 1.749893307650288939e+08
1.820416275329875333e+01 1.646762167299685180e+08
1.838620438083173880e+01 1.623113865416213870e+08
1.857006642464005353e+01 1.458105272200273275e+08
1.875576708888645427e+01 1.493009482670125663e+08
1.894332475977532226e+01 1.435926318898863196e+08
1.913275800737307719e+01 1.424974863919325769e+08
1.969740769490774923e+01 1.219036727649461627e+08
2.068227807965313403e+01 1.017540282695259303e+08
2.171639198363579126e+01 8.428391787259481847e+07
2.280221158281758420e+01 7.190732442149396241e+07
2.394232216195846163e+01 5.941673274593974650e+07
2.513943827005638454e+01 4.899700768291864544e+07
2.639641018355920465e+01 4.129101724859087914e+07
2.771623069273716311e+01 3.451895746651862562e+07
2.910204222737402446e+01 2.865888711118381843e+07
3.055714433874272729e+01 2.323134019593609869e+07
3.208500155567985956e+01 2.019900937805766985e+07
3.368925163346385432e+01 1.620888520111176558e+07
3.537371421513704206e+01 1.311002303461141698e+07
3.714239992589390482e+01 1.117990132376410253e+07
3.899951992218858976e+01 9.379229458855647594e+06
4.094949591829801960e+01 7.564889229872382246e+06
4.299697071421292094e+01 6.270994223991869949e+06
4.514681924992356699e+01 5.213546739180676639e+06
4.740416021241974676e+01 4.342984520938226022e+06
4.977436822304073161e+01 3.558065193630241789e+06
5.226308663419276712e+01 2.998435391777787823e+06
5.487624096590241152e+01 2.480918120456654578e+06
5.762005301419753067e+01 2.040312662378025474e+06
6.050105566490740472e+01 1.738055898877201835e+06
6.352610844815276891e+01 1.383886539809721988e+06
6.670241387056040594e+01 1.173901156794263748e+06
7.003753456408843192e+01 9.870103719622567296e+05
7.353941129229284002e+01 7.948150967392026214e+05
7.721638185690748912e+01 6.650299027270729421e+05
8.107720094975286429e+01 5.474847651308565401e+05
8.513106099724051035e+01 4.575145030786712305e+05
8.938761404710253089e+01 4.000827913015998201e+05
9.385699474945765530e+01 3.132687248086458421e+05
