3.401114059005487245e-01 2.105836660470439529e+10
3.435125199595542300e-01 1.688983908606379318e+10
3.469476451591497201e-01 2.180532578465565872e+10
3.504171216107412334e-01 2.705457606267143631e+10
3.539212928268486436e-01 2.858699519924767685e+10
3.574605057551171750e-01 2.817814932148798370e+10
3.610351108126682584e-01 2.964818836656682587e+10
3.646454619207949999e-01 2.982032194846592331e+10
3.682919165400029282e-01 2.759666801954755020e+10
3.719748357054029064e-01 2.923088229738796997e+10
3.756945840624569266e-01 3.388316281851098251e+10
3.794515299030815081e-01 4.106150693777388763e+10
3.832460452021123065e-01 4.037347573024974060e+10
3.870785056541334312e-01 4.600424198517342377e+10
3.909492907106748016e-01 4.484124295789688110e+10
3.948587836177815391e-01 3.716763188461784363e+10
3.988073714539593917e-01 3.322263701057325745e+10
4.027954451684989667e-01 1.912936775899708939e+10
4.068233996201839342e-01 2.037126231542784500e+10
4.108916336163858096e-01 3.129560453037205887e+10
4.150005499525497021e-01 4.602378050216026306e+10
4.191505554520751908e-01 4.883997506723983002e+10
4.233420610065958822e-01 5.095553468815113831e+10
4.275754816166618122e-01 5.138762168211181641e+10
4.318512364328284114e-01 4.567461432792774200e+10
4.361697487971567533e-01 4.578593430972907257e+10
4.405314462851282475e-01 5.109217652916679382e+10
4.449367607479796094e-01 5.090721258739797974e+10
4.493861283554593800e-01 5.173985543773841095e+10
4.538799896390139921e-01 5.026020418515299988e+10
4.584187895354041031e-01 4.447398926895093536e+10
4.630029774307581336e-01 3.915707947720457458e+10
4.676330072050656761e-01 3.359348092183358383e+10
4.723093372771162701e-01 2.537677674094784164e+10
4.770324306498874289e-01 1.717333368876256371e+10
4.818027549563863032e-01 1.116758501320612526e+10
4.866207825059500891e-01 6.009712371927918434e+09
4.914869903310095656e-01 5.316101878430221558e+09
4.964018602343197584e-01 3.899309430937382221e+09
5.013658788366629482e-01 2.662260547690255165e+09
5.063795376250295188e-01 2.041526760002092361e+09
5.114433330012797541e-01 1.771045235669659853e+09
5.165577663312926893e-01 1.498654230118608475e+09
5.217233439946056262e-01 1.315858898804057837e+09
5.269405774345515825e-01 1.134045579603495121e+09
5.322099832088971194e-01 9.969983712444565296e+08
5.375320830409860973e-01 8.884237903470447063e+08
5.429074038713960215e-01 7.731537354993867874e+08
5.483364779101099762e-01 6.850464430192686319e+08
5.538198426892112503e-01 6.076693257524294853e+08
5.593580411161032107e-01 5.273261647573714852e+08
5.649516215272641917e-01 4.663314376336743832e+08
5.706011377425368458e-01 4.059582200445030928e+08
5.763071491199621699e-01 3.499945275519073009e+08
5.820702206111618704e-01 2.924828893375880122e+08
5.878909228172733981e-01 1.880387236962113380e+08
5.937698320454461998e-01 2.344336749849623442e+08
5.997075303659007428e-01 2.744991588356087804e+08
6.057046056695597480e-01 3.041043116980546117e+08
6.117616517262552955e-01 3.267555556819457412e+08
6.178792682435179096e-01 3.513776757689813972e+08
6.240580609259530620e-01 3.771687858578922153e+08
6.302986415352126448e-01 4.056714648402125835e+08
6.366016279505647413e-01 4.354253928086529374e+08
6.429676442300703565e-01 4.636274239743999243e+08
6.493973206723711034e-01 4.896198959638673663e+08
6.558912938790947278e-01 4.598091713586093783e+08
6.624502068178856895e-01 5.597868852510502338e+08
6.690747088860645730e-01 6.013695958620594740e+08
6.757654559749252110e-01 6.349090604720191956e+08
6.825231105346745153e-01 6.417377933122782707e+08
6.893483416400212338e-01 5.885586231951905489e+08
6.962418250564214039e-01 5.144154178989394307e+08
7.032042433069857212e-01 4.765122505431790948e+08
7.102362857400554841e-01 4.510107370780825615e+08
7.173386485974559967e-01 3.989410443656921983e+08
7.245120350834306500e-01 3.581206948876396418e+08
7.317571554342650053e-01 3.100972835509973764e+08
7.390747269886076554e-01 2.657115770453605652e+08
7.464654742584937441e-01 2.246110548589649200e+08
7.539301290010786971e-01 1.782622511644377410e+08
7.614694302910893775e-01 1.185983581782621592e+08
7.690841245940003290e-01 4.167351369498214126e+07
7.767749658399403234e-01 1.217789509593159854e+08
7.845427154983398710e-01 1.781113729808186293e+08
7.923881426533231354e-01 2.313001712546222210e+08
8.003120240798563545e-01 2.877695764741232395e+08
8.083151443206548770e-01 3.353439423197914362e+08
8.163982957638614701e-01 3.847108981739850044e+08
8.245622787215000082e-01 4.570552622937592268e+08
8.328079015087149761e-01 5.342564596110667586e+08
8.411359805238021181e-01 6.056481776917487383e+08
8.495473403290402237e-01 7.180069567432971001e+08
8.580428137323306004e-01 8.489877984644619226e+08
8.666232418696537820e-01 9.848140579772752523e+08
8.752894742883503554e-01 1.119495161988605022e+09
8.840423690312340099e-01 1.176308185402765512e+09
8.928827927215462479e-01 9.892821322585903406e+08
9.018116206487618580e-01 1.113624281372679234e+09
9.108297368552494833e-01 1.500702371791337729e+09
9.199380342238018260e-01 1.679797173213525772e+09
9.291374145660399320e-01 1.276284719711231709e+09
9.384287887117003235e-01 1.330470376921268702e+09
9.478130765988174167e-01 1.523550535614148855e+09
9.572912073648053299e-01 1.592537557005405188e+09
9.668641194384535176e-01 1.803767127283811808e+09
9.765327606328380039e-01 2.009201791613097429e+09
9.862980882391664261e-01 2.301502919479838371e+09
9.961610691215579960e-01 2.670180215326411247e+09
1.006122679812773590e+00 3.159082461687352657e+09
1.016183906610901300e+00 3.979957053653680801e+09
1.026345745677010202e+00 4.783085056813327789e+09
1.036609203133780355e+00 5.719593508279434204e+09
1.046975295165118336e+00 6.511618564010974884e+09
1.057445048116769204e+00 7.156083784179255486e+09
1.068019498597936989e+00 7.455662235188075066e+09
1.078699693583916597e+00 7.583244833950263977e+09
1.089486690519755552e+00 6.077035188951945305e+09
1.100381557424953138e+00 3.955490118891925812e+09
1.111385372999202481e+00 2.801960194851448059e+09
1.122499226729194666e+00 2.348269169777896881e+09
1.133724218996486455e+00 2.285851281076283455e+09
1.145061461186451135e+00 2.362506285624943256e+09
1.156512075798315831e+00 1.440239081122857094e+09
1.168077196556299047e+00 1.974120579108120441e+09
1.179757968521861988e+00 2.039608573114190817e+09
1.191555548207080761e+00 3.569124445520195007e+09
1.203471103689151889e+00 5.467955413529896736e+09
1.215505814726043354e+00 7.985692546660938263e+09
1.227660872873303610e+00 1.052616567047805023e+10
1.239937481602036762e+00 1.253964418146607399e+10
1.252336856418057032e+00 1.454217882614164925e+10
1.264860224982237824e+00 1.506148557430383301e+10
1.277508827232060051e+00 1.393554032243436432e+10
1.290283915504380818e+00 1.215329250452054596e+10
1.303186754659424462e+00 1.040522630956102371e+10
1.316218622206019040e+00 8.508135546543256760e+09
1.329380808428079153e+00 4.765121251294427872e+09
1.342674616512359975e+00 2.151500884116920948e+09
1.356101362677483380e+00 1.249573477590402365e+09
1.369662376304258355e+00 1.356762119258296013e+09
1.383359000067300837e+00 1.176339810294182777e+09
1.397192590067974027e+00 1.101662216161447287e+09
1.411164515968653665e+00 1.357188435812947273e+09
1.425276161128340213e+00 1.608372081116396666e+09
1.439528922739623740e+00 2.142163990031260729e+09
1.453924211967019708e+00 3.381534196819654942e+09
1.468463454086690101e+00 4.007308418402248859e+09
1.483148088627556760e+00 4.964347392380061150e+09
1.497979569513832487e+00 6.305252080091382027e+09
1.512959365208970564e+00 7.873580042784345627e+09
1.528088958861060442e+00 9.807526962946853638e+09
1.543369848449671178e+00 1.192828392601547432e+10
1.558803546934167894e+00 1.300795230647138786e+10
1.574391582403509737e+00 1.454945226483137703e+10
1.590135498227544852e+00 1.364382026078973961e+10
1.606036853209820148e+00 8.204521995898584366e+09
1.622097221741918505e+00 4.044993683480568886e+09
1.638318193959337421e+00 3.656124204487856388e+09
1.654701375898931071e+00 4.094036497874197483e+09
1.671248389657920441e+00 2.447350520760455132e+09
1.687960873554499530e+00 2.926512661576723576e+09
1.704840482290044701e+00 2.581744876245325089e+09
1.721888887112944966e+00 3.308561634083990097e+09
1.739107775984074289e+00 3.037362577360274315e+09
1.756498853743915012e+00 3.808718529848173141e+09
1.774063842281354608e+00 3.492708169990509510e+09
1.791804480704168201e+00 3.240249121089437962e+09
1.809722525511209934e+00 3.817993371935840607e+09
1.827819750766321860e+00 4.218390841580852032e+09
1.846097948273984990e+00 4.286156575879797459e+09
1.864558927756724938e+00 4.111729391234513283e+09
1.883204517034292147e+00 6.092310604784666061e+09
1.902036562204635128e+00 7.122951317554162025e+09
1.921056927826681582e+00 7.338884379923977852e+09
1.940267497104948502e+00 6.602617603893137932e+09
1.959670172075998140e+00 7.315679756848595619e+09
1.979266873796758031e+00 8.372413765084280968e+09
1.999059542534725509e+00 9.448476289944086075e+09
2.019050137960073155e+00 1.125893485325680733e+10
2.039240639339673589e+00 1.309992340240381050e+10
2.059633045733070489e+00 1.450346380036600685e+10
2.080229376190401158e+00 1.453406788815880394e+10
2.101031669952305059e+00 1.327421415149321747e+10
2.122041986651828083e+00 1.108787494465433502e+10
2.143262406518346097e+00 8.718707475222305298e+09
2.164695030583529967e+00 6.193714767715562820e+09
2.186341980889365377e+00 3.959409922797659397e+09
2.208205400698258991e+00 1.415071168416881323e+09
2.230287454705241146e+00 1.706017138144884348e+09
2.252590329252293522e+00 1.076163798241078138e+09
2.275116232544817318e+00 9.249736796346921921e+08
2.297867394870265034e+00 8.759282331938066483e+08
2.320846068818967822e+00 1.033953520918430924e+09
2.344054529507157536e+00 7.833434965494331121e+08
2.367495074802228761e+00 9.840412177042574883e+08
2.391170025550251044e+00 1.130420298633351564e+09
2.415081725805753532e+00 1.617078757375606298e+09
2.439232543063811764e+00 1.711589412335045576e+09
2.463624868494449949e+00 2.261909056192686558e+09
2.488261117179394244e+00 2.867085854901701927e+09
2.513143728351188155e+00 3.213460018117757320e+09
2.538275165634700237e+00 3.323334095865885258e+09
2.563657917291046751e+00 3.037935726592130661e+09
2.589294496463957262e+00 2.861028735249260902e+09
2.615187441428596937e+00 3.475710958683600426e+09
2.641339315842882840e+00 4.612241393883540154e+09
2.667752709001311562e+00 4.026369100053815365e+09
2.694430236091324815e+00 4.035953223729323387e+09
2.721374538452237868e+00 4.920503233930191994e+09
2.748588283836760127e+00 5.383778761856519699e+09
2.776074166675128296e+00 4.654265590687600136e+09
2.803834908341879206e+00 5.486406520198441505e+09
2.831873257425297830e+00 5.486435096639488220e+09
2.860191989999551154e+00 5.529465857687547684e+09
2.888793909899546541e+00 6.330893143962850571e+09
2.917681848998542549e+00 5.967724958700636864e+09
2.946858667488527761e+00 6.675343249722301483e+09
2.976327254163412928e+00 6.522175215441325188e+09
3.006090526705047061e+00 6.135968628511590004e+09
3.036151431972097470e+00 5.043379588022006035e+09
3.066512946291818587e+00 3.484572557791620731e+09
3.097178075754736692e+00 2.383988314111433029e+09
3.128149856512283833e+00 1.749743871206232071e+09
3.159431355077406689e+00 1.347188057743341684e+09
3.191025668628181045e+00 1.170121552029414415e+09
3.222935925314462935e+00 1.169422166514533758e+09
3.255165284567607564e+00 1.280142762663850784e+09
3.287716937413283524e+00 1.591302936885569334e+09
3.320594106787416067e+00 8.064881834997755289e+08
3.353800047855290511e+00 1.038243695683259845e+09
3.387338048333843332e+00 1.429139532272452831e+09
3.421211428817182210e+00 1.361818397775349140e+09
3.455423543105353712e+00 1.337287640520598412e+09
3.489977778536407005e+00 1.435570120678929567e+09
3.524877556321771355e+00 1.639822391306752205e+09
3.560126331884988726e+00 1.748250916583184719e+09
3.595727595203838334e+00 2.022051517052688837e+09
3.631684871155877570e+00 2.285161294351832390e+09
3.668001719867436616e+00 2.891414124482022285e+09
3.704681737066110259e+00 3.393067199175271511e+09
3.741728554436771326e+00 3.845845803870079041e+09
3.779145839981139510e+00 4.042806931710095406e+09
3.816937298380950860e+00 4.910979941877916336e+09
3.855106671364760818e+00 5.016811421084338188e+09
3.893657738078407426e+00 5.455953770649501801e+09
3.932594315459191581e+00 5.994058479805488586e+09
3.971920258613783616e+00 6.373368572535538673e+09
4.011639461199922430e+00 6.659033424387839317e+09
4.051755855811920881e+00 6.853447920126856804e+09
4.092273414370040108e+00 6.746396529307832718e+09
4.133196148513740731e+00 6.750800155310798645e+09
4.174528109998877135e+00 6.950509849585813522e+09
4.216273391098866341e+00 6.483066552235599518e+09
4.258436125009854578e+00 5.987309991082816124e+09
4.301020486259953479e+00 4.368104216950174332e+09
4.344030691122553023e+00 4.676855972516999245e+09
4.387470998033777825e+00 5.592892733997615814e+09
4.431345708014116092e+00 5.549781828143890381e+09
4.475659165094256764e+00 5.301141582551739693e+09
4.520415756745198799e+00 5.202218161220232964e+09
4.565619914312651240e+00 5.138353204435557365e+09
4.611276113455778258e+00 5.296074483815135956e+09
4.657388874590335348e+00 5.578203326018465996e+09
4.703962763336238417e+00 5.456572382927651405e+09
4.751002390969600420e+00 5.319006095161084175e+09
4.798512414879296806e+00 5.265551317956781387e+09
4.846497539028090884e+00 5.241668207487017632e+09
4.894962514418371491e+00 5.208563033832744598e+09
4.943912139562555375e+00 4.989802406887202263e+09
4.993351260958180937e+00 5.030543005650343895e+09
5.043284773567762613e+00 4.813805723941173553e+09
5.093717621303440524e+00 4.795754437784795761e+09
5.144654797516475142e+00 4.398493424369492531e+09
5.196101345491639378e+00 4.202463600728529930e+09
5.248062358946555150e+00 4.245670277024013519e+09
5.300542982536021519e+00 3.865316572107574463e+09
5.353548412361381459e+00 3.677289187795255661e+09
5.407083896484995655e+00 3.296330955350533009e+09
5.461154735449845532e+00 3.269860732919706821e+09
5.515766282804344556e+00 3.141963558243281841e+09
5.570923945632387131e+00 2.768570963247978687e+09
5.626633185088711464e+00 2.686535524982315063e+09
5.682899516939598605e+00 2.668153029634220600e+09
5.739728512108993819e+00 2.597104858630220413e+09
5.797125797230084032e+00 2.440517731558137417e+09
5.855097055202384659e+00 2.071038493256148100e+09
5.913648025754409510e+00 2.402411114859914780e+09
5.972784506011953987e+00 2.274193474918159008e+09
6.032512351072073287e+00 2.139391510466225147e+09
6.092837474582792900e+00 2.158310561573510647e+09
6.153765849328621584e+00 2.211801136736242771e+09
6.215303507821907658e+00 2.195463455272950649e+09
6.277456542900125669e+00 2.212439370822510719e+09
6.340231108329128062e+00 2.075408519254676819e+09
6.403633419412418704e+00 1.740523931299478292e+09
6.467669753606543281e+00 1.465701229546697855e+09
6.532346451142608146e+00 1.636302603651400089e+09
6.597669915654034156e+00 1.622788567406159878e+09
6.663646614810574853e+00 1.753914488050491095e+09
6.730283080958680664e+00 1.733443892653202772e+09
6.797585911768267763e+00 1.527142164819468737e+09
6.865561770885950210e+00 1.546400625354359627e+09
6.934217388594810849e+00 1.593036906665051937e+09
7.003559562480758949e+00 1.474942815130151033e+09
7.073595158105566050e+00 1.304346263775765896e+09
7.144331109686621772e+00 1.173899413009195805e+09
7.215774420783487741e+00 1.061127083441479445e+09
7.287932164991324235e+00 9.623002540056880713e+08
7.360811486641236634e+00 8.899235588029167652e+08
7.434419601507648245e+00 8.730404579606792927e+08
7.508763797522725270e+00 9.212711175517829657e+08
7.583851435497953375e+00 9.798007797265214920e+08
7.659689949852931612e+00 9.136757589480206966e+08
7.736286849351461825e+00 7.084677091006538868e+08
7.813649717844977083e+00 7.507474050006414652e+08
7.891786215023426365e+00 8.011869638177480698e+08
7.970704077173661695e+00 8.565605396275300980e+08
8.050411117945397876e+00 8.528820813647041321e+08
8.130915229124850541e+00 8.660318065276941061e+08
8.212224381416099561e+00 8.478724972652015686e+08
8.294346625230261338e+00 8.541318091165349483e+08
8.377290091482562318e+00 8.634660441241166592e+08
8.461062992397387461e+00 8.915474013561706543e+08
8.545673622321363183e+00 9.099236839772580862e+08
8.631130358544575998e+00 9.539807340990470648e+08
8.717441662130022806e+00 9.628253534330770969e+08
8.804616078751321240e+00 9.981998904517929554e+08
8.892662239538834612e+00 1.009707263103931427e+09
8.981588861934222123e+00 1.023232955266846299e+09
9.071404750553567098e+00 1.079061333619851828e+09
9.162118798059102787e+00 1.105084167352189302e+09
9.253739986039693832e+00 1.119181987289160728e+09
9.346277385900089385e+00 1.141899059703493595e+09
9.439740159759089977e+00 1.118775419851415873e+09
9.534137561356683221e+00 1.155235197519690752e+09
9.629478936970249592e+00 1.130258393269621849e+09
9.725773726339950187e+00 1.142832543059550285e+09
9.823031463603349778e+00 1.132651237274148226e+09
9.921261778239381712e+00 1.091547968365324259e+09
1.002047439602177548e+01 1.102352302018502474e+09
1.012067913998199487e+01 1.040077696952048779e+09
1.022188593138181290e+01 1.024534559122820616e+09
1.032410479069563181e+01 9.438770351322023869e+08
1.042734583860258724e+01 8.737609550931469202e+08
1.053161929698861421e+01 9.179445468047716618e+08
1.063693548995849980e+01 9.218666801943439245e+08
1.074330484485808412e+01 8.845660830916328430e+08
1.085073789330666472e+01 8.875427677164217234e+08
1.095924527223973222e+01 8.054007924228820801e+08
1.106883772496212970e+01 8.180476007976151705e+08
1.117952610221174936e+01 8.238414631226578951e+08
1.129132136323386781e+01 7.881747647711526155e+08
1.140423457686620701e+01 7.991641415889368057e+08
1.151827692263487002e+01 7.477098808654257059e+08
1.163345969186121920e+01 7.188025876044254303e+08
1.174979428877982990e+01 6.356191166282572746e+08
1.186729223166762992e+01 6.662132833139008284e+08
1.198596515398430462e+01 6.598026268075060844e+08
1.210582480552414708e+01 6.156100874252935648e+08
1.222688305357938887e+01 6.020330258537834883e+08
1.234915188411518194e+01 5.643701885452405214e+08
1.247264340295633467e+01 5.236374288191422820e+08
1.259736983698589619e+01 5.087089057239022255e+08
1.272334353535575424e+01 5.085073384240415096e+08
1.285057697070931226e+01 4.953429311131331325e+08
1.297908274041640553e+01 4.633010342904931903e+08
1.310887356782057012e+01 4.646496371982935667e+08
1.323996230349877479e+01 4.176447207903740406e+08
1.337236192653376321e+01 4.108030749761711359e+08
1.350608554579910248e+01 3.778988749176495075e+08
1.364114640125709244e+01 3.834741372726266980e+08
1.377755786526966197e+01 3.668353628776519895e+08
1.391533344392236238e+01 3.533271061675391793e+08
1.405448677836158211e+01 3.369074473300917149e+08
1.419503164614519974e+01 3.077759380263301134e+08
1.433698196260665192e+01 3.077716052190596461e+08
1.448035178223271835e+01 2.751976240182669163e+08
1.462515530005504516e+01 2.876676712509408593e+08
1.477140685305559664e+01 2.811701512221011519e+08
1.491912092158615089e+01 2.395518236751508713e+08
1.506831213080201159e+01 2.577020438115616739e+08
1.521899525211003024e+01 2.499643876924285591e+08
1.537118520463113214e+01 2.334261461554644108e+08
1.552489705667744246e+01 2.198304729332308173e+08
1.568014602724421813e+01 2.085800837508668005e+08
1.583694748751665848e+01 2.105036237799233198e+08
1.599531696239182388e+01 2.000435306591307223e+08
1.615527013201574391e+01 1.919549934580210745e+08
1.631682283333590178e+01 1.878538744396592379e+08
1.647999106166925998e+01 1.760602615805586576e+08
1.664479097228595350e+01 1.629837100886504650e+08
1.681123888200881211e+01 1.732055059755444527e+08
1.697935127082889650e+01 1.649448723889313340e+08
1.714914478353718863e+01 1.436567759408305883e+08
1.732063623137256059e+01 1.413120329608419836e+08
1.749384259368628847e+01 1.429081410571097136e+08
1.766878101962314673e+01 1.349763715355005562e+08
1.784546882981938509e+01 1.339641982247090042e+08
1.802392351811757720e+01 1.293267132362895459e+08
1.820416275329875333e+01 1.185643527079334259e+08
1.838620438083173880e+01 1.197855092751652598e+08
1.857006642464005353e+01 1.022219925884582400e+08
1.875576708888645427e+01 1.100822043635204136e+08
1.894332475977532226e+01 1.052435739484424889e+08
1.913275800737307719e+01 1.077092211733580232e+08
1.969740769490774923e+01 8.677354630175185204e+07
2.068227807965313403e+01 7.261361612367843091e+07
2.171639198363579126e+01 5.945376783191049099e+07
2.280221158281758420e+01 5.204411151798208803e+07
2.394232216195846163e+01 4.286781796487911046e+07
2.513943827005638454e+01 3.493738063324704021e+07
2.639641018355920465e+01 2.966973194546963274e+07
2.771623069273716311e+01 2.516464065281589702e+07
2.910204222737402446e+01 2.048309195579462871e+07
3.055714433874272729e+01 1.639190910746166296e+07
3.208500155567985956e+01 1.492560556731140614e+07
3.368925163346385432e+01 1.172051189338595606e+07
3.537371421513704206e+01 9.163151138254338875e+06
3.714239992589390482e+01 8.162923864903773181e+06
3.899951992218858976e+01 6.866086937385948375e+06
4.094949591829801960e+01 5.467282996197927743e+06
4.299697071421292094e+01 4.526774293622864410e+06
4.514681924992356699e+01 3.739559812381223775e+06
4.740416021241974676e+01 3.122099953810406383e+06
4.977436822304073161e+01 2.546259538158381823e+06
5.226308663419276712e+01 2.187732498001912609e+06
5.487624096590241152e+01 1.809073078105373774e+06
5.762005301419753067e+01 1.455692355662807822e+06
6.050105566490740472e+01 1.282463775578141678e+06
6.352610844815276891e+01 9.873701070586675778e+05
6.670241387056040594e+01 8.448389374208115041e+05
7.003753456408843192e+01 7.252562931439522654e+05
7.353941129229284002e+01 5.726634217943175463e+05
7.721638185690748912e+01 4.790691375222448260e+05
8.107720094975286429e+01 3.949975439224497532e+05
8.513106099724051035e+01 3.358325412837525946e+05
8.938761404710253089e+01 3.068425619823106099e+05
9.385699474945765530e+01 2.258657818967915955e+05
