3.401114059005487245e-01 3.326321548536002636e+09
3.435125199595542300e-01 9.115397537104439735e+08
3.469476451591497201e-01 8.952416685815848112e+08
3.504171216107412334e-01 1.956777342521188021e+09
3.539212928268486436e-01 4.145715894153929710e+09
3.574605057551171750e-01 9.247110253601609468e+08
3.610351108126682584e-01 2.405755535938657284e+09
3.646454619207949999e-01 3.238148613895562172e+09
3.682919165400029282e-01 2.484140019143867493e+09
3.719748357054029064e-01 3.253419833888120651e+08
3.756945840624569266e-01 7.301156501571054459e+08
3.794515299030815081e-01 2.758139396672640324e+09
3.832460452021123065e-01 6.643207108547490835e+08
3.870785056541334312e-01 4.788288109822204709e+08
3.909492907106748016e-01 9.669811157280972004e+08
3.948587836177815391e-01 2.279542079904142380e+09
3.988073714539593917e-01 7.728076321897474289e+09
4.027954451684989667e-01 1.000273145534086037e+10
4.068233996201839342e-01 9.167914979949014664e+09
4.108916336163858096e-01 1.021420349949301910e+10
4.150005499525497021e-01 5.804530215868877411e+09
4.191505554520751908e-01 2.705291509717836380e+09
4.233420610065958822e-01 9.580911558019554615e+08
4.275754816166618122e-01 3.164548428307606220e+09
4.318512364328284114e-01 6.259583173442285538e+09
4.361697487971567533e-01 9.557672065487497330e+09
4.405314462851282475e-01 9.259598101404668808e+09
4.449367607479796094e-01 1.034374031029073524e+10
4.493861283554593800e-01 1.574491405307463074e+10
4.538799896390139921e-01 1.822387900284666061e+10
4.584187895354041031e-01 1.969862049398867416e+10
4.630029774307581336e-01 2.254506038671100235e+10
4.676330072050656761e-01 2.142570205076667786e+10
4.723093372771162701e-01 1.921504996532006454e+10
4.770324306498874289e-01 1.551667489294043350e+10
4.818027549563863032e-01 1.654271683463840294e+10
4.866207825059500891e-01 1.917624069062707520e+10
4.914869903310095656e-01 1.934064559880312729e+10
4.964018602343197584e-01 1.813617997289370728e+10
5.013658788366629482e-01 1.313977230963496399e+10
5.063795376250295188e-01 1.070755638124162483e+10
5.114433330012797541e-01 9.713130894321367264e+09
5.165577663312926893e-01 9.958730842496902466e+09
5.217233439946056262e-01 1.474231852869909668e+10
5.269405774345515825e-01 1.419572111811404991e+10
5.322099832088971194e-01 1.664400956546165466e+10
5.375320830409860973e-01 1.860156662809054947e+10
5.429074038713960215e-01 1.858776027594126511e+10
5.483364779101099762e-01 1.698172748294703293e+10
5.538198426892112503e-01 1.786219449648316956e+10
5.593580411161032107e-01 2.085721581365103149e+10
5.649516215272641917e-01 2.332353636000100708e+10
5.706011377425368458e-01 2.375756979845994186e+10
5.763071491199621699e-01 1.892137253982412720e+10
5.820702206111618704e-01 1.984228509301074219e+10
5.878909228172733981e-01 1.179515776830861282e+10
5.937698320454461998e-01 2.053392991872882462e+10
5.997075303659007428e-01 2.914744689738476562e+10
6.057046056695597480e-01 3.529927015829156494e+10
6.117616517262552955e-01 3.224069664211763382e+10
6.178792682435179096e-01 3.835984520085804749e+10
6.240580609259530620e-01 4.509522843526100922e+10
6.302986415352126448e-01 4.993766220493563843e+10
6.366016279505647413e-01 5.473836615843053436e+10
6.429676442300703565e-01 5.991670261311174774e+10
6.493973206723711034e-01 5.871820437148196411e+10
6.558912938790947278e-01 5.644980398242648315e+10
6.624502068178856895e-01 6.017925581646405792e+10
6.690747088860645730e-01 6.696155232709517670e+10
6.757654559749252110e-01 7.537676245545106506e+10
6.825231105346745153e-01 8.355873325049833679e+10
6.893483416400212338e-01 8.478014046412820435e+10
6.962418250564214039e-01 7.446209412174095154e+10
7.032042433069857212e-01 7.302384828396369934e+10
7.102362857400554841e-01 8.159303750715396118e+10
7.173386485974559967e-01 9.441817332561717224e+10
7.245120350834306500e-01 1.074618957835410309e+11
7.317571554342650053e-01 1.140328522995437775e+11
7.390747269886076554e-01 9.509549617429170227e+10
7.464654742584937441e-01 8.332680982835720825e+10
7.539301290010786971e-01 9.517312370367263794e+10
7.614694302910893775e-01 1.098937910240765533e+11
7.690841245940003290e-01 8.382883242055412292e+10
7.767749658399403234e-01 1.398960019055058289e+11
7.845427154983398710e-01 1.444561426268479309e+11
7.923881426533231354e-01 1.199006432342650604e+11
8.003120240798563545e-01 1.134256541702750397e+11
8.083151443206548770e-01 1.410767583002048950e+11
8.163982957638614701e-01 1.675450396453436584e+11
8.245622787215000082e-01 1.866412470220028381e+11
8.328079015087149761e-01 1.968153987152804260e+11
8.411359805238021181e-01 2.054850092329120789e+11
8.495473403290402237e-01 2.122461094289671021e+11
8.580428137323306004e-01 1.994935446151992188e+11
8.666232418696537820e-01 1.810287792352837219e+11
8.752894742883503554e-01 1.865477126435756226e+11
8.840423690312340099e-01 2.104489726736888428e+11
8.928827927215462479e-01 2.278029942546862488e+11
9.018116206487618580e-01 2.406099039802171936e+11
9.108297368552494833e-01 2.496087523584442444e+11
9.199380342238018260e-01 2.593087814322694397e+11
9.291374145660399320e-01 2.560945362827035828e+11
9.384287887117003235e-01 2.629856206476141663e+11
9.478130765988174167e-01 2.678843896613367615e+11
9.572912073648053299e-01 2.690943166640419006e+11
9.668641194384535176e-01 2.718395051711730957e+11
9.765327606328380039e-01 2.787342801768651123e+11
9.862980882391664261e-01 2.890855608144506226e+11
9.961610691215579960e-01 2.888255306891546631e+11
1.006122679812773590e+00 2.981987982033975830e+11
1.016183906610901300e+00 3.145320460399775391e+11
1.026345745677010202e+00 3.222107956203915405e+11
1.036609203133780355e+00 3.331533065540460205e+11
1.046975295165118336e+00 3.351427960321995239e+11
1.057445048116769204e+00 3.264905460850055542e+11
1.068019498597936989e+00 3.409564491835299683e+11
1.078699693583916597e+00 3.567246729165960693e+11
1.089486690519755552e+00 3.624167319421340942e+11
1.100381557424953138e+00 3.561218020862796021e+11
1.111385372999202481e+00 3.557404120145361938e+11
1.122499226729194666e+00 3.610538884129812622e+11
1.133724218996486455e+00 3.591377923375595093e+11
1.145061461186451135e+00 3.659092776160612183e+11
1.156512075798315831e+00 3.696626230795271606e+11
1.168077196556299047e+00 3.733553137958709717e+11
1.179757968521861988e+00 3.695134159430226440e+11
1.191555548207080761e+00 3.827474634554516602e+11
1.203471103689151889e+00 3.905977998437611084e+11
1.215505814726043354e+00 4.021415426862460938e+11
1.227660872873303610e+00 4.119554204039231567e+11
1.239937481602036762e+00 4.179114880718237305e+11
1.252336856418057032e+00 4.246576408443273315e+11
1.264860224982237824e+00 4.293562127027213745e+11
1.277508827232060051e+00 4.321689933604584961e+11
1.290283915504380818e+00 4.333595476596534424e+11
1.303186754659424462e+00 4.333500748081879883e+11
1.316218622206019040e+00 4.306837995374248047e+11
1.329380808428079153e+00 3.996924880424401855e+11
1.342674616512359975e+00 3.476013004474432373e+11
1.356101362677483380e+00 3.346611153824154663e+11
1.369662376304258355e+00 3.363821376425689087e+11
1.383359000067300837e+00 3.414304624364155273e+11
1.397192590067974027e+00 3.336194078699248657e+11
1.411164515968653665e+00 3.252486941520986938e+11
1.425276161128340213e+00 3.187079377951854858e+11
1.439528922739623740e+00 3.236308530312700806e+11
1.453924211967019708e+00 3.333639252282951050e+11
1.468463454086690101e+00 3.314621250567042847e+11
1.483148088627556760e+00 3.365856689633507080e+11
1.497979569513832487e+00 3.429779493500590210e+11
1.512959365208970564e+00 3.510713829734885864e+11
1.528088958861060442e+00 3.587134309001326294e+11
1.543369848449671178e+00 3.651389217798589478e+11
1.558803546934167894e+00 3.747033907829244385e+11
1.574391582403509737e+00 3.851954586975438232e+11
1.590135498227544852e+00 3.926198486680320435e+11
1.606036853209820148e+00 3.982583416466380005e+11
1.622097221741918505e+00 4.050524152510896606e+11
1.638318193959337421e+00 4.087799965196158447e+11
1.654701375898931071e+00 4.102331296590255737e+11
1.671248389657920441e+00 4.122685497939359741e+11
1.687960873554499530e+00 4.091157482739494019e+11
1.704840482290044701e+00 3.973611431502065430e+11
1.721888887112944966e+00 3.772951209116929932e+11
1.739107775984074289e+00 3.653748440650971069e+11
1.756498853743915012e+00 3.520762207536147461e+11
1.774063842281354608e+00 3.343693328677296143e+11
1.791804480704168201e+00 3.234563179906213379e+11
1.809722525511209934e+00 3.107508663518157349e+11
1.827819750766321860e+00 3.072392958557514648e+11
1.846097948273984990e+00 2.934315023194436035e+11
1.864558927756724938e+00 2.830039078414099121e+11
1.883204517034292147e+00 2.905274876130770264e+11
1.902036562204635128e+00 2.931404611567182007e+11
1.921056927826681582e+00 2.915277888756566772e+11
1.940267497104948502e+00 2.878153156200986938e+11
1.959670172075998140e+00 2.856791349119367065e+11
1.979266873796758031e+00 2.804305330644241333e+11
1.999059542534725509e+00 2.741792005954423828e+11
2.019050137960073155e+00 2.724881302190878296e+11
2.039240639339673589e+00 2.730637519077527771e+11
2.059633045733070489e+00 2.747070410655288391e+11
2.080229376190401158e+00 2.762394845411452637e+11
2.101031669952305059e+00 2.804379204355708008e+11
2.122041986651828083e+00 2.826164884295249634e+11
2.143262406518346097e+00 2.847405385455123291e+11
2.164695030583529967e+00 2.863659501217484741e+11
2.186341980889365377e+00 2.845555557749790649e+11
2.208205400698258991e+00 2.830326741879431763e+11
2.230287454705241146e+00 2.803163995558719482e+11
2.252590329252293522e+00 2.768713147532770996e+11
2.275116232544817318e+00 2.722923213344920349e+11
2.297867394870265034e+00 2.614565790469725647e+11
2.320846068818967822e+00 2.519059403420304260e+11
2.344054529507157536e+00 2.444991962027290649e+11
2.367495074802228761e+00 2.369493864383711853e+11
2.391170025550251044e+00 2.275103678935462646e+11
2.415081725805753532e+00 2.153345391364606323e+11
2.439232543063811764e+00 2.052260801843629150e+11
2.463624868494449949e+00 1.958694847731494141e+11
2.488261117179394244e+00 1.880223977399701843e+11
2.513143728351188155e+00 1.780076100780080566e+11
2.538275165634700237e+00 1.725832861512660828e+11
2.563657917291046751e+00 1.682027616742828674e+11
2.589294496463957262e+00 1.652963301569856873e+11
2.615187441428596937e+00 1.650681815436880798e+11
2.641339315842882840e+00 1.625198226185422974e+11
2.667752709001311562e+00 1.603714542461005554e+11
2.694430236091324815e+00 1.543936164685370789e+11
2.721374538452237868e+00 1.494144529803082886e+11
2.748588283836760127e+00 1.446156326283120117e+11
2.776074166675128296e+00 1.396830197751588135e+11
2.803834908341879206e+00 1.375028310467943115e+11
2.831873257425297830e+00 1.332099025333637085e+11
2.860191989999551154e+00 1.310637431989662323e+11
2.888793909899546541e+00 1.298178772977961426e+11
2.917681848998542549e+00 1.242001861379265594e+11
2.946858667488527761e+00 1.234602545433077087e+11
2.976327254163412928e+00 1.205189301226282806e+11
3.006090526705047061e+00 1.195992785786062012e+11
3.036151431972097470e+00 1.167604101065568390e+11
3.066512946291818587e+00 1.167085802322967682e+11
3.097178075754736692e+00 1.142580336070490723e+11
3.128149856512283833e+00 1.129719590799260101e+11
3.159431355077406689e+00 1.117023687494576569e+11
3.191025668628181045e+00 1.101145876816351166e+11
3.222935925314462935e+00 1.091082498518724518e+11
3.255165284567607564e+00 1.082051667076454315e+11
3.287716937413283524e+00 1.065887600017565765e+11
3.320594106787416067e+00 1.054620542612651978e+11
3.353800047855290511e+00 1.033856933394456024e+11
3.387338048333843332e+00 1.018612109928455658e+11
3.421211428817182210e+00 1.003182275194650269e+11
3.455423543105353712e+00 9.901964676199404907e+10
3.489977778536407005e+00 9.689872714181425476e+10
3.524877556321771355e+00 9.494411192986633301e+10
3.560126331884988726e+00 9.349965392298956299e+10
3.595727595203838334e+00 9.191466394021022034e+10
3.631684871155877570e+00 9.008952534848068237e+10
3.668001719867436616e+00 8.819860202443942261e+10
3.704681737066110259e+00 8.686135825667628479e+10
3.741728554436771326e+00 8.525759102574070740e+10
3.779145839981139510e+00 8.366562719183049011e+10
3.816937298380950860e+00 8.159570868595848083e+10
3.855106671364760818e+00 7.992000973692146301e+10
3.893657738078407426e+00 7.802186274077276611e+10
3.932594315459191581e+00 7.586350273889862061e+10
3.971920258613783616e+00 7.327188227803468323e+10
4.011639461199922430e+00 7.079905201126690674e+10
4.051755855811920881e+00 6.824789623564193726e+10
4.092273414370040108e+00 6.514377519212000275e+10
4.133196148513740731e+00 6.325745785427302551e+10
4.174528109998877135e+00 6.090020637948029327e+10
4.216273391098866341e+00 5.834339498202779388e+10
4.258436125009854578e+00 5.555486697865157318e+10
4.301020486259953479e+00 5.384156965583022308e+10
4.344030691122553023e+00 5.159802525650080109e+10
4.387470998033777825e+00 4.953366886077586365e+10
4.431345708014116092e+00 4.765142720480494690e+10
4.475659165094256764e+00 4.610079497846578979e+10
4.520415756745198799e+00 4.460355576405824280e+10
4.565619914312651240e+00 4.325692667827257538e+10
4.611276113455778258e+00 4.204705468875118256e+10
4.657388874590335348e+00 4.076954482584860229e+10
4.703962763336238417e+00 3.966359898370507812e+10
4.751002390969600420e+00 3.853512005099161530e+10
4.798512414879296806e+00 3.737579358918893433e+10
4.846497539028090884e+00 3.621503715652921295e+10
4.894962514418371491e+00 3.510931357799471283e+10
4.943912139562555375e+00 3.390959552651290894e+10
4.993351260958180937e+00 3.288969038546289825e+10
5.043284773567762613e+00 3.158706917639298248e+10
5.093717621303440524e+00 3.075881001771327591e+10
5.144654797516475142e+00 2.964727487556726837e+10
5.196101345491639378e+00 2.874899156467410278e+10
5.248062358946555150e+00 2.791216023760806274e+10
5.300542982536021519e+00 2.696428159200669479e+10
5.353548412361381459e+00 2.624920045604344559e+10
5.407083896484995655e+00 2.535637590503693390e+10
5.461154735449845532e+00 2.473131414756533051e+10
5.515766282804344556e+00 2.396284052438553238e+10
5.570923945632387131e+00 2.312486668674882126e+10
5.626633185088711464e+00 2.252504719053308105e+10
5.682899516939598605e+00 2.177138387248738098e+10
5.739728512108993819e+00 2.109879333827265167e+10
5.797125797230084032e+00 2.053633128798017502e+10
5.855097055202384659e+00 1.981441190361751175e+10
5.913648025754409510e+00 1.934067480605076599e+10
5.972784506011953987e+00 1.880990393176947784e+10
6.032512351072073287e+00 1.818091059941371155e+10
6.092837474582792900e+00 1.787294962829705048e+10
6.153765849328621584e+00 1.742631382344786835e+10
6.215303507821907658e+00 1.694157578243544960e+10
6.277456542900125669e+00 1.640634612883459663e+10
6.340231108329128062e+00 1.587123613903792381e+10
6.403633419412418704e+00 1.516891749448032379e+10
6.467669753606543281e+00 1.426961813521927071e+10
6.532346451142608146e+00 1.362310749518337440e+10
6.597669915654034156e+00 1.280338293424694824e+10
6.663646614810574853e+00 1.227292983912462616e+10
6.730283080958680664e+00 1.215564386317933846e+10
6.797585911768267763e+00 1.161929302084884834e+10
6.865561770885950210e+00 1.130713454526848984e+10
6.934217388594810849e+00 1.099303505250621033e+10
7.003559562480758949e+00 1.074794663018911552e+10
7.073595158105566050e+00 1.031587968976504517e+10
7.144331109686621772e+00 1.004507369055026054e+10
7.215774420783487741e+00 9.777878302641698837e+09
7.287932164991324235e+00 9.442658037566223145e+09
7.360811486641236634e+00 9.133904130938768387e+09
7.434419601507648245e+00 8.846979287364873886e+09
7.508763797522725270e+00 8.567903518911843300e+09
7.583851435497953375e+00 8.260492344896018028e+09
7.659689949852931612e+00 8.016487003550808907e+09
7.736286849351461825e+00 7.723329647896639824e+09
7.813649717844977083e+00 7.581861964560042381e+09
7.891786215023426365e+00 7.152436612873793602e+09
7.970704077173661695e+00 6.984205538339686394e+09
8.050411117945397876e+00 6.742822689639932632e+09
8.130915229124850541e+00 6.517144575797124863e+09
8.212224381416099561e+00 6.301469521418398857e+09
8.294346625230261338e+00 6.058903267874389648e+09
8.377290091482562318e+00 5.867171012761103630e+09
8.461062992397387461e+00 5.690376321159396172e+09
8.545673622321363183e+00 5.517669597733858109e+09
8.631130358544575998e+00 5.367787846921454430e+09
8.717441662130022806e+00 5.168650802513791084e+09
8.804616078751321240e+00 5.016338281254523277e+09
8.892662239538834612e+00 4.895722912268583298e+09
8.981588861934222123e+00 4.717227780821794510e+09
9.071404750553567098e+00 4.593993560053966522e+09
9.162118798059102787e+00 4.449881495110727310e+09
9.253739986039693832e+00 4.292362975196889877e+09
9.346277385900089385e+00 4.173628338150582314e+09
9.439740159759089977e+00 4.026414374979597092e+09
9.534137561356683221e+00 3.920865922922225952e+09
9.629478936970249592e+00 3.757542883673774242e+09
9.725773726339950187e+00 3.655266137025996208e+09
9.823031463603349778e+00 3.535015594339142799e+09
9.921261778239381712e+00 3.387712675195508480e+09
1.002047439602177548e+01 3.294583909042604923e+09
1.012067913998199487e+01 3.169661384439212322e+09
1.022188593138181290e+01 3.073431627824669361e+09
1.032410479069563181e+01 2.948980314781262875e+09
1.042734583860258724e+01 2.847152541138287544e+09
1.053161929698861421e+01 2.745950697052278519e+09
1.063693548995849980e+01 2.648351843781493187e+09
1.074330484485808412e+01 2.549138515951900959e+09
1.085073789330666472e+01 2.466069108955326557e+09
1.095924527223973222e+01 2.355379960866868973e+09
1.106883772496212970e+01 2.276496144419484615e+09
1.117952610221174936e+01 2.187447065582443237e+09
1.129132136323386781e+01 2.111043964640803814e+09
1.140423457686620701e+01 2.036695365977700233e+09
1.151827692263487002e+01 1.959512579370489359e+09
1.163345969186121920e+01 1.888635956087685347e+09
1.174979428877982990e+01 1.807027065708504915e+09
1.186729223166762992e+01 1.743292003012340784e+09
1.198596515398430462e+01 1.690917635220812082e+09
1.210582480552414708e+01 1.620899221523644686e+09
1.222688305357938887e+01 1.569495357937331676e+09
1.234915188411518194e+01 1.513052939678564548e+09
1.247264340295633467e+01 1.440229199458648682e+09
1.259736983698589619e+01 1.398586444056660891e+09
1.272334353535575424e+01 1.345917355554840088e+09
1.285057697070931226e+01 1.296643823960911036e+09
1.297908274041640553e+01 1.243471851700596094e+09
1.310887356782057012e+01 1.208966960870181799e+09
1.323996230349877479e+01 1.152904632475574732e+09
1.337236192653376321e+01 1.117736460583385706e+09
1.350608554579910248e+01 1.068937210784325957e+09
1.364114640125709244e+01 1.038865836037530065e+09
1.377755786526966197e+01 9.933655471579579115e+08
1.391533344392236238e+01 9.624012875082210302e+08
1.405448677836158211e+01 9.269363253489339352e+08
1.419503164614519974e+01 8.832797654308012724e+08
1.433698196260665192e+01 8.598782493351819515e+08
1.448035178223271835e+01 8.246765202332255840e+08
1.462515530005504516e+01 7.888527269030764103e+08
1.477140685305559664e+01 7.697981551836692095e+08
1.491912092158615089e+01 7.356129799636794329e+08
1.506831213080201159e+01 7.131418718590167761e+08
1.521899525211003024e+01 6.861456255633389950e+08
1.537118520463113214e+01 6.584318075504267216e+08
1.552489705667744246e+01 6.365953260895936489e+08
1.568014602724421813e+01 6.137956102460252047e+08
1.583694748751665848e+01 5.911884676879538298e+08
1.599531696239182388e+01 5.676440250442113876e+08
1.615527013201574391e+01 5.430463019007883072e+08
1.631682283333590178e+01 5.303085947177130580e+08
1.647999106166925998e+01 5.061760585818061233e+08
1.664479097228595350e+01 4.867029489968537092e+08
1.681123888200881211e+01 4.727926598662998080e+08
1.697935127082889650e+01 4.585964120542922616e+08
1.714914478353718863e+01 4.351620266133328676e+08
1.732063623137256059e+01 4.177479072037320733e+08
1.749384259368628847e+01 4.067003081020614505e+08
1.766878101962314673e+01 3.886002579902057052e+08
1.784546882981938509e+01 3.781042348165952563e+08
1.802392351811757720e+01 3.628212449995144606e+08
1.820416275329875333e+01 3.491247055854918957e+08
1.838620438083173880e+01 3.373363703258269429e+08
1.857006642464005353e+01 3.193417241474623084e+08
1.875576708888645427e+01 3.112693534117501974e+08
1.894332475977532226e+01 3.007204664731417894e+08
1.913275800737307719e+01 2.903308504110245109e+08
1.969740769490774923e+01 2.589717696448321342e+08
2.068227807965313403e+01 2.150289911801542342e+08
2.171639198363579126e+01 1.785639282402020097e+08
2.280221158281758420e+01 1.487962048701061904e+08
2.394232216195846163e+01 1.234115266992187351e+08
2.513943827005638454e+01 1.023836998923241794e+08
2.639641018355920465e+01 8.508905163906225562e+07
2.771623069273716311e+01 7.039565393960171938e+07
2.910204222737402446e+01 5.839057495528148115e+07
3.055714433874272729e+01 4.794937317306786031e+07
3.208500155567985956e+01 3.995081847008857131e+07
3.368925163346385432e+01 3.283154421121938527e+07
3.537371421513704206e+01 2.703370486400618032e+07
3.714239992589390482e+01 2.250104211612594128e+07
3.899951992218858976e+01 1.870652477548776194e+07
4.094949591829801960e+01 1.540550927739741467e+07
4.299697071421292094e+01 1.281002993819183856e+07
4.514681924992356699e+01 1.062614668284391984e+07
4.740416021241974676e+01 8.800995735466575250e+06
4.977436822304073161e+01 7.274094874791820534e+06
5.226308663419276712e+01 6.027334299519518390e+06
5.487624096590241152e+01 4.998242123789868318e+06
5.762005301419753067e+01 4.124648390415817965e+06
6.050105566490740472e+01 3.430164271571413614e+06
6.352610844815276891e+01 2.827981744057591073e+06
6.670241387056040594e+01 2.345707622275409754e+06
7.003753456408843192e+01 1.944839663119537290e+06
7.353941129229284002e+01 1.599777327663493808e+06
7.721638185690748912e+01 1.331254904321382754e+06
8.107720094975286429e+01 1.093986754170851549e+06
8.513106099724051035e+01 9.044268907014501747e+05
8.938761404710253089e+01 7.595772169271619059e+05
9.385699474945765530e+01 6.234173185551115312e+05
