3.401114059005487245e-01 1.428160962215154419e+11
3.435125199595542300e-01 1.080653717369371796e+11
3.469476451591497201e-01 1.416769087885314941e+11
3.504171216107412334e-01 1.753794240307307739e+11
3.539212928268486436e-01 1.860986044138285828e+11
3.574605057551171750e-01 1.870061439999015808e+11
3.610351108126682584e-01 1.920723263088785400e+11
3.646454619207949999e-01 1.893946903758890991e+11
3.682919165400029282e-01 1.703422826544114075e+11
3.719748357054029064e-01 1.854181339185263062e+11
3.756945840624569266e-01 2.249717097873283386e+11
3.794515299030815081e-01 2.798896200795850220e+11
3.832460452021123065e-01 2.893264224766837769e+11
3.870785056541334312e-01 3.385052934152450562e+11
3.909492907106748016e-01 3.375665457241076050e+11
3.948587836177815391e-01 3.078767159593685303e+11
3.988073714539593917e-01 2.388331276201668396e+11
4.027954451684989667e-01 1.442474824014713440e+11
4.068233996201839342e-01 1.477633316099339294e+11
4.108916336163858096e-01 1.971702611364063110e+11
4.150005499525497021e-01 3.372957469789423218e+11
4.191505554520751908e-01 3.590621045602508545e+11
4.233420610065958822e-01 3.556666634964118652e+11
4.275754816166618122e-01 3.481576992022719727e+11
4.318512364328284114e-01 2.716439296837592468e+11
4.361697487971567533e-01 2.526129360654414673e+11
4.405314462851282475e-01 3.028603654694155273e+11
4.449367607479796094e-01 3.107965086938719482e+11
4.493861283554593800e-01 2.774304345584291992e+11
4.538799896390139921e-01 2.698018631120529175e+11
4.584187895354041031e-01 2.548796812470994568e+11
4.630029774307581336e-01 2.235997106330052490e+11
4.676330072050656761e-01 1.901964467526730347e+11
4.723093372771162701e-01 1.582828431445345154e+11
4.770324306498874289e-01 1.101704901232450409e+11
4.818027549563863032e-01 6.519675962855379486e+10
4.866207825059500891e-01 3.176610617674760437e+10
4.914869903310095656e-01 3.260070462419050980e+10
4.964018602343197584e-01 2.450380716611391449e+10
5.013658788366629482e-01 1.664525859918977737e+10
5.063795376250295188e-01 1.258267937334291649e+10
5.114433330012797541e-01 1.102205172869748306e+10
5.165577663312926893e-01 9.441756327919742584e+09
5.217233439946056262e-01 8.204051723862073898e+09
5.269405774345515825e-01 6.990702466684242249e+09
5.322099832088971194e-01 5.980261897049895287e+09
5.375320830409860973e-01 5.154122072151119232e+09
5.429074038713960215e-01 4.359000791173873901e+09
5.483364779101099762e-01 3.706066831040192604e+09
5.538198426892112503e-01 3.122391428454426765e+09
5.593580411161032107e-01 2.575025130658515453e+09
5.649516215272641917e-01 2.108579398948868752e+09
5.706011377425368458e-01 1.666492333564771175e+09
5.763071491199621699e-01 1.247942127292558432e+09
5.820702206111618704e-01 8.439024110160288811e+08
5.878909228172733981e-01 2.772769546070605516e+08
5.937698320454461998e-01 5.594487230442373753e+08
5.997075303659007428e-01 9.528456222944046259e+08
6.057046056695597480e-01 1.271162826328752995e+09
6.117616517262552955e-01 1.543783994040592194e+09
6.178792682435179096e-01 1.796207652508007526e+09
6.240580609259530620e-01 2.037463590708697796e+09
6.302986415352126448e-01 2.278725173805651188e+09
6.366016279505647413e-01 2.508286833500270367e+09
6.429676442300703565e-01 2.726430515653118610e+09
6.493973206723711034e-01 2.916233908190918922e+09
6.558912938790947278e-01 2.699892084164005280e+09
6.624502068178856895e-01 3.414930333525145054e+09
6.690747088860645730e-01 3.762932988684515953e+09
6.757654559749252110e-01 4.027592270041057110e+09
6.825231105346745153e-01 4.116609395220214367e+09
6.893483416400212338e-01 3.813829767100202084e+09
6.962418250564214039e-01 3.416676833953429699e+09
7.032042433069857212e-01 3.294891542170522690e+09
7.102362857400554841e-01 3.278254997433866501e+09
7.173386485974559967e-01 3.162532791155112743e+09
7.245120350834306500e-01 3.016531112186552048e+09
7.317571554342650053e-01 2.771236419961863041e+09
7.390747269886076554e-01 2.514190659429785728e+09
7.464654742584937441e-01 2.241473927478790760e+09
7.539301290010786971e-01 1.908164910743669033e+09
7.614694302910893775e-01 1.264595118111886024e+09
7.690841245940003290e-01 2.883671563869317770e+08
7.767749658399403234e-01 1.545153537435003281e+09
7.845427154983398710e-01 2.458606715961432457e+09
7.923881426533231354e-01 3.231894685257598400e+09
8.003120240798563545e-01 4.029900285716725349e+09
8.083151443206548770e-01 4.751358121589671135e+09
8.163982957638614701e-01 5.458689692139441490e+09
8.245622787215000082e-01 6.395613207102372169e+09
8.328079015087149761e-01 7.356868282480343819e+09
8.411359805238021181e-01 8.462519592066403389e+09
8.495473403290402237e-01 9.741770503047430038e+09
8.580428137323306004e-01 1.101923793173880005e+10
8.666232418696537820e-01 1.125896111413264084e+10
8.752894742883503554e-01 1.249262964969624329e+10
8.840423690312340099e-01 1.441185430640570068e+10
8.928827927215462479e-01 1.542923611581439018e+10
9.018116206487618580e-01 1.743250897215943146e+10
9.108297368552494833e-01 1.970020273413447571e+10
9.199380342238018260e-01 2.059807333498907089e+10
9.291374145660399320e-01 1.661536034220449066e+10
9.384287887117003235e-01 1.767073008182766724e+10
9.478130765988174167e-01 1.980015324532716370e+10
9.572912073648053299e-01 2.095658684640058136e+10
9.668641194384535176e-01 2.248427865107754898e+10
9.765327606328380039e-01 2.392136653656139755e+10
9.862980882391664261e-01 2.708256410604904556e+10
9.961610691215579960e-01 2.956856115774035645e+10
1.006122679812773590e+00 2.791249747616076660e+10
1.016183906610901300e+00 3.395269297357173920e+10
1.026345745677010202e+00 4.072343876975015259e+10
1.036609203133780355e+00 4.758831886890753937e+10
1.046975295165118336e+00 5.183820853112049866e+10
1.057445048116769204e+00 5.501109329839353180e+10
1.068019498597936989e+00 5.981162272651967621e+10
1.078699693583916597e+00 6.458224193145528412e+10
1.089486690519755552e+00 5.421852597252088165e+10
1.100381557424953138e+00 3.957202273707338715e+10
1.111385372999202481e+00 3.499803409819411469e+10
1.122499226729194666e+00 3.535888273369808197e+10
1.133724218996486455e+00 3.274280459681237411e+10
1.145061461186451135e+00 3.586969555801696014e+10
1.156512075798315831e+00 3.655291744855300903e+10
1.168077196556299047e+00 3.704001854748668671e+10
1.179757968521861988e+00 3.745547080097276306e+10
1.191555548207080761e+00 4.574820622537741089e+10
1.203471103689151889e+00 5.376206016953479004e+10
1.215505814726043354e+00 6.129272148722715759e+10
1.227660872873303610e+00 6.947003810666293335e+10
1.239937481602036762e+00 7.506483555659072876e+10
1.252336856418057032e+00 8.110965603224894714e+10
1.264860224982237824e+00 8.929117236838479614e+10
1.277508827232060051e+00 8.903932079029417419e+10
1.290283915504380818e+00 8.647338864797735596e+10
1.303186754659424462e+00 8.198379844669131470e+10
1.316218622206019040e+00 7.518885332066618347e+10
1.329380808428079153e+00 5.290326719570774841e+10
1.342674616512359975e+00 2.844371050165126038e+10
1.356101362677483380e+00 2.439190559868556976e+10
1.369662376304258355e+00 2.586988972915631485e+10
1.383359000067300837e+00 2.766292096226422119e+10
1.397192590067974027e+00 2.689845810440110016e+10
1.411164515968653665e+00 2.546793285081008148e+10
1.425276161128340213e+00 2.457335993967485046e+10
1.439528922739623740e+00 2.626259167636362076e+10
1.453924211967019708e+00 3.134962316486204147e+10
1.468463454086690101e+00 3.217880906773358154e+10
1.483148088627556760e+00 3.505476870733111572e+10
1.497979569513832487e+00 3.864390062056648254e+10
1.512959365208970564e+00 4.316236837461767578e+10
1.528088958861060442e+00 4.822505099022501373e+10
1.543369848449671178e+00 5.389054068483606720e+10
1.558803546934167894e+00 5.964027539204319763e+10
1.574391582403509737e+00 6.676972435334967041e+10
1.590135498227544852e+00 7.365178018575180054e+10
1.606036853209820148e+00 7.754504891010693359e+10
1.622097221741918505e+00 8.335501672536459351e+10
1.638318193959337421e+00 8.748023569664088440e+10
1.654701375898931071e+00 9.136163902539179993e+10
1.671248389657920441e+00 9.384713290878684998e+10
1.687960873554499530e+00 9.343679238177180481e+10
1.704840482290044701e+00 8.597179423722207642e+10
1.721888887112944966e+00 7.306197479010861206e+10
1.739107775984074289e+00 6.582415298368211365e+10
1.756498853743915012e+00 6.034322895066670227e+10
1.774063842281354608e+00 5.219446189312909698e+10
1.791804480704168201e+00 4.820387698901916504e+10
1.809722525511209934e+00 4.362994576730890656e+10
1.827819750766321860e+00 4.351874819773896790e+10
1.846097948273984990e+00 4.041350756347726440e+10
1.864558927756724938e+00 3.749406962423482513e+10
1.883204517034292147e+00 4.275273868029818726e+10
1.902036562204635128e+00 4.559918163150631714e+10
1.921056927826681582e+00 4.642242932510037994e+10
1.940267497104948502e+00 4.337960254151591492e+10
1.959670172075998140e+00 4.354203566369760895e+10
1.979266873796758031e+00 4.437648964953099060e+10
1.999059542534725509e+00 4.521415594084938049e+10
2.019050137960073155e+00 4.878817629973302460e+10
2.039240639339673589e+00 5.315332383502592468e+10
2.059633045733070489e+00 5.782216095006923676e+10
2.080229376190401158e+00 6.159826989183782959e+10
2.101031669952305059e+00 6.627229068159517670e+10
2.122041986651828083e+00 6.899797269274267578e+10
2.143262406518346097e+00 7.121205328911166382e+10
2.164695030583529967e+00 7.182940969239001465e+10
2.186341980889365377e+00 7.085265936864303589e+10
2.208205400698258991e+00 6.920474893815316772e+10
2.230287454705241146e+00 6.840088279651570892e+10
2.252590329252293522e+00 6.733257226099484253e+10
2.275116232544817318e+00 6.548261884404074860e+10
2.297867394870265034e+00 5.928536245944470978e+10
2.320846068818967822e+00 5.587296895217876434e+10
2.344054529507157536e+00 5.511431207739022827e+10
2.367495074802228761e+00 5.287235380367768097e+10
2.391170025550251044e+00 5.164859621461996460e+10
2.415081725805753532e+00 4.867257309502861786e+10
2.439232543063811764e+00 4.516106913039275360e+10
2.463624868494449949e+00 4.144084098750219727e+10
2.488261117179394244e+00 3.886975339051092529e+10
2.513143728351188155e+00 3.380837898968563080e+10
2.538275165634700237e+00 3.167408854596009827e+10
2.563657917291046751e+00 3.041828832908232880e+10
2.589294496463957262e+00 3.018537157370848083e+10
2.615187441428596937e+00 3.222380810404039383e+10
2.641339315842882840e+00 3.295790749422691727e+10
2.667752709001311562e+00 3.064878649132878876e+10
2.694430236091324815e+00 2.835771148570633698e+10
2.721374538452237868e+00 2.865284764216091537e+10
2.748588283836760127e+00 2.903559104681388092e+10
2.776074166675128296e+00 2.742788265548803711e+10
2.803834908341879206e+00 2.844282550802207947e+10
2.831873257425297830e+00 2.773056584405827332e+10
2.860191989999551154e+00 2.765964467392928696e+10
2.888793909899546541e+00 2.863466007763986969e+10
2.917681848998542549e+00 2.698774913651151657e+10
2.946858667488527761e+00 2.871038583669932556e+10
2.976327254163412928e+00 2.864693457610315704e+10
3.006090526705047061e+00 2.992382660789417648e+10
3.036151431972097470e+00 2.997375729517518234e+10
3.066512946291818587e+00 3.161185813611563873e+10
3.097178075754736692e+00 3.139389345625748062e+10
3.128149856512283833e+00 3.194512369443343735e+10
3.159431355077406689e+00 3.197539179278999329e+10
3.191025668628181045e+00 3.194918597671170807e+10
3.222935925314462935e+00 3.291043983426023102e+10
3.255165284567607564e+00 3.428308150855672836e+10
3.287716937413283524e+00 3.461259692686460114e+10
3.320594106787416067e+00 3.085311508641985321e+10
3.353800047855290511e+00 3.144642738762356186e+10
3.387338048333843332e+00 3.374436738559387589e+10
3.421211428817182210e+00 3.353651484290748215e+10
3.455423543105353712e+00 3.356793439257057571e+10
3.489977778536407005e+00 3.337942537827551651e+10
3.524877556321771355e+00 3.367676400774627304e+10
3.560126331884988726e+00 3.368155784600671387e+10
3.595727595203838334e+00 3.382358908470506668e+10
3.631684871155877570e+00 3.437152248047415924e+10
3.668001719867436616e+00 3.453668792779174042e+10
3.704681737066110259e+00 3.533034659980274963e+10
3.741728554436771326e+00 3.534459029908178711e+10
3.779145839981139510e+00 3.559258291806462860e+10
3.816937298380950860e+00 3.531975644093288422e+10
3.855106671364760818e+00 3.563251210760216522e+10
3.893657738078407426e+00 3.492882487123152924e+10
3.932594315459191581e+00 3.386129440242601395e+10
3.971920258613783616e+00 3.087476533729287338e+10
4.011639461199922430e+00 2.761454085907828522e+10
4.051755855811920881e+00 2.538821471241063309e+10
4.092273414370040108e+00 2.312385781393783569e+10
4.133196148513740731e+00 2.236374810162660980e+10
4.174528109998877135e+00 2.168894146104468536e+10
4.216273391098866341e+00 2.012651977442642212e+10
4.258436125009854578e+00 1.813892662225991821e+10
4.301020486259953479e+00 1.501289637117296600e+10
4.344030691122553023e+00 1.445586680924652290e+10
4.387470998033777825e+00 1.522086178532848930e+10
4.431345708014116092e+00 1.458907344257241249e+10
4.475659165094256764e+00 1.384817234082338333e+10
4.520415756745198799e+00 1.347626070705225754e+10
4.565619914312651240e+00 1.311236953838930130e+10
4.611276113455778258e+00 1.321034243710306740e+10
4.657388874590335348e+00 1.349209501919337463e+10
4.703962763336238417e+00 1.319199449661450005e+10
4.751002390969600420e+00 1.282170579837760925e+10
4.798512414879296806e+00 1.266185011848616982e+10
4.846497539028090884e+00 1.250705244755727005e+10
4.894962514418371491e+00 1.225377479773815918e+10
4.943912139562555375e+00 1.195909388361011887e+10
4.993351260958180937e+00 1.210099720161213875e+10
5.043284773567762613e+00 1.180611380910683632e+10
5.093717621303440524e+00 1.184739495370193291e+10
5.144654797516475142e+00 1.144688212298130417e+10
5.196101345491639378e+00 1.125660803859759903e+10
5.248062358946555150e+00 1.128395113978574562e+10
5.300542982536021519e+00 1.077361759964939880e+10
5.353548412361381459e+00 1.059168488862644958e+10
5.407083896484995655e+00 1.002774059017345619e+10
5.461154735449845532e+00 9.974300039719692230e+09
5.515766282804344556e+00 9.687000465176820755e+09
5.570923945632387131e+00 9.235455061429630280e+09
5.626633185088711464e+00 9.135583662784704208e+09
5.682899516939598605e+00 8.796356651517202377e+09
5.739728512108993819e+00 8.477226946776290894e+09
5.797125797230084032e+00 8.333104617002130508e+09
5.855097055202384659e+00 7.924778565522135735e+09
5.913648025754409510e+00 7.925611970382732391e+09
5.972784506011953987e+00 7.887559582205023766e+09
6.032512351072073287e+00 7.615149250115010262e+09
6.092837474582792900e+00 7.770598277780699730e+09
6.153765849328621584e+00 7.811310349679485321e+09
6.215303507821907658e+00 7.645489533048581123e+09
6.277456542900125669e+00 7.628342758926053047e+09
6.340231108329128062e+00 7.334495045565123558e+09
6.403633419412418704e+00 6.669985772562342644e+09
6.467669753606543281e+00 6.008235524612564087e+09
6.532346451142608146e+00 5.659074846171818733e+09
6.597669915654034156e+00 5.089313682080132484e+09
6.663646614810574853e+00 5.047139675559766769e+09
6.730283080958680664e+00 5.205221461942377090e+09
6.797585911768267763e+00 4.872175650960547447e+09
6.865561770885950210e+00 4.802444018717398643e+09
6.934217388594810849e+00 4.845510769329231262e+09
7.003559562480758949e+00 4.820580714644030571e+09
7.073595158105566050e+00 4.543225755448547363e+09
7.144331109686621772e+00 4.494491512109503746e+09
7.215774420783487741e+00 4.438780427239048004e+09
7.287932164991324235e+00 4.316955185997235298e+09
7.360811486641236634e+00 4.120333477229436398e+09
7.434419601507648245e+00 4.016254374655554295e+09
7.508763797522725270e+00 3.959891964729500771e+09
7.583851435497953375e+00 3.746417847415398598e+09
7.659689949852931612e+00 3.786793588337841988e+09
7.736286849351461825e+00 3.519237055741571426e+09
7.813649717844977083e+00 3.578281116917410374e+09
7.891786215023426365e+00 3.268582324422289371e+09
7.970704077173661695e+00 3.352578141947914600e+09
8.050411117945397876e+00 3.241396894786153793e+09
8.130915229124850541e+00 3.157046931771792412e+09
8.212224381416099561e+00 3.074754167918353081e+09
8.294346625230261338e+00 3.007501076225368500e+09
8.377290091482562318e+00 2.948334667344605446e+09
8.461062992397387461e+00 2.883181413017754078e+09
8.545673622321363183e+00 2.818720869172562122e+09
8.631130358544575998e+00 2.794115503200949669e+09
8.717441662130022806e+00 2.683916456604215622e+09
8.804616078751321240e+00 2.601507434949142456e+09
8.892662239538834612e+00 2.555201680944756985e+09
8.981588861934222123e+00 2.410477462832149506e+09
9.071404750553567098e+00 2.412670460517608643e+09
9.162118798059102787e+00 2.397318752164268017e+09
9.253739986039693832e+00 2.310038888513567924e+09
9.346277385900089385e+00 2.284293394296531200e+09
9.439740159759089977e+00 2.164508475374206543e+09
9.534137561356683221e+00 2.162348959180875301e+09
9.629478936970249592e+00 2.058191844772975683e+09
9.725773726339950187e+00 2.046887273228136778e+09
9.823031463603349778e+00 1.982423675731755018e+09
9.921261778239381712e+00 1.877321164851315975e+09
1.002047439602177548e+01 1.859362821381400585e+09
1.012067913998199487e+01 1.765632231688675880e+09
1.022188593138181290e+01 1.727199854943822622e+09
1.032410479069563181e+01 1.633723661950798035e+09
1.042734583860258724e+01 1.561463569704514742e+09
1.053161929698861421e+01 1.556736663795185089e+09
1.063693548995849980e+01 1.524568356807205915e+09
1.074330484485808412e+01 1.480056836668056965e+09
1.085073789330666472e+01 1.438955678502156973e+09
1.095924527223973222e+01 1.341462035282410145e+09
1.106883772496212970e+01 1.304577566081971407e+09
1.117952610221174936e+01 1.275948787098636627e+09
1.129132136323386781e+01 1.230692469861739159e+09
1.140423457686620701e+01 1.212245821842118025e+09
1.151827692263487002e+01 1.144448091943567514e+09
1.163345969186121920e+01 1.104799625749674082e+09
1.174979428877982990e+01 1.023364490419862151e+09
1.186729223166762992e+01 1.014066948862277031e+09
1.198596515398430462e+01 9.931721641856453419e+08
1.210582480552414708e+01 9.398645889711860418e+08
1.222688305357938887e+01 9.174717864150696993e+08
1.234915188411518194e+01 8.740716418639208078e+08
1.247264340295633467e+01 8.209555120980230570e+08
1.259736983698589619e+01 7.959183834752293825e+08
1.272334353535575424e+01 7.803589777117383480e+08
1.285057697070931226e+01 7.526099260052701235e+08
1.297908274041640553e+01 7.102095118188546896e+08
1.310887356782057012e+01 7.015856788705816269e+08
1.323996230349877479e+01 6.550041827919491529e+08
1.337236192653376321e+01 6.398324484756516218e+08
1.350608554579910248e+01 5.996368483295475245e+08
1.364114640125709244e+01 5.939922878213356733e+08
1.377755786526966197e+01 5.627285697797282934e+08
1.391533344392236238e+01 5.474398213280737400e+08
1.405448677836158211e+01 5.275061897245380282e+08
1.419503164614519974e+01 4.924742387253152132e+08
1.433698196260665192e+01 4.844424748290778995e+08
1.448035178223271835e+01 4.536896313668702245e+08
1.462515530005504516e+01 4.442018690017141104e+08
1.477140685305559664e+01 4.379032408699926734e+08
1.491912092158615089e+01 3.953049665567006469e+08
1.506831213080201159e+01 4.023012904366457462e+08
1.521899525211003024e+01 3.881263386858444214e+08
1.537118520463113214e+01 3.684861014123823047e+08
1.552489705667744246e+01 3.534290303469195366e+08
1.568014602724421813e+01 3.414877045336803794e+08
1.583694748751665848e+01 3.348808726868983507e+08
1.599531696239182388e+01 3.186301739065657258e+08
1.615527013201574391e+01 3.048656440817341208e+08
1.631682283333590178e+01 2.989990581367826462e+08
1.647999106166925998e+01 2.819201674654042125e+08
1.664479097228595350e+01 2.687560156918817759e+08
1.681123888200881211e+01 2.713041121541910768e+08
1.697935127082889650e+01 2.607532992978998423e+08
1.714914478353718863e+01 2.398843962170682549e+08
1.732063623137256059e+01 2.312186485241240859e+08
1.749384259368628847e+01 2.304118818271640241e+08
1.766878101962314673e+01 2.163944055497749448e+08
1.784546882981938509e+01 2.135520403628856540e+08
1.802392351811757720e+01 2.064522329455557466e+08
1.820416275329875333e+01 1.948689515341255665e+08
1.838620438083173880e+01 1.913666495498493314e+08
1.857006642464005353e+01 1.735902330729190111e+08
1.875576708888645427e+01 1.757064166894537807e+08
1.894332475977532226e+01 1.693662365653034151e+08
1.913275800737307719e+01 1.667360431093055606e+08
1.969740769490774923e+01 1.445143530135584772e+08
2.068227807965313403e+01 1.202765760218531340e+08
2.171639198363579126e+01 9.983305885515128076e+07
2.280221158281758420e+01 8.460642284094259143e+07
2.394232216195846163e+01 6.991907841372007132e+07
2.513943827005638454e+01 5.780257095343258232e+07
2.639641018355920465e+01 4.856635711373646557e+07
2.771623069273716311e+01 4.037413642757934332e+07
2.910204222737402446e+01 3.364264041417178512e+07
3.055714433874272729e+01 2.731590175224458799e+07
3.208500155567985956e+01 2.353597721831335872e+07
3.368925163346385432e+01 1.897545408118563145e+07
3.537371421513704206e+01 1.543416380567614548e+07
3.714239992589390482e+01 1.305225266746416129e+07
3.899951992218858976e+01 1.093693407672988065e+07
4.094949591829801960e+01 8.840553960782432929e+06
4.299697071421292094e+01 7.332512503170424141e+06
4.514681924992356699e+01 6.100319842080175877e+06
4.740416021241974676e+01 5.083091196026463062e+06
4.977436822304073161e+01 4.174643867960061878e+06
5.226308663419276712e+01 3.488555510671422351e+06
5.487624096590241152e+01 2.889319179852801841e+06
5.762005301419753067e+01 2.382303465137256309e+06
6.050105566490740472e+01 2.016023926452820888e+06
6.352610844815276891e+01 1.621608350978746545e+06
6.670241387056040594e+01 1.372117854310565162e+06
7.003753456408843192e+01 1.147613356322132517e+06
7.353941129229284002e+01 9.282563722053117817e+05
7.721638185690748912e+01 7.766521742999709677e+05
8.107720094975286429e+01 6.382544490521067055e+05
8.513106099724051035e+01 5.311975250535705127e+05
8.938761404710253089e+01 4.618463645753916935e+05
9.385699474945765530e+01 3.665678244625201332e+05
