3.401114059005487245e-01 5.099936743241915894e+10
3.435125199595542300e-01 4.064844786098291779e+10
3.469476451591497201e-01 5.509855073888040161e+10
3.504171216107412334e-01 7.238558729950093079e+10
3.539212928268486436e-01 7.451568757084564209e+10
3.574605057551171750e-01 6.930074004796017456e+10
3.610351108126682584e-01 7.816471808095291138e+10
3.646454619207949999e-01 8.143115545473083496e+10
3.682919165400029282e-01 8.060996312513107300e+10
3.719748357054029064e-01 7.753357213951760864e+10
3.756945840624569266e-01 8.398072369304483032e+10
3.794515299030815081e-01 1.021217300432391357e+11
3.832460452021123065e-01 8.299151918347889709e+10
3.870785056541334312e-01 9.404051357647534180e+10
3.909492907106748016e-01 9.364406224014599609e+10
3.948587836177815391e-01 6.821702290014305878e+10
3.988073714539593917e-01 7.413473926277618408e+10
4.027954451684989667e-01 4.100566086813607788e+10
4.068233996201839342e-01 4.485328622241400909e+10
4.108916336163858096e-01 8.277781406268533325e+10
4.150005499525497021e-01 1.061751372845334930e+11
4.191505554520751908e-01 1.110638649988415833e+11
4.233420610065958822e-01 1.147695343291628113e+11
4.275754816166618122e-01 1.121367079851027527e+11
4.318512364328284114e-01 1.048418787798795776e+11
4.361697487971567533e-01 1.176811020083898621e+11
4.405314462851282475e-01 1.198092465424441833e+11
4.449367607479796094e-01 1.251324504698493805e+11
4.493861283554593800e-01 1.304079405652151031e+11
4.538799896390139921e-01 1.279592893505194855e+11
4.584187895354041031e-01 1.141716563985575256e+11
4.630029774307581336e-01 1.022034605682240448e+11
4.676330072050656761e-01 8.854873044750912476e+10
4.723093372771162701e-01 6.827090454519406891e+10
4.770324306498874289e-01 4.506200212176686096e+10
4.818027549563863032e-01 2.859516500224320602e+10
4.866207825059500891e-01 1.693239411367326927e+10
4.914869903310095656e-01 1.385381820106771851e+10
4.964018602343197584e-01 1.013135190606181526e+10
5.013658788366629482e-01 6.830474758191612244e+09
5.063795376250295188e-01 5.213753093452715874e+09
5.114433330012797541e-01 4.557323288501015663e+09
5.165577663312926893e-01 3.782816438357692242e+09
5.217233439946056262e-01 3.372410589702029705e+09
5.269405774345515825e-01 2.868432169061474800e+09
5.322099832088971194e-01 2.503613733746683121e+09
5.375320830409860973e-01 2.196362281076675892e+09
5.429074038713960215e-01 1.856896918868182659e+09
5.483364779101099762e-01 1.606634539637379646e+09
5.538198426892112503e-01 1.374993518269049168e+09
5.593580411161032107e-01 1.128884630841426849e+09
5.649516215272641917e-01 9.414744272367953062e+08
5.706011377425368458e-01 7.535372213006535769e+08
5.763071491199621699e-01 5.730107368426556587e+08
5.820702206111618704e-01 3.936616348224792480e+08
5.878909228172733981e-01 1.309869844432482123e+08
5.937698320454461998e-01 2.663841983183115423e+08
5.997075303659007428e-01 4.564362519316095114e+08
6.057046056695597480e-01 6.183942189486976862e+08
6.117616517262552955e-01 7.497006717009223700e+08
6.178792682435179096e-01 8.821997189221866131e+08
6.240580609259530620e-01 1.008177200406758070e+09
6.302986415352126448e-01 1.138404805339668989e+09
6.366016279505647413e-01 1.272224148994635344e+09
6.429676442300703565e-01 1.391676860203205824e+09
6.493973206723711034e-01 1.512225343179685116e+09
6.558912938790947278e-01 1.540704649131216288e+09
6.624502068178856895e-01 1.794903541415550947e+09
6.690747088860645730e-01 1.935798034734853268e+09
6.757654559749252110e-01 2.068236234093690872e+09
6.825231105346745153e-01 2.099988711492960691e+09
6.893483416400212338e-01 1.934706910994975567e+09
6.962418250564214039e-01 1.703593638270543337e+09
7.032042433069857212e-01 1.599222696544802189e+09
7.102362857400554841e-01 1.551712692751162052e+09
7.173386485974559967e-01 1.436845927807351828e+09
7.245120350834306500e-01 1.324608140111582279e+09
7.317571554342650053e-01 1.164996945657365322e+09
7.390747269886076554e-01 1.007733013033877134e+09
7.464654742584937441e-01 8.584643568932945728e+08
7.539301290010786971e-01 6.830501478234746456e+08
7.614694302910893775e-01 4.257806921239399910e+08
7.690841245940003290e-01 9.263788304990307987e+07
7.767749658399403234e-01 4.843518837994486094e+08
7.845427154983398710e-01 7.897987291465961933e+08
7.923881426533231354e-01 1.063548213580313206e+09
8.003120240798563545e-01 1.353461307542867899e+09
8.083151443206548770e-01 1.610305525728789806e+09
8.163982957638614701e-01 1.875562469126557589e+09
8.245622787215000082e-01 2.215061432063388824e+09
8.328079015087149761e-01 2.563154765082442760e+09
8.411359805238021181e-01 2.966871653913738728e+09
8.495473403290402237e-01 3.435950964433200359e+09
8.580428137323306004e-01 3.965283057248615265e+09
8.666232418696537820e-01 4.547554732546758652e+09
8.752894742883503554e-01 5.167733559290024757e+09
8.840423690312340099e-01 5.797677281925092697e+09
8.928827927215462479e-01 5.897546498097166061e+09
9.018116206487618580e-01 6.625815385061808586e+09
9.108297368552494833e-01 7.397631045893299103e+09
9.199380342238018260e-01 7.686819134276160240e+09
9.291374145660399320e-01 6.083768170851428032e+09
9.384287887117003235e-01 6.458922129860515594e+09
9.478130765988174167e-01 7.277681246548944473e+09
9.572912073648053299e-01 7.695058023139219284e+09
9.668641194384535176e-01 8.450898274931635857e+09
9.765327606328380039e-01 9.220399705594659805e+09
9.862980882391664261e-01 1.048566225874713898e+10
9.961610691215579960e-01 1.226190917370063210e+10
1.006122679812773590e+00 1.418656914326809120e+10
1.016183906610901300e+00 1.660170129853376579e+10
1.026345745677010202e+00 1.887759624181408310e+10
1.036609203133780355e+00 2.113879086862054825e+10
1.046975295165118336e+00 2.277981485724687195e+10
1.057445048116769204e+00 2.434947286914489365e+10
1.068019498597936989e+00 2.533409684374134445e+10
1.078699693583916597e+00 2.627686233741976929e+10
1.089486690519755552e+00 2.228751639507896042e+10
1.100381557424953138e+00 1.633227520093688202e+10
1.111385372999202481e+00 1.414675319037264442e+10
1.122499226729194666e+00 1.437186383374874496e+10
1.133724218996486455e+00 1.352717256405723381e+10
1.145061461186451135e+00 1.525292858225554085e+10
1.156512075798315831e+00 1.524514157401317787e+10
1.168077196556299047e+00 1.598443896608412933e+10
1.179757968521861988e+00 1.749420928721049500e+10
1.191555548207080761e+00 2.149983541609989548e+10
1.203471103689151889e+00 2.584192565283181763e+10
1.215505814726043354e+00 2.982841344367334747e+10
1.227660872873303610e+00 3.398680547522439957e+10
1.239937481602036762e+00 3.731732412219644928e+10
1.252336856418057032e+00 4.041297302631356049e+10
1.264860224982237824e+00 4.265241839686957550e+10
1.277508827232060051e+00 4.132659730475194550e+10
1.290283915504380818e+00 3.932704824583235168e+10
1.303186754659424462e+00 3.764062266376659393e+10
1.316218622206019040e+00 3.517364650595405579e+10
1.329380808428079153e+00 2.486067658325842667e+10
1.342674616512359975e+00 1.258171277117503929e+10
1.356101362677483380e+00 1.025255342221327591e+10
1.369662376304258355e+00 1.131766077902104950e+10
1.383359000067300837e+00 1.214836426227768898e+10
1.397192590067974027e+00 1.182259420729731560e+10
1.411164515968653665e+00 1.129340890234282875e+10
1.425276161128340213e+00 1.104296782419870949e+10
1.439528922739623740e+00 1.208344822612588692e+10
1.453924211967019708e+00 1.526630919821086311e+10
1.468463454086690101e+00 1.601003931884152794e+10
1.483148088627556760e+00 1.785708485599576187e+10
1.497979569513832487e+00 2.026148858407674408e+10
1.512959365208970564e+00 2.327869663127869415e+10
1.528088958861060442e+00 2.682358971756988907e+10
1.543369848449671178e+00 3.086901517723066330e+10
1.558803546934167894e+00 3.354595215736623764e+10
1.574391582403509737e+00 3.799581611170850372e+10
1.590135498227544852e+00 4.175777590683412170e+10
1.606036853209820148e+00 4.205898146180213928e+10
1.622097221741918505e+00 4.110415301146098328e+10
1.638318193959337421e+00 4.246163824649720764e+10
1.654701375898931071e+00 4.563370175281687164e+10
1.671248389657920441e+00 4.290282829284265900e+10
1.687960873554499530e+00 4.452718659206212616e+10
1.704840482290044701e+00 4.252547135581821442e+10
1.721888887112944966e+00 3.855557644466300964e+10
1.739107775984074289e+00 3.474198203477677917e+10
1.756498853743915012e+00 3.225154030969931793e+10
1.774063842281354608e+00 2.755692169256918716e+10
1.791804480704168201e+00 2.512300137490531158e+10
1.809722525511209934e+00 2.256146108776763916e+10
1.827819750766321860e+00 2.268739605232345200e+10
1.846097948273984990e+00 2.117955201899379730e+10
1.864558927756724938e+00 1.929723946301945496e+10
1.883204517034292147e+00 2.306666202329531860e+10
1.902036562204635128e+00 2.460492639842998886e+10
1.921056927826681582e+00 2.510152500392259216e+10
1.940267497104948502e+00 2.295938152585136795e+10
1.959670172075998140e+00 2.338465583617256927e+10
1.979266873796758031e+00 2.445448916542491531e+10
1.999059542534725509e+00 2.558692022310367203e+10
2.019050137960073155e+00 2.855820170384898758e+10
2.039240639339673589e+00 3.206843412821618271e+10
2.059633045733070489e+00 3.555832867516101074e+10
2.080229376190401158e+00 3.799595521866103363e+10
2.101031669952305059e+00 4.067793900272530365e+10
2.122041986651828083e+00 4.160850799255669403e+10
2.143262406518346097e+00 4.177627654283811951e+10
2.164695030583529967e+00 4.060942294705953217e+10
2.186341980889365377e+00 3.770106916252683258e+10
2.208205400698258991e+00 3.210848046911183548e+10
2.230287454705241146e+00 3.239414818287704849e+10
2.252590329252293522e+00 3.000921674828861618e+10
2.275116232544817318e+00 2.827585857747712326e+10
2.297867394870265034e+00 2.609188180192160797e+10
2.320846068818967822e+00 2.480820411059254837e+10
2.344054529507157536e+00 2.320711765399961090e+10
2.367495074802228761e+00 2.379162558577000809e+10
2.391170025550251044e+00 2.390400216743613815e+10
2.415081725805753532e+00 2.478259908265479660e+10
2.439232543063811764e+00 2.378890342593312454e+10
2.463624868494449949e+00 2.274711175097021103e+10
2.488261117179394244e+00 2.184672307706984711e+10
2.513143728351188155e+00 1.902273562542420959e+10
2.538275165634700237e+00 1.767715213987724686e+10
2.563657917291046751e+00 1.691780625044763184e+10
2.589294496463957262e+00 1.683525320322071075e+10
2.615187441428596937e+00 1.848008355525989151e+10
2.641339315842882840e+00 1.937914106895278549e+10
2.667752709001311562e+00 1.736052945331635666e+10
2.694430236091324815e+00 1.606514642503014755e+10
2.721374538452237868e+00 1.674605435080545998e+10
2.748588283836760127e+00 1.728052112305730820e+10
2.776074166675128296e+00 1.622944791956691360e+10
2.803834908341879206e+00 1.730459649017853928e+10
2.831873257425297830e+00 1.700201558815461349e+10
2.860191989999551154e+00 1.698983375198364449e+10
2.888793909899546541e+00 1.799265630993933868e+10
2.917681848998542549e+00 1.709166351177145195e+10
2.946858667488527761e+00 1.855554101222685242e+10
2.976327254163412928e+00 1.865115813899528122e+10
3.006090526705047061e+00 1.958625558486870575e+10
3.036151431972097470e+00 1.919984571280350494e+10
3.066512946291818587e+00 1.854437395607970810e+10
3.097178075754736692e+00 1.668322698640348816e+10
3.128149856512283833e+00 1.533586889994768906e+10
3.159431355077406689e+00 1.397389297635129547e+10
3.191025668628181045e+00 1.335186065130942726e+10
3.222935925314462935e+00 1.383483222702335167e+10
3.255165284567607564e+00 1.494548735999742508e+10
3.287716937413283524e+00 1.617075231846218109e+10
3.320594106787416067e+00 1.107098674381968880e+10
3.353800047855290511e+00 1.142538280528464127e+10
3.387338048333843332e+00 1.486078851333721542e+10
3.421211428817182210e+00 1.440665593019621277e+10
3.455423543105353712e+00 1.402323826429437637e+10
3.489977778536407005e+00 1.444342898519376755e+10
3.524877556321771355e+00 1.505063174540811920e+10
3.560126331884988726e+00 1.524354352913657379e+10
3.595727595203838334e+00 1.659828608012992668e+10
3.631684871155877570e+00 1.769578136148101425e+10
3.668001719867436616e+00 1.909999600723652267e+10
3.704681737066110259e+00 2.048628038491871262e+10
3.741728554436771326e+00 2.142952461672617340e+10
3.779145839981139510e+00 2.208186824605923843e+10
3.816937298380950860e+00 2.273442388538894272e+10
3.855106671364760818e+00 2.339568131215312576e+10
3.893657738078407426e+00 2.341367289823798370e+10
3.932594315459191581e+00 2.321858695785855865e+10
3.971920258613783616e+00 2.154144841151498795e+10
4.011639461199922430e+00 1.938974139267389679e+10
4.051755855811920881e+00 1.767863681028934860e+10
4.092273414370040108e+00 1.608368701047823906e+10
4.133196148513740731e+00 1.556141317504527664e+10
4.174528109998877135e+00 1.520951296216629410e+10
4.216273391098866341e+00 1.398125428492701721e+10
4.258436125009854578e+00 1.249453611046916389e+10
4.301020486259953479e+00 9.811709638272455215e+09
4.344030691122553023e+00 9.607413092992856979e+09
4.387470998033777825e+00 1.044077445555673790e+10
4.431345708014116092e+00 9.979178399447349548e+09
4.475659165094256764e+00 9.418450879003190994e+09
4.520415756745198799e+00 9.143801793129671097e+09
4.565619914312651240e+00 8.881473645507503510e+09
4.611276113455778258e+00 9.053666334040483475e+09
4.657388874590335348e+00 9.457696841636817932e+09
4.703962763336238417e+00 9.224561147306213379e+09
4.751002390969600420e+00 8.910921211491928101e+09
4.798512414879296806e+00 8.887127633280435562e+09
4.846497539028090884e+00 8.848551189150377274e+09
4.894962514418371491e+00 8.747739020680101395e+09
4.943912139562555375e+00 8.620818908282623291e+09
4.993351260958180937e+00 8.874752288261634827e+09
5.043284773567762613e+00 8.753437055652738571e+09
5.093717621303440524e+00 8.893082005804296494e+09
5.144654797516475142e+00 8.587240599090938568e+09
5.196101345491639378e+00 8.470779378481994629e+09
5.248062358946555150e+00 8.580693352221426964e+09
5.300542982536021519e+00 8.153232029376976013e+09
5.353548412361381459e+00 7.999247006375343323e+09
5.407083896484995655e+00 7.499061533849788666e+09
5.461154735449845532e+00 7.493275341175934792e+09
5.515766282804344556e+00 7.281573992510519981e+09
5.570923945632387131e+00 6.881521027675983429e+09
5.626633185088711464e+00 6.808258013581791878e+09
5.682899516939598605e+00 6.583897547961923599e+09
5.739728512108993819e+00 6.321195848510354042e+09
5.797125797230084032e+00 6.206465735645779610e+09
5.855097055202384659e+00 5.823583661349632263e+09
5.913648025754409510e+00 5.923997627983592033e+09
5.972784506011953987e+00 5.907134482443614960e+09
6.032512351072073287e+00 5.676055181408510208e+09
6.092837474582792900e+00 5.786276490506825447e+09
6.153765849328621584e+00 5.826914493214632034e+09
6.215303507821907658e+00 5.717390003031465530e+09
6.277456542900125669e+00 5.760399144948701859e+09
6.340231108329128062e+00 5.499750967599613190e+09
6.403633419412418704e+00 4.909383686939073563e+09
6.467669753606543281e+00 4.420170438014949799e+09
6.532346451142608146e+00 4.257085133452533722e+09
6.597669915654034156e+00 3.852724675696672916e+09
6.663646614810574853e+00 3.880404240750164032e+09
6.730283080958680664e+00 3.999163944071096420e+09
6.797585911768267763e+00 3.720606736989393711e+09
6.865561770885950210e+00 3.686557919194878578e+09
6.934217388594810849e+00 3.732142288616497517e+09
7.003559562480758949e+00 3.648371613661355972e+09
7.073595158105566050e+00 3.379314135510119438e+09
7.144331109686621772e+00 3.243477280612095356e+09
7.215774420783487741e+00 3.106527917264751911e+09
7.287932164991324235e+00 2.931228263411730766e+09
7.360811486641236634e+00 2.784278165945166111e+09
7.434419601507648245e+00 2.721874035813211441e+09
7.508763797522725270e+00 2.747148047483938694e+09
7.583851435497953375e+00 2.713064761145151615e+09
7.659689949852931612e+00 2.652446544792186737e+09
7.736286849351461825e+00 2.287082928172721386e+09
7.813649717844977083e+00 2.301585482894460201e+09
7.891786215023426365e+00 2.289717415043648243e+09
7.970704077173661695e+00 2.371556579435575485e+09
8.050411117945397876e+00 2.324692466404720783e+09
8.130915229124850541e+00 2.296738285628846169e+09
8.212224381416099561e+00 2.236118708546766758e+09
8.294346625230261338e+00 2.205376942179730415e+09
8.377290091482562318e+00 2.171139764786362171e+09
8.461062992397387461e+00 2.151109524466753483e+09
8.545673622321363183e+00 2.121860856118893385e+09
8.631130358544575998e+00 2.126769095304265976e+09
8.717441662130022806e+00 2.071315298616328716e+09
8.804616078751321240e+00 2.034417016495228052e+09
8.892662239538834612e+00 2.002681195448790789e+09
8.981588861934222123e+00 1.911385149101652861e+09
9.071404750553567098e+00 1.937249620567984819e+09
9.162118798059102787e+00 1.942238498304910421e+09
9.253739986039693832e+00 1.886580383071178675e+09
9.346277385900089385e+00 1.871098167810239315e+09
9.439740159759089977e+00 1.777782293571923733e+09
9.534137561356683221e+00 1.787206001509043455e+09
9.629478936970249592e+00 1.708268733512841463e+09
9.725773726339950187e+00 1.705600534538995028e+09
9.823031463603349778e+00 1.650618812986315250e+09
9.921261778239381712e+00 1.568282825390816927e+09
1.002047439602177548e+01 1.558564937238416195e+09
1.012067913998199487e+01 1.470174506525321245e+09
1.022188593138181290e+01 1.436558935418493748e+09
1.032410479069563181e+01 1.348125016194033384e+09
1.042734583860258724e+01 1.284904512622998714e+09
1.053161929698861421e+01 1.296979684233514309e+09
1.063693548995849980e+01 1.279640319938922644e+09
1.074330484485808412e+01 1.242132803886923075e+09
1.085073789330666472e+01 1.213210531341955423e+09
1.095924527223973222e+01 1.125443631904624224e+09
1.106883772496212970e+01 1.104411701573528528e+09
1.117952610221174936e+01 1.088569287344557762e+09
1.129132136323386781e+01 1.048983598068241000e+09
1.140423457686620701e+01 1.039942866772376657e+09
1.151827692263487002e+01 9.807820847447671890e+08
1.163345969186121920e+01 9.447082370045232773e+08
1.174979428877982990e+01 8.689649647418379784e+08
1.186729223166762992e+01 8.702300801652697325e+08
1.198596515398430462e+01 8.548317390519192219e+08
1.210582480552414708e+01 8.073486447085163593e+08
1.222688305357938887e+01 7.879348915011970997e+08
1.234915188411518194e+01 7.475215035676144361e+08
1.247264340295633467e+01 7.011389767534317970e+08
1.259736983698589619e+01 6.793055304606415033e+08
1.272334353535575424e+01 6.694710398136552572e+08
1.285057697070931226e+01 6.476696149843286276e+08
1.297908274041640553e+01 6.098942867782682180e+08
1.310887356782057012e+01 6.032307908239748478e+08
1.323996230349877479e+01 5.598735955623425245e+08
1.337236192653376321e+01 5.479262053787370920e+08
1.350608554579910248e+01 5.102495764146444798e+08
1.364114640125709244e+01 5.083084498701393008e+08
1.377755786526966197e+01 4.824860794611220956e+08
1.391533344392236238e+01 4.671914943495245576e+08
1.405448677836158211e+01 4.502457872966190577e+08
1.419503164614519974e+01 4.186501919377100468e+08
1.433698196260665192e+01 4.133384889689280987e+08
1.448035178223271835e+01 3.824698725963205099e+08
1.462515530005504516e+01 3.795328126736401320e+08
1.477140685305559664e+01 3.733815427466191053e+08
1.491912092158615089e+01 3.309498121418013573e+08
1.506831213080201159e+01 3.440853641920357347e+08
1.521899525211003024e+01 3.314403423418121934e+08
1.537118520463113214e+01 3.137927290818758011e+08
1.552489705667744246e+01 3.010921149332776666e+08
1.568014602724421813e+01 2.898206103497486711e+08
1.583694748751665848e+01 2.860459038576695919e+08
1.599531696239182388e+01 2.725050261400713325e+08
1.615527013201574391e+01 2.606497539921590686e+08
1.631682283333590178e+01 2.554286169032945931e+08
1.647999106166925998e+01 2.409671919624029398e+08
1.664479097228595350e+01 2.289386838952786326e+08
1.681123888200881211e+01 2.329057728205671310e+08
1.697935127082889650e+01 2.234076362172457576e+08
1.714914478353718863e+01 2.043898604538542330e+08
1.732063623137256059e+01 1.974663777258733213e+08
1.749384259368628847e+01 1.971971555927695930e+08
1.766878101962314673e+01 1.856019829926743805e+08
1.784546882981938509e+01 1.830396655922252238e+08
1.802392351811757720e+01 1.770488458198841512e+08
1.820416275329875333e+01 1.667889818814381063e+08
1.838620438083173880e+01 1.642072190444824398e+08
1.857006642464005353e+01 1.479891538423847854e+08
1.875576708888645427e+01 1.510711123706566393e+08
1.894332475977532226e+01 1.453739752702836692e+08
1.913275800737307719e+01 1.440571060746111572e+08
1.969740769490774923e+01 1.235556385627218783e+08
2.068227807965313403e+01 1.030995128142004013e+08
2.171639198363579126e+01 8.546220085020129383e+07
2.280221158281758420e+01 7.282431377638775110e+07
2.394232216195846163e+01 6.020712990068387985e+07
2.513943827005638454e+01 4.968164079594104737e+07
2.639641018355920465e+01 4.185452423155949265e+07
2.771623069273716311e+01 3.496558418866162002e+07
2.910204222737402446e+01 2.903069459127114341e+07
3.055714433874272729e+01 2.357009960517943650e+07
3.208500155567985956e+01 2.041008253883591294e+07
3.368925163346385432e+01 1.641833626659180410e+07
3.537371421513704206e+01 1.329862700057666376e+07
3.714239992589390482e+01 1.132124473211459257e+07
3.899951992218858976e+01 9.494549024967864156e+06
4.094949591829801960e+01 7.665773726332963444e+06
4.299697071421292094e+01 6.359794093578108586e+06
4.514681924992356699e+01 5.285012484782776795e+06
4.740416021241974676e+01 4.402651630786606111e+06
4.977436822304073161e+01 3.607990566673884634e+06
5.226308663419276712e+01 3.038711135225173552e+06
5.487624096590241152e+01 2.514281528990228660e+06
5.762005301419753067e+01 2.068360921912856400e+06
6.050105566490740472e+01 1.758890675035757944e+06
6.352610844815276891e+01 1.404576231950971531e+06
6.670241387056040594e+01 1.188541139081380097e+06
7.003753456408843192e+01 9.990205210078005912e+05
7.353941129229284002e+01 8.054439193263786146e+05
7.721638185690748912e+01 6.742998054969640216e+05
8.107720094975286429e+01 5.543148687038886128e+05
8.513106099724051035e+01 4.631236779417188955e+05
8.938761404710253089e+01 4.038788715761628118e+05
9.385699474945765530e+01 3.173452547153479536e+05
