3.401114059005487245e-01 6.075351725581427765e+10
3.435125199595542300e-01 6.298038430734316254e+10
3.469476451591497201e-01 5.290847311266873169e+10
3.504171216107412334e-01 6.065603960345458221e+10
3.539212928268486436e-01 7.368988620920343018e+10
3.574605057551171750e-01 1.366520513453190155e+11
3.610351108126682584e-01 9.958749785809063721e+10
3.646454619207949999e-01 1.028323355761186218e+11
3.682919165400029282e-01 9.495488507014942932e+10
3.719748357054029064e-01 2.018095751307118225e+11
3.756945840624569266e-01 1.990771113376842651e+11
3.794515299030815081e-01 1.252530262552565918e+11
3.832460452021123065e-01 2.402482407833066711e+11
3.870785056541334312e-01 1.980883431629453735e+11
3.909492907106748016e-01 1.501265238731840210e+11
3.948587836177815391e-01 1.010216645081166534e+11
3.988073714539593917e-01 1.002109128845528717e+11
4.027954451684989667e-01 1.082434557322210083e+11
4.068233996201839342e-01 1.235583459666413879e+11
4.108916336163858096e-01 9.075325876483865356e+10
4.150005499525497021e-01 1.127492900566616669e+11
4.191505554520751908e-01 1.230887647198775024e+11
4.233420610065958822e-01 1.702473889325862122e+11
4.275754816166618122e-01 1.300858885327140961e+11
4.318512364328284114e-01 1.289578324989175720e+11
4.361697487971567533e-01 1.101708169492158966e+11
4.405314462851282475e-01 1.507103746657206116e+11
4.449367607479796094e-01 1.427750506909021912e+11
4.493861283554593800e-01 1.306449837084180603e+11
4.538799896390139921e-01 1.232487279932683411e+11
4.584187895354041031e-01 1.381904771499929810e+11
4.630029774307581336e-01 1.503617910013946228e+11
4.676330072050656761e-01 1.655891335904692078e+11
4.723093372771162701e-01 1.572816338310917664e+11
4.770324306498874289e-01 1.750958666682094421e+11
4.818027549563863032e-01 1.885682247170162048e+11
4.866207825059500891e-01 2.104123504945894165e+11
4.914869903310095656e-01 1.987917226207980957e+11
4.964018602343197584e-01 2.368332782896486206e+11
5.013658788366629482e-01 2.673318911837174988e+11
5.063795376250295188e-01 2.730999858645540161e+11
5.114433330012797541e-01 2.715105531529480591e+11
5.165577663312926893e-01 3.406054855130809937e+11
5.217233439946056262e-01 3.451869775239717407e+11
5.269405774345515825e-01 3.455284410721026001e+11
5.322099832088971194e-01 3.156670451328596802e+11
5.375320830409860973e-01 3.529699139607177734e+11
5.429074038713960215e-01 4.232928939628977051e+11
5.483364779101099762e-01 4.374763930918506470e+11
5.538198426892112503e-01 4.099951943194518433e+11
5.593580411161032107e-01 4.907106400856516113e+11
5.649516215272641917e-01 5.801137653962860107e+11
5.706011377425368458e-01 5.558891917441701660e+11
5.763071491199621699e-01 5.469838489134346924e+11
5.820702206111618704e-01 5.256032579697587891e+11
5.878909228172733981e-01 7.022271823167738037e+11
5.937698320454461998e-01 8.054188102541427002e+11
5.997075303659007428e-01 7.750040809444833984e+11
6.057046056695597480e-01 6.766179445398521729e+11
6.117616517262552955e-01 5.936760943054476318e+11
6.178792682435179096e-01 8.542008081293983154e+11
6.240580609259530620e-01 1.037773393300155273e+12
6.302986415352126448e-01 8.893130747170240479e+11
6.366016279505647413e-01 7.553535125860590820e+11
6.429676442300703565e-01 6.985336043420135498e+11
6.493973206723711034e-01 6.774352275714586182e+11
6.558912938790947278e-01 7.188748518099815674e+11
6.624502068178856895e-01 8.898838070631126709e+11
6.690747088860645730e-01 1.029415402195648071e+12
6.757654559749252110e-01 1.058291189072973877e+12
6.825231105346745153e-01 9.912781775233753662e+11
6.893483416400212338e-01 8.687653438539814453e+11
6.962418250564214039e-01 7.434116475047965088e+11
7.032042433069857212e-01 6.893722461172629395e+11
7.102362857400554841e-01 9.590017480268012695e+11
7.173386485974559967e-01 1.063504045182925659e+12
7.245120350834306500e-01 9.435477426375246582e+11
7.317571554342650053e-01 7.541248865886861572e+11
7.390747269886076554e-01 6.166917679201289062e+11
7.464654742584937441e-01 5.718628545203897705e+11
7.539301290010786971e-01 5.454060966913504028e+11
7.614694302910893775e-01 7.021741707024328613e+11
7.690841245940003290e-01 9.196304713784819336e+11
7.767749658399403234e-01 9.466037012508757324e+11
7.845427154983398710e-01 9.399797977012867432e+11
7.923881426533231354e-01 9.271051696741976318e+11
8.003120240798563545e-01 8.266921893170791016e+11
8.083151443206548770e-01 7.341068404666608887e+11
8.163982957638614701e-01 6.114454067107464600e+11
8.245622787215000082e-01 7.419569959330015869e+11
8.328079015087149761e-01 8.403295491853487549e+11
8.411359805238021181e-01 8.761458036797229004e+11
8.495473403290402237e-01 1.089101371800706909e+12
8.580428137323306004e-01 9.735402310104937744e+11
8.666232418696537820e-01 8.476002613386662598e+11
8.752894742883503554e-01 7.321053253528547363e+11
8.840423690312340099e-01 7.560011181622664795e+11
8.928827927215462479e-01 8.796608944031386719e+11
9.018116206487618580e-01 8.473418778634724121e+11
9.108297368552494833e-01 7.766236440185521240e+11
9.199380342238018260e-01 6.989101353692128906e+11
9.291374145660399320e-01 7.366714702037252197e+11
9.384287887117003235e-01 7.469803951449947510e+11
9.478130765988174167e-01 6.978375303528000488e+11
9.572912073648053299e-01 6.732108363790404053e+11
9.668641194384535176e-01 6.509303992753386230e+11
9.765327606328380039e-01 7.532672462521789551e+11
9.862980882391664261e-01 8.053293787064761963e+11
9.961610691215579960e-01 8.552736184911385498e+11
1.006122679812773590e+00 8.286698476614029541e+11
1.016183906610901300e+00 7.923787128147268066e+11
1.026345745677010202e+00 7.779951573278134766e+11
1.036609203133780355e+00 7.469531626895163574e+11
1.046975295165118336e+00 7.079171712431544189e+11
1.057445048116769204e+00 7.013162374183609619e+11
1.068019498597936989e+00 6.969761029892017822e+11
1.078699693583916597e+00 6.967072713753243408e+11
1.089486690519755552e+00 7.202090554794406738e+11
1.100381557424953138e+00 7.591613961386848145e+11
1.111385372999202481e+00 7.872567979329595947e+11
1.122499226729194666e+00 7.747192116277247314e+11
1.133724218996486455e+00 7.719313550666292725e+11
1.145061461186451135e+00 7.627079040213787842e+11
1.156512075798315831e+00 7.796694563905876465e+11
1.168077196556299047e+00 7.777529474871975098e+11
1.179757968521861988e+00 7.623970243493479004e+11
1.191555548207080761e+00 7.804598192996478271e+11
1.203471103689151889e+00 7.577058456290893555e+11
1.215505814726043354e+00 7.442495654056217041e+11
1.227660872873303610e+00 7.334516292282779541e+11
1.239937481602036762e+00 7.464033804739729004e+11
1.252336856418057032e+00 7.478748592762545166e+11
1.264860224982237824e+00 7.407392052393869629e+11
1.277508827232060051e+00 7.291335510369229736e+11
1.290283915504380818e+00 7.317932686013061523e+11
1.303186754659424462e+00 7.264417327488565674e+11
1.316218622206019040e+00 7.286752359841072998e+11
1.329380808428079153e+00 7.868103756114855957e+11
1.342674616512359975e+00 8.799584778717551270e+11
1.356101362677483380e+00 8.946333924623363037e+11
1.369662376304258355e+00 8.825702193245382080e+11
1.383359000067300837e+00 8.745922588674775391e+11
1.397192590067974027e+00 8.944097379592580566e+11
1.411164515968653665e+00 9.068729786214428711e+11
1.425276161128340213e+00 9.158242087128831787e+11
1.439528922739623740e+00 9.025039692471944580e+11
1.453924211967019708e+00 8.882231046206271973e+11
1.468463454086690101e+00 8.881600399593137207e+11
1.483148088627556760e+00 8.733350326999362793e+11
1.497979569513832487e+00 8.571734133269176025e+11
1.512959365208970564e+00 8.370986740585430908e+11
1.528088958861060442e+00 8.188936919971379395e+11
1.543369848449671178e+00 8.040523213943453369e+11
1.558803546934167894e+00 7.852133437513098145e+11
1.574391582403509737e+00 7.603372941823549805e+11
1.590135498227544852e+00 7.411634725484235840e+11
1.606036853209820148e+00 7.211714840844265137e+11
1.622097221741918505e+00 7.001953392239477539e+11
1.638318193959337421e+00 6.786781347046221924e+11
1.654701375898931071e+00 6.601783558643697510e+11
1.671248389657920441e+00 6.422368143448632812e+11
1.687960873554499530e+00 6.347250211605926514e+11
1.704840482290044701e+00 6.411541400561872559e+11
1.721888887112944966e+00 6.600695300638681641e+11
1.739107775984074289e+00 6.670175760628084717e+11
1.756498853743915012e+00 6.786165800263902588e+11
1.774063842281354608e+00 6.937235202749162598e+11
1.791804480704168201e+00 6.980097379348029785e+11
1.809722525511209934e+00 7.026277795193572998e+11
1.827819750766321860e+00 6.929650070768511963e+11
1.846097948273984990e+00 7.002541329779406738e+11
1.864558927756724938e+00 7.039359763932651367e+11
1.883204517034292147e+00 6.766856395713891602e+11
1.902036562204635128e+00 6.579042107149846191e+11
1.921056927826681582e+00 6.437387045880172119e+11
1.940267497104948502e+00 6.308774147150875244e+11
1.959670172075998140e+00 6.172375718196646729e+11
1.979266873796758031e+00 6.139259619945415039e+11
1.999059542534725509e+00 6.067306041125319824e+11
2.019050137960073155e+00 5.979868667007758789e+11
2.039240639339673589e+00 5.839482102419129639e+11
2.059633045733070489e+00 5.696438176088966064e+11
2.080229376190401158e+00 5.539152173644460449e+11
2.101031669952305059e+00 5.333596595217225952e+11
2.122041986651828083e+00 5.158124621825752563e+11
2.143262406518346097e+00 4.969286706527702637e+11
2.164695030583529967e+00 4.765708768106376343e+11
2.186341980889365377e+00 4.612549402225357666e+11
2.208205400698258991e+00 4.448685110632645264e+11
2.230287454705241146e+00 4.304875412202542725e+11
2.252590329252293522e+00 4.182224874358709717e+11
2.275116232544817318e+00 4.075150440004862061e+11
2.297867394870265034e+00 4.252410024445364990e+11
2.320846068818967822e+00 4.283660049678876343e+11
2.344054529507157536e+00 4.231869353823950195e+11
2.367495074802228761e+00 4.173251347804188232e+11
2.391170025550251044e+00 4.246697341735485840e+11
2.415081725805753532e+00 4.245244346414852295e+11
2.439232543063811764e+00 4.246854049732776489e+11
2.463624868494449949e+00 4.237891619915833130e+11
2.488261117179394244e+00 4.189116355981759033e+11
2.513143728351188155e+00 4.147742469046679688e+11
2.538275165634700237e+00 4.068986128401547852e+11
2.563657917291046751e+00 3.977246235371809692e+11
2.589294496463957262e+00 3.856816314978397827e+11
2.615187441428596937e+00 3.704123667598911133e+11
2.641339315842882840e+00 3.578060459328283081e+11
2.667752709001311562e+00 3.454163780017783203e+11
2.694430236091324815e+00 3.402270048346227417e+11
2.721374538452237868e+00 3.359432066649110107e+11
2.748588283836760127e+00 3.325395890570988159e+11
2.776074166675128296e+00 3.270778429492792969e+11
2.803834908341879206e+00 3.184064226615266113e+11
2.831873257425297830e+00 3.134096056594817505e+11
2.860191989999551154e+00 3.048255177848137817e+11
2.888793909899546541e+00 2.941380767071340942e+11
2.917681848998542549e+00 2.912232158912793579e+11
2.946858667488527761e+00 2.817936878712868652e+11
2.976327254163412928e+00 2.755697528366909790e+11
3.006090526705047061e+00 2.657905208372614136e+11
3.036151431972097470e+00 2.607257893734573364e+11
3.066512946291818587e+00 2.500215191258226013e+11
3.097178075754736692e+00 2.441440474940922546e+11
3.128149856512283833e+00 2.359347090660044861e+11
3.159431355077406689e+00 2.277134636049777222e+11
3.191025668628181045e+00 2.204446541828221741e+11
3.222935925314462935e+00 2.117602080720726624e+11
3.255165284567607564e+00 2.042854905597829285e+11
3.287716937413283524e+00 1.966700509719106750e+11
3.320594106787416067e+00 1.891467783014234009e+11
3.353800047855290511e+00 1.826297738774154663e+11
3.387338048333843332e+00 1.756275976709046936e+11
3.421211428817182210e+00 1.692004916580538330e+11
3.455423543105353712e+00 1.625851741929193115e+11
3.489977778536407005e+00 1.570023654644322510e+11
3.524877556321771355e+00 1.515648172060226135e+11
3.560126331884988726e+00 1.460154424353777161e+11
3.595727595203838334e+00 1.405485163182629700e+11
3.631684871155877570e+00 1.358056729751907806e+11
3.668001719867436616e+00 1.311704641115087891e+11
3.704681737066110259e+00 1.261772170448799286e+11
3.741728554436771326e+00 1.212955308159335632e+11
3.779145839981139510e+00 1.167872368295901794e+11
3.816937298380950860e+00 1.130177576940202789e+11
3.855106671364760818e+00 1.089925691971078033e+11
3.893657738078407426e+00 1.053943491540632019e+11
3.932594315459191581e+00 1.023125529356390839e+11
3.971920258613783616e+00 1.000253638784485474e+11
4.011639461199922430e+00 9.749700996911636353e+10
4.051755855811920881e+00 9.537776488344656372e+10
4.092273414370040108e+00 9.387850186115391541e+10
4.133196148513740731e+00 9.095648623683045959e+10
4.174528109998877135e+00 8.879927154588984680e+10
4.216273391098866341e+00 8.641584270036651611e+10
4.258436125009854578e+00 8.482738333676806641e+10
4.301020486259953479e+00 8.515821447394679260e+10
4.344030691122553023e+00 8.365651515898530579e+10
4.387470998033777825e+00 8.202527101717689514e+10
4.431345708014116092e+00 8.171447520329527283e+10
4.475659165094256764e+00 8.027961630678489685e+10
4.520415756745198799e+00 7.826355341091285706e+10
4.565619914312651240e+00 7.612808469432217407e+10
4.611276113455778258e+00 7.428176445291363525e+10
4.657388874590335348e+00 7.154155891988728333e+10
4.703962763336238417e+00 6.909741203819265747e+10
4.751002390969600420e+00 6.666134515314746857e+10
4.798512414879296806e+00 6.457261552212223053e+10
4.846497539028090884e+00 6.216745283338758850e+10
4.894962514418371491e+00 6.041961325247090149e+10
4.943912139562555375e+00 5.830230371277471161e+10
4.993351260958180937e+00 5.640391664665044403e+10
5.043284773567762613e+00 5.497684887036269379e+10
5.093717621303440524e+00 5.281709155049154663e+10
5.144654797516475142e+00 5.121058286468742371e+10
5.196101345491639378e+00 4.951088646083347321e+10
5.248062358946555150e+00 4.797143748203659058e+10
5.300542982536021519e+00 4.641644363798241425e+10
5.353548412361381459e+00 4.482217189945107269e+10
5.407083896484995655e+00 4.349826189270255280e+10
5.461154735449845532e+00 4.185098323911109161e+10
5.515766282804344556e+00 4.030145669342842102e+10
5.570923945632387131e+00 3.871754074296932220e+10
5.626633185088711464e+00 3.734041167340335083e+10
5.682899516939598605e+00 3.595587072368145752e+10
5.739728512108993819e+00 3.467629547742957306e+10
5.797125797230084032e+00 3.326556070094774628e+10
5.855097055202384659e+00 3.217057039747387314e+10
5.913648025754409510e+00 3.087369126337860489e+10
5.972784506011953987e+00 2.975400850875604248e+10
6.032512351072073287e+00 2.871484140247299576e+10
6.092837474582792900e+00 2.747264071401156235e+10
6.153765849328621584e+00 2.637371207855385208e+10
6.215303507821907658e+00 2.538943626641578293e+10
6.277456542900125669e+00 2.455206192413835526e+10
6.340231108329128062e+00 2.376240549972660065e+10
6.403633419412418704e+00 2.315730227052489471e+10
6.467669753606543281e+00 2.289129779466915512e+10
6.532346451142608146e+00 2.239144264405057526e+10
6.597669915654034156e+00 2.205982228895490265e+10
6.663646614810574853e+00 2.156931282167439651e+10
6.730283080958680664e+00 2.054204298070606995e+10
6.797585911768267763e+00 2.005899351524990463e+10
6.865561770885950210e+00 1.928510925247113037e+10
6.934217388594810849e+00 1.863811847427985001e+10
7.003559562480758949e+00 1.785437385526643753e+10
7.073595158105566050e+00 1.730351902490207672e+10
7.144331109686621772e+00 1.665496713631891823e+10
7.215774420783487741e+00 1.601746722324190521e+10
7.287932164991324235e+00 1.546776892326827240e+10
7.360811486641236634e+00 1.491058772078911781e+10
7.434419601507648245e+00 1.437602335159598351e+10
7.508763797522725270e+00 1.387109770063199234e+10
7.583851435497953375e+00 1.339702211446148491e+10
7.659689949852931612e+00 1.291677683437830925e+10
7.736286849351461825e+00 1.248435564988210487e+10
7.813649717844977083e+00 1.189352268868794250e+10
7.891786215023426365e+00 1.167866973741279602e+10
7.970704077173661695e+00 1.121466148062844849e+10
8.050411117945397876e+00 1.083335755187912369e+10
8.130915229124850541e+00 1.047964461506350899e+10
8.212224381416099561e+00 1.009364725055486679e+10
8.294346625230261338e+00 9.793368644851264954e+09
8.377290091482562318e+00 9.438076115209987640e+09
8.461062992397387461e+00 9.097876144490898132e+09
8.545673622321363183e+00 8.786983561179937363e+09
8.631130358544575998e+00 8.440174631076687813e+09
8.717441662130022806e+00 8.148196821743794441e+09
8.804616078751321240e+00 7.833237457768879890e+09
8.892662239538834612e+00 7.514722283289202690e+09
8.981588861934222123e+00 7.244997921550403595e+09
9.071404750553567098e+00 6.944795468898828506e+09
9.162118798059102787e+00 6.689528421687579155e+09
9.253739986039693832e+00 6.449366194936252594e+09
9.346277385900089385e+00 6.208221624288247108e+09
9.439740159759089977e+00 5.975507440407689095e+09
9.534137561356683221e+00 5.733025394845749855e+09
9.629478936970249592e+00 5.568400635710350037e+09
9.725773726339950187e+00 5.344439060606439590e+09
9.823031463603349778e+00 5.153365782499905586e+09
9.921261778239381712e+00 4.994978632935526848e+09
1.002047439602177548e+01 4.791177262999474525e+09
1.012067913998199487e+01 4.646595565224325180e+09
1.022188593138181290e+01 4.459880399050219536e+09
1.032410479069563181e+01 4.327461880091541290e+09
1.042734583860258724e+01 4.160178912518675804e+09
1.053161929698861421e+01 4.027928415861074924e+09
1.063693548995849980e+01 3.883700950063387394e+09
1.074330484485808412e+01 3.758601218702858925e+09
1.085073789330666472e+01 3.612714295671567917e+09
1.095924527223973222e+01 3.513552636006119251e+09
1.106883772496212970e+01 3.385536423487222672e+09
1.117952610221174936e+01 3.265805723779120445e+09
1.129132136323386781e+01 3.147510381816071510e+09
1.140423457686620701e+01 3.039865642296740532e+09
1.151827692263487002e+01 2.940094612795454979e+09
1.163345969186121920e+01 2.831192369874856472e+09
1.174979428877982990e+01 2.734313714666983604e+09
1.186729223166762992e+01 2.639663791513686180e+09
1.198596515398430462e+01 2.530799025944839478e+09
1.210582480552414708e+01 2.446078660202021122e+09
1.222688305357938887e+01 2.352560148578651428e+09
1.234915188411518194e+01 2.268523804250417233e+09
1.247264340295633467e+01 2.196752124799765110e+09
1.259736983698589619e+01 2.106135131096515894e+09
1.272334353535575424e+01 2.031539300990868330e+09
1.285057697070931226e+01 1.955436474033548117e+09
1.297908274041640553e+01 1.892963780588912487e+09
1.310887356782057012e+01 1.816370410413038731e+09
1.323996230349877479e+01 1.754305733626192808e+09
1.337236192653376321e+01 1.690241517906295538e+09
1.350608554579910248e+01 1.630254072487228155e+09
1.364114640125709244e+01 1.557787167437583208e+09
1.377755786526966197e+01 1.514141142314945221e+09
1.391533344392236238e+01 1.451851178497012854e+09
1.405448677836158211e+01 1.396754116501514912e+09
1.419503164614519974e+01 1.360511551976063013e+09
1.433698196260665192e+01 1.296414871209503412e+09
1.448035178223271835e+01 1.252018788314319611e+09
1.462515530005504516e+01 1.209952716488563061e+09
1.477140685305559664e+01 1.158323322406830549e+09
1.491912092158615089e+01 1.120621215890442848e+09
1.506831213080201159e+01 1.073636175675884008e+09
1.521899525211003024e+01 1.037029625875515223e+09
1.537118520463113214e+01 1.001696040030676961e+09
1.552489705667744246e+01 9.592865103479197025e+08
1.568014602724421813e+01 9.264369892551996708e+08
1.583694748751665848e+01 8.897782846226547956e+08
1.599531696239182388e+01 8.623104129947614670e+08
1.615527013201574391e+01 8.320952213425421715e+08
1.631682283333590178e+01 7.902457695131179094e+08
1.647999106166925998e+01 7.686779113251054287e+08
1.664479097228595350e+01 7.394610261855998039e+08
1.681123888200881211e+01 7.065578396759527922e+08
1.697935127082889650e+01 6.791362186821266413e+08
1.714914478353718863e+01 6.569645881462179422e+08
1.732063623137256059e+01 6.375236801280894279e+08
1.749384259368628847e+01 6.070643704279080629e+08
1.766878101962314673e+01 5.886758005671949387e+08
1.784546882981938509e+01 5.603473013938461542e+08
1.802392351811757720e+01 5.428920858531520367e+08
1.820416275329875333e+01 5.219981204134041071e+08
1.838620438083173880e+01 5.023430408377223015e+08
1.857006642464005353e+01 4.857528450449642539e+08
1.875576708888645427e+01 4.638691349816587567e+08
1.894332475977532226e+01 4.463579795113108158e+08
1.913275800737307719e+01 4.289405897172973752e+08
1.969740769490774923e+01 3.832888771784911752e+08
2.068227807965313403e+01 3.170628061214352250e+08
2.171639198363579126e+01 2.613954667369993925e+08
2.280221158281758420e+01 2.161458435055849254e+08
2.394232216195846163e+01 1.787573669475050569e+08
2.513943827005638454e+01 1.475742150253638029e+08
2.639641018355920465e+01 1.225102432321424335e+08
2.771623069273716311e+01 1.014944275547013879e+08
2.910204222737402446e+01 8.370758052926912904e+07
3.055714433874272729e+01 6.966938337716326118e+07
3.208500155567985956e+01 5.745106853857010603e+07
3.368925163346385432e+01 4.778761818193255365e+07
3.537371421513704206e+01 3.933920649100454897e+07
3.714239992589390482e+01 3.247337166688267142e+07
3.899951992218858976e+01 2.664446832141445577e+07
4.094949591829801960e+01 2.187788766635065526e+07
4.299697071421292094e+01 1.795633384584522247e+07
4.514681924992356699e+01 1.468267405558009073e+07
4.740416021241974676e+01 1.209489139861381613e+07
4.977436822304073161e+01 9.940972186616033316e+06
5.226308663419276712e+01 8.197884265621221624e+06
5.487624096590241152e+01 6.710600173489428125e+06
5.762005301419753067e+01 5.529191006542730145e+06
6.050105566490740472e+01 4.532728162454564124e+06
6.352610844815276891e+01 3.710613555450318847e+06
6.670241387056040594e+01 3.073387720061878208e+06
7.003753456408843192e+01 2.510739926679107361e+06
7.353941129229284002e+01 2.065146289051020285e+06
7.721638185690748912e+01 1.688410791167319519e+06
8.107720094975286429e+01 1.393069777881650487e+06
8.513106099724051035e+01 1.146238779118761653e+06
8.938761404710253089e+01 9.289343206513817422e+05
9.385699474945765530e+01 7.665231673312280327e+05
