3.401114059005487245e-01 1.483793002382685661e+10
3.435125199595542300e-01 1.214749946992262459e+10
3.469476451591497201e-01 1.526442418405301857e+10
3.504171216107412334e-01 1.829675729640986252e+10
3.539212928268486436e-01 1.935205307900905609e+10
3.574605057551171750e-01 1.945024563359940338e+10
3.610351108126682584e-01 1.999716925808155060e+10
3.646454619207949999e-01 1.974961157647842026e+10
3.682919165400029282e-01 1.779701973381243515e+10
3.719748357054029064e-01 1.941786588225508881e+10
3.756945840624569266e-01 2.363188575028028870e+10
3.794515299030815081e-01 2.950720802175551605e+10
3.832460452021123065e-01 3.065301450480149841e+10
3.870785056541334312e-01 3.609414353705641174e+10
3.909492907106748016e-01 3.624280404702194214e+10
3.948587836177815391e-01 3.335116012467984009e+10
3.988073714539593917e-01 2.623831839748915482e+10
4.027954451684989667e-01 1.721320642703940964e+10
4.068233996201839342e-01 1.733276969270345688e+10
4.108916336163858096e-01 2.184620099152612686e+10
4.150005499525497021e-01 3.746623908373287964e+10
4.191505554520751908e-01 4.060851680486290741e+10
4.233420610065958822e-01 4.179698716151261139e+10
4.275754816166618122e-01 4.149990513313503265e+10
4.318512364328284114e-01 3.354792765846000671e+10
4.361697487971567533e-01 3.211312057985175323e+10
4.405314462851282475e-01 3.992462856483378601e+10
4.449367607479796094e-01 3.994676127188600922e+10
4.493861283554593800e-01 3.957455396616126251e+10
4.538799896390139921e-01 3.852703777700080872e+10
4.584187895354041031e-01 3.373072108945248032e+10
4.630029774307581336e-01 2.926665485782062912e+10
4.676330072050656761e-01 2.474786214714363480e+10
4.723093372771162701e-01 1.857519490336695862e+10
4.770324306498874289e-01 1.261066180310585976e+10
4.818027549563863032e-01 8.069998959691645622e+09
4.866207825059500891e-01 3.989367040438107967e+09
4.914869903310095656e-01 4.036365143759481907e+09
4.964018602343197584e-01 3.136676880400047302e+09
5.013658788366629482e-01 2.318669125992091179e+09
5.063795376250295188e-01 1.895467473766484261e+09
5.114433330012797541e-01 1.694096733059441805e+09
5.165577663312926893e-01 1.493664599643122911e+09
5.217233439946056262e-01 1.349135979025510788e+09
5.269405774345515825e-01 1.210081203765410662e+09
5.322099832088971194e-01 1.098306452548928022e+09
5.375320830409860973e-01 1.008050828320107698e+09
5.429074038713960215e-01 9.112183768056768179e+08
5.483364779101099762e-01 8.345317345905826092e+08
5.538198426892112503e-01 7.631900883200224638e+08
5.593580411161032107e-01 6.893583735453847647e+08
5.649516215272641917e-01 6.268700446129959822e+08
5.706011377425368458e-01 5.608388536721916199e+08
5.763071491199621699e-01 4.956033375491386056e+08
5.820702206111618704e-01 4.268424473677235246e+08
5.878909228172733981e-01 3.506064774751410484e+08
5.937698320454461998e-01 3.529517527738311291e+08
5.997075303659007428e-01 3.797092172314130664e+08
6.057046056695597480e-01 3.944559546623725891e+08
6.117616517262552955e-01 3.949516032070385218e+08
6.178792682435179096e-01 3.910408032288256884e+08
6.240580609259530620e-01 3.876350299014721513e+08
6.302986415352126448e-01 3.860065054005392194e+08
6.366016279505647413e-01 3.849922115112435222e+08
6.429676442300703565e-01 3.845610467081031203e+08
6.493973206723711034e-01 3.801627214636633396e+08
6.558912938790947278e-01 3.216692463234234452e+08
6.624502068178856895e-01 3.955267710124998689e+08
6.690747088860645730e-01 4.158135151184747219e+08
6.757654559749252110e-01 4.267415652865800858e+08
6.825231105346745153e-01 4.250420821943458319e+08
6.893483416400212338e-01 3.896441972920997739e+08
6.962418250564214039e-01 3.431004610857826471e+08
7.032042433069857212e-01 3.180091245737184286e+08
7.102362857400554841e-01 2.988727188863967657e+08
7.173386485974559967e-01 2.605349087958400548e+08
7.245120350834306500e-01 2.340522191637875438e+08
7.317571554342650053e-01 2.061004550876944065e+08
7.390747269886076554e-01 1.809783673179512322e+08
7.464654742584937441e-01 1.576356529349164963e+08
7.539301290010786971e-01 1.309778387023103982e+08
7.614694302910893775e-01 9.570430164757704735e+07
7.690841245940003290e-01 4.738358581575164199e+07
7.767749658399403234e-01 9.288489166776131094e+07
7.845427154983398710e-01 1.201527760362230986e+08
7.923881426533231354e-01 1.457538806503112912e+08
8.003120240798563545e-01 1.724903854922809601e+08
8.083151443206548770e-01 1.936623928132519722e+08
8.163982957638614701e-01 2.154868842161221206e+08
8.245622787215000082e-01 2.530470293016080260e+08
8.328079015087149761e-01 2.940393326009019017e+08
8.411359805238021181e-01 3.233764623191491365e+08
8.495473403290402237e-01 3.868490180865870118e+08
8.580428137323306004e-01 4.627241383722552657e+08
8.666232418696537820e-01 5.382311337755517960e+08
8.752894742883503554e-01 6.058570269439373016e+08
8.840423690312340099e-01 5.975839166224459410e+08
8.928827927215462479e-01 4.091034856003399491e+08
9.018116206487618580e-01 4.615729920994946361e+08
9.108297368552494833e-01 7.270835171968021393e+08
9.199380342238018260e-01 8.815422798216589689e+08
9.291374145660399320e-01 6.462313073770277500e+08
9.384287887117003235e-01 6.599546736892141104e+08
9.478130765988174167e-01 7.570047611534378529e+08
9.572912073648053299e-01 7.813506123002949953e+08
9.668641194384535176e-01 9.001868153703825474e+08
9.765327606328380039e-01 1.003871811416380405e+09
9.862980882391664261e-01 1.147324187307597637e+09
9.961610691215579960e-01 1.305901575717276335e+09
1.006122679812773590e+00 1.543642937704103231e+09
1.016183906610901300e+00 2.062706396336494207e+09
1.026345745677010202e+00 2.580175789139270782e+09
1.036609203133780355e+00 3.278279049808085442e+09
1.046975295165118336e+00 3.932239482908102989e+09
1.057445048116769204e+00 4.443101957745959282e+09
1.068019498597936989e+00 4.642279224052746773e+09
1.078699693583916597e+00 4.656094551314012527e+09
1.089486690519755552e+00 3.512201135828609467e+09
1.100381557424953138e+00 2.075189718779064894e+09
1.111385372999202481e+00 1.244984454537567854e+09
1.122499226729194666e+00 8.620503304585280418e+08
1.133724218996486455e+00 8.703096624963048697e+08
1.145061461186451135e+00 8.660191432265279293e+08
1.156512075798315831e+00 3.596168515880717635e+08
1.168077196556299047e+00 6.066323391656820774e+08
1.179757968521861988e+00 5.998336181168407202e+08
1.191555548207080761e+00 1.276441472478831053e+09
1.203471103689151889e+00 2.397883496827690601e+09
1.215505814726043354e+00 4.224726823913831234e+09
1.227660872873303610e+00 6.211774206088419914e+09
1.239937481602036762e+00 7.839183737758668900e+09
1.252336856418057032e+00 9.550137755862695694e+09
1.264860224982237824e+00 9.908769167652364731e+09
1.277508827232060051e+00 8.903206730246641159e+09
1.290283915504380818e+00 7.295016911580497742e+09
1.303186754659424462e+00 5.722208352895771027e+09
1.316218622206019040e+00 4.217224625686692238e+09
1.329380808428079153e+00 1.968845406639171600e+09
1.342674616512359975e+00 7.440780152114200592e+08
1.356101362677483380e+00 3.116076779974285364e+08
1.369662376304258355e+00 3.479805407781249881e+08
1.383359000067300837e+00 2.505073354621584713e+08
1.397192590067974027e+00 2.265026667065954208e+08
1.411164515968653665e+00 3.391279392702912092e+08
1.425276161128340213e+00 4.656390410434146523e+08
1.439528922739623740e+00 7.385769759826166630e+08
1.453924211967019708e+00 1.407449745152690411e+09
1.468463454086690101e+00 1.807805583019541740e+09
1.483148088627556760e+00 2.409941163470576763e+09
1.497979569513832487e+00 3.357729962932914734e+09
1.512959365208970564e+00 4.441873170985938072e+09
1.528088958861060442e+00 5.892023580070002556e+09
1.543369848449671178e+00 7.470913177422900200e+09
1.558803546934167894e+00 8.346109471024991989e+09
1.574391582403509737e+00 9.365556959473739624e+09
1.590135498227544852e+00 8.154517102348413467e+09
1.606036853209820148e+00 3.902810060457158566e+09
1.622097221741918505e+00 1.405819185279006958e+09
1.638318193959337421e+00 1.110283058959973097e+09
1.654701375898931071e+00 1.228436080246955633e+09
1.671248389657920441e+00 6.391929269929168224e+08
1.687960873554499530e+00 7.881782465360431671e+08
1.704840482290044701e+00 6.187462143351978064e+08
1.721888887112944966e+00 8.813610950120133162e+08
1.739107775984074289e+00 7.978715217380421162e+08
1.756498853743915012e+00 1.124177875536646366e+09
1.774063842281354608e+00 1.025251497304385424e+09
1.791804480704168201e+00 9.187189307518264055e+08
1.809722525511209934e+00 1.211515393499314547e+09
1.827819750766321860e+00 1.380222426739190817e+09
1.846097948273984990e+00 1.466124702681030035e+09
1.864558927756724938e+00 1.391336017801367760e+09
1.883204517034292147e+00 2.609424865595850945e+09
1.902036562204635128e+00 3.250876488279007435e+09
1.921056927826681582e+00 3.222854033341969013e+09
1.940267497104948502e+00 2.782430610478588104e+09
1.959670172075998140e+00 3.407616722468077183e+09
1.979266873796758031e+00 4.286851641114496231e+09
1.999059542534725509e+00 5.273140648941054344e+09
2.019050137960073155e+00 6.647701619092031479e+09
2.039240639339673589e+00 8.041683870913854599e+09
2.059633045733070489e+00 9.000369021976779938e+09
2.080229376190401158e+00 8.780350300225614548e+09
2.101031669952305059e+00 7.391557838187182426e+09
2.122041986651828083e+00 5.598361210034363747e+09
2.143262406518346097e+00 3.937947297229373455e+09
2.164695030583529967e+00 2.467081464757800102e+09
2.186341980889365377e+00 1.438631470879408121e+09
2.208205400698258991e+00 3.757289465799707770e+08
2.230287454705241146e+00 4.783676989246416092e+08
2.252590329252293522e+00 2.487373429437760711e+08
2.275116232544817318e+00 2.103111436523786187e+08
2.297867394870265034e+00 1.942043883186747730e+08
2.320846068818967822e+00 2.556500453790290952e+08
2.344054529507157536e+00 1.792754503883301616e+08
2.367495074802228761e+00 2.372035935068194568e+08
2.391170025550251044e+00 2.984178638748767376e+08
2.415081725805753532e+00 4.699112537479178309e+08
2.439232543063811764e+00 5.203974270856169462e+08
2.463624868494449949e+00 7.525306419892741442e+08
2.488261117179394244e+00 1.019462709138025403e+09
2.513143728351188155e+00 1.129286540373580933e+09
2.538275165634700237e+00 1.075195278255961418e+09
2.563657917291046751e+00 9.069877043388317823e+08
2.589294496463957262e+00 8.165526730772186518e+08
2.615187441428596937e+00 1.077644148656375647e+09
2.641339315842882840e+00 1.702119765323763132e+09
2.667752709001311562e+00 1.206777114185267687e+09
2.694430236091324815e+00 1.295109400164785624e+09
2.721374538452237868e+00 1.831606109612917423e+09
2.748588283836760127e+00 2.034199593184450150e+09
2.776074166675128296e+00 1.555734988772158861e+09
2.803834908341879206e+00 2.078680586795873165e+09
2.831873257425297830e+00 2.176589346616600513e+09
2.860191989999551154e+00 2.209550513527387142e+09
2.888793909899546541e+00 2.832643138904533386e+09
2.917681848998542549e+00 2.732143361397972107e+09
2.946858667488527761e+00 3.262139621973555565e+09
2.976327254163412928e+00 3.224495129861488342e+09
3.006090526705047061e+00 2.805040696012875557e+09
3.036151431972097470e+00 2.528950061877190113e+09
3.066512946291818587e+00 1.726926395181706667e+09
3.097178075754736692e+00 1.123605869787783861e+09
3.128149856512283833e+00 7.431258551661735773e+08
3.159431355077406689e+00 5.265108654932529330e+08
3.191025668628181045e+00 4.266063221431052685e+08
3.222935925314462935e+00 4.150252260124522448e+08
3.255165284567607564e+00 4.531250234292406440e+08
3.287716937413283524e+00 6.164979122691816092e+08
3.320594106787416067e+00 2.627952913893925250e+08
3.353800047855290511e+00 3.756442995571068525e+08
3.387338048333843332e+00 5.302147417741328478e+08
3.421211428817182210e+00 5.033067743500199318e+08
3.455423543105353712e+00 4.944435795513213277e+08
3.489977778536407005e+00 5.462795847862201929e+08
3.524877556321771355e+00 6.679676798725434542e+08
3.560126331884988726e+00 7.430058591123402119e+08
3.595727595203838334e+00 8.686881796899881363e+08
3.631684871155877570e+00 1.001751962698920369e+09
3.668001719867436616e+00 1.381229972976777315e+09
3.704681737066110259e+00 1.663314221433326960e+09
3.741728554436771326e+00 1.920668402755492926e+09
3.779145839981139510e+00 2.013106677652716637e+09
3.816937298380950860e+00 2.653031383697111607e+09
3.855106671364760818e+00 2.596222131058117390e+09
3.893657738078407426e+00 2.914098648836453915e+09
3.932594315459191581e+00 3.336340422338551998e+09
3.971920258613783616e+00 3.674694219075156689e+09
4.011639461199922430e+00 3.940857496127804756e+09
4.051755855811920881e+00 4.139694194513970375e+09
4.092273414370040108e+00 4.093299212488342285e+09
4.133196148513740731e+00 4.101580682456400394e+09
4.174528109998877135e+00 4.392552788195488930e+09
4.216273391098866341e+00 4.481928785386475563e+09
4.258436125009854578e+00 4.467731699585764885e+09
4.301020486259953479e+00 2.712660061193953037e+09
4.344030691122553023e+00 3.206583931616505623e+09
4.387470998033777825e+00 4.299157042931386948e+09
4.431345708014116092e+00 4.277478457532509804e+09
4.475659165094256764e+00 4.000220444740896225e+09
4.520415756745198799e+00 3.975885389856499672e+09
4.565619914312651240e+00 4.109108992586090088e+09
4.611276113455778258e+00 4.232006769170062065e+09
4.657388874590335348e+00 4.324771048526966095e+09
4.703962763336238417e+00 4.385869521527097702e+09
4.751002390969600420e+00 4.374917045903123856e+09
4.798512414879296806e+00 4.202440221130935669e+09
4.846497539028090884e+00 4.199887568483908176e+09
4.894962514418371491e+00 4.103083043889102936e+09
4.943912139562555375e+00 3.734553169490427017e+09
4.993351260958180937e+00 3.721590031393577576e+09
5.043284773567762613e+00 3.415193426766997337e+09
5.093717621303440524e+00 3.291651935343329906e+09
5.144654797516475142e+00 2.875503894836396217e+09
5.196101345491639378e+00 2.672775877970848083e+09
5.248062358946555150e+00 2.754007420109751225e+09
5.300542982536021519e+00 2.405064815777308464e+09
5.353548412361381459e+00 2.223356838721817970e+09
5.407083896484995655e+00 1.926563605050546885e+09
5.461154735449845532e+00 1.915072379807302475e+09
5.515766282804344556e+00 1.874643571057301521e+09
5.570923945632387131e+00 1.550015504117721796e+09
5.626633185088711464e+00 1.484694918138097763e+09
5.682899516939598605e+00 1.487357548686672211e+09
5.739728512108993819e+00 1.385776963430713177e+09
5.797125797230084032e+00 1.367315642728908062e+09
5.855097055202384659e+00 1.116904632819673061e+09
5.913648025754409510e+00 1.307880016062717199e+09
5.972784506011953987e+00 1.268700404467538357e+09
6.032512351072073287e+00 1.203346706651487112e+09
6.092837474582792900e+00 1.196898329242613554e+09
6.153765849328621584e+00 1.236227598254472494e+09
6.215303507821907658e+00 1.262864510818161011e+09
6.277456542900125669e+00 1.328064002036401033e+09
6.340231108329128062e+00 1.232236164358129263e+09
6.403633419412418704e+00 9.830050952178300619e+08
6.467669753606543281e+00 8.027547282755601406e+08
6.532346451142608146e+00 9.111627135451933146e+08
6.597669915654034156e+00 8.850616727826627493e+08
6.663646614810574853e+00 1.007901081868537664e+09
6.730283080958680664e+00 1.012648077035326362e+09
6.797585911768267763e+00 8.831073318919805288e+08
6.865561770885950210e+00 9.138973719720991850e+08
6.934217388594810849e+00 9.706006721367669106e+08
7.003559562480758949e+00 9.023747734483902454e+08
7.073595158105566050e+00 7.937947082584991455e+08
7.144331109686621772e+00 7.148896574340084791e+08
7.215774420783487741e+00 6.493849834596694708e+08
7.287932164991324235e+00 5.803232358537243605e+08
7.360811486641236634e+00 5.314014687527153492e+08
7.434419601507648245e+00 5.215511563032137156e+08
7.508763797522725270e+00 5.619218280478681326e+08
7.583851435497953375e+00 6.109903865481779575e+08
7.659689949852931612e+00 5.592574515974081755e+08
7.736286849351461825e+00 4.259578590332747102e+08
7.813649717844977083e+00 4.701988174735974669e+08
7.891786215023426365e+00 5.044153061334370375e+08
7.970704077173661695e+00 5.488914389553117752e+08
8.050411117945397876e+00 5.406756031939781904e+08
8.130915229124850541e+00 5.612676204981360435e+08
8.212224381416099561e+00 5.516932075382860899e+08
8.294346625230261338e+00 5.685640996559163332e+08
8.377290091482562318e+00 5.794501864422080517e+08
8.461062992397387461e+00 6.143921210494673252e+08
8.545673622321363183e+00 6.358274911253681183e+08
8.631130358544575998e+00 6.734529793997609615e+08
8.717441662130022806e+00 6.940098683248811960e+08
8.804616078751321240e+00 7.042318177237837315e+08
8.892662239538834612e+00 7.218159693794101477e+08
8.981588861934222123e+00 7.288962436633876562e+08
9.071404750553567098e+00 7.882319849904029369e+08
9.162118798059102787e+00 8.138978485400644541e+08
9.253739986039693832e+00 8.264505697332792282e+08
9.346277385900089385e+00 8.488612098922064304e+08
9.439740159759089977e+00 8.323777417617448568e+08
9.534137561356683221e+00 8.840726169994131327e+08
9.629478936970249592e+00 8.596815969576306343e+08
9.725773726339950187e+00 8.784943033310140371e+08
9.823031463603349778e+00 8.842235485260932446e+08
9.921261778239381712e+00 8.559084035656570196e+08
1.002047439602177548e+01 8.813305458808662891e+08
1.012067913998199487e+01 8.109228180027412176e+08
1.022188593138181290e+01 8.119137324813492298e+08
1.032410479069563181e+01 6.849280285691130161e+08
1.042734583860258724e+01 5.875392304028191566e+08
1.053161929698861421e+01 6.620459682436223030e+08
1.063693548995849980e+01 6.908186930985686779e+08
1.074330484485808412e+01 6.190979760720640421e+08
1.085073789330666472e+01 6.718323623712739944e+08
1.095924527223973222e+01 5.976840847914543152e+08
1.106883772496212970e+01 6.465006328355783224e+08
1.117952610221174936e+01 6.664848272380621433e+08
1.129132136323386781e+01 6.338732203166626692e+08
1.140423457686620701e+01 6.593017350617073774e+08
1.151827692263487002e+01 6.069944987840832472e+08
1.163345969186121920e+01 5.861755506624319553e+08
1.174979428877982990e+01 4.897893934116517901e+08
1.186729223166762992e+01 5.460652703297822475e+08
1.198596515398430462e+01 5.382132541629747152e+08
1.210582480552414708e+01 4.952967735640355945e+08
1.222688305357938887e+01 4.870726618955495358e+08
1.234915188411518194e+01 4.462342124857515693e+08
1.247264340295633467e+01 4.111898050808957219e+08
1.259736983698589619e+01 4.006066076593207121e+08
1.272334353535575424e+01 4.064133816792632937e+08
1.285057697070931226e+01 3.974446401425770521e+08
1.297908274041640553e+01 3.697665166837943196e+08
1.310887356782057012e+01 3.786667616725443006e+08
1.323996230349877479e+01 3.294520689738670588e+08
1.337236192653376321e+01 3.233052650768610835e+08
1.350608554579910248e+01 2.984969741108078957e+08
1.364114640125709244e+01 3.073300489602569938e+08
1.377755786526966197e+01 2.974256343819583654e+08
1.391533344392236238e+01 2.935078091079918146e+08
1.405448677836158211e+01 2.692855430935715437e+08
1.419503164614519974e+01 2.403926480438775420e+08
1.433698196260665192e+01 2.452795289179348052e+08
1.448035178223271835e+01 2.093728598230886459e+08
1.462515530005504516e+01 2.383067995011793077e+08
1.477140685305559664e+01 2.294015009151903093e+08
1.491912092158615089e+01 1.959459340813127756e+08
1.506831213080201159e+01 2.068159287696496844e+08
1.521899525211003024e+01 2.047568971119624972e+08
1.537118520463113214e+01 1.878378104919668734e+08
1.552489705667744246e+01 1.707681516424666643e+08
1.568014602724421813e+01 1.586572878828063905e+08
1.583694748751665848e+01 1.641738840687338710e+08
1.599531696239182388e+01 1.546264432235348523e+08
1.615527013201574391e+01 1.504035262229924500e+08
1.631682283333590178e+01 1.466578771184911728e+08
1.647999106166925998e+01 1.374711061020334363e+08
1.664479097228595350e+01 1.243534963667774200e+08
1.681123888200881211e+01 1.359925040698887110e+08
1.697935127082889650e+01 1.292006583607012033e+08
1.714914478353718863e+01 1.094436007429733127e+08
1.732063623137256059e+01 1.092201492093674392e+08
1.749384259368628847e+01 1.101642511347173601e+08
1.766878101962314673e+01 1.056200415010399818e+08
1.784546882981938509e+01 1.053502202777913958e+08
1.802392351811757720e+01 1.010710022155509144e+08
1.820416275329875333e+01 9.041900510040763021e+07
1.838620438083173880e+01 9.310178045391455293e+07
1.857006642464005353e+01 7.824330170535853505e+07
1.875576708888645427e+01 8.663469175511857867e+07
1.894332475977532226e+01 8.220268580692575872e+07
1.913275800737307719e+01 8.459522527254541218e+07
1.969740769490774923e+01 6.536680869555033743e+07
2.068227807965313403e+01 5.514733720586718619e+07
2.171639198363579126e+01 4.501120848544882983e+07
2.280221158281758420e+01 4.008221519002933055e+07
2.394232216195846163e+01 3.319609327847551182e+07
2.513943827005638454e+01 2.693181026965447888e+07
2.639641018355920465e+01 2.284841823696866632e+07
2.771623069273716311e+01 1.959716008972306550e+07
2.910204222737402446e+01 1.563471999881039932e+07
3.055714433874272729e+01 1.254641601500567049e+07
3.208500155567985956e+01 1.149588888183065504e+07
3.368925163346385432e+01 9.085170756097951904e+06
3.537371421513704206e+01 6.990362822007437237e+06
3.714239992589390482e+01 6.332368152623433620e+06
3.899951992218858976e+01 5.285830914642377757e+06
4.094949591829801960e+01 4.304913037314634770e+06
4.299697071421292094e+01 3.507985255256250035e+06
4.514681924992356699e+01 2.916086292917245533e+06
4.740416021241974676e+01 2.411573613777865190e+06
4.977436822304073161e+01 1.978164261060417863e+06
5.226308663419276712e+01 1.714954633794369176e+06
5.487624096590241152e+01 1.425621724478976103e+06
5.762005301419753067e+01 1.128947544755056035e+06
6.050105566490740472e+01 1.012150253863879130e+06
6.352610844815276891e+01 7.733792696887829807e+05
6.670241387056040594e+01 6.603842291735612089e+05
7.003753456408843192e+01 5.723372606208001962e+05
7.353941129229284002e+01 4.488178830166537082e+05
7.721638185690748912e+01 3.750879949956805212e+05
8.107720094975286429e+01 3.109800008004327537e+05
8.513106099724051035e+01 2.646220031653388869e+05
8.938761404710253089e+01 2.454075797389099025e+05
9.385699474945765530e+01 1.771879952466303075e+05
