3.401114059005487245e-01 1.325087015864052200e+10
3.435125199595542300e-01 1.099515258390405273e+10
3.469476451591497201e-01 1.382883179780478477e+10
3.504171216107412334e-01 1.690123375862943840e+10
3.539212928268486436e-01 1.782102897120892715e+10
3.574605057551171750e-01 1.755328068214036179e+10
3.610351108126682584e-01 1.846233183051575851e+10
3.646454619207949999e-01 1.856713722580021667e+10
3.682919165400029282e-01 1.718298185730868530e+10
3.719748357054029064e-01 1.820340558655065536e+10
3.756945840624569266e-01 2.110715916886313248e+10
3.794515299030815081e-01 2.559254921977746582e+10
3.832460452021123065e-01 2.518519183533338928e+10
3.870785056541334312e-01 2.873727146117189789e+10
3.909492907106748016e-01 2.807560464646107483e+10
3.948587836177815391e-01 2.336384725653936386e+10
3.988073714539593917e-01 2.105950598273785782e+10
4.027954451684989667e-01 1.272078103627968597e+10
4.068233996201839342e-01 1.340389028924204826e+10
4.108916336163858096e-01 1.984176677315510178e+10
4.150005499525497021e-01 2.897128606168977356e+10
4.191505554520751908e-01 3.063708694163647079e+10
4.233420610065958822e-01 3.190416337989039993e+10
4.275754816166618122e-01 3.213086182136287689e+10
4.318512364328284114e-01 2.853787780936218643e+10
4.361697487971567533e-01 2.858056097694302750e+10
4.405314462851282475e-01 3.190127841509406281e+10
4.449367607479796094e-01 3.173038784872860336e+10
4.493861283554593800e-01 3.229368931898186111e+10
4.538799896390139921e-01 3.131921730872348022e+10
4.584187895354041031e-01 2.773868265342448044e+10
4.630029774307581336e-01 2.438475352804667664e+10
4.676330072050656761e-01 2.082123890292302704e+10
4.723093372771162701e-01 1.573088568814413071e+10
4.770324306498874289e-01 1.084833607252911377e+10
4.818027549563863032e-01 7.229969323172602654e+09
4.866207825059500891e-01 3.964611230146232128e+09
4.914869903310095656e-01 3.582579429484445095e+09
4.964018602343197584e-01 2.736444926064961910e+09
5.013658788366629482e-01 2.016516747009112120e+09
5.063795376250295188e-01 1.657050422076822996e+09
5.114433330012797541e-01 1.488108569022546530e+09
5.165577663312926893e-01 1.304052773647863150e+09
5.217233439946056262e-01 1.188527304086211443e+09
5.269405774345515825e-01 1.066183706023353934e+09
5.322099832088971194e-01 9.756099660897004604e+08
5.375320830409860973e-01 9.036572306967685223e+08
5.429074038713960215e-01 8.162964701693814993e+08
5.483364779101099762e-01 7.505800759424145222e+08
5.538198426892112503e-01 6.901576765144196749e+08
5.593580411161032107e-01 6.195769998920366764e+08
5.649516215272641917e-01 5.657423963650645018e+08
5.706011377425368458e-01 5.070692406705563664e+08
5.763071491199621699e-01 4.518719413632126451e+08
5.820702206111618704e-01 3.973689020428377390e+08
5.878909228172733981e-01 3.395536601465600729e+08
5.937698320454461998e-01 3.367611778850576878e+08
5.997075303659007428e-01 3.537983458601412177e+08
6.057046056695597480e-01 3.720192116548284888e+08
6.117616517262552955e-01 3.768459659450472593e+08
6.178792682435179096e-01 3.791382578313907385e+08
6.240580609259530620e-01 3.802165613788666129e+08
6.302986415352126448e-01 3.831540317559245825e+08
6.366016279505647413e-01 3.871665187530823946e+08
6.429676442300703565e-01 3.896953905933787823e+08
6.493973206723711034e-01 3.910160269396247864e+08
6.558912938790947278e-01 3.528022480052052736e+08
6.624502068178856895e-01 4.154672854579207897e+08
6.690747088860645730e-01 4.336864520641736984e+08
6.757654559749252110e-01 4.478750889408827424e+08
6.825231105346745153e-01 4.476913206542112827e+08
6.893483416400212338e-01 4.122182035961679220e+08
6.962418250564214039e-01 3.643037637581685781e+08
7.032042433069857212e-01 3.385350716309555173e+08
7.102362857400554841e-01 3.194872934599494338e+08
7.173386485974559967e-01 2.780824374220024943e+08
7.245120350834306500e-01 2.512035075174807012e+08
7.317571554342650053e-01 2.217369589213824272e+08
7.390747269886076554e-01 1.949705201372862160e+08
7.464654742584937441e-01 1.711379017298035026e+08
7.539301290010786971e-01 1.425420965278354287e+08
7.614694302910893775e-01 1.040325804705605954e+08
7.690841245940003290e-01 4.948881104116236418e+07
7.767749658399403234e-01 1.018537301643623859e+08
7.845427154983398710e-01 1.324386791444250792e+08
7.923881426533231354e-01 1.604535732610825002e+08
8.003120240798563545e-01 1.893217491736719608e+08
8.083151443206548770e-01 2.105106634081907868e+08
8.163982957638614701e-01 2.324219701000646949e+08
8.245622787215000082e-01 2.718437668528705239e+08
8.328079015087149761e-01 3.131093710362907052e+08
8.411359805238021181e-01 3.437374407384769320e+08
8.495473403290402237e-01 4.061447119539395571e+08
8.580428137323306004e-01 4.808984138915015459e+08
8.666232418696537820e-01 5.530788305696766376e+08
8.752894742883503554e-01 6.186464836465680599e+08
8.840423690312340099e-01 6.093624554846956730e+08
8.928827927215462479e-01 4.208159790829970837e+08
9.018116206487618580e-01 4.731020306334794164e+08
9.108297368552494833e-01 7.196735022722352743e+08
9.199380342238018260e-01 8.555365168400293589e+08
9.291374145660399320e-01 6.155717272133563757e+08
9.384287887117003235e-01 6.222409991466976404e+08
9.478130765988174167e-01 7.146408823002072573e+08
9.572912073648053299e-01 7.393124021112155914e+08
9.668641194384535176e-01 8.514926082400821447e+08
9.765327606328380039e-01 9.503648818014281988e+08
9.862980882391664261e-01 1.089444436145574331e+09
9.961610691215579960e-01 1.250723963649685383e+09
1.006122679812773590e+00 1.487610499802485943e+09
1.016183906610901300e+00 1.976000018366717339e+09
1.026345745677010202e+00 2.459546380478247643e+09
1.036609203133780355e+00 3.099802178234476089e+09
1.046975295165118336e+00 3.684459141904819489e+09
1.057445048116769204e+00 4.146220804480173111e+09
1.068019498597936989e+00 4.324437558580922127e+09
1.078699693583916597e+00 4.348839301451972961e+09
1.089486690519755552e+00 3.292853375147555828e+09
1.100381557424953138e+00 1.970140724515634060e+09
1.111385372999202481e+00 1.218178418427705288e+09
1.122499226729194666e+00 8.722997962392072678e+08
1.133724218996486455e+00 8.769414632872463465e+08
1.145061461186451135e+00 8.885481827384841442e+08
1.156512075798315831e+00 3.942889839074168205e+08
1.168077196556299047e+00 6.410669403416997194e+08
1.179757968521861988e+00 6.428797888307030201e+08
1.191555548207080761e+00 1.325559272858654499e+09
1.203471103689151889e+00 2.415694542280887604e+09
1.215505814726043354e+00 4.112550904053056240e+09
1.227660872873303610e+00 5.915135782126457214e+09
1.239937481602036762e+00 7.400436318191305161e+09
1.252336856418057032e+00 8.945310651387687683e+09
1.264860224982237824e+00 9.265579578084135056e+09
1.277508827232060051e+00 8.372306199182438850e+09
1.290283915504380818e+00 6.955308571031586647e+09
1.303186754659424462e+00 5.577864664511143684e+09
1.316218622206019040e+00 4.207069533859983921e+09
1.329380808428079153e+00 2.018578669334892273e+09
1.342674616512359975e+00 7.655237279607515335e+08
1.356101362677483380e+00 3.313587074535933733e+08
1.369662376304258355e+00 3.725278528052580953e+08
1.383359000067300837e+00 2.780313132756221890e+08
1.397192590067974027e+00 2.532953233930413723e+08
1.411164515968653665e+00 3.663062933063433766e+08
1.425276161128340213e+00 4.898487646171896458e+08
1.439528922739623740e+00 7.593496173282504082e+08
1.453924211967019708e+00 1.423062715991580009e+09
1.468463454086690101e+00 1.812972334883896828e+09
1.483148088627556760e+00 2.389843567276916027e+09
1.497979569513832487e+00 3.298947300754359722e+09
1.512959365208970564e+00 4.350025090335524559e+09
1.528088958861060442e+00 5.734895847643442154e+09
1.543369848449671178e+00 7.255758788455058098e+09
1.558803546934167894e+00 8.212324386797516823e+09
1.574391582403509737e+00 9.266650553044118881e+09
1.590135498227544852e+00 8.249205724138887405e+09
1.606036853209820148e+00 4.115390031836446285e+09
1.622097221741918505e+00 1.551289264813175917e+09
1.638318193959337421e+00 1.249483758045006990e+09
1.654701375898931071e+00 1.384117786228560686e+09
1.671248389657920441e+00 7.341774778488864899e+08
1.687960873554499530e+00 9.023433905969477892e+08
1.704840482290044701e+00 7.202202511470426321e+08
1.721888887112944966e+00 1.004677128810350180e+09
1.739107775984074289e+00 9.090370694285041094e+08
1.756498853743915012e+00 1.254248988358905315e+09
1.774063842281354608e+00 1.137630863235778570e+09
1.791804480704168201e+00 1.015291852031181216e+09
1.809722525511209934e+00 1.299839755478142500e+09
1.827819750766321860e+00 1.465921368797887802e+09
1.846097948273984990e+00 1.544700843136086464e+09
1.864558927756724938e+00 1.445200792455132961e+09
1.883204517034292147e+00 2.669143360686698437e+09
1.902036562204635128e+00 3.344705624128782272e+09
1.921056927826681582e+00 3.306892399501082420e+09
1.940267497104948502e+00 2.836921793411731243e+09
1.959670172075998140e+00 3.448948439062180042e+09
1.979266873796758031e+00 4.319942998462046623e+09
1.999059542534725509e+00 5.294283532455911636e+09
2.019050137960073155e+00 6.706946481086933136e+09
2.039240639339673589e+00 8.126652536606768608e+09
2.059633045733070489e+00 9.132206811635589600e+09
2.080229376190401158e+00 8.983404463482515335e+09
2.101031669952305059e+00 7.695243264678472519e+09
2.122041986651828083e+00 5.907066531277329445e+09
2.143262406518346097e+00 4.231113997291213036e+09
2.164695030583529967e+00 2.707869703850598335e+09
2.186341980889365377e+00 1.605717908371653318e+09
2.208205400698258991e+00 4.461575607609465718e+08
2.230287454705241146e+00 5.615981134735935926e+08
2.252590329252293522e+00 3.074812357852274179e+08
2.275116232544817318e+00 2.632136483661273122e+08
2.297867394870265034e+00 2.458948801896702647e+08
2.320846068818967822e+00 3.144517982397458553e+08
2.344054529507157536e+00 2.279672010946886539e+08
2.367495074802228761e+00 2.955905615967863798e+08
2.391170025550251044e+00 3.632456662985658646e+08
2.415081725805753532e+00 5.521937255679876804e+08
2.439232543063811764e+00 6.034454062512477636e+08
2.463624868494449949e+00 8.543831331246459484e+08
2.488261117179394244e+00 1.128136919837042332e+09
2.513143728351188155e+00 1.230450953932812929e+09
2.538275165634700237e+00 1.170148207841594458e+09
2.563657917291046751e+00 1.000753132979980111e+09
2.589294496463957262e+00 9.152800865958505869e+08
2.615187441428596937e+00 1.193498820997154951e+09
2.641339315842882840e+00 1.823433281725569487e+09
2.667752709001311562e+00 1.312130464002036810e+09
2.694430236091324815e+00 1.385909970209401369e+09
2.721374538452237868e+00 1.914463614148896456e+09
2.748588283836760127e+00 2.122094384923789024e+09
2.776074166675128296e+00 1.647661455141730547e+09
2.803834908341879206e+00 2.172127426013348103e+09
2.831873257425297830e+00 2.270756585082011223e+09
2.860191989999551154e+00 2.304018676677100658e+09
2.888793909899546541e+00 2.924019389198006630e+09
2.917681848998542549e+00 2.821365386906096458e+09
2.946858667488527761e+00 3.367236160900354862e+09
2.976327254163412928e+00 3.343463935089980125e+09
3.006090526705047061e+00 2.978726110975317955e+09
3.036151431972097470e+00 2.676630473607234001e+09
3.066512946291818587e+00 1.857210167865368605e+09
3.097178075754736692e+00 1.237215082368604183e+09
3.128149856512283833e+00 8.335575395657477379e+08
3.159431355077406689e+00 6.158702809210871458e+08
3.191025668628181045e+00 5.133247651247073412e+08
3.222935925314462935e+00 5.042657041699779630e+08
3.255165284567607564e+00 5.494327310187895298e+08
3.287716937413283524e+00 7.212808408914625645e+08
3.320594106787416067e+00 3.395569137060160041e+08
3.353800047855290511e+00 4.625442084029150605e+08
3.387338048333843332e+00 6.355756370989898443e+08
3.421211428817182210e+00 6.067355197268730402e+08
3.455423543105353712e+00 5.978644679382064342e+08
3.489977778536407005e+00 6.535523158952853680e+08
3.524877556321771355e+00 7.806897710227057934e+08
3.560126331884988726e+00 8.578379346605675220e+08
3.595727595203838334e+00 9.962369295134500265e+08
3.631684871155877570e+00 1.138556656218041182e+09
3.668001719867436616e+00 1.531174136291393518e+09
3.704681737066110259e+00 1.830383866715124130e+09
3.741728554436771326e+00 2.101499640875981092e+09
3.779145839981139510e+00 2.202489845581888199e+09
3.816937298380950860e+00 2.852354362797068596e+09
3.855106671364760818e+00 2.815807480805995464e+09
3.893657738078407426e+00 3.138668593451961040e+09
3.932594315459191581e+00 3.566267271875109196e+09
3.971920258613783616e+00 3.905050083790194988e+09
4.011639461199922430e+00 4.162359100357629299e+09
4.051755855811920881e+00 4.349685732440284729e+09
4.092273414370040108e+00 4.295492829651860237e+09
4.133196148513740731e+00 4.299398524073727608e+09
4.174528109998877135e+00 4.569197724978554726e+09
4.216273391098866341e+00 4.591929865784354210e+09
4.258436125009854578e+00 4.519687180372344017e+09
4.301020486259953479e+00 2.838537890761984348e+09
4.344030691122553023e+00 3.297158175930628300e+09
4.387470998033777825e+00 4.332298590796041489e+09
4.431345708014116092e+00 4.317865542322654724e+09
4.475659165094256764e+00 4.067208119335582256e+09
4.520415756745198799e+00 4.042863216493653774e+09
4.565619914312651240e+00 4.151326747570804119e+09
4.611276113455778258e+00 4.266940404424246788e+09
4.657388874590335348e+00 4.363406321781955719e+09
4.703962763336238417e+00 4.409422108503417015e+09
4.751002390969600420e+00 4.389568444213887215e+09
4.798512414879296806e+00 4.223429756673750877e+09
4.846497539028090884e+00 4.227371076423520088e+09
4.894962514418371491e+00 4.135154391379543781e+09
4.943912139562555375e+00 3.771545059314733505e+09
4.993351260958180937e+00 3.768100894290646076e+09
5.043284773567762613e+00 3.482997082620450974e+09
5.093717621303440524e+00 3.355078208615207672e+09
5.144654797516475142e+00 2.948995879814506531e+09
5.196101345491639378e+00 2.752041874882491112e+09
5.248062358946555150e+00 2.832882207921977997e+09
5.300542982536021519e+00 2.488559856136500835e+09
5.353548412361381459e+00 2.312388541086508751e+09
5.407083896484995655e+00 2.013738070373783350e+09
5.461154735449845532e+00 2.005095013417481661e+09
5.515766282804344556e+00 1.964439702028800964e+09
5.570923945632387131e+00 1.645641662787821054e+09
5.626633185088711464e+00 1.580362816139484406e+09
5.682899516939598605e+00 1.582964403537925243e+09
5.739728512108993819e+00 1.482541053423293591e+09
5.797125797230084032e+00 1.457795912711023808e+09
5.855097055202384659e+00 1.209624751052942038e+09
5.913648025754409510e+00 1.399782358655696392e+09
5.972784506011953987e+00 1.360955732386749506e+09
6.032512351072073287e+00 1.294640873884326696e+09
6.092837474582792900e+00 1.297876299338901043e+09
6.153765849328621584e+00 1.330525251305464745e+09
6.215303507821907658e+00 1.354049138256270170e+09
6.277456542900125669e+00 1.418763034934471369e+09
6.340231108329128062e+00 1.321741495814142704e+09
6.403633419412418704e+00 1.066239698418226004e+09
6.467669753606543281e+00 8.842495907865962982e+08
6.532346451142608146e+00 9.874902467636034489e+08
6.597669915654034156e+00 9.567780517973753214e+08
6.663646614810574853e+00 1.077321936414472103e+09
6.730283080958680664e+00 1.083427578278101921e+09
6.797585911768267763e+00 9.510335745682879686e+08
6.865561770885950210e+00 9.799052195376195908e+08
6.934217388594810849e+00 1.037113010629129887e+09
7.003559562480758949e+00 9.654276272018795013e+08
7.073595158105566050e+00 8.550697457093973160e+08
7.144331109686621772e+00 7.745713144265402555e+08
7.215774420783487741e+00 7.086936632355548143e+08
7.287932164991324235e+00 6.395438776928158998e+08
7.360811486641236634e+00 5.898424633539788723e+08
7.434419601507648245e+00 5.792350290054075718e+08
7.508763797522725270e+00 6.171006870960018635e+08
7.583851435497953375e+00 6.631180566254018545e+08
7.659689949852931612e+00 6.139017796328462362e+08
7.736286849351461825e+00 4.791367500715186000e+08
7.813649717844977083e+00 5.197281519857396483e+08
7.891786215023426365e+00 5.521359017605862617e+08
7.970704077173661695e+00 5.948077497846435308e+08
8.050411117945397876e+00 5.871275786760116816e+08
8.130915229124850541e+00 6.046875202497518063e+08
8.212224381416099561e+00 5.937932268023011684e+08
8.294346625230261338e+00 6.082753140593831539e+08
8.377290091482562318e+00 6.178999236891769171e+08
8.461062992397387461e+00 6.489224742942376137e+08
8.545673622321363183e+00 6.688931159879513979e+08
8.631130358544575998e+00 7.104493098083597422e+08
8.717441662130022806e+00 7.242520589554857016e+08
8.804616078751321240e+00 7.377073034199993610e+08
8.892662239538834612e+00 7.552428539547798634e+08
8.981588861934222123e+00 7.587692486269822121e+08
9.071404750553567098e+00 8.162389894736469984e+08
9.162118798059102787e+00 8.421668382267589569e+08
9.253739986039693832e+00 8.510747988624995947e+08
9.346277385900089385e+00 8.743034289724103212e+08
9.439740159759089977e+00 8.549328824040790796e+08
9.534137561356683221e+00 9.077210782468670607e+08
9.629478936970249592e+00 8.801200098405148983e+08
9.725773726339950187e+00 9.000193408637371063e+08
9.823031463603349778e+00 9.033282451329181194e+08
9.921261778239381712e+00 8.733106328611980677e+08
1.002047439602177548e+01 8.962718393225896358e+08
1.012067913998199487e+01 8.301907193596754074e+08
1.022188593138181290e+01 8.282800078425530195e+08
1.032410479069563181e+01 7.093964571275171041e+08
1.042734583860258724e+01 6.168367956592943668e+08
1.053161929698861421e+01 6.863734072612679005e+08
1.063693548995849980e+01 7.115546600347813368e+08
1.074330484485808412e+01 6.494228187752567530e+08
1.085073789330666472e+01 6.908889014056450129e+08
1.095924527223973222e+01 6.149444628847000599e+08
1.106883772496212970e+01 6.573101896300162077e+08
1.117952610221174936e+01 6.769621525038050413e+08
1.129132136323386781e+01 6.433211877562357187e+08
1.140423457686620701e+01 6.675346442642393112e+08
1.151827692263487002e+01 6.155262979252730608e+08
1.163345969186121920e+01 5.922773473984067440e+08
1.174979428877982990e+01 4.984910001793981194e+08
1.186729223166762992e+01 5.513742711053618193e+08
1.198596515398430462e+01 5.460192430828095675e+08
1.210582480552414708e+01 5.031908590428494811e+08
1.222688305357938887e+01 4.936104867164303064e+08
1.234915188411518194e+01 4.538535809444640875e+08
1.247264340295633467e+01 4.169836366404404640e+08
1.259736983698589619e+01 4.066102727779836059e+08
1.272334353535575424e+01 4.127020375253350139e+08
1.285057697070931226e+01 4.031714327283821106e+08
1.297908274041640553e+01 3.756770984441903830e+08
1.310887356782057012e+01 3.833173022091701627e+08
1.323996230349877479e+01 3.344923129704090953e+08
1.337236192653376321e+01 3.290902325348367691e+08
1.350608554579910248e+01 3.027078491158703566e+08
1.364114640125709244e+01 3.112443794367069602e+08
1.377755786526966197e+01 3.014642358435945511e+08
1.391533344392236238e+01 2.962325259029390216e+08
1.405448677836158211e+01 2.730375394085655808e+08
1.419503164614519974e+01 2.442759327233635187e+08
1.433698196260665192e+01 2.488011919891703427e+08
1.448035178223271835e+01 2.136757454076074064e+08
1.462515530005504516e+01 2.405995855519433022e+08
1.477140685305559664e+01 2.319312440526066124e+08
1.491912092158615089e+01 1.987009468284361064e+08
1.506831213080201159e+01 2.093663665612408519e+08
1.521899525211003024e+01 2.071315062070536911e+08
1.537118520463113214e+01 1.903808693007495999e+08
1.552489705667744246e+01 1.737080290980851352e+08
1.568014602724421813e+01 1.620555102576613128e+08
1.583694748751665848e+01 1.673726330310454965e+08
1.599531696239182388e+01 1.574217518911895752e+08
1.615527013201574391e+01 1.528222509758941233e+08
1.631682283333590178e+01 1.490034975498476923e+08
1.647999106166925998e+01 1.395694772695518434e+08
1.664479097228595350e+01 1.269231878888008296e+08
1.681123888200881211e+01 1.381342742239947617e+08
1.697935127082889650e+01 1.311039704905027002e+08
1.714914478353718863e+01 1.116976631087293625e+08
1.732063623137256059e+01 1.111859412249666601e+08
1.749384259368628847e+01 1.119443283545416445e+08
1.766878101962314673e+01 1.072417637900943309e+08
1.784546882981938509e+01 1.067676202721895278e+08
1.802392351811757720e+01 1.025458834282001108e+08
1.820416275329875333e+01 9.221924071755325794e+07
1.838620438083173880e+01 9.454914696451462805e+07
1.857006642464005353e+01 7.993355391020894051e+07
1.875576708888645427e+01 8.793283211317533255e+07
1.894332475977532226e+01 8.357395741136591136e+07
1.913275800737307719e+01 8.585944451154799759e+07
1.969740769490774923e+01 6.707774649568848312e+07
2.068227807965313403e+01 5.646484999891184270e+07
2.171639198363579126e+01 4.613905778380469233e+07
2.280221158281758420e+01 4.095543527613803744e+07
2.394232216195846163e+01 3.395531797293496877e+07
2.513943827005638454e+01 2.759982386942727119e+07
2.639641018355920465e+01 2.342187579053254053e+07
2.771623069273716311e+01 2.006858566735139489e+07
2.910204222737402446e+01 1.607270176142296381e+07
3.055714433874272729e+01 1.293157361527985707e+07
3.208500155567985956e+01 1.178708969497399777e+07
3.368925163346385432e+01 9.349218306146202609e+06
3.537371421513704206e+01 7.240011021040463820e+06
3.714239992589390482e+01 6.521389650013665669e+06
3.899951992218858976e+01 5.447375367251771502e+06
4.094949591829801960e+01 4.430417713576581329e+06
4.299697071421292094e+01 3.628310728454523254e+06
4.514681924992356699e+01 3.007466856652409304e+06
4.740416021241974676e+01 2.495645157686918508e+06
4.977436822304073161e+01 2.046685249544959981e+06
5.226308663419276712e+01 1.768489503242112463e+06
5.487624096590241152e+01 1.466921164300787728e+06
5.762005301419753067e+01 1.169545660184829030e+06
6.050105566490740472e+01 1.038381200273364666e+06
6.352610844815276891e+01 8.013281625906836707e+05
6.670241387056040594e+01 6.820704273425881984e+05
7.003753456408843192e+01 5.882658226244876860e+05
7.353941129229284002e+01 4.641974903045656392e+05
7.721638185690748912e+01 3.873393639646930387e+05
8.107720094975286429e+01 3.206277207895423053e+05
8.513106099724051035e+01 2.734281490983107942e+05
8.938761404710253089e+01 2.504116015790145611e+05
9.385699474945765530e+01 1.829685949584005866e+05
