3.401114059005487245e-01 2.561912909594417095e+09
3.435125199595542300e-01 1.779232356379200935e+09
3.469476451591497201e-01 1.787069224532975912e+09
3.504171216107412334e-01 2.397945181143469810e+09
3.539212928268486436e-01 3.442716852938441277e+09
3.574605057551171750e-01 3.366663286145894051e+09
3.610351108126682584e-01 3.051506244452463150e+09
3.646454619207949999e-01 3.832609815203392029e+09
3.682919165400029282e-01 3.713499955397248268e+09
3.719748357054029064e-01 6.520389086305227280e+09
3.756945840624569266e-01 6.273644255330170631e+09
3.794515299030815081e-01 4.711254732576647758e+09
3.832460452021123065e-01 7.503141661475900650e+09
3.870785056541334312e-01 7.482553117877149582e+09
3.909492907106748016e-01 6.392193397880142212e+09
3.948587836177815391e-01 4.975953356981093407e+09
3.988073714539593917e-01 7.516355388262358665e+09
4.027954451684989667e-01 9.233858334474761963e+09
4.068233996201839342e-01 9.138193065600479126e+09
4.108916336163858096e-01 1.022596369305231094e+10
4.150005499525497021e-01 8.835540212964849472e+09
4.191505554520751908e-01 9.017170666313343048e+09
4.233420610065958822e-01 1.602425668698660660e+10
4.275754816166618122e-01 1.065886918574908257e+10
4.318512364328284114e-01 1.260865736700894165e+10
4.361697487971567533e-01 1.440956617974438858e+10
4.405314462851282475e-01 1.609248576829788589e+10
4.449367607479796094e-01 1.833228338142844009e+10
4.493861283554593800e-01 2.083213244250484467e+10
4.538799896390139921e-01 2.240096848376645279e+10
4.584187895354041031e-01 2.594538785044038773e+10
4.630029774307581336e-01 3.062287371819495773e+10
4.676330072050656761e-01 3.264225611339639282e+10
4.723093372771162701e-01 3.213741451407758713e+10
4.770324306498874289e-01 3.948393175275733185e+10
4.818027549563863032e-01 4.476351966825461578e+10
4.866207825059500891e-01 4.515444798031962585e+10
4.914869903310095656e-01 4.008352369625933838e+10
4.964018602343197584e-01 5.265953745632552338e+10
5.013658788366629482e-01 6.032338605265333557e+10
5.063795376250295188e-01 5.417521123876715088e+10
5.114433330012797541e-01 4.877901562236500549e+10
5.165577663312926893e-01 6.741232508221209717e+10
5.217233439946056262e-01 7.071552821390202332e+10
5.269405774345515825e-01 7.454264117388940430e+10
5.322099832088971194e-01 7.546312035104121399e+10
5.375320830409860973e-01 8.456978900142330933e+10
5.429074038713960215e-01 9.410109534628054810e+10
5.483364779101099762e-01 1.176689533590825043e+11
5.538198426892112503e-01 1.142879542103976440e+11
5.593580411161032107e-01 1.353465425405402679e+11
5.649516215272641917e-01 1.642641868237210388e+11
5.706011377425368458e-01 1.605346122579413757e+11
5.763071491199621699e-01 1.599462052364879150e+11
5.820702206111618704e-01 1.576233958188936462e+11
5.878909228172733981e-01 2.185563939988329468e+11
5.937698320454461998e-01 2.527313156684411926e+11
5.997075303659007428e-01 2.397474994183469238e+11
6.057046056695597480e-01 2.101569400065053406e+11
6.117616517262552955e-01 1.858218688234971924e+11
6.178792682435179096e-01 2.844224356054904785e+11
6.240580609259530620e-01 3.420890484647692871e+11
6.302986415352126448e-01 2.920275569399108887e+11
6.366016279505647413e-01 2.504456314803392944e+11
6.429676442300703565e-01 2.374877820245006409e+11
6.493973206723711034e-01 2.361358384617154236e+11
6.558912938790947278e-01 2.536129264921017456e+11
6.624502068178856895e-01 3.113339322115143433e+11
6.690747088860645730e-01 3.657791561143312378e+11
6.757654559749252110e-01 3.834548790942523193e+11
6.825231105346745153e-01 3.618514310119690552e+11
6.893483416400212338e-01 3.261329396313045654e+11
6.962418250564214039e-01 2.852176513640932617e+11
7.032042433069857212e-01 2.829577592872808228e+11
7.102362857400554841e-01 3.901603276172756958e+11
7.173386485974559967e-01 4.254423083818187866e+11
7.245120350834306500e-01 3.837205378226380615e+11
7.317571554342650053e-01 3.218891080236724243e+11
7.390747269886076554e-01 2.863211589742088623e+11
7.464654742584937441e-01 2.782042310873685913e+11
7.539301290010786971e-01 2.789364408790670166e+11
7.614694302910893775e-01 3.392844146052639160e+11
7.690841245940003290e-01 4.141022437095460815e+11
7.767749658399403234e-01 4.241680959738688965e+11
7.845427154983398710e-01 4.245783124352092285e+11
7.923881426533231354e-01 4.197088357885014038e+11
8.003120240798563545e-01 3.992929214880522461e+11
8.083151443206548770e-01 3.680680113601848145e+11
8.163982957638614701e-01 3.471207595734781494e+11
8.245622787215000082e-01 3.937607687063404541e+11
8.328079015087149761e-01 4.227219358989263306e+11
8.411359805238021181e-01 4.428887476305704956e+11
8.495473403290402237e-01 5.270734540274970093e+11
8.580428137323306004e-01 4.857985589091039429e+11
8.666232418696537820e-01 4.457690254594697266e+11
8.752894742883503554e-01 4.218379002019115601e+11
8.840423690312340099e-01 4.377231821849581909e+11
8.928827927215462479e-01 4.947123048245089111e+11
9.018116206487618580e-01 4.782493889067347412e+11
9.108297368552494833e-01 4.561547003811600952e+11
9.199380342238018260e-01 4.476716703554825439e+11
9.291374145660399320e-01 4.681136856737763062e+11
9.384287887117003235e-01 4.721076660873447876e+11
9.478130765988174167e-01 4.695916063878621216e+11
9.572912073648053299e-01 4.682007430294664307e+11
9.668641194384535176e-01 4.692154681708607178e+11
9.765327606328380039e-01 5.066501318110039673e+11
9.862980882391664261e-01 5.255805553888748779e+11
9.961610691215579960e-01 5.397194178521588135e+11
1.006122679812773590e+00 5.370048172697238159e+11
1.016183906610901300e+00 5.307502022384844360e+11
1.026345745677010202e+00 5.322908036763122559e+11
1.036609203133780355e+00 5.273254304359223633e+11
1.046975295165118336e+00 5.262509423017606812e+11
1.057445048116769204e+00 5.314701446361682129e+11
1.068019498597936989e+00 5.342973678053488159e+11
1.078699693583916597e+00 5.380594284408137817e+11
1.089486690519755552e+00 5.491619361487815552e+11
1.100381557424953138e+00 5.677577635332071533e+11
1.111385372999202481e+00 5.801847590220725098e+11
1.122499226729194666e+00 5.806773339187124023e+11
1.133724218996486455e+00 5.838407767898222656e+11
1.145061461186451135e+00 5.848042956285590820e+11
1.156512075798315831e+00 5.875257820880391846e+11
1.168077196556299047e+00 5.910607809113248291e+11
1.179757968521861988e+00 5.972907705765827637e+11
1.191555548207080761e+00 5.987045791165930176e+11
1.203471103689151889e+00 5.998551991623002930e+11
1.215505814726043354e+00 5.981012354918851318e+11
1.227660872873303610e+00 5.966074377558072510e+11
1.239937481602036762e+00 6.020507813672387695e+11
1.252336856418057032e+00 6.042246919103408203e+11
1.264860224982237824e+00 6.034412252134677734e+11
1.277508827232060051e+00 6.012743113803300781e+11
1.290283915504380818e+00 6.029851952829439697e+11
1.303186754659424462e+00 6.034777696944707031e+11
1.316218622206019040e+00 6.056946807079270020e+11
1.329380808428079153e+00 6.278797059509393311e+11
1.342674616512359975e+00 6.644145626419501953e+11
1.356101362677483380e+00 6.699596596656511230e+11
1.369662376304258355e+00 6.646997072707923584e+11
1.383359000067300837e+00 6.620758930133867188e+11
1.397192590067974027e+00 6.690413153857061768e+11
1.411164515968653665e+00 6.735506355594555664e+11
1.425276161128340213e+00 6.758941658019526367e+11
1.439528922739623740e+00 6.705958299206088867e+11
1.453924211967019708e+00 6.635412283167664795e+11
1.468463454086690101e+00 6.623134306751087646e+11
1.483148088627556760e+00 6.558353703310562744e+11
1.497979569513832487e+00 6.483169690237774658e+11
1.512959365208970564e+00 6.398901455995878906e+11
1.528088958861060442e+00 6.314016842705828857e+11
1.543369848449671178e+00 6.241541757505345459e+11
1.558803546934167894e+00 6.148465384428529053e+11
1.574391582403509737e+00 6.042926182904194336e+11
1.590135498227544852e+00 5.950466054019136963e+11
1.606036853209820148e+00 5.862156902814674072e+11
1.622097221741918505e+00 5.766268320955162354e+11
1.638318193959337421e+00 5.674229227501457520e+11
1.654701375898931071e+00 5.589195796277271729e+11
1.671248389657920441e+00 5.501017420836586914e+11
1.687960873554499530e+00 5.447523775582200928e+11
1.704840482290044701e+00 5.445705790647918701e+11
1.721888887112944966e+00 5.489443502740488281e+11
1.739107775984074289e+00 5.490737656220995483e+11
1.756498853743915012e+00 5.504085041022077637e+11
1.774063842281354608e+00 5.533896130363255615e+11
1.791804480704168201e+00 5.522897009765684814e+11
1.809722525511209934e+00 5.512286445788209229e+11
1.827819750766321860e+00 5.441654830583486328e+11
1.846097948273984990e+00 5.440003141002766113e+11
1.864558927756724938e+00 5.425304890592760620e+11
1.883204517034292147e+00 5.278069197034284668e+11
1.902036562204635128e+00 5.165535110705148926e+11
1.921056927826681582e+00 5.076458832127510376e+11
1.940267497104948502e+00 4.998979224824866333e+11
1.959670172075998140e+00 4.920577980537680664e+11
1.979266873796758031e+00 4.863993156813303223e+11
1.999059542534725509e+00 4.810923134259445190e+11
2.019050137960073155e+00 4.733484074855390015e+11
2.039240639339673589e+00 4.637176495348696289e+11
2.059633045733070489e+00 4.534567089301299438e+11
2.080229376190401158e+00 4.431703612602071533e+11
2.101031669952305059e+00 4.312189565394810791e+11
2.122041986651828083e+00 4.205409557773542480e+11
2.143262406518346097e+00 4.097122110231038208e+11
2.164695030583529967e+00 3.987456107574182739e+11
2.186341980889365377e+00 3.897201907982255249e+11
2.208205400698258991e+00 3.804282918090329590e+11
2.230287454705241146e+00 3.717858083627899170e+11
2.252590329252293522e+00 3.638672336715321045e+11
2.275116232544817318e+00 3.565113992360854492e+11
2.297867394870265034e+00 3.566424707097805786e+11
2.320846068818967822e+00 3.531716598730604858e+11
2.344054529507157536e+00 3.477241983900998535e+11
2.367495074802228761e+00 3.425122889844257812e+11
2.391170025550251044e+00 3.394823266384910889e+11
2.415081725805753532e+00 3.377917895170701904e+11
2.439232543063811764e+00 3.348952357303628540e+11
2.463624868494449949e+00 3.322788303541412964e+11
2.488261117179394244e+00 3.275147381487891235e+11
2.513143728351188155e+00 3.241213024969932861e+11
2.538275165634700237e+00 3.185444532967805176e+11
2.563657917291046751e+00 3.116897572171862793e+11
2.589294496463957262e+00 3.040353563213693848e+11
2.615187441428596937e+00 2.944607374226992798e+11
2.641339315842882840e+00 2.863830369688025513e+11
2.667752709001311562e+00 2.788436336037400513e+11
2.694430236091324815e+00 2.746897110998427734e+11
2.721374538452237868e+00 2.703935885768481140e+11
2.748588283836760127e+00 2.661742900589923401e+11
2.776074166675128296e+00 2.610591415585667725e+11
2.803834908341879206e+00 2.544147306652191772e+11
2.831873257425297830e+00 2.496866372047841187e+11
2.860191989999551154e+00 2.433073292529396973e+11
2.888793909899546541e+00 2.359311621292399597e+11
2.917681848998542549e+00 2.326558869795001831e+11
2.946858667488527761e+00 2.255690473676670837e+11
2.976327254163412928e+00 2.205615773095556030e+11
3.006090526705047061e+00 2.135332220367526245e+11
3.036151431972097470e+00 2.090809233237317810e+11
3.066512946291818587e+00 2.016576750091191406e+11
3.097178075754736692e+00 1.966970676916221313e+11
3.128149856512283833e+00 1.907343384840675354e+11
3.159431355077406689e+00 1.847674133405927429e+11
3.191025668628181045e+00 1.793116917578574219e+11
3.222935925314462935e+00 1.732261101300013428e+11
3.255165284567607564e+00 1.677822691360365295e+11
3.287716937413283524e+00 1.624163946410622559e+11
3.320594106787416067e+00 1.571154742311557312e+11
3.353800047855290511e+00 1.524076833653395996e+11
3.387338048333843332e+00 1.475249427754046631e+11
3.421211428817182210e+00 1.428896968149653320e+11
3.455423543105353712e+00 1.382978148713407593e+11
3.489977778536407005e+00 1.341695965745474091e+11
3.524877556321771355e+00 1.301146310458631439e+11
3.560126331884988726e+00 1.260418672347126617e+11
3.595727595203838334e+00 1.220400534531625824e+11
3.631684871155877570e+00 1.183892789760548706e+11
3.668001719867436616e+00 1.148146149504835663e+11
3.704681737066110259e+00 1.110980552529944000e+11
3.741728554436771326e+00 1.075327617666931305e+11
3.779145839981139510e+00 1.041306166351793671e+11
3.816937298380950860e+00 1.010563286379809418e+11
3.855106671364760818e+00 9.789386780944094849e+10
3.893657738078407426e+00 9.495424328724317932e+10
3.932594315459191581e+00 9.223396687929795837e+10
3.971920258613783616e+00 8.984351069093778992e+10
4.011639461199922430e+00 8.743652428105589294e+10
4.051755855811920881e+00 8.520407842424945068e+10
4.092273414370040108e+00 8.328690210004605103e+10
4.133196148513740731e+00 8.084451390751606750e+10
4.174528109998877135e+00 7.871299935088836670e+10
4.216273391098866341e+00 7.653441072773860168e+10
4.258436125009854578e+00 7.469140239250120544e+10
4.301020486259953479e+00 7.313374777274896240e+10
4.344030691122553023e+00 7.128713360447140503e+10
4.387470998033777825e+00 6.939679233629635620e+10
4.431345708014116092e+00 6.779665914989048767e+10
4.475659165094256764e+00 6.589478485277990723e+10
4.520415756745198799e+00 6.408303913426351166e+10
4.565619914312651240e+00 6.225729410824120331e+10
4.611276113455778258e+00 6.050731560222698975e+10
4.657388874590335348e+00 5.865566113576123810e+10
4.703962763336238417e+00 5.681764447781764221e+10
4.751002390969600420e+00 5.496521731195102692e+10
4.798512414879296806e+00 5.336447697497176361e+10
4.846497539028090884e+00 5.161725459825289154e+10
4.894962514418371491e+00 5.001104564165732574e+10
4.943912139562555375e+00 4.845722410938934326e+10
4.993351260958180937e+00 4.691518679594427490e+10
5.043284773567762613e+00 4.570045850449367523e+10
5.093717621303440524e+00 4.414027150409211731e+10
5.144654797516475142e+00 4.293742152744936371e+10
5.196101345491639378e+00 4.154231171815899658e+10
5.248062358946555150e+00 4.024607965110312653e+10
5.300542982536021519e+00 3.905048431010774994e+10
5.353548412361381459e+00 3.778644974173980713e+10
5.407083896484995655e+00 3.661762918811420441e+10
5.461154735449845532e+00 3.533849020096221924e+10
5.515766282804344556e+00 3.411274275420658493e+10
5.570923945632387131e+00 3.297149823490687180e+10
5.626633185088711464e+00 3.182281719830757141e+10
5.682899516939598605e+00 3.079184030168083954e+10
5.739728512108993819e+00 2.973996876200416183e+10
5.797125797230084032e+00 2.868731389805385208e+10
5.855097055202384659e+00 2.778812281393114471e+10
5.913648025754409510e+00 2.678450009831029510e+10
5.972784506011953987e+00 2.585945427057095337e+10
6.032512351072073287e+00 2.502510273046438217e+10
6.092837474582792900e+00 2.405102115751149750e+10
6.153765849328621584e+00 2.318277796031529617e+10
6.215303507821907658e+00 2.237339921925428009e+10
6.277456542900125669e+00 2.164391175312748718e+10
6.340231108329128062e+00 2.094008942995023727e+10
6.403633419412418704e+00 2.034122703702087021e+10
6.467669753606543281e+00 1.993794281715388870e+10
6.532346451142608146e+00 1.940858635570392609e+10
6.597669915654034156e+00 1.901538074379213715e+10
6.663646614810574853e+00 1.849272890135177612e+10
6.730283080958680664e+00 1.769289704639465332e+10
6.797585911768267763e+00 1.722373230376530457e+10
6.865561770885950210e+00 1.656933077097503662e+10
6.934217388594810849e+00 1.600997904374122047e+10
7.003559562480758949e+00 1.539158994882238388e+10
7.073595158105566050e+00 1.490889675320858765e+10
7.144331109686621772e+00 1.436982082195008469e+10
7.215774420783487741e+00 1.383835295706474113e+10
7.287932164991324235e+00 1.337078704831412315e+10
7.360811486641236634e+00 1.291277924800902748e+10
7.434419601507648245e+00 1.244906286228882790e+10
7.508763797522725270e+00 1.202593280929009628e+10
7.583851435497953375e+00 1.161003090854697037e+10
7.659689949852931612e+00 1.120950132086598396e+10
7.736286849351461825e+00 1.082522716832674026e+10
7.813649717844977083e+00 1.037711190929707718e+10
7.891786215023426365e+00 1.013113723652828979e+10
7.970704077173661695e+00 9.743606074030246735e+09
8.050411117945397876e+00 9.409930060250427246e+09
8.130915229124850541e+00 9.090238950064184189e+09
8.212224381416099561e+00 8.773771583344646454e+09
8.294346625230261338e+00 8.490596052366640091e+09
8.377290091482562318e+00 8.186994903240927696e+09
8.461062992397387461e+00 7.902112851963465691e+09
8.545673622321363183e+00 7.616312013382217407e+09
8.631130358544575998e+00 7.320984003927899361e+09
8.717441662130022806e+00 7.074507513128830910e+09
8.804616078751321240e+00 6.805417302935972214e+09
8.892662239538834612e+00 6.536533883004438400e+09
8.981588861934222123e+00 6.311756911319584846e+09
9.071404750553567098e+00 6.059208607258508682e+09
9.162118798059102787e+00 5.843231471785985947e+09
9.253739986039693832e+00 5.643303318338537216e+09
9.346277385900089385e+00 5.427270664625429153e+09
9.439740159759089977e+00 5.237469202954421997e+09
9.534137561356683221e+00 5.029615555335401535e+09
9.629478936970249592e+00 4.869448085008453369e+09
9.725773726339950187e+00 4.683268725710443497e+09
9.823031463603349778e+00 4.514387962607144356e+09
9.921261778239381712e+00 4.368985418857416153e+09
1.002047439602177548e+01 4.200302319897755623e+09
1.012067913998199487e+01 4.060763686749303818e+09
1.022188593138181290e+01 3.903306310756372452e+09
1.032410479069563181e+01 3.781937639360754013e+09
1.042734583860258724e+01 3.644072225441382885e+09
1.053161929698861421e+01 3.518015709901216507e+09
1.063693548995849980e+01 3.395685868700359344e+09
1.074330484485808412e+01 3.280474780524397373e+09
1.085073789330666472e+01 3.153501047565667152e+09
1.095924527223973222e+01 3.058903394205929756e+09
1.106883772496212970e+01 2.948906652957537651e+09
1.117952610221174936e+01 2.848710827802643299e+09
1.129132136323386781e+01 2.743924296155544281e+09
1.140423457686620701e+01 2.646358171296308041e+09
1.151827692263487002e+01 2.557485299216663837e+09
1.163345969186121920e+01 2.459759049709088326e+09
1.174979428877982990e+01 2.384172851868861198e+09
1.186729223166762992e+01 2.292728195466073036e+09
1.198596515398430462e+01 2.205095261717484474e+09
1.210582480552414708e+01 2.133170398866288185e+09
1.222688305357938887e+01 2.049862041726565361e+09
1.234915188411518194e+01 1.975535064739328384e+09
1.247264340295633467e+01 1.916219500530004501e+09
1.259736983698589619e+01 1.839257021610718966e+09
1.272334353535575424e+01 1.774929284170746088e+09
1.285057697070931226e+01 1.708754876731046438e+09
1.297908274041640553e+01 1.652356818204500198e+09
1.310887356782057012e+01 1.585299454578835011e+09
1.323996230349877479e+01 1.528660252479224682e+09
1.337236192653376321e+01 1.473130175296041727e+09
1.350608554579910248e+01 1.425581567847741842e+09
1.364114640125709244e+01 1.367137565734222412e+09
1.377755786526966197e+01 1.321764304251214981e+09
1.391533344392236238e+01 1.269064535944306850e+09
1.405448677836158211e+01 1.221115071285575628e+09
1.419503164614519974e+01 1.187505324669283390e+09
1.433698196260665192e+01 1.134999201155352831e+09
1.448035178223271835e+01 1.097750719994133234e+09
1.462515530005504516e+01 1.058318672150993347e+09
1.477140685305559664e+01 1.012714110107852936e+09
1.491912092158615089e+01 9.811960268894455433e+08
1.506831213080201159e+01 9.395286802931724787e+08
1.521899525211003024e+01 9.060278492246932983e+08
1.537118520463113214e+01 8.771073414889627695e+08
1.552489705667744246e+01 8.425009460378901958e+08
1.568014602724421813e+01 8.102544780310660601e+08
1.583694748751665848e+01 7.803235681227329969e+08
1.599531696239182388e+01 7.527475309700484276e+08
1.615527013201574391e+01 7.290928021342340708e+08
1.631682283333590178e+01 6.938468631855778694e+08
1.647999106166925998e+01 6.722114215561413765e+08
1.664479097228595350e+01 6.476684730776392221e+08
1.681123888200881211e+01 6.227691473943675756e+08
1.697935127082889650e+01 5.974053480715807676e+08
1.714914478353718863e+01 5.778274558992229700e+08
1.732063623137256059e+01 5.590426132571898699e+08
1.749384259368628847e+01 5.323208012653710842e+08
1.766878101962314673e+01 5.170522682400811315e+08
1.784546882981938509e+01 4.939850242747015953e+08
1.802392351811757720e+01 4.765422969193693399e+08
1.820416275329875333e+01 4.591374228581532240e+08
1.838620438083173880e+01 4.425665335508719683e+08
1.857006642464005353e+01 4.272047406577994227e+08
1.875576708888645427e+01 4.098681213898989558e+08
1.894332475977532226e+01 3.934799403448781967e+08
1.913275800737307719e+01 3.794080692144223452e+08
1.969740769490774923e+01 3.393219126007328033e+08
2.068227807965313403e+01 2.811671850779557228e+08
2.171639198363579126e+01 2.328717749972600341e+08
2.280221158281758420e+01 1.925260885208262205e+08
2.394232216195846163e+01 1.594948969322161078e+08
2.513943827005638454e+01 1.317083701474299878e+08
2.639641018355920465e+01 1.091545693738961071e+08
2.771623069273716311e+01 9.048311730395618081e+07
2.910204222737402446e+01 7.481220248765060306e+07
3.055714433874272729e+01 6.204953436948642135e+07
3.208500155567985956e+01 5.129496993782052398e+07
3.368925163346385432e+01 4.256036638565076143e+07
3.537371421513704206e+01 3.516062817152865976e+07
3.714239992589390482e+01 2.906320050327395275e+07
3.899951992218858976e+01 2.386447541237296537e+07
4.094949591829801960e+01 1.970563996194224060e+07
4.299697071421292094e+01 1.619715765322970599e+07
4.514681924992356699e+01 1.331909945728680305e+07
4.740416021241974676e+01 1.097210200129047967e+07
4.977436822304073161e+01 9.042750923922395334e+06
5.226308663419276712e+01 7.460807716709462926e+06
5.487624096590241152e+01 6.132698722633720376e+06
5.762005301419753067e+01 5.063045854731534608e+06
6.050105566490740472e+01 4.167048304608521517e+06
6.352610844815276891e+01 3.413685726528045256e+06
6.670241387056040594e+01 2.819971170132765081e+06
7.003753456408843192e+01 2.316822267792461440e+06
7.353941129229284002e+01 1.911904746744424570e+06
7.721638185690748912e+01 1.568695296309022000e+06
8.107720094975286429e+01 1.295651570391600486e+06
8.513106099724051035e+01 1.068338791460261913e+06
8.938761404710253089e+01 8.735284475860482780e+05
9.385699474945765530e+01 7.189486414773996221e+05
