3.401114059005487245e-01 3.608099198968260956e+10
3.435125199595542300e-01 2.826572985520922089e+10
3.469476451591497201e-01 3.672653697977092743e+10
3.504171216107412334e-01 4.481290599023465729e+10
3.539212928268486436e-01 4.750766728096307373e+10
3.574605057551171750e-01 4.778282311376248169e+10
3.610351108126682584e-01 4.914034903453349304e+10
3.646454619207949999e-01 4.853308957325786591e+10
3.682919165400029282e-01 4.372858964124716949e+10
3.719748357054029064e-01 4.769676129265571594e+10
3.756945840624569266e-01 5.802035734183733368e+10
3.794515299030815081e-01 7.238949278228886414e+10
3.832460452021123065e-01 7.511307034254698181e+10
3.870785056541334312e-01 8.828897122035804749e+10
3.909492907106748016e-01 8.839009136072727966e+10
3.948587836177815391e-01 8.094745513858486938e+10
3.988073714539593917e-01 6.308270644345614624e+10
4.027954451684989667e-01 3.902556836376172638e+10
4.068233996201839342e-01 3.985876708704862213e+10
4.108916336163858096e-01 5.250828288801133728e+10
4.150005499525497021e-01 9.077039333779211426e+10
4.191505554520751908e-01 9.878630093623918152e+10
4.233420610065958822e-01 1.018428827945852051e+11
4.275754816166618122e-01 1.012914222722326508e+11
4.318512364328284114e-01 8.193269048298377991e+10
4.361697487971567533e-01 7.857049658693370056e+10
4.405314462851282475e-01 9.746891158611373901e+10
4.449367607479796094e-01 9.795419686348800659e+10
4.493861283554593800e-01 9.662053953488757324e+10
4.538799896390139921e-01 9.445116169615089417e+10
4.584187895354041031e-01 8.255795354391928101e+10
4.630029774307581336e-01 7.183095975385543823e+10
4.676330072050656761e-01 6.119753765600090790e+10
4.723093372771162701e-01 4.603533401296265411e+10
4.770324306498874289e-01 3.023670536341085052e+10
4.818027549563863032e-01 1.857562900079390717e+10
4.866207825059500891e-01 8.980345401483867645e+09
4.914869903310095656e-01 8.901334575351882935e+09
4.964018602343197584e-01 6.591150112336750984e+09
5.013658788366629482e-01 4.422429470528822899e+09
5.063795376250295188e-01 3.302087567665058613e+09
5.114433330012797541e-01 2.822476801786309242e+09
5.165577663312926893e-01 2.373511188679020882e+09
5.217233439946056262e-01 2.033154488557908058e+09
5.269405774345515825e-01 1.717483235398522139e+09
5.322099832088971194e-01 1.463610565096850634e+09
5.375320830409860973e-01 1.259708074492014170e+09
5.429074038713960215e-01 1.065904597687316418e+09
5.483364779101099762e-01 9.100516540218579769e+08
5.538198426892112503e-01 7.729749618276857138e+08
5.593580411161032107e-01 6.460505593474332094e+08
5.649516215272641917e-01 5.403439371154127121e+08
5.706011377425368458e-01 4.418754153464452624e+08
5.763071491199621699e-01 3.519322675905179381e+08
5.820702206111618704e-01 2.686960120187607408e+08
5.878909228172733981e-01 1.447137407611879110e+08
5.937698320454461998e-01 2.023260627081120610e+08
5.997075303659007428e-01 2.707561999745199084e+08
6.057046056695597480e-01 3.313179268805888295e+08
6.117616517262552955e-01 3.860640504583736062e+08
6.178792682435179096e-01 4.385965616513440609e+08
6.240580609259530620e-01 4.906601550322486758e+08
6.302986415352126448e-01 5.426963880255281925e+08
6.366016279505647413e-01 5.926633504919408560e+08
6.429676442300703565e-01 6.409749594395432472e+08
6.493973206723711034e-01 6.794185432627456188e+08
6.558912938790947278e-01 6.074730674426764250e+08
6.624502068178856895e-01 7.793114261823070049e+08
6.690747088860645730e-01 8.505853966109712124e+08
6.757654559749252110e-01 8.985527400902795792e+08
6.825231105346745153e-01 9.086473644434342384e+08
6.893483416400212338e-01 8.309092297814385891e+08
6.962418250564214039e-01 7.248290857398710251e+08
7.032042433069857212e-01 6.721532479154276848e+08
7.102362857400554841e-01 6.372219359705507755e+08
7.173386485974559967e-01 5.717145028553221226e+08
7.245120350834306500e-01 5.129943745582505465e+08
7.317571554342650053e-01 4.430195535331549644e+08
7.390747269886076554e-01 3.773964622900813222e+08
7.464654742584937441e-01 3.139688216586959958e+08
7.539301290010786971e-01 2.449360298120311499e+08
7.614694302910893775e-01 1.549947185936845243e+08
7.690841245940003290e-01 4.328979129719035327e+07
7.767749658399403234e-01 1.645253073273852766e+08
7.845427154983398710e-01 2.563857922606327534e+08
7.923881426533231354e-01 3.439889998134298921e+08
8.003120240798563545e-01 4.378684450759727359e+08
8.083151443206548770e-01 5.222918098867354393e+08
8.163982957638614701e-01 6.101283580578806400e+08
8.245622787215000082e-01 7.297273681652917862e+08
8.328079015087149761e-01 8.597535691555422544e+08
8.411359805238021181e-01 9.974055065684283972e+08
8.495473403290402237e-01 1.192121906500641823e+09
8.580428137323306004e-01 1.416994090114016771e+09
8.666232418696537820e-01 1.665632702994086981e+09
8.752894742883503554e-01 1.917896986525044441e+09
8.840423690312340099e-01 2.122433883110213518e+09
8.928827927215462479e-01 2.020120265260659695e+09
9.018116206487618580e-01 2.282268733190836906e+09
9.108297368552494833e-01 2.814010037645638943e+09
9.199380342238018260e-01 3.002777237533495426e+09
9.291374145660399320e-01 2.280276982362903595e+09
9.384287887117003235e-01 2.408965113005860329e+09
9.478130765988174167e-01 2.763526449738905907e+09
9.572912073648053299e-01 2.910421139237939835e+09
9.668641194384535176e-01 3.296165280871936798e+09
9.765327606328380039e-01 3.670852435879572868e+09
9.862980882391664261e-01 4.243319809877268314e+09
9.961610691215579960e-01 5.035495154863556862e+09
1.006122679812773590e+00 5.987413246015281677e+09
1.016183906610901300e+00 7.379269806851536751e+09
1.026345745677010202e+00 8.722245491369029999e+09
1.036609203133780355e+00 1.015045563248571014e+10
1.046975295165118336e+00 1.125843380530467415e+10
1.057445048116769204e+00 1.222314048387700462e+10
1.068019498597936989e+00 1.272190394155980682e+10
1.078699693583916597e+00 1.306241732102414513e+10
1.089486690519755552e+00 1.055811805849266434e+10
1.100381557424953138e+00 6.994569171003520012e+09
1.111385372999202481e+00 5.373493374597536087e+09
1.122499226729194666e+00 5.015025131214055061e+09
1.133724218996486455e+00 4.753988479694024086e+09
1.145061461186451135e+00 5.161821170062338829e+09
1.156512075798315831e+00 4.061195439102238655e+09
1.168077196556299047e+00 4.850608118188835144e+09
1.179757968521861988e+00 5.248363281793904305e+09
1.191555548207080761e+00 7.903182470373965263e+09
1.203471103689151889e+00 1.083334361278531265e+10
1.215505814726043354e+00 1.413798132047871017e+10
1.227660872873303610e+00 1.750701735476535416e+10
1.239937481602036762e+00 2.024064406182846832e+10
1.252336856418057032e+00 2.284851063448032379e+10
1.264860224982237824e+00 2.381772377519510269e+10
1.277508827232060051e+00 2.229787390885824966e+10
1.290283915504380818e+00 2.003922335983544922e+10
1.303186754659424462e+00 1.800652824948587799e+10
1.316218622206019040e+00 1.559933189990523911e+10
1.329380808428079153e+00 9.516613434432497025e+09
1.342674616512359975e+00 4.303176897995040894e+09
1.356101362677483380e+00 2.943234474490678310e+09
1.369662376304258355e+00 3.259632352630602837e+09
1.383359000067300837e+00 3.192506472470962524e+09
1.397192590067974027e+00 3.049099950763926983e+09
1.411164515968653665e+00 3.272992500483614445e+09
1.425276161128340213e+00 3.502599769264187813e+09
1.439528922739623740e+00 4.213237855698901176e+09
1.453924211967019708e+00 6.030684920624299049e+09
1.468463454086690101e+00 6.726306347078381538e+09
1.483148088627556760e+00 7.933371754776095390e+09
1.497979569513832487e+00 9.592617349335624695e+09
1.512959365208970564e+00 1.161600678879701042e+10
1.528088958861060442e+00 1.407173811501558113e+10
1.543369848449671178e+00 1.687705005727057457e+10
1.558803546934167894e+00 1.847480696599727631e+10
1.574391582403509737e+00 2.102032202605126190e+10
1.590135498227544852e+00 2.134473800004619980e+10
1.606036853209820148e+00 1.579578864420850182e+10
1.622097221741918505e+00 1.022925763604818344e+10
1.638318193959337421e+00 9.995468778144731522e+09
1.654701375898931071e+00 1.124868160557225800e+10
1.671248389657920441e+00 7.675993347507759094e+09
1.687960873554499530e+00 8.919799009397211075e+09
1.704840482290044701e+00 8.336135415459872246e+09
1.721888887112944966e+00 9.530138588212764740e+09
1.739107775984074289e+00 8.699875423313304901e+09
1.756498853743915012e+00 9.546490531177089691e+09
1.774063842281354608e+00 8.459430433901662827e+09
1.791804480704168201e+00 7.782162194972536087e+09
1.809722525511209934e+00 7.991847828028043747e+09
1.827819750766321860e+00 8.449948299424528122e+09
1.846097948273984990e+00 8.219497840012532234e+09
1.864558927756724938e+00 7.621304770583394051e+09
1.883204517034292147e+00 1.017540403077843666e+10
1.902036562204635128e+00 1.143997157034373283e+10
1.921056927826681582e+00 1.170403510284581757e+10
1.940267497104948502e+00 1.048107426887863922e+10
1.959670172075998140e+00 1.114078415429290009e+10
1.979266873796758031e+00 1.224444738011781883e+10
1.999059542534725509e+00 1.339231689165341377e+10
2.019050137960073155e+00 1.557666268085405350e+10
2.039240639339673589e+00 1.795893912904574203e+10
2.059633045733070489e+00 2.003376111977988052e+10
2.080229376190401158e+00 2.080883074811534119e+10
2.101031669952305059e+00 2.058223362943501282e+10
2.122041986651828083e+00 1.882079450618068695e+10
2.143262406518346097e+00 1.635542519926194572e+10
2.164695030583529967e+00 1.306918218548121834e+10
2.186341980889365377e+00 9.280824112529762268e+09
2.208205400698258991e+00 4.211144271678046703e+09
2.230287454705241146e+00 4.845555368436451912e+09
2.252590329252293522e+00 3.363738536823236942e+09
2.275116232544817318e+00 2.871287542152503490e+09
2.297867394870265034e+00 2.704721730270663738e+09
2.320846068818967822e+00 2.977561580114527702e+09
2.344054529507157536e+00 2.291535275109631538e+09
2.367495074802228761e+00 2.812446914897795677e+09
2.391170025550251044e+00 3.085508157668771267e+09
2.415081725805753532e+00 4.172705177188169479e+09
2.439232543063811764e+00 4.409090588602653503e+09
2.463624868494449949e+00 5.361716917686800003e+09
2.488261117179394244e+00 6.277057249961271286e+09
2.513143728351188155e+00 6.536569254472344398e+09
2.538275165634700237e+00 6.565288142295581818e+09
2.563657917291046751e+00 6.135954050606927872e+09
2.589294496463957262e+00 5.917763699957170486e+09
2.615187441428596937e+00 6.869811075063743591e+09
2.641339315842882840e+00 8.213304764447496414e+09
2.667752709001311562e+00 7.218535078048132896e+09
2.694430236091324815e+00 7.010096625820444107e+09
2.721374538452237868e+00 7.930539795302583694e+09
2.748588283836760127e+00 8.543394959476571083e+09
2.776074166675128296e+00 7.725517642392512321e+09
2.803834908341879206e+00 8.573599473727147102e+09
2.831873257425297830e+00 8.503821564362758636e+09
2.860191989999551154e+00 8.568856521975033760e+09
2.888793909899546541e+00 9.450967177485473633e+09
2.917681848998542549e+00 8.945295483916059494e+09
2.946858667488527761e+00 9.901544882001218796e+09
2.976327254163412928e+00 9.811781357602182388e+09
3.006090526705047061e+00 9.664085645943773270e+09
3.036151431972097470e+00 8.245996146810812950e+09
3.066512946291818587e+00 6.064685888916663170e+09
3.097178075754736692e+00 4.351464587542836189e+09
3.128149856512283833e+00 3.251899287206171513e+09
3.159431355077406689e+00 2.554636988533404350e+09
3.191025668628181045e+00 2.238052719250256062e+09
3.222935925314462935e+00 2.260238117370862007e+09
3.255165284567607564e+00 2.506651584271765232e+09
3.287716937413283524e+00 3.054581330033003807e+09
3.320594106787416067e+00 1.520008639524122238e+09
3.353800047855290511e+00 1.898103071134301424e+09
3.387338048333843332e+00 2.724119221888777733e+09
3.421211428817182210e+00 2.579879172019145012e+09
3.455423543105353712e+00 2.515747073473745346e+09
3.489977778536407005e+00 2.689019890884658337e+09
3.524877556321771355e+00 3.024835318338031769e+09
3.560126331884988726e+00 3.182181609407909393e+09
3.595727595203838334e+00 3.716471685128863811e+09
3.631684871155877570e+00 4.232410725573688507e+09
3.668001719867436616e+00 5.227278068594563484e+09
3.704681737066110259e+00 6.072609715129426956e+09
3.741728554436771326e+00 6.821902767156925201e+09
3.779145839981139510e+00 7.186206422073656082e+09
3.816937298380950860e+00 8.349425421506518364e+09
3.855106671364760818e+00 8.655676914444236755e+09
3.893657738078407426e+00 9.235089120454584122e+09
3.932594315459191581e+00 9.867721639315925598e+09
3.971920258613783616e+00 1.006966923824498367e+10
4.011639461199922430e+00 1.005265510760042381e+10
4.051755855811920881e+00 9.915872768100238800e+09
4.092273414370040108e+00 9.422802828653589249e+09
4.133196148513740731e+00 9.298517691231693268e+09
4.174528109998877135e+00 9.305686612600646973e+09
4.216273391098866341e+00 8.337279934090872765e+09
4.258436125009854578e+00 7.331409733453965187e+09
4.301020486259953479e+00 5.420230907710717201e+09
4.344030691122553023e+00 5.589953391399697304e+09
4.387470998033777825e+00 6.409940707020893097e+09
4.431345708014116092e+00 6.336275034409721375e+09
4.475659165094256764e+00 6.123834260115433693e+09
4.520415756745198799e+00 6.019500216573160172e+09
4.565619914312651240e+00 5.886738593914464951e+09
4.611276113455778258e+00 6.083651798163981438e+09
4.657388874590335348e+00 6.498974635350683212e+09
4.703962763336238417e+00 6.301882931583782196e+09
4.751002390969600420e+00 6.092664679700416565e+09
4.798512414879296806e+00 6.093870987133721352e+09
4.846497539028090884e+00 6.075888005903557777e+09
4.894962514418371491e+00 6.069465173667615891e+09
4.943912139562555375e+00 5.931044318097082138e+09
4.993351260958180937e+00 6.079302655226675034e+09
5.043284773567762613e+00 5.933297699409748077e+09
5.093717621303440524e+00 6.009286223345189095e+09
5.144654797516475142e+00 5.665581498463773727e+09
5.196101345491639378e+00 5.494824697856250763e+09
5.248062358946555150e+00 5.560023405705546379e+09
5.300542982536021519e+00 5.167576640636498451e+09
5.353548412361381459e+00 4.980525239577947617e+09
5.407083896484995655e+00 4.540323479383089066e+09
5.461154735449845532e+00 4.513008918651756287e+09
5.515766282804344556e+00 4.340143329827763557e+09
5.570923945632387131e+00 3.938950416572769642e+09
5.626633185088711464e+00 3.850818970920347214e+09
5.682899516939598605e+00 3.794038299311471462e+09
5.739728512108993819e+00 3.699815656397077084e+09
5.797125797230084032e+00 3.481800611685487270e+09
5.855097055202384659e+00 3.034907202979728699e+09
5.913648025754409510e+00 3.421968427933085918e+09
5.972784506011953987e+00 3.261524069804515839e+09
6.032512351072073287e+00 3.073095748757153511e+09
6.092837474582792900e+00 3.091854862617227077e+09
6.153765849328621584e+00 3.145694413308736801e+09
6.215303507821907658e+00 3.097003817333151817e+09
6.277456542900125669e+00 3.099581671338186264e+09
6.340231108329128062e+00 2.926730019474146843e+09
6.403633419412418704e+00 2.503659990133365631e+09
6.467669753606543281e+00 2.133355926701022148e+09
6.532346451142608146e+00 2.334353751030675411e+09
6.597669915654034156e+00 2.273580459794018745e+09
6.663646614810574853e+00 2.392305191668626785e+09
6.730283080958680664e+00 2.383567829539381504e+09
6.797585911768267763e+00 2.126595990808946371e+09
6.865561770885950210e+00 2.134722396129816771e+09
6.934217388594810849e+00 2.170338407613299370e+09
7.003559562480758949e+00 2.020470536494707584e+09
7.073595158105566050e+00 1.788441782713629484e+09
7.144331109686621772e+00 1.600810628959284067e+09
7.215774420783487741e+00 1.439343589196083307e+09
7.287932164991324235e+00 1.298907116207729578e+09
7.360811486641236634e+00 1.196755954385419607e+09
7.434419601507648245e+00 1.174626924298534632e+09
7.508763797522725270e+00 1.237365899878981352e+09
7.583851435497953375e+00 1.316053322132524490e+09
7.659689949852931612e+00 1.230103312020078182e+09
7.736286849351461825e+00 9.366948006100986004e+08
7.813649717844977083e+00 9.846218350226693153e+08
7.891786215023426365e+00 1.051723912507079720e+09
7.970704077173661695e+00 1.128503492763079405e+09
8.050411117945397876e+00 1.130030029642368078e+09
8.130915229124850541e+00 1.143921509502438068e+09
8.212224381416099561e+00 1.114720705168154955e+09
8.294346625230261338e+00 1.121260777220132589e+09
8.377290091482562318e+00 1.127446629588213444e+09
8.461062992397387461e+00 1.156279004464285135e+09
8.545673622321363183e+00 1.172740126350946903e+09
8.631130358544575998e+00 1.220609515312220097e+09
8.717441662130022806e+00 1.228810124112546444e+09
8.804616078751321240e+00 1.257621102230213165e+09
8.892662239538834612e+00 1.269213455609239578e+09
8.981588861934222123e+00 1.270214249828835249e+09
9.071404750553567098e+00 1.323508952369617701e+09
9.162118798059102787e+00 1.346250459420967340e+09
9.253739986039693832e+00 1.348756609837023973e+09
9.346277385900089385e+00 1.363413104848670483e+09
9.439740159759089977e+00 1.326016168369379759e+09
9.534137561356683221e+00 1.352976342808213711e+09
9.629478936970249592e+00 1.315986127871291637e+09
9.725773726339950187e+00 1.324480659645359278e+09
9.823031463603349778e+00 1.299936665378929377e+09
9.921261778239381712e+00 1.247561513926510572e+09
1.002047439602177548e+01 1.249110822853917837e+09
1.012067913998199487e+01 1.181482370423669815e+09
1.022188593138181290e+01 1.157565816831739187e+09
1.032410479069563181e+01 1.079509735019425631e+09
1.042734583860258724e+01 1.016327380215522408e+09
1.053161929698861421e+01 1.047571215698880315e+09
1.063693548995849980e+01 1.041827937259835958e+09
1.074330484485808412e+01 1.007696786370330215e+09
1.085073789330666472e+01 9.955861512178419828e+08
1.095924527223973222e+01 9.144255141503578424e+08
1.106883772496212970e+01 9.133566550611380339e+08
1.117952610221174936e+01 9.108758420039182901e+08
1.129132136323386781e+01 8.743488963260308504e+08
1.140423457686620701e+01 8.772934069592519999e+08
1.151827692263487002e+01 8.248302838909467459e+08
1.163345969186121920e+01 7.925508093295334578e+08
1.174979428877982990e+01 7.162717738741602898e+08
1.186729223166762992e+01 7.323557252071018219e+08
1.198596515398430462e+01 7.236180111578941345e+08
1.210582480552414708e+01 6.791180048914481401e+08
1.222688305357938887e+01 6.640750353908413649e+08
1.234915188411518194e+01 6.256971303719427586e+08
1.247264340295633467e+01 5.833157663817461729e+08
1.259736983698589619e+01 5.656626690974397659e+08
1.272334353535575424e+01 5.620216453295319080e+08
1.285057697070931226e+01 5.457462068285359144e+08
1.297908274041640553e+01 5.115967235840190053e+08
1.310887356782057012e+01 5.095836625109650493e+08
1.323996230349877479e+01 4.641986910447781682e+08
1.337236192653376321e+01 4.567123761894329786e+08
1.350608554579910248e+01 4.194765305608070493e+08
1.364114640125709244e+01 4.232837484745260477e+08
1.377755786526966197e+01 4.034046394056866765e+08
1.391533344392236238e+01 3.853737473482067585e+08
1.405448677836158211e+01 3.714870230774046183e+08
1.419503164614519974e+01 3.428017829257146120e+08
1.433698196260665192e+01 3.400808196566875577e+08
1.448035178223271835e+01 3.083765480448229909e+08
1.462515530005504516e+01 3.126573960446981192e+08
1.477140685305559664e+01 3.081412862979357839e+08
1.491912092158615089e+01 2.588765237729117572e+08
1.506831213080201159e+01 2.844870466436992288e+08
1.521899525211003024e+01 2.727336597047067285e+08
1.537118520463113214e+01 2.557736357528801560e+08
1.552489705667744246e+01 2.463672007143621147e+08
1.568014602724421813e+01 2.350811878908255100e+08
1.583694748751665848e+01 2.352134572937790453e+08
1.599531696239182388e+01 2.243710998994095623e+08
1.615527013201574391e+01 2.140185610301916301e+08
1.631682283333590178e+01 2.096528886408948004e+08
1.647999106166925998e+01 1.984110387417308092e+08
1.664479097228595350e+01 1.862216021610428095e+08
1.681123888200881211e+01 1.929514393177147508e+08
1.697935127082889650e+01 1.853750016798091233e+08
1.714914478353718863e+01 1.652564683696013689e+08
1.732063623137256059e+01 1.613257530637950301e+08
1.749384259368628847e+01 1.623183383022435308e+08
1.766878101962314673e+01 1.529307617435397208e+08
1.784546882981938509e+01 1.512684514457050562e+08
1.802392351811757720e+01 1.462450660607632697e+08
1.820416275329875333e+01 1.358898644983854294e+08
1.838620438083173880e+01 1.357753141926306486e+08
1.857006642464005353e+01 1.184848737637411952e+08
1.875576708888645427e+01 1.246803125603051484e+08
1.894332475977532226e+01 1.195874341984008402e+08
1.913275800737307719e+01 1.207432971718903780e+08
1.969740769490774923e+01 1.000935494415325969e+08
2.068227807965313403e+01 8.377215320583580434e+07
2.171639198363579126e+01 6.894773985704417527e+07
2.280221158281758420e+01 5.962416257692148536e+07
2.394232216195846163e+01 4.910785392421575636e+07
2.513943827005638454e+01 4.023579915350680053e+07
2.639641018355920465e+01 3.405786785959283262e+07
2.771623069273716311e+01 2.867516021633736417e+07
2.910204222737402446e+01 2.364087673191322759e+07
3.055714433874272729e+01 1.897908841074878722e+07
3.208500155567985956e+01 1.699316775454885140e+07
3.368925163346385432e+01 1.340935613426310569e+07
3.537371421513704206e+01 1.067085713134014606e+07
3.714239992589390482e+01 9.314466007175380364e+06
3.899951992218858976e+01 7.847826729806699790e+06
4.094949591829801960e+01 6.246446363077162765e+06
4.299697071421292094e+01 5.191008506140488200e+06
4.514681924992356699e+01 4.299505613292178139e+06
4.740416021241974676e+01 3.589202854374321178e+06
4.977436822304073161e+01 2.933739527018936351e+06
5.226308663419276712e+01 2.495516269649199676e+06
5.487624096590241152e+01 2.064785250740659889e+06
5.762005301419753067e+01 1.680107741067679366e+06
6.050105566490740472e+01 1.460926508051843848e+06
6.352610844815276891e+01 1.134686157748942496e+06
6.670241387056040594e+01 9.695559235560907982e+05
7.003753456408843192e+01 8.262775634143592324e+05
7.353941129229284002e+01 6.575848517739713425e+05
7.721638185690748912e+01 5.504488184065767564e+05
8.107720094975286429e+01 4.535694577379503753e+05
8.513106099724051035e+01 3.822967506446841289e+05
8.938761404710253089e+01 3.435126645314993220e+05
9.385699474945765530e+01 2.591409656720196363e+05
