3.401114059005487245e-01 5.094398875075171471e+09
3.435125199595542300e-01 3.659945726066516876e+09
3.469476451591497201e-01 5.714700818483326912e+09
3.504171216107412334e-01 9.723574650511432648e+09
3.539212928268486436e-01 1.179704967844387436e+10
3.574605057551171750e-01 5.974276474755426407e+09
3.610351108126682584e-01 8.912462836909435272e+09
3.646454619207949999e-01 1.432929645182805634e+10
3.682919165400029282e-01 1.870737443988830948e+10
3.719748357054029064e-01 7.667045917168840408e+09
3.756945840624569266e-01 9.306767068098808289e+09
3.794515299030815081e-01 1.782011901110894775e+10
3.832460452021123065e-01 7.998882191374727249e+09
3.870785056541334312e-01 9.175695741407436371e+09
3.909492907106748016e-01 1.312972399686631775e+10
3.948587836177815391e-01 8.406180535473570824e+09
3.988073714539593917e-01 1.687529610140748405e+10
4.027954451684989667e-01 1.063930741964609146e+10
4.068233996201839342e-01 1.174462151525851440e+10
4.108916336163858096e-01 2.705820015816648865e+10
4.150005499525497021e-01 2.707592600233569717e+10
4.191505554520751908e-01 2.792311487872798538e+10
4.233420610065958822e-01 2.249617189831328583e+10
4.275754816166618122e-01 2.613558818503428650e+10
4.318512364328284114e-01 3.548449965066583252e+10
4.361697487971567533e-01 5.019785554210227203e+10
4.405314462851282475e-01 4.422550040077928162e+10
4.449367607479796094e-01 5.034578263796347809e+10
4.493861283554593800e-01 6.461607847623271942e+10
4.538799896390139921e-01 6.041006373589712524e+10
4.584187895354041031e-01 6.003757862936985779e+10
4.630029774307581336e-01 5.490341573286611938e+10
4.676330072050656761e-01 4.805665793151126099e+10
4.723093372771162701e-01 3.427219356072941208e+10
4.770324306498874289e-01 2.004651182247875977e+10
4.818027549563863032e-01 1.500627734255522537e+10
4.866207825059500891e-01 1.020638039298228455e+10
4.914869903310095656e-01 7.538990330320124626e+09
4.964018602343197584e-01 4.915478601319208145e+09
5.013658788366629482e-01 2.913357680459270000e+09
5.063795376250295188e-01 2.114274459897766352e+09
5.114433330012797541e-01 1.884462905185839415e+09
5.165577663312926893e-01 1.480755566919308662e+09
5.217233439946056262e-01 1.868882005574422598e+09
5.269405774345515825e-01 1.893720960085509062e+09
5.322099832088971194e-01 1.756623054304584503e+09
5.375320830409860973e-01 1.572164044362024069e+09
5.429074038713960215e-01 1.287562938264382362e+09
5.483364779101099762e-01 1.221153939941762447e+09
5.538198426892112503e-01 1.124948914171285391e+09
5.593580411161032107e-01 8.954920129126162529e+08
5.649516215272641917e-01 8.437505190336169004e+08
5.706011377425368458e-01 6.864199489544583559e+08
5.763071491199621699e-01 5.392502044143149853e+08
5.820702206111618704e-01 3.837019778634425402e+08
5.878909228172733981e-01 1.037500799231649190e+08
5.937698320454461998e-01 2.611762906560008526e+08
5.997075303659007428e-01 4.559706711169981360e+08
6.057046056695597480e-01 6.393997353962022066e+08
6.117616517262552955e-01 7.506164263655972481e+08
6.178792682435179096e-01 8.824667253916354179e+08
6.240580609259530620e-01 1.016925028365121961e+09
6.302986415352126448e-01 1.204384648876788139e+09
6.366016279505647413e-01 1.376071283358930349e+09
6.429676442300703565e-01 1.526882447340325832e+09
6.493973206723711034e-01 1.711722025664885759e+09
6.558912938790947278e-01 1.963079562612459183e+09
6.624502068178856895e-01 2.176978332221541405e+09
6.690747088860645730e-01 2.339982074205464840e+09
6.757654559749252110e-01 2.531564902790375710e+09
6.825231105346745153e-01 2.576085907787310123e+09
6.893483416400212338e-01 2.385950160261240482e+09
6.962418250564214039e-01 2.263708686479408741e+09
7.032042433069857212e-01 2.240669237695952415e+09
7.102362857400554841e-01 2.247476877916350842e+09
7.173386485974559967e-01 2.158283586603208065e+09
7.245120350834306500e-01 2.111136215119135380e+09
7.317571554342650053e-01 1.951744895279942989e+09
7.390747269886076554e-01 1.769012628484879971e+09
7.464654742584937441e-01 1.579602012433349609e+09
7.539301290010786971e-01 1.334669838921084881e+09
7.614694302910893775e-01 8.750623258228800297e+08
7.690841245940003290e-01 2.158618484734309912e+08
7.767749658399403234e-01 1.062503777461617470e+09
7.845427154983398710e-01 1.720658192256417751e+09
7.923881426533231354e-01 2.285918748258816719e+09
8.003120240798563545e-01 2.877833071141175747e+09
8.083151443206548770e-01 3.397145772105054379e+09
8.163982957638614701e-01 3.908751106179995537e+09
8.245622787215000082e-01 4.572560953781173706e+09
8.328079015087149761e-01 5.211650183841241837e+09
8.411359805238021181e-01 5.933842246672990799e+09
8.495473403290402237e-01 6.746055933480107307e+09
8.580428137323306004e-01 7.632916351632028580e+09
8.666232418696537820e-01 8.559592972276617050e+09
8.752894742883503554e-01 9.557751445306312561e+09
8.840423690312340099e-01 1.054280421035781860e+10
8.928827927215462479e-01 1.078483509402958298e+10
9.018116206487618580e-01 1.190100986930389404e+10
9.108297368552494833e-01 1.297188105189312935e+10
9.199380342238018260e-01 1.342116985583794212e+10
9.291374145660399320e-01 1.118814559371079826e+10
9.384287887117003235e-01 1.187595380667831612e+10
9.478130765988174167e-01 1.307380538876601410e+10
9.572912073648053299e-01 1.375689243311503029e+10
9.668641194384535176e-01 1.474043512023693466e+10
9.765327606328380039e-01 1.580093025139305496e+10
9.862980882391664261e-01 1.753145673345356369e+10
9.961610691215579960e-01 1.979446064254458237e+10
1.006122679812773590e+00 2.216303076223953247e+10
1.016183906610901300e+00 2.491626174680801392e+10
1.026345745677010202e+00 2.744398090540011597e+10
1.036609203133780355e+00 2.991500551882699585e+10
1.046975295165118336e+00 3.176057683119062424e+10
1.057445048116769204e+00 3.353927810957949829e+10
1.068019498597936989e+00 3.481236022958180237e+10
1.078699693583916597e+00 3.605894625663628387e+10
1.089486690519755552e+00 3.240932255397512817e+10
1.100381557424953138e+00 2.629041893514776993e+10
1.111385372999202481e+00 2.413247590061224365e+10
1.122499226729194666e+00 2.472202314571252441e+10
1.133724218996486455e+00 2.364780395705430984e+10
1.145061461186451135e+00 2.606786796401853943e+10
1.156512075798315831e+00 2.669268844174192047e+10
1.168077196556299047e+00 2.740325302098116684e+10
1.179757968521861988e+00 2.929380294631612396e+10
1.191555548207080761e+00 3.395872691821030807e+10
1.203471103689151889e+00 3.877926312686407471e+10
1.215505814726043354e+00 4.302022862433389282e+10
1.227660872873303610e+00 4.716676784387850189e+10
1.239937481602036762e+00 5.031270553782625580e+10
1.252336856418057032e+00 5.323661304585269928e+10
1.264860224982237824e+00 5.584017578005519104e+10
1.277508827232060051e+00 5.531786584758377075e+10
1.290283915504380818e+00 5.427260009571987152e+10
1.303186754659424462e+00 5.333921281264408875e+10
1.316218622206019040e+00 5.143279289433876801e+10
1.329380808428079153e+00 3.965640626536495209e+10
1.342674616512359975e+00 2.363826381578399277e+10
1.356101362677483380e+00 2.045584600027872467e+10
1.369662376304258355e+00 2.189044017764471054e+10
1.383359000067300837e+00 2.339388074741414642e+10
1.397192590067974027e+00 2.285947920276623154e+10
1.411164515968653665e+00 2.182058660464682007e+10
1.425276161128340213e+00 2.121090159069553757e+10
1.439528922739623740e+00 2.268447861153678513e+10
1.453924211967019708e+00 2.698431204477843857e+10
1.468463454086690101e+00 2.782429032358837891e+10
1.483148088627556760e+00 3.029454599140881729e+10
1.497979569513832487e+00 3.338827474515191269e+10
1.512959365208970564e+00 3.719140577142006683e+10
1.528088958861060442e+00 4.155143876634948730e+10
1.543369848449671178e+00 4.636089532283477020e+10
1.558803546934167894e+00 5.009470454400454712e+10
1.574391582403509737e+00 5.542480016678827667e+10
1.590135498227544852e+00 6.042079929979552460e+10
1.606036853209820148e+00 6.295770445642740631e+10
1.622097221741918505e+00 6.591080631940241241e+10
1.638318193959337421e+00 6.825291821501058960e+10
1.654701375898931071e+00 7.114082078406140137e+10
1.671248389657920441e+00 7.197496218405805969e+10
1.687960873554499530e+00 7.233405969635192871e+10
1.704840482290044701e+00 6.859229520253450012e+10
1.721888887112944966e+00 6.077552848437720490e+10
1.739107775984074289e+00 5.571355141885761261e+10
1.756498853743915012e+00 5.167501978251214600e+10
1.774063842281354608e+00 4.527181154216577148e+10
1.791804480704168201e+00 4.202139157516748810e+10
1.809722525511209934e+00 3.830218904877530670e+10
1.827819750766321860e+00 3.832327582733840179e+10
1.846097948273984990e+00 3.590987952846623230e+10
1.864558927756724938e+00 3.348338044490015793e+10
1.883204517034292147e+00 3.804803910254521179e+10
1.902036562204635128e+00 3.996662159783068085e+10
1.921056927826681582e+00 4.084298029516024780e+10
1.940267497104948502e+00 3.841218295015058899e+10
1.959670172075998140e+00 3.859788111345100403e+10
1.979266873796758031e+00 3.938010966802548981e+10
1.999059542534725509e+00 4.021348245909613800e+10
2.019050137960073155e+00 4.339395550528768158e+10
2.039240639339673589e+00 4.733173220276762390e+10
2.059633045733070489e+00 5.141290748898004150e+10
2.080229376190401158e+00 5.457849964742840576e+10
2.101031669952305059e+00 5.836501226639865112e+10
2.122041986651828083e+00 6.036123123643983459e+10
2.143262406518346097e+00 6.178057928502800751e+10
2.164695030583529967e+00 6.188196988293318176e+10
2.186341980889365377e+00 6.066951849635446167e+10
2.208205400698258991e+00 5.861612228225018311e+10
2.230287454705241146e+00 5.804935866362891388e+10
2.252590329252293522e+00 5.692160781010964966e+10
2.275116232544817318e+00 5.530943443185417938e+10
2.297867394870265034e+00 5.038939219482411957e+10
2.320846068818967822e+00 4.773608554777702332e+10
2.344054529507157536e+00 4.708253668468633270e+10
2.367495074802228761e+00 4.566885993854116821e+10
2.391170025550251044e+00 4.490596730470082092e+10
2.415081725805753532e+00 4.313097753075095367e+10
2.439232543063811764e+00 4.053741390814521790e+10
2.463624868494449949e+00 3.751430177237908936e+10
2.488261117179394244e+00 3.559869251878234863e+10
2.513143728351188155e+00 3.154250019056317520e+10
2.538275165634700237e+00 2.979289439722296524e+10
2.563657917291046751e+00 2.878723139545366669e+10
2.589294496463957262e+00 2.866799664547944260e+10
2.615187441428596937e+00 3.031066712846824265e+10
2.641339315842882840e+00 3.096252781825698090e+10
2.667752709001311562e+00 2.913444749066211319e+10
2.694430236091324815e+00 2.733514076492751694e+10
2.721374538452237868e+00 2.759723029324140549e+10
2.748588283836760127e+00 2.786014260540768814e+10
2.776074166675128296e+00 2.664549960015066147e+10
2.803834908341879206e+00 2.759554221851845551e+10
2.831873257425297830e+00 2.704064456147119904e+10
2.860191989999551154e+00 2.691169703027467728e+10
2.888793909899546541e+00 2.769611662421153641e+10
2.917681848998542549e+00 2.636245987341370773e+10
2.946858667488527761e+00 2.772379112722948074e+10
2.976327254163412928e+00 2.762599882444043350e+10
3.006090526705047061e+00 2.866828910365158844e+10
3.036151431972097470e+00 2.861871459414876175e+10
3.066512946291818587e+00 2.971225832508791351e+10
3.097178075754736692e+00 2.915266350214183044e+10
3.128149856512283833e+00 2.920941967420910263e+10
3.159431355077406689e+00 2.890262050107928467e+10
3.191025668628181045e+00 2.870367818632425690e+10
3.222935925314462935e+00 2.945648573842157364e+10
3.255165284567607564e+00 3.060813152954489136e+10
3.287716937413283524e+00 3.112896005021223068e+10
3.320594106787416067e+00 2.691392378669751740e+10
3.353800047855290511e+00 2.713351617869102478e+10
3.387338048333843332e+00 2.986078977902278137e+10
3.421211428817182210e+00 2.952714546329058456e+10
3.455423543105353712e+00 2.929851955781071854e+10
3.489977778536407005e+00 2.924519667447134018e+10
3.524877556321771355e+00 2.949961745517792511e+10
3.560126331884988726e+00 2.938325696661297989e+10
3.595727595203838334e+00 2.976034482232191849e+10
3.631684871155877570e+00 3.048050035169944763e+10
3.668001719867436616e+00 3.090593496521300507e+10
3.704681737066110259e+00 3.168544832542087173e+10
3.741728554436771326e+00 3.181227212693881226e+10
3.779145839981139510e+00 3.204399906258993530e+10
3.816937298380950860e+00 3.189015500209654999e+10
3.855106671364760818e+00 3.215031165674395370e+10
3.893657738078407426e+00 3.160062343369369125e+10
3.932594315459191581e+00 3.074575023692704391e+10
3.971920258613783616e+00 2.820727019540965652e+10
4.011639461199922430e+00 2.537471054785083008e+10
4.051755855811920881e+00 2.338201061684075165e+10
4.092273414370040108e+00 2.147370164289928436e+10
4.133196148513740731e+00 2.083347410931387711e+10
4.174528109998877135e+00 2.033715149123334122e+10
4.216273391098866341e+00 1.911364089584701920e+10
4.258436125009854578e+00 1.758713855631031418e+10
4.301020486259953479e+00 1.503656227981753922e+10
4.344030691122553023e+00 1.442161475831676292e+10
4.387470998033777825e+00 1.493455565518430519e+10
4.431345708014116092e+00 1.429931774133158684e+10
4.475659165094256764e+00 1.358671684196237755e+10
4.520415756745198799e+00 1.320769490290457726e+10
4.565619914312651240e+00 1.284735241994468689e+10
4.611276113455778258e+00 1.286162420620368385e+10
4.657388874590335348e+00 1.304147419669214821e+10
4.703962763336238417e+00 1.275989369669340324e+10
4.751002390969600420e+00 1.239787722477510071e+10
4.798512414879296806e+00 1.223135757027011299e+10
4.846497539028090884e+00 1.206989466869073296e+10
4.894962514418371491e+00 1.182352677167745018e+10
4.943912139562555375e+00 1.156001608266839027e+10
4.993351260958180937e+00 1.164630281399549484e+10
5.043284773567762613e+00 1.140416981161631775e+10
5.093717621303440524e+00 1.143683403942085648e+10
5.144654797516475142e+00 1.109469065619806671e+10
5.196101345491639378e+00 1.089404016769362068e+10
5.248062358946555150e+00 1.089045868949114037e+10
5.300542982536021519e+00 1.044026762131616402e+10
5.353548412361381459e+00 1.025904981431963539e+10
5.407083896484995655e+00 9.779918559351203918e+09
5.461154735449845532e+00 9.705076462679468155e+09
5.515766282804344556e+00 9.425785537666458130e+09
5.570923945632387131e+00 9.029520821841594696e+09
5.626633185088711464e+00 8.905670198553113937e+09
5.682899516939598605e+00 8.590637174839410782e+09
5.739728512108993819e+00 8.298362749304197311e+09
5.797125797230084032e+00 8.138248811666006088e+09
5.855097055202384659e+00 7.770381517433983803e+09
5.913648025754409510e+00 7.739104558429570198e+09
5.972784506011953987e+00 7.687354618162912369e+09
6.032512351072073287e+00 7.420964949100222588e+09
6.092837474582792900e+00 7.512318000117161751e+09
6.153765849328621584e+00 7.517231873028102875e+09
6.215303507821907658e+00 7.351966749641931534e+09
6.277456542900125669e+00 7.320593460645828247e+09
6.340231108329128062e+00 7.047170608363111496e+09
6.403633419412418704e+00 6.466245830556424141e+09
6.467669753606543281e+00 5.909647185869338036e+09
6.532346451142608146e+00 5.595319286454139709e+09
6.597669915654034156e+00 5.149151491992464066e+09
6.663646614810574853e+00 5.080791200988674164e+09
6.730283080958680664e+00 5.152760883148909569e+09
6.797585911768267763e+00 4.867416971954759598e+09
6.865561770885950210e+00 4.785441896534059525e+09
6.934217388594810849e+00 4.785190536948256493e+09
7.003559562480758949e+00 4.732814114383699417e+09
7.073595158105566050e+00 4.489355838294611931e+09
7.144331109686621772e+00 4.410632927107649803e+09
7.215774420783487741e+00 4.326977793934954643e+09
7.287932164991324235e+00 4.200124207197878838e+09
7.360811486641236634e+00 4.022623854578946114e+09
7.434419601507648245e+00 3.919902318592025280e+09
7.508763797522725270e+00 3.858257922238120079e+09
7.583851435497953375e+00 3.683128958658010960e+09
7.659689949852931612e+00 3.677945752115376949e+09
7.736286849351461825e+00 3.435791588735186577e+09
7.813649717844977083e+00 3.442813513721380711e+09
7.891786215023426365e+00 3.218933245755819321e+09
7.970704077173661695e+00 3.260062213422323704e+09
8.050411117945397876e+00 3.155592721969979286e+09
8.130915229124850541e+00 3.073523736853550911e+09
8.212224381416099561e+00 2.991673845030356407e+09
8.294346625230261338e+00 2.922797191898402214e+09
8.377290091482562318e+00 2.859146175350732803e+09
8.461062992397387461e+00 2.794314925145041943e+09
8.545673622321363183e+00 2.728928980837419510e+09
8.631130358544575998e+00 2.696101977997331619e+09
8.717441662130022806e+00 2.598234959938657761e+09
8.804616078751321240e+00 2.519736083056376457e+09
8.892662239538834612e+00 2.468012799107798576e+09
8.981588861934222123e+00 2.338876839544099331e+09
9.071404750553567098e+00 2.332447317110653400e+09
9.162118798059102787e+00 2.312272741142097473e+09
9.253739986039693832e+00 2.233361342781652927e+09
9.346277385900089385e+00 2.203487336435223103e+09
9.439740159759089977e+00 2.093700226955080032e+09
9.534137561356683221e+00 2.084547064447610378e+09
9.629478936970249592e+00 1.988980606234504938e+09
9.725773726339950187e+00 1.973825727159228563e+09
9.823031463603349778e+00 1.911503344260030508e+09
9.921261778239381712e+00 1.814836917120685101e+09
1.002047439602177548e+01 1.793296234054094315e+09
1.012067913998199487e+01 1.703244292136484623e+09
1.022188593138181290e+01 1.664478832019427061e+09
1.032410479069563181e+01 1.575284188898782253e+09
1.042734583860258724e+01 1.506825793017577171e+09
1.053161929698861421e+01 1.499531672023092031e+09
1.063693548995849980e+01 1.469144850087068796e+09
1.074330484485808412e+01 1.426551802958410501e+09
1.085073789330666472e+01 1.387170924915057421e+09
1.095924527223973222e+01 1.297424508152326584e+09
1.106883772496212970e+01 1.262381964731714964e+09
1.117952610221174936e+01 1.234644562562082529e+09
1.129132136323386781e+01 1.191238097951054335e+09
1.140423457686620701e+01 1.173211934153892279e+09
1.151827692263487002e+01 1.109271245369578600e+09
1.163345969186121920e+01 1.071345190037087917e+09
1.174979428877982990e+01 9.962433415438177586e+08
1.186729223166762992e+01 9.851009580726302862e+08
1.198596515398430462e+01 9.635226919685642719e+08
1.210582480552414708e+01 9.129066301739573479e+08
1.222688305357938887e+01 8.909924802429990768e+08
1.234915188411518194e+01 8.497203125894849300e+08
1.247264340295633467e+01 8.002602680411328077e+08
1.259736983698589619e+01 7.760571901354742050e+08
1.272334353535575424e+01 7.595479566715307236e+08
1.285057697070931226e+01 7.329094214612271786e+08
1.297908274041640553e+01 6.932347004934518337e+08
1.310887356782057012e+01 6.828141465644801855e+08
1.323996230349877479e+01 6.407645459739409685e+08
1.337236192653376321e+01 6.246370778766095638e+08
1.350608554579910248e+01 5.882236017818113565e+08
1.364114640125709244e+01 5.804233824585003853e+08
1.377755786526966197e+01 5.518282207178071737e+08
1.391533344392236238e+01 5.365103484784693718e+08
1.405448677836158211e+01 5.168707875407295227e+08
1.419503164614519974e+01 4.845069254912367463e+08
1.433698196260665192e+01 4.759378735452155471e+08
1.448035178223271835e+01 4.478323632175226808e+08
1.462515530005504516e+01 4.374585984457150102e+08
1.477140685305559664e+01 4.297295537084587812e+08
1.491912092158615089e+01 3.946206095606635809e+08
1.506831213080201159e+01 3.955351410818358064e+08
1.521899525211003024e+01 3.824203089540113807e+08
1.537118520463113214e+01 3.636570115909585953e+08
1.552489705667744246e+01 3.490110663137430549e+08
1.568014602724421813e+01 3.372272465515451431e+08
1.583694748751665848e+01 3.296444122200254798e+08
1.599531696239182388e+01 3.146717632953384519e+08
1.615527013201574391e+01 3.018447203185696602e+08
1.631682283333590178e+01 2.944777574300926924e+08
1.647999106166925998e+01 2.790012531126387119e+08
1.664479097228595350e+01 2.668280643371042907e+08
1.681123888200881211e+01 2.669924430941690207e+08
1.697935127082889650e+01 2.567080308576198220e+08
1.714914478353718863e+01 2.388148083323634565e+08
1.732063623137256059e+01 2.300071555318886340e+08
1.749384259368628847e+01 2.272866097705402970e+08
1.766878101962314673e+01 2.148231426212558150e+08
1.784546882981938509e+01 2.109625919095835388e+08
1.802392351811757720e+01 2.039891245747983158e+08
1.820416275329875333e+01 1.934847001430750787e+08
1.838620438083173880e+01 1.890954437556674480e+08
1.857006642464005353e+01 1.742659066573369801e+08
1.875576708888645427e+01 1.741691881412471831e+08
1.894332475977532226e+01 1.681119552696558237e+08
1.913275800737307719e+01 1.645706605650461614e+08
1.969740769490774923e+01 1.438727745027172267e+08
2.068227807965313403e+01 1.199083168415156603e+08
2.171639198363579126e+01 9.972668355352379382e+07
2.280221158281758420e+01 8.420958352502827346e+07
2.394232216195846163e+01 6.977362439866453409e+07
2.513943827005638454e+01 5.782791741189897060e+07
2.639641018355920465e+01 4.851099696829714626e+07
2.771623069273716311e+01 4.036400040801506490e+07
2.910204222737402446e+01 3.358329204020608962e+07
3.055714433874272729e+01 2.746366707525402308e+07
3.208500155567985956e+01 2.336565018277728185e+07
3.368925163346385432e+01 1.904477772297823802e+07
3.537371421513704206e+01 1.556771743374964781e+07
3.714239992589390482e+01 1.308201556614372693e+07
3.899951992218858976e+01 1.094197360996530764e+07
4.094949591829801960e+01 8.910029751344671473e+06
4.299697071421292094e+01 7.408592184285536408e+06
4.514681924992356699e+01 6.137925902823381126e+06
4.740416021241974676e+01 5.108760531131732278e+06
4.977436822304073161e+01 4.212095128164061345e+06
5.226308663419276712e+01 3.507601488203402143e+06
5.487624096590241152e+01 2.905667344252559822e+06
5.762005301419753067e+01 2.397970637245365884e+06
6.050105566490740472e+01 2.014718215828079963e+06
6.352610844815276891e+01 1.636236718077260535e+06
6.670241387056040594e+01 1.371876419906637631e+06
7.003753456408843192e+01 1.144991615049487678e+06
7.353941129229284002e+01 9.316875634655960603e+05
7.721638185690748912e+01 7.772347563318666071e+05
8.107720094975286429e+01 6.394239535901010968e+05
8.513106099724051035e+01 5.311392888521646382e+05
8.938761404710253089e+01 4.557776137044199277e+05
9.385699474945765530e+01 3.655151351379698026e+05
