3.401114059005487245e-01 1.424787065309503174e+11
3.435125199595542300e-01 1.746813293178916626e+11
3.469476451591497201e-01 1.460486919680700684e+11
3.504171216107412334e-01 1.609669786477185059e+11
3.539212928268486436e-01 1.896632088481896362e+11
3.574605057551171750e-01 3.814431227993708496e+11
3.610351108126682584e-01 2.770258442226372070e+11
3.646454619207949999e-01 2.786135001200596313e+11
3.682919165400029282e-01 2.617490395597197876e+11
3.719748357054029064e-01 5.242153756982866211e+11
3.756945840624569266e-01 5.249339565765676880e+11
3.794515299030815081e-01 3.374817490100360718e+11
3.832460452021123065e-01 6.276746576165540771e+11
3.870785056541334312e-01 5.139060738120386353e+11
3.909492907106748016e-01 3.984007356611593628e+11
3.948587836177815391e-01 2.753549513825145264e+11
3.988073714539593917e-01 2.545059456615579834e+11
4.027954451684989667e-01 2.748598724727537537e+11
4.068233996201839342e-01 3.216576902798084717e+11
4.108916336163858096e-01 2.101505407052893372e+11
4.150005499525497021e-01 2.851553327136813354e+11
4.191505554520751908e-01 3.110439030707763672e+11
4.233420610065958822e-01 3.894852057626099243e+11
4.275754816166618122e-01 3.217595145517587891e+11
4.318512364328284114e-01 3.180315781454539795e+11
4.361697487971567533e-01 2.486452611636147766e+11
4.405314462851282475e-01 3.546674310439155884e+11
4.449367607479796094e-01 3.156256995406776733e+11
4.493861283554593800e-01 2.763641955951986694e+11
4.538799896390139921e-01 2.540906956652126770e+11
4.584187895354041031e-01 2.745568628273489075e+11
4.630029774307581336e-01 2.807131360811550293e+11
4.676330072050656761e-01 3.063615715244509277e+11
4.723093372771162701e-01 2.985997305911148071e+11
4.770324306498874289e-01 3.077319924512301025e+11
4.818027549563863032e-01 3.287715491395345459e+11
4.866207825059500891e-01 3.849833104594126587e+11
4.914869903310095656e-01 3.873061236139035645e+11
4.964018602343197584e-01 4.305230195739436035e+11
5.013658788366629482e-01 4.841684310378717041e+11
5.063795376250295188e-01 5.095934374904991455e+11
5.114433330012797541e-01 5.216186777165072632e+11
5.165577663312926893e-01 6.400580676357769775e+11
5.217233439946056262e-01 6.229497518641757812e+11
5.269405774345515825e-01 6.218526129384691162e+11
5.322099832088971194e-01 5.514363533276942139e+11
5.375320830409860973e-01 6.145895559337988281e+11
5.429074038713960215e-01 7.425746570450260010e+11
5.483364779101099762e-01 7.008793261477194824e+11
5.538198426892112503e-01 6.594138182242741699e+11
5.593580411161032107e-01 7.729737150237576904e+11
5.649516215272641917e-01 8.770414762322274170e+11
5.706011377425368458e-01 8.374577550406844482e+11
5.763071491199621699e-01 8.277935217443828125e+11
5.820702206111618704e-01 7.895799593505908203e+11
5.878909228172733981e-01 1.016962126359635376e+12
5.937698320454461998e-01 1.151802752493200928e+12
5.997075303659007428e-01 1.121884470765916992e+12
6.057046056695597480e-01 9.836486648388297119e+11
6.117616517262552955e-01 8.864916674013400879e+11
6.178792682435179096e-01 1.202045878725264893e+12
6.240580609259530620e-01 1.466881633441240967e+12
6.302986415352126448e-01 1.252603525110988281e+12
6.366016279505647413e-01 1.086235312954061401e+12
6.429676442300703565e-01 1.005706852246495972e+12
6.493973206723711034e-01 9.775688227631174316e+11
6.558912938790947278e-01 1.023014453631993042e+12
6.624502068178856895e-01 1.250956069804178955e+12
6.690747088860645730e-01 1.421734954164251953e+12
6.757654559749252110e-01 1.453349229392923828e+12
6.825231105346745153e-01 1.377290609207451904e+12
6.893483416400212338e-01 1.207231066612380615e+12
6.962418250564214039e-01 1.055937767100263306e+12
7.032042433069857212e-01 9.778380048711071777e+11
7.102362857400554841e-01 1.307906782376766602e+12
7.173386485974559967e-01 1.447296864040948975e+12
7.245120350834306500e-01 1.291225763515764648e+12
7.317571554342650053e-01 1.058926091027866699e+12
7.390747269886076554e-01 8.726467449434987793e+11
7.464654742584937441e-01 8.070680802689381104e+11
7.539301290010786971e-01 7.672408053867564697e+11
7.614694302910893775e-01 9.560218274228714600e+11
7.690841245940003290e-01 1.240318842225533691e+12
7.767749658399403234e-01 1.270822915432769531e+12
7.845427154983398710e-01 1.257941587071311279e+12
7.923881426533231354e-01 1.254262246863617676e+12
8.003120240798563545e-01 1.112742466287315186e+12
8.083151443206548770e-01 9.935655708597812500e+11
8.163982957638614701e-01 8.219898017179294434e+11
8.245622787215000082e-01 9.946896411784206543e+11
8.328079015087149761e-01 1.127079694941829834e+12
8.411359805238021181e-01 1.162314528134304199e+12
8.495473403290402237e-01 1.436774117342202393e+12
8.580428137323306004e-01 1.288113371253947754e+12
8.666232418696537820e-01 1.138068136225183838e+12
8.752894742883503554e-01 9.772190297323908691e+11
8.840423690312340099e-01 9.984256832536591797e+11
8.928827927215462479e-01 1.135355353179209717e+12
9.018116206487618580e-01 1.105373826271137207e+12
9.108297368552494833e-01 1.016600152700910645e+12
9.199380342238018260e-01 9.042303145966901855e+11
9.291374145660399320e-01 9.457992859291391602e+11
9.384287887117003235e-01 9.631318037937597656e+11
9.478130765988174167e-01 8.828396765258637695e+11
9.572912073648053299e-01 8.465824014287684326e+11
9.668641194384535176e-01 8.087940448017095947e+11
9.765327606328380039e-01 9.433332833293450928e+11
9.862980882391664261e-01 1.007572909002416626e+12
9.961610691215579960e-01 1.090368200151263550e+12
1.006122679812773590e+00 1.048463834471348389e+12
1.016183906610901300e+00 9.951037621900133057e+11
1.026345745677010202e+00 9.746954184021405029e+11
1.036609203133780355e+00 9.281713451440364990e+11
1.046975295165118336e+00 8.596394872321142578e+11
1.057445048116769204e+00 8.424143512224229736e+11
1.068019498597936989e+00 8.333348308205760498e+11
1.078699693583916597e+00 8.316200113263044434e+11
1.089486690519755552e+00 8.660569196573155518e+11
1.100381557424953138e+00 9.051882517167448730e+11
1.111385372999202481e+00 9.413515445092397461e+11
1.122499226729194666e+00 9.167160078427421875e+11
1.133724218996486455e+00 9.144594012954768066e+11
1.145061461186451135e+00 8.973702890100424805e+11
1.156512075798315831e+00 9.178673508874675293e+11
1.168077196556299047e+00 9.118323223467788086e+11
1.179757968521861988e+00 8.865482486688698730e+11
1.191555548207080761e+00 9.247820457611633301e+11
1.203471103689151889e+00 8.741257727557884521e+11
1.215505814726043354e+00 8.525615646534398193e+11
1.227660872873303610e+00 8.347890908104589844e+11
1.239937481602036762e+00 8.515633697329465332e+11
1.252336856418057032e+00 8.530489761531188965e+11
1.264860224982237824e+00 8.412964257491776123e+11
1.277508827232060051e+00 8.205980923720137939e+11
1.290283915504380818e+00 8.249711790576899414e+11
1.303186754659424462e+00 8.143472934234321289e+11
1.316218622206019040e+00 8.147777206549282227e+11
1.329380808428079153e+00 8.910326434951635742e+11
1.342674616512359975e+00 1.009147869911009155e+12
1.356101362677483380e+00 1.029694728114475586e+12
1.369662376304258355e+00 1.013272731534006592e+12
1.383359000067300837e+00 9.986203868651990967e+11
1.397192590067974027e+00 1.023929459098948242e+12
1.411164515968653665e+00 1.039513736590863403e+12
1.425276161128340213e+00 1.055240545268970947e+12
1.439528922739623740e+00 1.034308560279017456e+12
1.453924211967019708e+00 1.020458439054974487e+12
1.468463454086690101e+00 1.018286085817865601e+12
1.483148088627556760e+00 9.961671902602585449e+11
1.497979569513832487e+00 9.783275020898975830e+11
1.512959365208970564e+00 9.498532353654400635e+11
1.528088958861060442e+00 9.283991751549871826e+11
1.543369848449671178e+00 9.067142649096271973e+11
1.558803546934167894e+00 8.869233930539351807e+11
1.574391582403509737e+00 8.531087443317219238e+11
1.590135498227544852e+00 8.340191476166729736e+11
1.606036853209820148e+00 8.020481036496757812e+11
1.622097221741918505e+00 7.774466511920589600e+11
1.638318193959337421e+00 7.456339711002464600e+11
1.654701375898931071e+00 7.219519673000777588e+11
1.671248389657920441e+00 6.980990139424000244e+11
1.687960873554499530e+00 6.887831663458873291e+11
1.704840482290044701e+00 6.966865610406940918e+11
1.721888887112944966e+00 7.228211005622640381e+11
1.739107775984074289e+00 7.319070927339254150e+11
1.756498853743915012e+00 7.484132672456870117e+11
1.774063842281354608e+00 7.684075768833677979e+11
1.791804480704168201e+00 7.747591496279121094e+11
1.809722525511209934e+00 7.812671933698768311e+11
1.827819750766321860e+00 7.703518379087167969e+11
1.846097948273984990e+00 7.805195724160539551e+11
1.864558927756724938e+00 7.859179884612020264e+11
1.883204517034292147e+00 7.537985117497612305e+11
1.902036562204635128e+00 7.312770470221799316e+11
1.921056927826681582e+00 7.146917075394703369e+11
1.940267497104948502e+00 6.992823438335098877e+11
1.959670172075998140e+00 6.819477711339913330e+11
1.979266873796758031e+00 6.794480702613713379e+11
1.999059542534725509e+00 6.703725749011821289e+11
2.019050137960073155e+00 6.614721971444816895e+11
2.039240639339673589e+00 6.453636211400906982e+11
2.059633045733070489e+00 6.313766506184569092e+11
2.080229376190401158e+00 6.119900929190541992e+11
2.101031669952305059e+00 5.878293326142429199e+11
2.122041986651828083e+00 5.675289655012446289e+11
2.143262406518346097e+00 5.449601315848781738e+11
2.164695030583529967e+00 5.200546445719748535e+11
2.186341980889365377e+00 5.013630477699833984e+11
2.208205400698258991e+00 4.810341877780659180e+11
2.230287454705241146e+00 4.639796909516346436e+11
2.252590329252293522e+00 4.489065288162393799e+11
2.275116232544817318e+00 4.355716623247815552e+11
2.297867394870265034e+00 4.636017800311328735e+11
2.320846068818967822e+00 4.700764523820847778e+11
2.344054529507157536e+00 4.653266105354094849e+11
2.367495074802228761e+00 4.586562495796115112e+11
2.391170025550251044e+00 4.731702815084671021e+11
2.415081725805753532e+00 4.722238969701450195e+11
2.439232543063811764e+00 4.720929393835416260e+11
2.463624868494449949e+00 4.720121317737618408e+11
2.488261117179394244e+00 4.680296370367964478e+11
2.513143728351188155e+00 4.611625249385892334e+11
2.538275165634700237e+00 4.502381037922007446e+11
2.563657917291046751e+00 4.396629762975917969e+11
2.589294496463957262e+00 4.258951875512737427e+11
2.615187441428596937e+00 4.080366020213547974e+11
2.641339315842882840e+00 3.932463803486032715e+11
2.667752709001311562e+00 3.787599592063659668e+11
2.694430236091324815e+00 3.721536295043477783e+11
2.721374538452237868e+00 3.669301220339232178e+11
2.748588283836760127e+00 3.633011825726537476e+11
2.776074166675128296e+00 3.574677285237230835e+11
2.803834908341879206e+00 3.479080928337935791e+11
2.831873257425297830e+00 3.425331850442515869e+11
2.860191989999551154e+00 3.329644036339588623e+11
2.888793909899546541e+00 3.209204789634967041e+11
2.917681848998542549e+00 3.176948237154817505e+11
2.946858667488527761e+00 3.074450799235215454e+11
2.976327254163412928e+00 3.004700461238914185e+11
3.006090526705047061e+00 2.896988079920792847e+11
3.036151431972097470e+00 2.841773063566412354e+11
3.066512946291818587e+00 2.723050115081819763e+11
3.097178075754736692e+00 2.660155055644774475e+11
3.128149856512283833e+00 2.569047457820755005e+11
3.159431355077406689e+00 2.478193068346156616e+11
3.191025668628181045e+00 2.398010023100108948e+11
3.222935925314462935e+00 2.301335936327480164e+11
3.255165284567607564e+00 2.218841067982861328e+11
3.287716937413283524e+00 2.134012356657313232e+11
3.320594106787416067e+00 2.049952333226130676e+11
3.353800047855290511e+00 1.976645685360556946e+11
3.387338048333843332e+00 1.897234021611291504e+11
3.421211428817182210e+00 1.825799183976878357e+11
3.455423543105353712e+00 1.750302296448344727e+11
3.489977778536407005e+00 1.687496640402978821e+11
3.524877556321771355e+00 1.626417624458780212e+11
3.560126331884988726e+00 1.563940356858764343e+11
3.595727595203838334e+00 1.502503115495999451e+11
3.631684871155877570e+00 1.449618308987121277e+11
3.668001719867436616e+00 1.398072077422432861e+11
3.704681737066110259e+00 1.342953284355602112e+11
3.741728554436771326e+00 1.287049426067849121e+11
3.779145839981139510e+00 1.236448083170817719e+11
3.816937298380950860e+00 1.194866467218919678e+11
3.855106671364760818e+00 1.150286882955307922e+11
3.893657738078407426e+00 1.110968909720502319e+11
3.932594315459191581e+00 1.078017168023442841e+11
3.971920258613783616e+00 1.055696509352814178e+11
4.011639461199922430e+00 1.028823162221119385e+11
4.051755855811920881e+00 1.007766023777750397e+11
4.092273414370040108e+00 9.938153495321046448e+10
4.133196148513740731e+00 9.621905549999269104e+10
4.174528109998877135e+00 9.399231825832655334e+10
4.216273391098866341e+00 9.144633083744895935e+10
4.258436125009854578e+00 8.993359899891937256e+10
4.301020486259953479e+00 9.146753242342156982e+10
4.344030691122553023e+00 8.984642094905163574e+10
4.387470998033777825e+00 8.863755814781784058e+10
4.431345708014116092e+00 8.870335686505590820e+10
4.475659165094256764e+00 8.781299147300549316e+10
4.520415756745198799e+00 8.556422774412265015e+10
4.565619914312651240e+00 8.316652424372813416e+10
4.611276113455778258e+00 8.134757280034812927e+10
4.657388874590335348e+00 7.817849591458665466e+10
4.703962763336238417e+00 7.535804875305493164e+10
4.751002390969600420e+00 7.264216431480497742e+10
4.798512414879296806e+00 7.035306998579031372e+10
4.846497539028090884e+00 6.757586180488261414e+10
4.894962514418371491e+00 6.564362768270875549e+10
4.943912139562555375e+00 6.332730854990618134e+10
4.993351260958180937e+00 6.125274438237273407e+10
5.043284773567762613e+00 5.967406726120042419e+10
5.093717621303440524e+00 5.727476210867157745e+10
5.144654797516475142e+00 5.546708303932542419e+10
5.196101345491639378e+00 5.345479253425475311e+10
5.248062358946555150e+00 5.181482959671467590e+10
5.300542982536021519e+00 5.004509939990270996e+10
5.353548412361381459e+00 4.824091455953955841e+10
5.407083896484995655e+00 4.677600836526634979e+10
5.461154735449845532e+00 4.509139879400418091e+10
5.515766282804344556e+00 4.335875089830517578e+10
5.570923945632387131e+00 4.165410249989004517e+10
5.626633185088711464e+00 4.012297534995661926e+10
5.682899516939598605e+00 3.853831168168788147e+10
5.739728512108993819e+00 3.719008811363260651e+10
5.797125797230084032e+00 3.557360296897688293e+10
5.855097055202384659e+00 3.435919376272673798e+10
5.913648025754409510e+00 3.290952057718954849e+10
5.972784506011953987e+00 3.166288461872575378e+10
6.032512351072073287e+00 3.059341869038639450e+10
6.092837474582792900e+00 2.922447349442887115e+10
6.153765849328621584e+00 2.802918965249746323e+10
6.215303507821907658e+00 2.695664731831015396e+10
6.277456542900125669e+00 2.605168154955762863e+10
6.340231108329128062e+00 2.518948228177085876e+10
6.403633419412418704e+00 2.454897341629251862e+10
6.467669753606543281e+00 2.429808423383682632e+10
6.532346451142608146e+00 2.377770419887551498e+10
6.597669915654034156e+00 2.342208117159459305e+10
6.663646614810574853e+00 2.292458156406357956e+10
6.730283080958680664e+00 2.182402288440722275e+10
6.797585911768267763e+00 2.131581228703773117e+10
6.865561770885950210e+00 2.049486452949403381e+10
6.934217388594810849e+00 1.981596501350798035e+10
7.003559562480758949e+00 1.896471468534073639e+10
7.073595158105566050e+00 1.838010063051937485e+10
7.144331109686621772e+00 1.768683555409017944e+10
7.215774420783487741e+00 1.700975034129143333e+10
7.287932164991324235e+00 1.642299377056641960e+10
7.360811486641236634e+00 1.581377243313978195e+10
7.434419601507648245e+00 1.525207102018719482e+10
7.508763797522725270e+00 1.471671003382893944e+10
7.583851435497953375e+00 1.420679673827029610e+10
7.659689949852931612e+00 1.369769209202648926e+10
7.736286849351461825e+00 1.323665134906435776e+10
7.813649717844977083e+00 1.260085826754091454e+10
7.891786215023426365e+00 1.238220730022630501e+10
7.970704077173661695e+00 1.188158234297925758e+10
8.050411117945397876e+00 1.148168848443129921e+10
8.130915229124850541e+00 1.111138951426632690e+10
8.212224381416099561e+00 1.069717674467713356e+10
8.294346625230261338e+00 1.037436070891211891e+10
8.377290091482562318e+00 1.000361262714608955e+10
8.461062992397387461e+00 9.643704531252220154e+09
8.545673622321363183e+00 9.315063264192403793e+09
8.631130358544575998e+00 8.945999133592933655e+09
8.717441662130022806e+00 8.639551782691457748e+09
8.804616078751321240e+00 8.311334215578150749e+09
8.892662239538834612e+00 7.970890183395462990e+09
8.981588861934222123e+00 7.681567529769745827e+09
9.071404750553567098e+00 7.364082656736234665e+09
9.162118798059102787e+00 7.095478718557155609e+09
9.253739986039693832e+00 6.837456731932850838e+09
9.346277385900089385e+00 6.586418068436548233e+09
9.439740159759089977e+00 6.337919391455050468e+09
9.534137561356683221e+00 6.081695993726211548e+09
9.629478936970249592e+00 5.906829455294272423e+09
9.725773726339950187e+00 5.668730631278145790e+09
9.823031463603349778e+00 5.470087123751351357e+09
9.921261778239381712e+00 5.305057008819967270e+09
1.002047439602177548e+01 5.084402419120191574e+09
1.012067913998199487e+01 4.930693245734930038e+09
1.022188593138181290e+01 4.733444602669633865e+09
1.032410479069563181e+01 4.595299712269675255e+09
1.042734583860258724e+01 4.417343720934469223e+09
1.053161929698861421e+01 4.277398828954198360e+09
1.063693548995849980e+01 4.124665335763717175e+09
1.074330484485808412e+01 3.992092813553907871e+09
1.085073789330666472e+01 3.836632981066194057e+09
1.095924527223973222e+01 3.733632985460796356e+09
1.106883772496212970e+01 3.590812612369914055e+09
1.117952610221174936e+01 3.468850884226899147e+09
1.129132136323386781e+01 3.344121331170777321e+09
1.140423457686620701e+01 3.227121680101590157e+09
1.151827692263487002e+01 3.120383478599592209e+09
1.163345969186121920e+01 3.006470710786962986e+09
1.174979428877982990e+01 2.904521602458213806e+09
1.186729223166762992e+01 2.800875718292295933e+09
1.198596515398430462e+01 2.686151486638960838e+09
1.210582480552414708e+01 2.594127687107169628e+09
1.222688305357938887e+01 2.497388634470911026e+09
1.234915188411518194e+01 2.408271548467493534e+09
1.247264340295633467e+01 2.328449328843088627e+09
1.259736983698589619e+01 2.232114833670865536e+09
1.272334353535575424e+01 2.152613485296218395e+09
1.285057697070931226e+01 2.074029655028745413e+09
1.297908274041640553e+01 2.006388387088190794e+09
1.310887356782057012e+01 1.925144514273545027e+09
1.323996230349877479e+01 1.860713297164883375e+09
1.337236192653376321e+01 1.792934336012527943e+09
1.350608554579910248e+01 1.727295024379562855e+09
1.364114640125709244e+01 1.650598669132164717e+09
1.377755786526966197e+01 1.604067673936751366e+09
1.391533344392236238e+01 1.536308418368630886e+09
1.405448677836158211e+01 1.479306272764371395e+09
1.419503164614519974e+01 1.442456776881226778e+09
1.433698196260665192e+01 1.373003697319462299e+09
1.448035178223271835e+01 1.327613820638099670e+09
1.462515530005504516e+01 1.283403622002459288e+09
1.477140685305559664e+01 1.226760441214828730e+09
1.491912092158615089e+01 1.187781400740815163e+09
1.506831213080201159e+01 1.138459655284365654e+09
1.521899525211003024e+01 1.098946331200542927e+09
1.537118520463113214e+01 1.060417110497177601e+09
1.552489705667744246e+01 1.015552000403527379e+09
1.568014602724421813e+01 9.810595377526639700e+08
1.583694748751665848e+01 9.419971720657696724e+08
1.599531696239182388e+01 9.134908910223456621e+08
1.615527013201574391e+01 8.813731515790058374e+08
1.631682283333590178e+01 8.375075023566706181e+08
1.647999106166925998e+01 8.147299277854448557e+08
1.664479097228595350e+01 7.837477980130748749e+08
1.681123888200881211e+01 7.489203530863268375e+08
1.697935127082889650e+01 7.198957947466547489e+08
1.714914478353718863e+01 6.957067616896696091e+08
1.732063623137256059e+01 6.746305968488975763e+08
1.749384259368628847e+01 6.432494707522286177e+08
1.766878101962314673e+01 6.241595186605012417e+08
1.784546882981938509e+01 5.940122043536264896e+08
1.802392351811757720e+01 5.753383079580239058e+08
1.820416275329875333e+01 5.527106026740585566e+08
1.838620438083173880e+01 5.316991149793971181e+08
1.857006642464005353e+01 5.144236915647130609e+08
1.875576708888645427e+01 4.922833144561001658e+08
1.894332475977532226e+01 4.737366438694962859e+08
1.913275800737307719e+01 4.543406629299043417e+08
1.969740769490774923e+01 4.058461385437012315e+08
2.068227807965313403e+01 3.331469620689104199e+08
2.171639198363579126e+01 2.744443806016772389e+08
2.280221158281758420e+01 2.268282860078912079e+08
2.394232216195846163e+01 1.876208442328478992e+08
2.513943827005638454e+01 1.548449940986871719e+08
2.639641018355920465e+01 1.284315972840117812e+08
2.771623069273716311e+01 1.064027995918393880e+08
2.910204222737402446e+01 8.783071991940303147e+07
3.055714433874272729e+01 7.304984516387160122e+07
3.208500155567985956e+01 6.023876071857332438e+07
3.368925163346385432e+01 5.010977391890916228e+07
3.537371421513704206e+01 4.125640673066985607e+07
3.714239992589390482e+01 3.399480622812650353e+07
3.899951992218858976e+01 2.788755777133829147e+07
4.094949591829801960e+01 2.287917142313817143e+07
4.299697071421292094e+01 1.876647027760006860e+07
4.514681924992356699e+01 1.534880429148759879e+07
4.740416021241974676e+01 1.262605592724778876e+07
4.977436822304073161e+01 1.036913341234896705e+07
5.226308663419276712e+01 8.547254472287626937e+06
5.487624096590241152e+01 6.985035596539395861e+06
5.762005301419753067e+01 5.756585787062400952e+06
6.050105566490740472e+01 4.711843908177306876e+06
6.352610844815276891e+01 3.857912308717211708e+06
6.670241387056040594e+01 3.193108077653795481e+06
7.003753456408843192e+01 2.604463338555557188e+06
7.353941129229284002e+01 2.140554611968830694e+06
7.721638185690748912e+01 1.747311195262689609e+06
8.107720094975286429e+01 1.441503563133217394e+06
8.513106099724051035e+01 1.184264367598274490e+06
8.938761404710253089e+01 9.574997682528966106e+05
9.385699474945765530e+01 7.902751021662304411e+05
