3.401114059005487245e-01 7.081744961292750549e+10
3.435125199595542300e-01 5.599138749218044281e+10
3.469476451591497201e-01 7.602497569688786316e+10
3.504171216107412334e-01 1.001986519483596954e+11
3.539212928268486436e-01 1.031656909092731781e+11
3.574605057551171750e-01 9.593002304745721436e+10
3.610351108126682584e-01 1.081777400723974304e+11
3.646454619207949999e-01 1.126759651212082520e+11
3.682919165400029282e-01 1.115173252043692780e+11
3.719748357054029064e-01 1.072389883652536926e+11
3.756945840624569266e-01 1.161298451190929718e+11
3.794515299030815081e-01 1.411791070889990234e+11
3.832460452021123065e-01 1.146900400584838257e+11
3.870785056541334312e-01 1.298915295558945312e+11
3.909492907106748016e-01 1.292482425018384857e+11
3.948587836177815391e-01 9.404716555954107666e+10
3.988073714539593917e-01 1.019783920460602875e+11
4.027954451684989667e-01 5.605415388718643188e+10
4.068233996201839342e-01 6.135137355843566895e+10
4.108916336163858096e-01 1.138671541435831299e+11
4.150005499525497021e-01 1.463287187168881226e+11
4.191505554520751908e-01 1.532037568151011047e+11
4.233420610065958822e-01 1.577486886155212708e+11
4.275754816166618122e-01 1.542224646977579041e+11
4.318512364328284114e-01 1.440927064297851562e+11
4.361697487971567533e-01 1.622066165453917847e+11
4.405314462851282475e-01 1.639046804240473022e+11
4.449367607479796094e-01 1.728920507533957825e+11
4.493861283554593800e-01 1.784724852776369019e+11
4.538799896390139921e-01 1.762770158741123047e+11
4.584187895354041031e-01 1.574657464470378723e+11
4.630029774307581336e-01 1.403638270853870544e+11
4.676330072050656761e-01 1.207680585124712372e+11
4.723093372771162701e-01 9.417224444368283081e+10
4.770324306498874289e-01 6.165749158115110016e+10
4.818027549563863032e-01 3.849122508131222534e+10
4.866207825059500891e-01 2.281121550820686340e+10
4.914869903310095656e-01 1.884478453519465256e+10
4.964018602343197584e-01 1.384454830037264442e+10
5.013658788366629482e-01 9.377980747338909149e+09
5.063795376250295188e-01 7.193537725357200623e+09
5.114433330012797541e-01 6.338695364639026642e+09
5.165577663312926893e-01 5.295804984568249702e+09
5.217233439946056262e-01 4.747518273098759651e+09
5.269405774345515825e-01 4.055507428406183720e+09
5.322099832088971194e-01 3.551005577425501347e+09
5.375320830409860973e-01 3.123964281135759354e+09
5.429074038713960215e-01 2.648435377734245300e+09
5.483364779101099762e-01 2.296997804594164371e+09
5.538198426892112503e-01 1.970228453138380527e+09
5.593580411161032107e-01 1.620886415691569328e+09
5.649516215272641917e-01 1.354640643466907978e+09
5.706011377425368458e-01 1.086406965596023560e+09
5.763071491199621699e-01 8.281884740303698778e+08
5.820702206111618704e-01 5.703141144637595415e+08
5.878909228172733981e-01 1.883961489586704075e+08
5.937698320454461998e-01 3.853552763914828300e+08
5.997075303659007428e-01 6.583547158570053577e+08
6.057046056695597480e-01 8.888247776774177551e+08
6.117616517262552955e-01 1.074798118835603237e+09
6.178792682435179096e-01 1.262662071559032440e+09
6.240580609259530620e-01 1.440910757331021070e+09
6.302986415352126448e-01 1.626330935834125996e+09
6.366016279505647413e-01 1.816551907841646194e+09
6.429676442300703565e-01 1.985985121421640158e+09
6.493973206723711034e-01 2.159368833349544048e+09
6.558912938790947278e-01 2.208596081816328049e+09
6.624502068178856895e-01 2.570628997615629673e+09
6.690747088860645730e-01 2.779443517437529087e+09
6.757654559749252110e-01 2.977326242966792107e+09
6.825231105346745153e-01 3.031216872655427933e+09
6.893483416400212338e-01 2.806058927031594276e+09
6.962418250564214039e-01 2.492143330256202221e+09
7.032042433069857212e-01 2.367537273238394260e+09
7.102362857400554841e-01 2.329055018934020996e+09
7.173386485974559967e-01 2.204436935656819820e+09
7.245120350834306500e-01 2.069008352177763224e+09
7.317571554342650053e-01 1.857323646860813141e+09
7.390747269886076554e-01 1.642365655650721312e+09
7.464654742584937441e-01 1.433293378602230072e+09
7.539301290010786971e-01 1.179153156100170135e+09
7.614694302910893775e-01 7.581773682831563950e+08
7.690841245940003290e-01 1.715296550880697966e+08
7.767749658399403234e-01 8.963274751300134659e+08
7.845427154983398710e-01 1.443326101339502811e+09
7.923881426533231354e-01 1.915061359498951435e+09
8.003120240798563545e-01 2.407412326906364918e+09
8.083151443206548770e-01 2.848253913526258469e+09
8.163982957638614701e-01 3.294388465180069923e+09
8.245622787215000082e-01 3.857728196213363171e+09
8.328079015087149761e-01 4.430176377264447212e+09
8.411359805238021181e-01 5.091975528599817276e+09
8.495473403290402237e-01 5.835148041228618622e+09
8.580428137323306004e-01 6.666506584984928131e+09
8.666232418696537820e-01 7.576527269438375473e+09
8.752894742883503554e-01 8.539544153676005363e+09
8.840423690312340099e-01 9.537386878952640533e+09
8.928827927215462479e-01 9.806059913295270920e+09
9.018116206487618580e-01 1.095013559347174454e+10
9.108297368552494833e-01 1.210431857721259308e+10
9.199380342238018260e-01 1.259370793862508583e+10
9.291374145660399320e-01 1.030617458835246849e+10
9.384287887117003235e-01 1.098696227965322304e+10
9.478130765988174167e-01 1.224767705103852272e+10
9.572912073648053299e-01 1.294231650836420631e+10
9.668641194384535176e-01 1.402019620814048767e+10
9.765327606328380039e-01 1.512999205174411774e+10
9.862980882391664261e-01 1.701640611578728485e+10
9.961610691215579960e-01 1.960079789796955490e+10
1.006122679812773590e+00 2.230564274247447968e+10
1.016183906610901300e+00 2.565271813306932831e+10
1.026345745677010202e+00 2.884124214695882034e+10
1.036609203133780355e+00 3.201348138443331528e+10
1.046975295165118336e+00 3.432746574139858246e+10
1.057445048116769204e+00 3.657797650608090973e+10
1.068019498597936989e+00 3.808394127073288727e+10
1.078699693583916597e+00 3.955235537913377380e+10
1.089486690519755552e+00 3.401922288526771545e+10
1.100381557424953138e+00 2.579388125419076538e+10
1.111385372999202481e+00 2.293963981014062500e+10
1.122499226729194666e+00 2.344745460795042038e+10
1.133724218996486455e+00 2.209568508629177094e+10
1.145061461186451135e+00 2.455701941108795166e+10
1.156512075798315831e+00 2.499086130297864151e+10
1.168077196556299047e+00 2.561815046201498032e+10
1.179757968521861988e+00 2.756795729534080887e+10
1.191555548207080761e+00 3.293719156443703842e+10
1.203471103689151889e+00 3.861987876044881439e+10
1.215505814726043354e+00 4.372643680169773865e+10
1.227660872873303610e+00 4.899633740922389984e+10
1.239937481602036762e+00 5.277485773643353271e+10
1.252336856418057032e+00 5.646013518738886261e+10
1.264860224982237824e+00 6.037211932201298523e+10
1.277508827232060051e+00 5.915646171864286804e+10
1.290283915504380818e+00 5.706205142544697571e+10
1.303186754659424462e+00 5.500162786270337677e+10
1.316218622206019040e+00 5.177414009610380554e+10
1.329380808428079153e+00 3.772250977310278320e+10
1.342674616512359975e+00 2.064269624512572098e+10
1.356101362677483380e+00 1.755130500429923630e+10
1.369662376304258355e+00 1.895225201221956635e+10
1.383359000067300837e+00 2.032724055494722748e+10
1.397192590067974027e+00 1.979668266040082932e+10
1.411164515968653665e+00 1.884478628172329712e+10
1.425276161128340213e+00 1.831458449160205460e+10
1.439528922739623740e+00 1.970662703740762329e+10
1.453924211967019708e+00 2.386074386406493378e+10
1.468463454086690101e+00 2.468761129295244980e+10
1.483148088627556760e+00 2.708458916713905334e+10
1.497979569513832487e+00 3.008263177554825974e+10
1.512959365208970564e+00 3.383332075597835159e+10
1.528088958861060442e+00 3.814584830450953674e+10
1.543369848449671178e+00 4.297411272137654877e+10
1.558803546934167894e+00 4.640112344664636993e+10
1.574391582403509737e+00 5.190928376759140778e+10
1.590135498227544852e+00 5.704715669202788544e+10
1.606036853209820148e+00 5.935080656659358215e+10
1.622097221741918505e+00 6.163751240464965057e+10
1.638318193959337421e+00 6.384974398712313080e+10
1.654701375898931071e+00 6.704665290843164062e+10
1.671248389657920441e+00 6.707408320560136414e+10
1.687960873554499530e+00 6.758423476355740356e+10
1.704840482290044701e+00 6.379104821710713959e+10
1.721888887112944966e+00 5.616218530030315399e+10
1.739107775984074289e+00 5.095063540667079163e+10
1.756498853743915012e+00 4.696586177912905121e+10
1.774063842281354608e+00 4.072019371317334747e+10
1.791804480704168201e+00 3.754665141540477753e+10
1.809722525511209934e+00 3.398876672436688995e+10
1.827819750766321860e+00 3.401749947942794800e+10
1.846097948273984990e+00 3.176054066443025589e+10
1.864558927756724938e+00 2.937515482505337906e+10
1.883204517034292147e+00 3.386989174952605438e+10
1.902036562204635128e+00 3.565664530320968628e+10
1.921056927826681582e+00 3.644374137968373871e+10
1.940267497104948502e+00 3.397446358519786072e+10
1.959670172075998140e+00 3.422892028047037506e+10
1.979266873796758031e+00 3.516061808989272308e+10
1.999059542534725509e+00 3.612685418316253662e+10
2.019050137960073155e+00 3.939257862976332092e+10
2.039240639339673589e+00 4.335881182797184753e+10
2.059633045733070489e+00 4.739352428049318695e+10
2.080229376190401158e+00 5.040271081050422668e+10
2.101031669952305059e+00 5.395517577632658386e+10
2.122041986651828083e+00 5.569570438179770660e+10
2.143262406518346097e+00 5.680809024817280579e+10
2.164695030583529967e+00 5.662356384319370270e+10
2.186341980889365377e+00 5.506957018724208069e+10
2.208205400698258991e+00 5.233722663272731018e+10
2.230287454705241146e+00 5.191453566100001526e+10
2.252590329252293522e+00 5.051463135364034271e+10
2.275116232544817318e+00 4.886109438543567657e+10
2.297867394870265034e+00 4.447095051916356659e+10
2.320846068818967822e+00 4.204535421518231964e+10
2.344054529507157536e+00 4.126613127987544250e+10
2.367495074802228761e+00 4.029002143132746124e+10
2.391170025550251044e+00 3.976210458346315765e+10
2.415081725805753532e+00 3.858321649880323792e+10
2.439232543063811764e+00 3.629820840573603821e+10
2.463624868494449949e+00 3.356944492130708313e+10
2.488261117179394244e+00 3.175325460202374268e+10
2.513143728351188155e+00 2.769136754515350342e+10
2.538275165634700237e+00 2.586782406644703674e+10
2.563657917291046751e+00 2.484520183056291580e+10
2.589294496463957262e+00 2.470823273263119507e+10
2.615187441428596937e+00 2.655292621570712280e+10
2.641339315842882840e+00 2.728888357495819092e+10
2.667752709001311562e+00 2.522289598818255615e+10
2.694430236091324815e+00 2.342124234132278824e+10
2.721374538452237868e+00 2.388829482260040283e+10
2.748588283836760127e+00 2.429380276881518555e+10
2.776074166675128296e+00 2.304750322291590500e+10
2.803834908341879206e+00 2.417088053902949905e+10
2.831873257425297830e+00 2.365845589940863419e+10
2.860191989999551154e+00 2.358173362124776077e+10
2.888793909899546541e+00 2.453736411202610016e+10
2.917681848998542549e+00 2.327302785717519760e+10
2.946858667488527761e+00 2.482364389144306183e+10
2.976327254163412928e+00 2.482677935497770309e+10
3.006090526705047061e+00 2.597776591024409103e+10
3.036151431972097470e+00 2.596079976680632401e+10
3.066512946291818587e+00 2.677628100923600769e+10
3.097178075754736692e+00 2.588561042340159225e+10
3.128149856512283833e+00 2.550538228282414246e+10
3.159431355077406689e+00 2.481506638534730148e+10
3.191025668628181045e+00 2.441207015980796432e+10
3.222935925314462935e+00 2.523960964201445770e+10
3.255165284567607564e+00 2.657000961671355820e+10
3.287716937413283524e+00 2.748887945088477707e+10
3.320594106787416067e+00 2.177830902626189423e+10
3.353800047855290511e+00 2.232685205477030182e+10
3.387338048333843332e+00 2.593674047125949478e+10
3.421211428817182210e+00 2.550639959768127441e+10
3.455423543105353712e+00 2.523763280016587830e+10
3.489977778536407005e+00 2.537177043075173950e+10
3.524877556321771355e+00 2.583570958647856522e+10
3.560126331884988726e+00 2.587481722589046478e+10
3.595727595203838334e+00 2.652266780643269348e+10
3.631684871155877570e+00 2.749788546611180115e+10
3.668001719867436616e+00 2.823704326839381790e+10
3.704681737066110259e+00 2.921442173781539536e+10
3.741728554436771326e+00 2.956609850932875061e+10
3.779145839981139510e+00 2.992603118412736130e+10
3.816937298380950860e+00 2.997921336153030396e+10
3.855106671364760818e+00 3.037422833946236038e+10
3.893657738078407426e+00 2.995420846211410141e+10
3.932594315459191581e+00 2.921931717416573715e+10
3.971920258613783616e+00 2.671710727039407730e+10
4.011639461199922430e+00 2.388008316511592865e+10
4.051755855811920881e+00 2.183108543369033432e+10
4.092273414370040108e+00 1.993196564935922241e+10
4.133196148513740731e+00 1.929807087935589600e+10
4.174528109998877135e+00 1.883666690343264389e+10
4.216273391098866341e+00 1.757082427704399872e+10
4.258436125009854578e+00 1.597465893494440651e+10
4.301020486259953479e+00 1.310216452881098747e+10
4.344030691122553023e+00 1.263936263034709740e+10
4.387470998033777825e+00 1.341409000522442627e+10
4.431345708014116092e+00 1.279686567410548973e+10
4.475659165094256764e+00 1.209175853732102776e+10
4.520415756745198799e+00 1.173075813148420143e+10
4.565619914312651240e+00 1.138686322836977196e+10
4.611276113455778258e+00 1.149754205470228577e+10
4.657388874590335348e+00 1.180871084840723991e+10
4.703962763336238417e+00 1.153707454491717911e+10
4.751002390969600420e+00 1.119382541743820763e+10
4.798512414879296806e+00 1.109211046975766945e+10
4.846497539028090884e+00 1.098503893827664948e+10
4.894962514418371491e+00 1.078988320046423721e+10
4.943912139562555375e+00 1.057549275913731575e+10
4.993351260958180937e+00 1.076165550300065422e+10
5.043284773567762613e+00 1.056350530857444954e+10
5.093717621303440524e+00 1.066174086907254601e+10
5.144654797516475142e+00 1.032678691826664734e+10
5.196101345491639378e+00 1.016901459467040253e+10
5.248062358946555150e+00 1.022156750457576561e+10
5.300542982536021519e+00 9.768315013591913223e+09
5.353548412361381459e+00 9.605994734407728195e+09
5.407083896484995655e+00 9.096781606420026779e+09
5.461154735449845532e+00 9.058973472224214554e+09
5.515766282804344556e+00 8.804121393323619843e+09
5.570923945632387131e+00 8.388135109570928574e+09
5.626633185088711464e+00 8.293882324507576942e+09
5.682899516939598605e+00 7.993650050502010345e+09
5.739728512108993819e+00 7.698560435259483337e+09
5.797125797230084032e+00 7.570205708835971832e+09
5.855097055202384659e+00 7.187805217359047890e+09
5.913648025754409510e+00 7.203231794478818893e+09
5.972784506011953987e+00 7.175166825069772720e+09
6.032512351072073287e+00 6.921866954009706497e+09
6.092837474582792900e+00 7.050206281836377144e+09
6.153765849328621584e+00 7.083135380362334251e+09
6.215303507821907658e+00 6.934262513557237625e+09
6.277456542900125669e+00 6.939713683595154762e+09
6.340231108329128062e+00 6.664992848214053154e+09
6.403633419412418704e+00 6.046490096473890305e+09
6.467669753606543281e+00 5.471400814366309166e+09
6.532346451142608146e+00 5.178011545217217445e+09
6.597669915654034156e+00 4.686437003347505569e+09
6.663646614810574853e+00 4.664732277290909767e+09
6.730283080958680664e+00 4.791047237148238182e+09
6.797585911768267763e+00 4.488989180890562057e+09
6.865561770885950210e+00 4.429537108827081680e+09
6.934217388594810849e+00 4.467352252731598854e+09
7.003559562480758949e+00 4.423616044265360832e+09
7.073595158105566050e+00 4.160956931563988686e+09
7.144331109686621772e+00 4.078733895281949997e+09
7.215774420783487741e+00 3.990347367358188152e+09
7.287932164991324235e+00 3.851443446001089573e+09
7.360811486641236634e+00 3.673930989950054646e+09
7.434419601507648245e+00 3.585751392973411560e+09
7.508763797522725270e+00 3.556103930183324814e+09
7.583851435497953375e+00 3.409569786253739834e+09
7.659689949852931612e+00 3.395087050271921158e+09
7.736286849351461825e+00 3.099449290800721645e+09
7.813649717844977083e+00 3.128398156868952751e+09
7.891786215023426365e+00 2.955429159049714565e+09
7.970704077173661695e+00 3.028208987053688049e+09
8.050411117945397876e+00 2.936981917416211128e+09
8.130915229124850541e+00 2.873217539212188721e+09
8.212224381416099561e+00 2.795945056080550671e+09
8.294346625230261338e+00 2.742056539364306927e+09
8.377290091482562318e+00 2.688654872316555977e+09
8.461062992397387461e+00 2.636388895684580803e+09
8.545673622321363183e+00 2.580907457118223190e+09
8.631130358544575998e+00 2.560078019684553623e+09
8.717441662130022806e+00 2.468382728077379227e+09
8.804616078751321240e+00 2.398079981475708008e+09
8.892662239538834612e+00 2.349626182012624741e+09
8.981588861934222123e+00 2.222160939229671001e+09
9.071404750553567098e+00 2.229670421860271931e+09
9.162118798059102787e+00 2.220840798941800117e+09
9.253739986039693832e+00 2.145268405992673159e+09
9.346277385900089385e+00 2.119696453003125429e+09
9.439740159759089977e+00 2.009723612043076515e+09
9.534137561356683221e+00 2.008614035156589746e+09
9.629478936970249592e+00 1.916191382476779461e+09
9.725773726339950187e+00 1.905721596834625959e+09
9.823031463603349778e+00 1.843860788675829887e+09
9.921261778239381712e+00 1.749857796701367855e+09
1.002047439602177548e+01 1.733565996288845301e+09
1.012067913998199487e+01 1.640989542802901745e+09
1.022188593138181290e+01 1.603483703881611347e+09
1.032410479069563181e+01 1.514438061037059307e+09
1.042734583860258724e+01 1.447090716559112549e+09
1.053161929698861421e+01 1.447325708932693481e+09
1.063693548995849980e+01 1.421500990236980200e+09
1.074330484485808412e+01 1.380117347941011190e+09
1.085073789330666472e+01 1.343808187777286291e+09
1.095924527223973222e+01 1.252559639160992861e+09
1.106883772496212970e+01 1.222018691325946093e+09
1.117952610221174936e+01 1.197964990746917009e+09
1.129132136323386781e+01 1.155735944417492867e+09
1.140423457686620701e+01 1.139779212269523144e+09
1.151827692263487002e+01 1.077124834435001135e+09
1.163345969186121920e+01 1.039179252861986160e+09
1.174979428877982990e+01 9.623480236646140814e+08
1.186729223166762992e+01 9.559490193127888441e+08
1.198596515398430462e+01 9.365179456756289005e+08
1.210582480552414708e+01 8.863387364260836840e+08
1.222688305357938887e+01 8.649139207996693850e+08
1.234915188411518194e+01 8.233393443235073090e+08
1.247264340295633467e+01 7.741977315739921331e+08
1.259736983698589619e+01 7.501581575179882050e+08
1.272334353535575424e+01 7.365937705853295326e+08
1.285057697070931226e+01 7.111398446416817904e+08
1.297908274041640553e+01 6.710939492118158340e+08
1.310887356782057012e+01 6.625310227089008093e+08
1.323996230349877479e+01 6.187976927440866232e+08
1.337236192653376321e+01 6.041774498164551258e+08
1.350608554579910248e+01 5.660630585497397184e+08
1.364114640125709244e+01 5.610982707423158884e+08
1.377755786526966197e+01 5.323293443154979348e+08
1.391533344392236238e+01 5.173325137753626108e+08
1.405448677836158211e+01 4.985321473625797033e+08
1.419503164614519974e+01 4.653519950315130353e+08
1.433698196260665192e+01 4.582408836835485101e+08
1.448035178223271835e+01 4.283232829022931457e+08
1.462515530005504516e+01 4.209020339542883039e+08
1.477140685305559664e+01 4.140860544612421393e+08
1.491912092158615089e+01 3.742270901676067710e+08
1.506831213080201159e+01 3.808264273081671000e+08
1.521899525211003024e+01 3.677540508046693206e+08
1.537118520463113214e+01 3.490069490282257199e+08
1.552489705667744246e+01 3.345311402513561249e+08
1.568014602724421813e+01 3.229819514963409305e+08
1.583694748751665848e+01 3.171050631778177023e+08
1.599531696239182388e+01 3.019445166501308084e+08
1.615527013201574391e+01 2.891333034062780738e+08
1.631682283333590178e+01 2.831405643776081204e+08
1.647999106166925998e+01 2.671627043123294413e+08
1.664479097228595350e+01 2.548411217491833866e+08
1.681123888200881211e+01 2.571774824629981816e+08
1.697935127082889650e+01 2.469135770216401815e+08
1.714914478353718863e+01 2.275187433976894915e+08
1.732063623137256059e+01 2.194874173187294006e+08
1.749384259368628847e+01 2.183148198409325182e+08
1.766878101962314673e+01 2.054690492678461969e+08
1.784546882981938509e+01 2.025562414193327725e+08
1.802392351811757720e+01 1.957488789350228012e+08
1.820416275329875333e+01 1.849609264309552610e+08
1.838620438083173880e+01 1.815540781422109604e+08
1.857006642464005353e+01 1.651187979511410892e+08
1.875576708888645427e+01 1.669497919039867222e+08
1.894332475977532226e+01 1.608875702526836097e+08
1.913275800737307719e+01 1.585000754307034910e+08
1.969740769490774923e+01 1.372767269234552383e+08
2.068227807965313403e+01 1.143569767236142606e+08
2.171639198363579126e+01 9.496128172721621394e+07
2.280221158281758420e+01 8.052336519741038978e+07
2.394232216195846163e+01 6.661891624166308343e+07
2.513943827005638454e+01 5.507068744905807078e+07
2.639641018355920465e+01 4.629944940360069275e+07
2.771623069273716311e+01 3.853199229260688275e+07
2.910204222737402446e+01 3.205641241114935279e+07
3.055714433874272729e+01 2.609051990650866181e+07
3.208500155567985956e+01 2.239514604081495851e+07
3.368925163346385432e+01 1.810735372670131922e+07
3.537371421513704206e+01 1.473059807380915806e+07
3.714239992589390482e+01 1.245499325878909603e+07
3.899951992218858976e+01 1.044472368451831490e+07
4.094949591829801960e+01 8.451076953975105658e+06
4.299697071421292094e+01 7.011936518481763080e+06
4.514681924992356699e+01 5.825605734092099592e+06
4.740416021241974676e+01 4.854619487188505009e+06
4.977436822304073161e+01 3.986078784791210201e+06
5.226308663419276712e+01 3.338052485327825882e+06
5.487624096590241152e+01 2.763168755325061269e+06
5.762005301419753067e+01 2.276608528350290842e+06
6.050105566490740472e+01 1.927642650957635138e+06
6.352610844815276891e+01 1.550665167570352787e+06
6.670241387056040594e+01 1.307694770142826485e+06
7.003753456408843192e+01 1.095536133309956174e+06
7.353941129229284002e+01 8.866897444533075904e+05
7.721638185690748912e+01 7.417873680594407488e+05
8.107720094975286429e+01 6.089332562254038639e+05
8.513106099724051035e+01 5.076698962539098575e+05
8.938761404710253089e+01 4.397906428436253918e+05
9.385699474945765530e+01 3.493095443156908150e+05
