3.401114059005487245e-01 1.229149696277997398e+10
3.435125199595542300e-01 8.979729779259790421e+09
3.469476451591497201e-01 1.234942573925578499e+10
3.504171216107412334e-01 1.758592823391151428e+10
3.539212928268486436e-01 1.940933387310589981e+10
3.574605057551171750e-01 9.009101641246078491e+09
3.610351108126682584e-01 1.214290600113202286e+10
3.646454619207949999e-01 1.692624078470761871e+10
3.682919165400029282e-01 2.156512306558197784e+10
3.719748357054029064e-01 8.144634144185749054e+09
3.756945840624569266e-01 9.040926404601558685e+09
3.794515299030815081e-01 1.590303544313007736e+10
3.832460452021123065e-01 6.604636308764821053e+09
3.870785056541334312e-01 6.873433466402318954e+09
3.909492907106748016e-01 9.225134818281915665e+09
3.948587836177815391e-01 5.784308057074646950e+09
3.988073714539593917e-01 1.229691745248214531e+10
4.027954451684989667e-01 1.286286986027248001e+10
4.068233996201839342e-01 1.215845454834029961e+10
4.108916336163858096e-01 1.375425192885185242e+10
4.150005499525497021e-01 1.023960014932856560e+10
4.191505554520751908e-01 8.868028046073047638e+09
4.233420610065958822e-01 6.509181791795964241e+09
4.275754816166618122e-01 7.345502288862100601e+09
4.318512364328284114e-01 1.007732378388157082e+10
4.361697487971567533e-01 1.462493963803931999e+10
4.405314462851282475e-01 1.382163780850370407e+10
4.449367607479796094e-01 1.594285993131398964e+10
4.493861283554593800e-01 2.225512947190400696e+10
4.538799896390139921e-01 2.155780570572132492e+10
4.584187895354041031e-01 2.324519302007430267e+10
4.630029774307581336e-01 2.710781994367401505e+10
4.676330072050656761e-01 2.785724002994049072e+10
4.723093372771162701e-01 2.409871683717320251e+10
4.770324306498874289e-01 1.693102250843384933e+10
4.818027549563863032e-01 1.875262448814936066e+10
4.866207825059500891e-01 2.170520100889146423e+10
4.914869903310095656e-01 1.929436565631958008e+10
4.964018602343197584e-01 1.401941025133087921e+10
5.013658788366629482e-01 9.158731855886644363e+09
5.063795376250295188e-01 6.667618250221765518e+09
5.114433330012797541e-01 5.436348498887983322e+09
5.165577663312926893e-01 4.437055352954895020e+09
5.217233439946056262e-01 7.121048121425600052e+09
5.269405774345515825e-01 8.207967335818380356e+09
5.322099832088971194e-01 7.918030929563924789e+09
5.375320830409860973e-01 7.363778875355783463e+09
5.429074038713960215e-01 6.401675411170130730e+09
5.483364779101099762e-01 6.183852064009126663e+09
5.538198426892112503e-01 5.876876048411069870e+09
5.593580411161032107e-01 5.194878669653803825e+09
5.649516215272641917e-01 5.180443347606718063e+09
5.706011377425368458e-01 4.491710672868779182e+09
5.763071491199621699e-01 3.741087248354696274e+09
5.820702206111618704e-01 2.803194046805042744e+09
5.878909228172733981e-01 9.004035602251033783e+08
5.937698320454461998e-01 2.221522281470991611e+09
5.997075303659007428e-01 4.178218167478528976e+09
6.057046056695597480e-01 6.066874737910385132e+09
6.117616517262552955e-01 7.755990500534890175e+09
6.178792682435179096e-01 9.547771727807617188e+09
6.240580609259530620e-01 1.141585628692784882e+10
6.302986415352126448e-01 1.350046556841973877e+10
6.366016279505647413e-01 1.557277593764312363e+10
6.429676442300703565e-01 1.752813301951122665e+10
6.493973206723711034e-01 1.965291939251624298e+10
6.558912938790947278e-01 2.170228906316933441e+10
6.624502068178856895e-01 2.444098942544845200e+10
6.690747088860645730e-01 2.664657458641865540e+10
6.757654559749252110e-01 2.893502046969067383e+10
6.825231105346745153e-01 3.069440899452574539e+10
6.893483416400212338e-01 3.130108229076355743e+10
6.962418250564214039e-01 3.217778493741775894e+10
7.032042433069857212e-01 3.378081837156098938e+10
7.102362857400554841e-01 3.560051405518858337e+10
7.173386485974559967e-01 3.674686458798110962e+10
7.245120350834306500e-01 3.820835379882001495e+10
7.317571554342650053e-01 3.899071470199987030e+10
7.390747269886076554e-01 3.913594260511988831e+10
7.464654742584937441e-01 3.888965091106732178e+10
7.539301290010786971e-01 3.750261337138058472e+10
7.614694302910893775e-01 2.911263826354555511e+10
7.690841245940003290e-01 9.984096312380010605e+09
7.767749658399403234e-01 3.407759769357318115e+10
7.845427154983398710e-01 4.687836551696895599e+10
7.923881426533231354e-01 5.455089399921313477e+10
8.003120240798563545e-01 6.107072539708444214e+10
8.083151443206548770e-01 6.543349175590061951e+10
8.163982957638614701e-01 6.799098678298847961e+10
8.245622787215000082e-01 7.493222702704730225e+10
8.328079015087149761e-01 7.972244805338279724e+10
8.411359805238021181e-01 8.462058513282618713e+10
8.495473403290402237e-01 8.927976617634941101e+10
8.580428137323306004e-01 9.266568939114361572e+10
8.666232418696537820e-01 8.671862739584107971e+10
8.752894742883503554e-01 9.052176689544561768e+10
8.840423690312340099e-01 9.923080750639096069e+10
8.928827927215462479e-01 1.025084058803301392e+11
9.018116206487618580e-01 1.092780906522874451e+11
9.108297368552494833e-01 1.150589817619179993e+11
9.199380342238018260e-01 1.171674327002677460e+11
9.291374145660399320e-01 1.068044059967142487e+11
9.384287887117003235e-01 1.109888875286930237e+11
9.478130765988174167e-01 1.160870336157900848e+11
9.572912073648053299e-01 1.192641403395621185e+11
9.668641194384535176e-01 1.219459645550556946e+11
9.765327606328380039e-01 1.252782139211515045e+11
9.862980882391664261e-01 1.321751422759123077e+11
9.961610691215579960e-01 1.363254931776559906e+11
1.006122679812773590e+00 1.347274827755864716e+11
1.016183906610901300e+00 1.467990294011109924e+11
1.026345745677010202e+00 1.571036350052308350e+11
1.036609203133780355e+00 1.660838246046448975e+11
1.046975295165118336e+00 1.723242579354130249e+11
1.057445048116769204e+00 1.784605701498612366e+11
1.068019498597936989e+00 1.833175419736153870e+11
1.078699693583916597e+00 1.877731516821991577e+11
1.089486690519755552e+00 1.812715947721773376e+11
1.100381557424953138e+00 1.654486894737245789e+11
1.111385372999202481e+00 1.606099314232373962e+11
1.122499226729194666e+00 1.625647957396801453e+11
1.133724218996486455e+00 1.576101516229063721e+11
1.145061461186451135e+00 1.631711037501519470e+11
1.156512075798315831e+00 1.658957367017310791e+11
1.168077196556299047e+00 1.684523040424111633e+11
1.179757968521861988e+00 1.662097728474899597e+11
1.191555548207080761e+00 1.823357903151112671e+11
1.203471103689151889e+00 1.943093855380191956e+11
1.215505814726043354e+00 2.050993546844593201e+11
1.227660872873303610e+00 2.142706593496648560e+11
1.239937481602036762e+00 2.215555980095880127e+11
1.252336856418057032e+00 2.283283234666986389e+11
1.264860224982237824e+00 2.333315958955113831e+11
1.277508827232060051e+00 2.345921490185283203e+11
1.290283915504380818e+00 2.348889269017835083e+11
1.303186754659424462e+00 2.332998589439409485e+11
1.316218622206019040e+00 2.285002678618514709e+11
1.329380808428079153e+00 1.950404364185591431e+11
1.342674616512359975e+00 1.449687061985466309e+11
1.356101362677483380e+00 1.323373999021434631e+11
1.369662376304258355e+00 1.323843682992788239e+11
1.383359000067300837e+00 1.373902596815039978e+11
1.397192590067974027e+00 1.332512058246511230e+11
1.411164515968653665e+00 1.268565519398912354e+11
1.425276161128340213e+00 1.217750035667460022e+11
1.439528922739623740e+00 1.261856734720124969e+11
1.453924211967019708e+00 1.373635167618893433e+11
1.468463454086690101e+00 1.369578644714333038e+11
1.483148088627556760e+00 1.429093574020323486e+11
1.497979569513832487e+00 1.502881913130959473e+11
1.512959365208970564e+00 1.597024809663069763e+11
1.528088958861060442e+00 1.691207060847458496e+11
1.543369848449671178e+00 1.785836339616432190e+11
1.558803546934167894e+00 1.916094117955099487e+11
1.574391582403509737e+00 2.057602283905825195e+11
1.590135498227544852e+00 2.166968174632627563e+11
1.606036853209820148e+00 2.240303403575880127e+11
1.622097221741918505e+00 2.356229257171500854e+11
1.638318193959337421e+00 2.415884640560714417e+11
1.654701375898931071e+00 2.453395620681968079e+11
1.671248389657920441e+00 2.506588372912360840e+11
1.687960873554499530e+00 2.496475330886324463e+11
1.704840482290044701e+00 2.374938063993103943e+11
1.721888887112944966e+00 2.147762623409751892e+11
1.739107775984074289e+00 2.033095056069797668e+11
1.756498853743915012e+00 1.919573325404229431e+11
1.774063842281354608e+00 1.745792183356882019e+11
1.791804480704168201e+00 1.653777073535292053e+11
1.809722525511209934e+00 1.540069840233328857e+11
1.827819750766321860e+00 1.522773514001337280e+11
1.846097948273984990e+00 1.415618183065713806e+11
1.864558927756724938e+00 1.342875243778872223e+11
1.883204517034292147e+00 1.435247530925448608e+11
1.902036562204635128e+00 1.486083361619629822e+11
1.921056927826681582e+00 1.494564345417573242e+11
1.940267497104948502e+00 1.459785094992697144e+11
1.959670172075998140e+00 1.454936382913215332e+11
1.979266873796758031e+00 1.432262021276811829e+11
1.999059542534725509e+00 1.403167748267730103e+11
2.019050137960073155e+00 1.426654882393692322e+11
2.039240639339673589e+00 1.470584289030370483e+11
2.059633045733070489e+00 1.525756390204740601e+11
2.080229376190401158e+00 1.579616760519995422e+11
2.101031669952305059e+00 1.663813190938423767e+11
2.122041986651828083e+00 1.723599835045377197e+11
2.143262406518346097e+00 1.781477328016375427e+11
2.164695030583529967e+00 1.821276642678788757e+11
2.186341980889365377e+00 1.820601649337538452e+11
2.208205400698258991e+00 1.820745297218692932e+11
2.230287454705241146e+00 1.809032965832302246e+11
2.252590329252293522e+00 1.792762151641989136e+11
2.275116232544817318e+00 1.760851250575781860e+11
2.297867394870265034e+00 1.650337705904706726e+11
2.320846068818967822e+00 1.564092995436991272e+11
2.344054529507157536e+00 1.508759589491946716e+11
2.367495074802228761e+00 1.448630572613460693e+11
2.391170025550251044e+00 1.377903538843568726e+11
2.415081725805753532e+00 1.276429134640729065e+11
2.439232543063811764e+00 1.180819202854252167e+11
2.463624868494449949e+00 1.109284357868841400e+11
2.488261117179394244e+00 1.048954829920439758e+11
2.513143728351188155e+00 9.600320412572416687e+10
2.538275165634700237e+00 9.240715955107797241e+10
2.563657917291046751e+00 8.972161841393402100e+10
2.589294496463957262e+00 8.861470874187825012e+10
2.615187441428596937e+00 9.017146450801655579e+10
2.641339315842882840e+00 8.951823623745190430e+10
2.667752709001311562e+00 8.811618643083180237e+10
2.694430236091324815e+00 8.348728501512254333e+10
2.721374538452237868e+00 8.120001252617657471e+10
2.748588283836760127e+00 7.915824383705540466e+10
2.776074166675128296e+00 7.584740432898902893e+10
2.803834908341879206e+00 7.568667918834996033e+10
2.831873257425297830e+00 7.331584851846453857e+10
2.860191989999551154e+00 7.265522476508372498e+10
2.888793909899546541e+00 7.285946161549035645e+10
2.917681848998542549e+00 6.892254937232283020e+10
2.946858667488527761e+00 6.993395772850123596e+10
2.976327254163412928e+00 6.857073902025866699e+10
3.006090526705047061e+00 6.910902501128511047e+10
3.036151431972097470e+00 6.809875021628656006e+10
3.066512946291818587e+00 6.951572470731323242e+10
3.097178075754736692e+00 6.855828755431942749e+10
3.128149856512283833e+00 6.884144463795108032e+10
3.159431355077406689e+00 6.884313364175292969e+10
3.191025668628181045e+00 6.881872850845417786e+10
3.222935925314462935e+00 6.910086578735771179e+10
3.255165284567607564e+00 6.987223733307925415e+10
3.287716937413283524e+00 6.944055717320381165e+10
3.320594106787416067e+00 6.968511134982197571e+10
3.353800047855290511e+00 6.870234041786864471e+10
3.387338048333843332e+00 6.830632820395312500e+10
3.421211428817182210e+00 6.803098890697927856e+10
3.455423543105353712e+00 6.797838584975817871e+10
3.489977778536407005e+00 6.676497084915625000e+10
3.524877556321771355e+00 6.588440351095006561e+10
3.560126331884988726e+00 6.574927025656886292e+10
3.595727595203838334e+00 6.513649025977548981e+10
3.631684871155877570e+00 6.448186323928635406e+10
3.668001719867436616e+00 6.348351196967701721e+10
3.704681737066110259e+00 6.348115654015388489e+10
3.741728554436771326e+00 6.279151848878736877e+10
3.779145839981139510e+00 6.224520511242057800e+10
3.816937298380950860e+00 6.102909745887123108e+10
3.855106671364760818e+00 6.031889175657454681e+10
3.893657738078407426e+00 5.917337473146160126e+10
3.932594315459191581e+00 5.766835646729354095e+10
3.971920258613783616e+00 5.543388932423931122e+10
4.011639461199922430e+00 5.307213321575659180e+10
4.051755855811920881e+00 5.083191319395012665e+10
4.092273414370040108e+00 4.760384101560058594e+10
4.133196148513740731e+00 4.610397725773403931e+10
4.174528109998877135e+00 4.404650453238381195e+10
4.216273391098866341e+00 4.109447327033124542e+10
4.258436125009854578e+00 3.778688607422438049e+10
4.301020486259953479e+00 3.620985061499786377e+10
4.344030691122553023e+00 3.434177012402482224e+10
4.387470998033777825e+00 3.268822781016535950e+10
4.431345708014116092e+00 3.119157219883869934e+10
4.475659165094256764e+00 3.015458055468470001e+10
4.520415756745198799e+00 2.919097122109732437e+10
4.565619914312651240e+00 2.836461667653952408e+10
4.611276113455778258e+00 2.799919990354957581e+10
4.657388874590335348e+00 2.747398370066971588e+10
4.703962763336238417e+00 2.683180035830625916e+10
4.751002390969600420e+00 2.605200013034963989e+10
4.798512414879296806e+00 2.526271229612463379e+10
4.846497539028090884e+00 2.460130873678289032e+10
4.894962514418371491e+00 2.384527641856588745e+10
4.943912139562555375e+00 2.302367858451535416e+10
4.993351260958180937e+00 2.254471522221321106e+10
5.043284773567762613e+00 2.169905507357527924e+10
5.093717621303440524e+00 2.132362316901895142e+10
5.144654797516475142e+00 2.055197282778330994e+10
5.196101345491639378e+00 2.001693325979627228e+10
5.248062358946555150e+00 1.958854406288836670e+10
5.300542982536021519e+00 1.888094400294659424e+10
5.353548412361381459e+00 1.843455802592631912e+10
5.407083896484995655e+00 1.776207492306084061e+10
5.461154735449845532e+00 1.742822309519360352e+10
5.515766282804344556e+00 1.690011839671540451e+10
5.570923945632387131e+00 1.627863370268016815e+10
5.626633185088711464e+00 1.596069532345137405e+10
5.682899516939598605e+00 1.539800880830444717e+10
5.739728512108993819e+00 1.493922604416472244e+10
5.797125797230084032e+00 1.457032692643346214e+10
5.855097055202384659e+00 1.403048914263796806e+10
5.913648025754409510e+00 1.378773990084637070e+10
5.972784506011953987e+00 1.351249887437788963e+10
6.032512351072073287e+00 1.306365259669579697e+10
6.092837474582792900e+00 1.303025173127865601e+10
6.153765849328621584e+00 1.285574210031906700e+10
6.215303507821907658e+00 1.254824801347480583e+10
6.277456542900125669e+00 1.222743505667999458e+10
6.340231108329128062e+00 1.182995846913191795e+10
6.403633419412418704e+00 1.116531789154014015e+10
6.467669753606543281e+00 1.029532579129273224e+10
6.532346451142608146e+00 9.726997616075469971e+09
6.597669915654034156e+00 9.044831119829652786e+09
6.663646614810574853e+00 8.723188592393882751e+09
6.730283080958680664e+00 8.736341291614036560e+09
6.797585911768267763e+00 8.318273064397052765e+09
6.865561770885950210e+00 8.121500860700500488e+09
6.934217388594810849e+00 7.976428800598505974e+09
7.003559562480758949e+00 7.860192296976684570e+09
7.073595158105566050e+00 7.507442568326946259e+09
7.144331109686621772e+00 7.354740570895750046e+09
7.215774420783487741e+00 7.201383336265687943e+09
7.287932164991324235e+00 6.971926846605044365e+09
7.360811486641236634e+00 6.732501300695064545e+09
7.434419601507648245e+00 6.532353694015835762e+09
7.508763797522725270e+00 6.365458079619155884e+09
7.583851435497953375e+00 6.093258514515344620e+09
7.659689949852931612e+00 5.979103028595264435e+09
7.736286849351461825e+00 5.726738382419305801e+09
7.813649717844977083e+00 5.695520565618945122e+09
7.891786215023426365e+00 5.275044385228750229e+09
7.970704077173661695e+00 5.230861713774597168e+09
8.050411117945397876e+00 5.048794980149604797e+09
8.130915229124850541e+00 4.883709219524058342e+09
8.212224381416099561e+00 4.735514804365642548e+09
8.294346625230261338e+00 4.564302884563095093e+09
8.377290091482562318e+00 4.432243911239577293e+09
8.461062992397387461e+00 4.326759625096001625e+09
8.545673622321363183e+00 4.208180842286434174e+09
8.631130358544575998e+00 4.130728548017636776e+09
8.717441662130022806e+00 3.976764868793724537e+09
8.804616078751321240e+00 3.867547800690242767e+09
8.892662239538834612e+00 3.814418999711299419e+09
8.981588861934222123e+00 3.658380923953326225e+09
9.071404750553567098e+00 3.588998900658470631e+09
9.162118798059102787e+00 3.498933795119074345e+09
9.253739986039693832e+00 3.364057600181435108e+09
9.346277385900089385e+00 3.303813283372075081e+09
9.439740159759089977e+00 3.169462505668856144e+09
9.534137561356683221e+00 3.131483333353152275e+09
9.629478936970249592e+00 2.975483386648822784e+09
9.725773726339950187e+00 2.925130163888418198e+09
9.823031463603349778e+00 2.839905760253350735e+09
9.921261778239381712e+00 2.699916211551439762e+09
1.002047439602177548e+01 2.647704757096197128e+09
1.012067913998199487e+01 2.547330671837409973e+09
1.022188593138181290e+01 2.480461370501647949e+09
1.032410479069563181e+01 2.365588487956074238e+09
1.042734583860258724e+01 2.274501111596042156e+09
1.053161929698861421e+01 2.209767298137567520e+09
1.063693548995849980e+01 2.133269995988559961e+09
1.074330484485808412e+01 2.055262689507776260e+09
1.085073789330666472e+01 1.996803179879330635e+09
1.095924527223973222e+01 1.887269072035951376e+09
1.106883772496212970e+01 1.825500258282554388e+09
1.117952610221174936e+01 1.759100519896494389e+09
1.129132136323386781e+01 1.696868936783519983e+09
1.140423457686620701e+01 1.647591568107382298e+09
1.151827692263487002e+01 1.573078703526161194e+09
1.163345969186121920e+01 1.520002797135836124e+09
1.174979428877982990e+01 1.433739013028165817e+09
1.186729223166762992e+01 1.394602885171104193e+09
1.198596515398430462e+01 1.357398323686403751e+09
1.210582480552414708e+01 1.291937338718517303e+09
1.222688305357938887e+01 1.257359653445184469e+09
1.234915188411518194e+01 1.208695913120261192e+09
1.247264340295633467e+01 1.143012678493700266e+09
1.259736983698589619e+01 1.109211780209181070e+09
1.272334353535575424e+01 1.075634082661501408e+09
1.285057697070931226e+01 1.033012911006254077e+09
1.297908274041640553e+01 9.835488875805844069e+08
1.310887356782057012e+01 9.642267307075902224e+08
1.323996230349877479e+01 9.122472490144975185e+08
1.337236192653376321e+01 8.870230010534236431e+08
1.350608554579910248e+01 8.446164752006547451e+08
1.364114640125709244e+01 8.268357793580094576e+08
1.377755786526966197e+01 7.849974781301448345e+08
1.391533344392236238e+01 7.659578081749300957e+08
1.405448677836158211e+01 7.359736749896752834e+08
1.419503164614519974e+01 6.942490892743201256e+08
1.433698196260665192e+01 6.800902660833119154e+08
1.448035178223271835e+01 6.488393909258381128e+08
1.462515530005504516e+01 6.236976761086400747e+08
1.477140685305559664e+01 6.118798669542059898e+08
1.491912092158615089e+01 5.747066802784090042e+08
1.506831213080201159e+01 5.626840897003931999e+08
1.521899525211003024e+01 5.432313002316911221e+08
1.537118520463113214e+01 5.193360301037037969e+08
1.552489705667744246e+01 5.003586115353516936e+08
1.568014602724421813e+01 4.830444702631250024e+08
1.583694748751665848e+01 4.679835680157095790e+08
1.599531696239182388e+01 4.479501840187385678e+08
1.615527013201574391e+01 4.278978829868302345e+08
1.631682283333590178e+01 4.192913050669514537e+08
1.647999106166925998e+01 3.976380146048715711e+08
1.664479097228595350e+01 3.818213526097172499e+08
1.681123888200881211e+01 3.759966240624037385e+08
1.697935127082889650e+01 3.644468904727942348e+08
1.714914478353718863e+01 3.421868832496028543e+08
1.732063623137256059e+01 3.280615684564318657e+08
1.749384259368628847e+01 3.222402817131029367e+08
1.766878101962314673e+01 3.052341268046924472e+08
1.784546882981938509e+01 2.987539004413331151e+08
1.802392351811757720e+01 2.878423689209091067e+08
1.820416275329875333e+01 2.752277259271150827e+08
1.838620438083173880e+01 2.674146457104181945e+08
1.857006642464005353e+01 2.491019174868077636e+08
1.875576708888645427e+01 2.460337794867354929e+08
1.894332475977532226e+01 2.374559795255154073e+08
1.913275800737307719e+01 2.309575993342208862e+08
1.969740769490774923e+01 2.042778574523412287e+08
2.068227807965313403e+01 1.696733485832001567e+08
2.171639198363579126e+01 1.410345891352648735e+08
2.280221158281758420e+01 1.182686032961260378e+08
2.394232216195846163e+01 9.797015269874584675e+07
2.513943827005638454e+01 8.117799562037162483e+07
2.639641018355920465e+01 6.777743868064202368e+07
2.771623069273716311e+01 5.610477154646141082e+07
2.910204222737402446e+01 4.669598263465964794e+07
3.055714433874272729e+01 3.819289620845305920e+07
3.208500155567985956e+01 3.218398180919743329e+07
3.368925163346385432e+01 2.624324730659784749e+07
3.537371421513704206e+01 2.158580453016151488e+07
3.714239992589390482e+01 1.800616032195810229e+07
3.899951992218858976e+01 1.503280220168985985e+07
4.094949591829801960e+01 1.227322745206886157e+07
4.299697071421292094e+01 1.024189971269149520e+07
4.514681924992356699e+01 8.485758845490647480e+06
4.740416021241974676e+01 7.051259498174158856e+06
4.977436822304073161e+01 5.827675406498339958e+06
5.226308663419276712e+01 4.824588430644360371e+06
5.487624096590241152e+01 4.008625355562966317e+06
5.762005301419753067e+01 3.310348068214003462e+06
6.050105566490740472e+01 2.765899368680668529e+06
6.352610844815276891e+01 2.264718963117333129e+06
6.670241387056040594e+01 1.892360364153096452e+06
7.003753456408843192e+01 1.575824773673495511e+06
7.353941129229284002e+01 1.286912459087879863e+06
7.721638185690748912e+01 1.076626559585327050e+06
8.107720094975286429e+01 8.814301744682884309e+05
8.513106099724051035e+01 7.305911528214280261e+05
8.938761404710253089e+01 6.234280393545822008e+05
9.385699474945765530e+01 5.069490795914798509e+05
