3.401114059005487245e-01 1.522623020942274475e+11
3.435125199595542300e-01 1.973185423235125122e+11
3.469476451591497201e-01 2.105512527533763428e+11
3.504171216107412334e-01 2.206031485861385193e+11
3.539212928268486436e-01 2.282575962247961121e+11
3.574605057551171750e-01 2.942055660753764648e+11
3.610351108126682584e-01 2.909449714699832153e+11
3.646454619207949999e-01 3.027920845428186035e+11
3.682919165400029282e-01 3.232660437310644531e+11
3.719748357054029064e-01 3.964357983426862183e+11
3.756945840624569266e-01 4.167612221689033813e+11
3.794515299030815081e-01 4.085756880796118164e+11
3.832460452021123065e-01 4.814768753154591064e+11
3.870785056541334312e-01 4.993613322444746704e+11
3.909492907106748016e-01 5.045182367729404297e+11
3.948587836177815391e-01 4.544583543333713989e+11
3.988073714539593917e-01 4.435845213445388794e+11
4.027954451684989667e-01 4.708255121179046021e+11
4.068233996201839342e-01 5.466397699662334595e+11
4.108916336163858096e-01 4.869081890790014648e+11
4.150005499525497021e-01 5.682031622848182373e+11
4.191505554520751908e-01 6.312815727571914062e+11
4.233420610065958822e-01 7.262437698443913574e+11
4.275754816166618122e-01 7.106374779432503662e+11
4.318512364328284114e-01 7.574202641774348145e+11
4.361697487971567533e-01 7.429073574598525391e+11
4.405314462851282475e-01 8.495460630709694824e+11
4.449367607479796094e-01 8.518375178772893066e+11
4.493861283554593800e-01 8.541237793463693848e+11
4.538799896390139921e-01 8.800652221506087646e+11
4.584187895354041031e-01 9.319979474765620117e+11
4.630029774307581336e-01 9.829550710175437012e+11
4.676330072050656761e-01 1.032078286205280151e+12
4.723093372771162701e-01 1.079891088409366089e+12
4.770324306498874289e-01 1.161430848055971924e+12
4.818027549563863032e-01 1.206518000581767578e+12
4.866207825059500891e-01 1.249386753336819092e+12
4.914869903310095656e-01 1.276478963918747314e+12
4.964018602343197584e-01 1.352821423868772217e+12
5.013658788366629482e-01 1.460489730694716309e+12
5.063795376250295188e-01 1.536173815883282471e+12
5.114433330012797541e-01 1.607574081343582520e+12
5.165577663312926893e-01 1.742009335136225098e+12
5.217233439946056262e-01 1.722422574631141846e+12
5.269405774345515825e-01 1.781884441319112549e+12
5.322099832088971194e-01 1.817159079423455566e+12
5.375320830409860973e-01 1.911960830160011963e+12
5.429074038713960215e-01 2.039767784571528564e+12
5.483364779101099762e-01 2.074410277189174561e+12
5.538198426892112503e-01 2.099084367849359131e+12
5.593580411161032107e-01 2.204494691357125977e+12
5.649516215272641917e-01 2.300460606495507324e+12
5.706011377425368458e-01 2.339999683546009766e+12
5.763071491199621699e-01 2.388403865732976074e+12
5.820702206111618704e-01 2.421615714091362793e+12
5.878909228172733981e-01 2.589002152191657227e+12
5.937698320454461998e-01 2.695870965589158691e+12
5.997075303659007428e-01 2.735841720140670410e+12
6.057046056695597480e-01 2.726941724465944336e+12
6.117616517262552955e-01 2.722003517286008789e+12
6.178792682435179096e-01 2.909497318648463867e+12
6.240580609259530620e-01 3.070858236466198730e+12
6.302986415352126448e-01 3.040091552826530762e+12
6.366016279505647413e-01 3.010916519315350586e+12
6.429676442300703565e-01 3.012280037034933594e+12
6.493973206723711034e-01 3.045936451922180664e+12
6.558912938790947278e-01 3.110365023761432129e+12
6.624502068178856895e-01 3.265271839427210938e+12
6.690747088860645730e-01 3.392302787128408691e+12
6.757654559749252110e-01 3.453546179081319336e+12
6.825231105346745153e-01 3.460458295449683594e+12
6.893483416400212338e-01 3.429008189378366699e+12
6.962418250564214039e-01 3.383060779142387695e+12
7.032042433069857212e-01 3.375142992593180664e+12
7.102362857400554841e-01 3.548069783237510742e+12
7.173386485974559967e-01 3.645532102637888184e+12
7.245120350834306500e-01 3.623900263544940430e+12
7.317571554342650053e-01 3.556169697823046875e+12
7.390747269886076554e-01 3.510688471958912598e+12
7.464654742584937441e-01 3.497012937502557129e+12
7.539301290010786971e-01 3.499402757844899414e+12
7.614694302910893775e-01 3.611558601089744141e+12
7.690841245940003290e-01 3.767040096253856445e+12
7.767749658399403234e-01 3.821763652808181641e+12
7.845427154983398710e-01 3.844708145864252930e+12
7.923881426533231354e-01 3.854521233741867676e+12
8.003120240798563545e-01 3.818921752970630859e+12
8.083151443206548770e-01 3.797649773209430176e+12
8.163982957638614701e-01 3.744486255480780762e+12
8.245622787215000082e-01 3.818321086105086426e+12
8.328079015087149761e-01 3.895976650370280273e+12
8.411359805238021181e-01 3.919681244939329590e+12
8.495473403290402237e-01 4.027870905519873047e+12
8.580428137323306004e-01 3.971964489888569824e+12
8.666232418696537820e-01 3.977071863113289062e+12
8.752894742883503554e-01 3.904462059928037109e+12
8.840423690312340099e-01 3.934633118752118652e+12
8.928827927215462479e-01 3.967904058819165039e+12
9.018116206487618580e-01 3.960603328314676270e+12
9.108297368552494833e-01 3.932406015890563965e+12
9.199380342238018260e-01 3.860882297817352539e+12
9.291374145660399320e-01 3.857920908709655273e+12
9.384287887117003235e-01 3.870012655444585449e+12
9.478130765988174167e-01 3.825287913433066406e+12
9.572912073648053299e-01 3.805180520734746094e+12
9.668641194384535176e-01 3.779084334223910645e+12
9.765327606328380039e-01 3.816219177620758789e+12
9.862980882391664261e-01 3.829271361105567383e+12
9.961610691215579960e-01 3.875871959975439453e+12
1.006122679812773590e+00 3.846607071591342285e+12
1.016183906610901300e+00 3.794526251709559082e+12
1.026345745677010202e+00 3.783115851470328613e+12
1.036609203133780355e+00 3.736570335168345215e+12
1.046975295165118336e+00 3.682724673105300781e+12
1.057445048116769204e+00 3.642639884739561035e+12
1.068019498597936989e+00 3.623628701846736328e+12
1.078699693583916597e+00 3.587517623504219238e+12
1.089486690519755552e+00 3.558383711449890625e+12
1.100381557424953138e+00 3.543223790052617676e+12
1.111385372999202481e+00 3.516922183326451660e+12
1.122499226729194666e+00 3.476381506725164062e+12
1.133724218996486455e+00 3.437674509283767578e+12
1.145061461186451135e+00 3.405208960527254395e+12
1.156512075798315831e+00 3.372731969387936523e+12
1.168077196556299047e+00 3.333692562201376465e+12
1.179757968521861988e+00 3.285835081571202637e+12
1.191555548207080761e+00 3.287942108905473633e+12
1.203471103689151889e+00 3.217482557777992188e+12
1.215505814726043354e+00 3.161733142849828613e+12
1.227660872873303610e+00 3.114347520915969238e+12
1.239937481602036762e+00 3.085728553309411133e+12
1.252336856418057032e+00 3.047665680965655273e+12
1.264860224982237824e+00 3.000823469422007812e+12
1.277508827232060051e+00 2.948795557322221191e+12
1.290283915504380818e+00 2.917047479079596680e+12
1.303186754659424462e+00 2.865976152094764160e+12
1.316218622206019040e+00 2.816738295944124023e+12
1.329380808428079153e+00 2.796943814315435547e+12
1.342674616512359975e+00 2.785495439813907715e+12
1.356101362677483380e+00 2.746161016534303223e+12
1.369662376304258355e+00 2.696534464249779785e+12
1.383359000067300837e+00 2.648184698883995605e+12
1.397192590067974027e+00 2.615884809067736816e+12
1.411164515968653665e+00 2.579518964883511230e+12
1.425276161128340213e+00 2.541814028505393066e+12
1.439528922739623740e+00 2.490859089189945801e+12
1.453924211967019708e+00 2.447833449510058594e+12
1.468463454086690101e+00 2.408219703616100586e+12
1.483148088627556760e+00 2.357668138663871582e+12
1.497979569513832487e+00 2.310357625494376953e+12
1.512959365208970564e+00 2.258400148869798340e+12
1.528088958861060442e+00 2.211801673155155273e+12
1.543369848449671178e+00 2.163623956300981201e+12
1.558803546934167894e+00 2.121235916033625732e+12
1.574391582403509737e+00 2.070441666453656738e+12
1.590135498227544852e+00 2.021605528411095703e+12
1.606036853209820148e+00 1.975158096756560547e+12
1.622097221741918505e+00 1.929147614103571045e+12
1.638318193959337421e+00 1.874685512016203613e+12
1.654701375898931071e+00 1.827748246552026123e+12
1.671248389657920441e+00 1.783289336860930664e+12
1.687960873554499530e+00 1.746773677748938721e+12
1.704840482290044701e+00 1.716796836437378418e+12
1.721888887112944966e+00 1.697928352230245605e+12
1.739107775984074289e+00 1.672236033148920166e+12
1.756498853743915012e+00 1.652617621132149414e+12
1.774063842281354608e+00 1.632744169184976318e+12
1.791804480704168201e+00 1.606876661931801270e+12
1.809722525511209934e+00 1.581152814632951172e+12
1.827819750766321860e+00 1.547993744505699463e+12
1.846097948273984990e+00 1.524061261477688965e+12
1.864558927756724938e+00 1.498955225047453857e+12
1.883204517034292147e+00 1.458046809145052490e+12
1.902036562204635128e+00 1.421886578046225098e+12
1.921056927826681582e+00 1.388089913036590088e+12
1.940267497104948502e+00 1.362409312998322754e+12
1.959670172075998140e+00 1.319249693721625977e+12
1.979266873796758031e+00 1.300452533884060547e+12
1.999059542534725509e+00 1.263969297212628906e+12
2.019050137960073155e+00 1.236499080750847900e+12
2.039240639339673589e+00 1.206479122911589355e+12
2.059633045733070489e+00 1.178894376267872803e+12
2.080229376190401158e+00 1.149625876993106445e+12
2.101031669952305059e+00 1.118136338976374512e+12
2.122041986651828083e+00 1.088729222709435181e+12
2.143262406518346097e+00 1.057870940758495361e+12
2.164695030583529967e+00 1.025691390377619873e+12
2.186341980889365377e+00 9.957675177776282959e+11
2.208205400698258991e+00 9.650391316125330811e+11
2.230287454705241146e+00 9.357496308543682861e+11
2.252590329252293522e+00 9.078260601998602295e+11
2.275116232544817318e+00 8.810927412575760498e+11
2.297867394870265034e+00 8.726701787311729736e+11
2.320846068818967822e+00 8.560782768008721924e+11
2.344054529507157536e+00 8.374998773447591553e+11
2.367495074802228761e+00 8.177298154482601318e+11
2.391170025550251044e+00 8.072692673885063477e+11
2.415081725805753532e+00 7.905306994033883057e+11
2.439232543063811764e+00 7.734607395522773438e+11
2.463624868494449949e+00 7.571018969530522461e+11
2.488261117179394244e+00 7.406446228177336426e+11
2.513143728351188155e+00 7.224702759955212402e+11
2.538275165634700237e+00 7.029501737503365479e+11
2.563657917291046751e+00 6.834016216578095703e+11
2.589294496463957262e+00 6.631572995180797119e+11
2.615187441428596937e+00 6.413309150092897949e+11
2.641339315842882840e+00 6.208480582483751221e+11
2.667752709001311562e+00 6.016228780706370850e+11
2.694430236091324815e+00 5.850005972575178223e+11
2.721374538452237868e+00 5.694940630568572998e+11
2.748588283836760127e+00 5.552552775351190186e+11
2.776074166675128296e+00 5.405323743226968994e+11
2.803834908341879206e+00 5.249140801878993530e+11
2.831873257425297830e+00 5.111709203334047241e+11
2.860191989999551154e+00 4.962688324402795410e+11
2.888793909899546541e+00 4.806514583667844849e+11
2.917681848998542549e+00 4.683854564651823120e+11
2.946858667488527761e+00 4.541729434433224487e+11
2.976327254163412928e+00 4.413163559678352051e+11
3.006090526705047061e+00 4.273537716800944824e+11
3.036151431972097470e+00 4.156267993302996826e+11
3.066512946291818587e+00 4.019611980413283081e+11
3.097178075754736692e+00 3.905383229369618530e+11
3.128149856512283833e+00 3.782500284483906250e+11
3.159431355077406689e+00 3.663552275003027954e+11
3.191025668628181045e+00 3.549714772562640991e+11
3.222935925314462935e+00 3.432496417572498169e+11
3.255165284567607564e+00 3.324206113657039185e+11
3.287716937413283524e+00 3.215367047900739746e+11
3.320594106787416067e+00 3.109339471005496216e+11
3.353800047855290511e+00 3.008532353142860718e+11
3.387338048333843332e+00 2.907485167801386108e+11
3.421211428817182210e+00 2.812282221524948730e+11
3.455423543105353712e+00 2.716844781081312561e+11
3.489977778536407005e+00 2.627339226326607056e+11
3.524877556321771355e+00 2.540143512439442444e+11
3.560126331884988726e+00 2.455344487840703430e+11
3.595727595203838334e+00 2.371977525817071228e+11
3.631684871155877570e+00 2.293789652233128052e+11
3.668001719867436616e+00 2.217419969426835022e+11
3.704681737066110259e+00 2.142589330881088562e+11
3.741728554436771326e+00 2.068018155804120178e+11
3.779145839981139510e+00 1.997640967040798645e+11
3.816937298380950860e+00 1.931724016038083801e+11
3.855106671364760818e+00 1.866257173492246399e+11
3.893657738078407426e+00 1.804743971286726379e+11
3.932594315459191581e+00 1.746556801499524841e+11
3.971920258613783616e+00 1.694011562272181702e+11
4.011639461199922430e+00 1.640363462821648254e+11
4.051755855811920881e+00 1.590821927812917175e+11
4.092273414370040108e+00 1.544362137243283386e+11
4.133196148513740731e+00 1.493546904351401367e+11
4.174528109998877135e+00 1.447047632695796814e+11
4.216273391098866341e+00 1.400136742627912598e+11
4.258436125009854578e+00 1.358336912470546417e+11
4.301020486259953479e+00 1.328471136333343964e+11
4.344030691122553023e+00 1.291257247368038483e+11
4.387470998033777825e+00 1.257895023816755371e+11
4.431345708014116092e+00 1.226819276338206635e+11
4.475659165094256764e+00 1.192074874668280029e+11
4.520415756745198799e+00 1.154830527240984955e+11
4.565619914312651240e+00 1.116985040872654877e+11
4.611276113455778258e+00 1.080368891517028503e+11
4.657388874590335348e+00 1.041916591604081421e+11
4.703962763336238417e+00 1.005812334094883118e+11
4.751002390969600420e+00 9.711703061120599365e+10
4.798512414879296806e+00 9.391970625053126526e+10
4.846497539028090884e+00 9.061739544069209290e+10
4.894962514418371491e+00 8.767664706967347717e+10
4.943912139562555375e+00 8.469925178217230225e+10
4.993351260958180937e+00 8.179623672922987366e+10
5.043284773567762613e+00 7.909577586752787781e+10
5.093717621303440524e+00 7.632603184025863647e+10
5.144654797516475142e+00 7.372266326989558411e+10
5.196101345491639378e+00 7.114986939092573547e+10
5.248062358946555150e+00 6.873041208678010559e+10
5.300542982536021519e+00 6.630708472641938782e+10
5.353548412361381459e+00 6.397865879313430786e+10
5.407083896484995655e+00 6.180381443301763916e+10
5.461154735449845532e+00 5.959752683591242981e+10
5.515766282804344556e+00 5.749392688600148010e+10
5.570923945632387131e+00 5.546781031565142059e+10
5.626633185088711464e+00 5.349304451746351624e+10
5.682899516939598605e+00 5.161275425777912140e+10
5.739728512108993819e+00 4.981601088836224365e+10
5.797125797230084032e+00 4.800234879902870941e+10
5.855097055202384659e+00 4.635444347115205383e+10
5.913648025754409510e+00 4.465379346668090820e+10
5.972784506011953987e+00 4.304781322860524750e+10
6.032512351072073287e+00 4.154624627500794220e+10
6.092837474582792900e+00 4.002823020350744629e+10
6.153765849328621584e+00 3.857953731392922974e+10
6.215303507821907658e+00 3.719615112331381989e+10
6.277456542900125669e+00 3.589915037163743591e+10
6.340231108329128062e+00 3.466093373874607849e+10
6.403633419412418704e+00 3.349640573030754852e+10
6.467669753606543281e+00 3.246913838818191528e+10
6.532346451142608146e+00 3.141190271371906662e+10
6.597669915654034156e+00 3.042313297863138580e+10
6.663646614810574853e+00 2.942694019818095016e+10
6.730283080958680664e+00 2.833877241124623489e+10
6.797585911768267763e+00 2.739045928011685562e+10
6.865561770885950210e+00 2.639701241291958237e+10
6.934217388594810849e+00 2.548393064078180313e+10
7.003559562480758949e+00 2.454170007033198166e+10
7.073595158105566050e+00 2.368695911223857880e+10
7.144331109686621772e+00 2.283390466522507477e+10
7.215774420783487741e+00 2.201699508874695969e+10
7.287932164991324235e+00 2.123462909098843002e+10
7.360811486641236634e+00 2.046555395615670013e+10
7.434419601507648245e+00 1.972999749113854599e+10
7.508763797522725270e+00 1.902912717883086777e+10
7.583851435497953375e+00 1.834618544121496964e+10
7.659689949852931612e+00 1.768768819684435272e+10
7.736286849351461825e+00 1.706356972788427353e+10
7.813649717844977083e+00 1.641485964241107941e+10
7.891786215023426365e+00 1.587262147385184097e+10
7.970704077173661695e+00 1.529455213073453522e+10
8.050411117945397876e+00 1.474856016015992737e+10
8.130915229124850541e+00 1.422654401776091003e+10
8.212224381416099561e+00 1.370992481398534012e+10
8.294346625230261338e+00 1.322542169869066048e+10
8.377290091482562318e+00 1.275015294697164536e+10
8.461062992397387461e+00 1.229223452028207397e+10
8.545673622321363183e+00 1.184953506640871429e+10
8.631130358544575998e+00 1.141417638745378876e+10
8.717441662130022806e+00 1.100650273828564453e+10
8.804616078751321240e+00 1.060709022857785606e+10
8.892662239538834612e+00 1.021252435052475929e+10
8.981588861934222123e+00 9.843114523879602432e+09
9.071404750553567098e+00 9.479740222015594482e+09
9.162118798059102787e+00 9.136687721401161194e+09
9.253739986039693832e+00 8.804418915548133850e+09
9.346277385900089385e+00 8.485488710370187759e+09
9.439740159759089977e+00 8.176880157922717094e+09
9.534137561356683221e+00 7.871939688663772583e+09
9.629478936970249592e+00 7.596086090484542847e+09
9.725773726339950187e+00 7.313849562000699043e+09
9.823031463603349778e+00 7.050428631968964577e+09
9.921261778239381712e+00 6.798745166949113846e+09
1.002047439602177548e+01 6.547474101400009155e+09
1.012067913998199487e+01 6.313122289660491943e+09
1.022188593138181290e+01 6.078524074534310341e+09
1.032410479069563181e+01 5.865277319231517792e+09
1.042734583860258724e+01 5.647009927831755638e+09
1.053161929698861421e+01 5.444662198607603073e+09
1.063693548995849980e+01 5.245612710932865143e+09
1.074330484485808412e+01 5.057046865179903030e+09
1.085073789330666472e+01 4.868682237308089256e+09
1.095924527223973222e+01 4.696585249269769669e+09
1.106883772496212970e+01 4.520052049311760902e+09
1.117952610221174936e+01 4.358817954705279350e+09
1.129132136323386781e+01 4.196385677675881386e+09
1.140423457686620701e+01 4.042802338034589767e+09
1.151827692263487002e+01 3.896213482950268745e+09
1.163345969186121920e+01 3.752467899083971024e+09
1.174979428877982990e+01 3.615255643504374504e+09
1.186729223166762992e+01 3.480221197551695824e+09
1.198596515398430462e+01 3.349512176950664520e+09
1.210582480552414708e+01 3.227499386641998768e+09
1.222688305357938887e+01 3.107114479580845356e+09
1.234915188411518194e+01 2.993586187172392845e+09
1.247264340295633467e+01 2.882413896274416447e+09
1.259736983698589619e+01 2.774037404578625679e+09
1.272334353535575424e+01 2.672006724275686741e+09
1.285057697070931226e+01 2.573067497565712452e+09
1.297908274041640553e+01 2.478622574132134438e+09
1.310887356782057012e+01 2.385912233009763718e+09
1.323996230349877479e+01 2.297720336850081921e+09
1.337236192653376321e+01 2.212277100516512871e+09
1.350608554579910248e+01 2.130721571524844885e+09
1.364114640125709244e+01 2.049834099954289198e+09
1.377755786526966197e+01 1.974603597545901060e+09
1.391533344392236238e+01 1.899464324813624144e+09
1.405448677836158211e+01 1.828732929733432293e+09
1.419503164614519974e+01 1.763779937697036266e+09
1.433698196260665192e+01 1.695259969763997316e+09
1.448035178223271835e+01 1.632855922358080626e+09
1.462515530005504516e+01 1.573299505710881233e+09
1.477140685305559664e+01 1.511765882821105242e+09
1.491912092158615089e+01 1.456801425622144938e+09
1.506831213080201159e+01 1.401327470429998159e+09
1.521899525211003024e+01 1.349298919439198494e+09
1.537118520463113214e+01 1.299335718961497307e+09
1.552489705667744246e+01 1.250096219313829660e+09
1.568014602724421813e+01 1.203799381730803967e+09
1.583694748751665848e+01 1.158142640625645638e+09
1.599531696239182388e+01 1.115061790874139309e+09
1.615527013201574391e+01 1.074208584100123644e+09
1.631682283333590178e+01 1.032511364227035999e+09
1.647999106166925998e+01 9.944495417708731890e+08
1.664479097228595350e+01 9.572661768659875393e+08
1.681123888200881211e+01 9.211970427128119469e+08
1.697935127082889650e+01 8.862806158415893316e+08
1.714914478353718863e+01 8.532782894259036779e+08
1.732063623137256059e+01 8.214242450470588207e+08
1.749384259368628847e+01 7.896839637546117306e+08
1.766878101962314673e+01 7.607688757901535034e+08
1.784546882981938509e+01 7.314028200240789652e+08
1.802392351811757720e+01 7.041516159748176336e+08
1.820416275329875333e+01 6.777510442316684723e+08
1.838620438083173880e+01 6.520713639851069450e+08
1.857006642464005353e+01 6.277945261225740910e+08
1.875576708888645427e+01 6.041375205993654728e+08
1.894332475977532226e+01 5.812894061758466959e+08
1.913275800737307719e+01 5.589628440497392416e+08
1.969740769490774923e+01 4.980250830459708571e+08
2.068227807965313403e+01 4.069493864193578959e+08
2.171639198363579126e+01 3.362868888269107342e+08
2.280221158281758420e+01 2.777842986118074656e+08
2.394232216195846163e+01 2.297914934452197850e+08
2.513943827005638454e+01 1.898005106374814510e+08
2.639641018355920465e+01 1.568729154837291539e+08
2.771623069273716311e+01 1.296285434529587924e+08
2.910204222737402446e+01 1.071759534043516815e+08
3.055714433874272729e+01 8.854176058812747896e+07
3.208500155567985956e+01 7.312188310161584616e+07
3.368925163346385432e+01 6.045748177201785892e+07
3.537371421513704206e+01 4.988087564162107557e+07
3.714239992589390482e+01 4.110867376278296858e+07
3.899951992218858976e+01 3.383730100735548884e+07
4.094949591829801960e+01 2.787890111326811463e+07
4.299697071421292094e+01 2.296991576971003786e+07
4.514681924992356699e+01 1.892056686524101719e+07
4.740416021241974676e+01 1.557307643115809374e+07
4.977436822304073161e+01 1.282633283276791126e+07
5.226308663419276712e+01 1.057278490231338143e+07
5.487624096590241152e+01 8.685739049854045734e+06
5.762005301419753067e+01 7.161478881472781301e+06
6.050105566490740472e+01 5.887238218974593095e+06
6.352610844815276891e+01 4.842741995982527733e+06
6.670241387056040594e+01 3.987880714713187888e+06
7.003753456408843192e+01 3.279765785049990751e+06
7.353941129229284002e+01 2.699450195909731090e+06
7.721638185690748912e+01 2.214000984047805425e+06
8.107720094975286429e+01 1.825079750716656214e+06
8.513106099724051035e+01 1.500555294534078566e+06
8.938761404710253089e+01 1.231130968574429862e+06
9.385699474945765530e+01 1.011499386056045536e+06
