3.401114059005487245e-01 1.906451030655748901e+11
3.435125199595542300e-01 1.436315018402470703e+11
3.469476451591497201e-01 1.880381111617204590e+11
3.504171216107412334e-01 2.297598809483443604e+11
3.539212928268486436e-01 2.399230367390742493e+11
3.574605057551171750e-01 2.371146385601680603e+11
3.610351108126682584e-01 2.396264402676786804e+11
3.646454619207949999e-01 2.325155611979997559e+11
3.682919165400029282e-01 2.059234122812403564e+11
3.719748357054029064e-01 2.210067593730396423e+11
3.756945840624569266e-01 2.649774643366490784e+11
3.794515299030815081e-01 3.266383127621322632e+11
3.832460452021123065e-01 3.359772150006297607e+11
3.870785056541334312e-01 3.940642143203663940e+11
3.909492907106748016e-01 3.982500759577805786e+11
3.948587836177815391e-01 3.756002510278207397e+11
3.988073714539593917e-01 3.078201610957212524e+11
4.027954451684989667e-01 1.914512681407853394e+11
4.068233996201839342e-01 1.961780208909051514e+11
4.108916336163858096e-01 2.533324137194846497e+11
4.150005499525497021e-01 4.071341438713864136e+11
4.191505554520751908e-01 4.169673833939296265e+11
4.233420610065958822e-01 4.039732368981093140e+11
4.275754816166618122e-01 3.886483272818667603e+11
4.318512364328284114e-01 3.047205977631851807e+11
4.361697487971567533e-01 2.864008651901583252e+11
4.405314462851282475e-01 3.409638410466920166e+11
4.449367607479796094e-01 3.420345938777979126e+11
4.493861283554593800e-01 3.243819633706675415e+11
4.538799896390139921e-01 3.140935894831738281e+11
4.584187895354041031e-01 2.990184155257550659e+11
4.630029774307581336e-01 2.781321776051730957e+11
4.676330072050656761e-01 2.457822294457530212e+11
4.723093372771162701e-01 2.074168321884547119e+11
4.770324306498874289e-01 1.427072803094845886e+11
4.818027549563863032e-01 8.389777937394770813e+10
4.866207825059500891e-01 4.093838342952422333e+10
4.914869903310095656e-01 4.246393530953408813e+10
4.964018602343197584e-01 3.205180891188303375e+10
5.013658788366629482e-01 2.191179019398566818e+10
5.063795376250295188e-01 1.666068641727816391e+10
5.114433330012797541e-01 1.473114154191925430e+10
5.165577663312926893e-01 1.271791577448531151e+10
5.217233439946056262e-01 1.112358466751161194e+10
5.269405774345515825e-01 9.526889080320323944e+09
5.322099832088971194e-01 8.181206552687191010e+09
5.375320830409860973e-01 7.075185639990932465e+09
5.429074038713960215e-01 6.004876435409933090e+09
5.483364779101099762e-01 5.121773599472342491e+09
5.538198426892112503e-01 4.328490200778565407e+09
5.593580411161032107e-01 3.580207882080807209e+09
5.649516215272641917e-01 2.939938166377650738e+09
5.706011377425368458e-01 2.328408789861499310e+09
5.763071491199621699e-01 1.747115736843612909e+09
5.820702206111618704e-01 1.181843492479293108e+09
5.878909228172733981e-01 3.823688396920129061e+08
5.937698320454461998e-01 7.858629257183945179e+08
5.997075303659007428e-01 1.357548604035689831e+09
6.057046056695597480e-01 1.833756217808594465e+09
6.117616517262552955e-01 2.254658450994030952e+09
6.178792682435179096e-01 2.657769809596335411e+09
6.240580609259530620e-01 3.053882406652796745e+09
6.302986415352126448e-01 3.463040575551183224e+09
6.366016279505647413e-01 3.867008353683587074e+09
6.429676442300703565e-01 4.263667991043154716e+09
6.493973206723711034e-01 4.638833369032886505e+09
6.558912938790947278e-01 4.508122810360628128e+09
6.624502068178856895e-01 5.624368548914211273e+09
6.690747088860645730e-01 6.281165520890193939e+09
6.757654559749252110e-01 6.847904173241262436e+09
6.825231105346745153e-01 7.145776285551519394e+09
6.893483416400212338e-01 6.805033651308527946e+09
6.962418250564214039e-01 6.302374058525352478e+09
7.032042433069857212e-01 6.276182565359450340e+09
7.102362857400554841e-01 6.431009451014669418e+09
7.173386485974559967e-01 6.412446089804399490e+09
7.245120350834306500e-01 6.323443063992319107e+09
7.317571554342650053e-01 6.004003458285613060e+09
7.390747269886076554e-01 5.622149506604649544e+09
7.464654742584937441e-01 5.169565073717577934e+09
7.539301290010786971e-01 4.547001648393202782e+09
7.614694302910893775e-01 3.062286824567854404e+09
7.690841245940003290e-01 6.831293500696293116e+08
7.767749658399403234e-01 3.836316697050590038e+09
7.845427154983398710e-01 6.083234342235015869e+09
7.923881426533231354e-01 7.888153486692636490e+09
8.003120240798563545e-01 9.714412076352159500e+09
8.083151443206548770e-01 1.129692201583318329e+10
8.163982957638614701e-01 1.274282862571405983e+10
8.245622787215000082e-01 1.492848611472188950e+10
8.328079015087149761e-01 1.708906016787372398e+10
8.411359805238021181e-01 1.958764329835823822e+10
8.495473403290402237e-01 2.229354089782530212e+10
8.580428137323306004e-01 2.472097482449309158e+10
8.666232418696537820e-01 2.237851984773585892e+10
8.752894742883503554e-01 2.370593491313307190e+10
8.840423690312340099e-01 2.829770421905743790e+10
8.928827927215462479e-01 3.110972327074938583e+10
9.018116206487618580e-01 3.509887669735181427e+10
9.108297368552494833e-01 3.918975701923528290e+10
9.199380342238018260e-01 4.194731026183333588e+10
9.291374145660399320e-01 3.400914509738502121e+10
9.384287887117003235e-01 3.575586427459622192e+10
9.478130765988174167e-01 4.007925444985301971e+10
9.572912073648053299e-01 4.237517270564970398e+10
9.668641194384535176e-01 4.491530303926864624e+10
9.765327606328380039e-01 4.698569608503632355e+10
9.862980882391664261e-01 5.053544805484424591e+10
9.961610691215579960e-01 4.632002952539561462e+10
1.006122679812773590e+00 4.530425436169336700e+10
1.016183906610901300e+00 5.470856642683255005e+10
1.026345745677010202e+00 6.258233822118390656e+10
1.036609203133780355e+00 7.348354696982855225e+10
1.046975295165118336e+00 8.294246386685231018e+10
1.057445048116769204e+00 9.241778661662742615e+10
1.068019498597936989e+00 9.763464929504243469e+10
1.078699693583916597e+00 1.050896659740884552e+11
1.089486690519755552e+00 9.056757392624011230e+10
1.100381557424953138e+00 6.945868439590260315e+10
1.111385372999202481e+00 6.353179854355313873e+10
1.122499226729194666e+00 6.364551563457711029e+10
1.133724218996486455e+00 5.855715850032658386e+10
1.145061461186451135e+00 6.247277269677680206e+10
1.156512075798315831e+00 6.376009477229014587e+10
1.168077196556299047e+00 6.391931270515807343e+10
1.179757968521861988e+00 6.209080518277731323e+10
1.191555548207080761e+00 7.545399856339370728e+10
1.203471103689151889e+00 8.497897122905862427e+10
1.215505814726043354e+00 9.620157576654164124e+10
1.227660872873303610e+00 1.079686606784997406e+11
1.239937481602036762e+00 1.132475479198226318e+11
1.252336856418057032e+00 1.219699781474503632e+11
1.264860224982237824e+00 1.335677768280753632e+11
1.277508827232060051e+00 1.357276576641733093e+11
1.290283915504380818e+00 1.326407458330297394e+11
1.303186754659424462e+00 1.278698647606978607e+11
1.316218622206019040e+00 1.188816374494659424e+11
1.329380808428079153e+00 8.547308734636982727e+10
1.342674616512359975e+00 4.764505849335099792e+10
1.356101362677483380e+00 4.115210040389199829e+10
1.369662376304258355e+00 4.266941658642936707e+10
1.383359000067300837e+00 4.532968985039357758e+10
1.397192590067974027e+00 4.386172499424282074e+10
1.411164515968653665e+00 4.124252852882305145e+10
1.425276161128340213e+00 3.941017233319009399e+10
1.439528922739623740e+00 4.178779377568783569e+10
1.453924211967019708e+00 4.897324545680994415e+10
1.468463454086690101e+00 4.972990882605617523e+10
1.483148088627556760e+00 5.367062437974282074e+10
1.497979569513832487e+00 5.855191064555304718e+10
1.512959365208970564e+00 6.473422450254553223e+10
1.528088958861060442e+00 7.143242490666658020e+10
1.543369848449671178e+00 7.873965719462545776e+10
1.558803546934167894e+00 8.727775079971765137e+10
1.574391582403509737e+00 9.738684368998629761e+10
1.590135498227544852e+00 1.064529177095187988e+11
1.606036853209820148e+00 1.123612565157524719e+11
1.622097221741918505e+00 1.217834569947876129e+11
1.638318193959337421e+00 1.278758519813723755e+11
1.654701375898931071e+00 1.339511840999487000e+11
1.671248389657920441e+00 1.397517716337938232e+11
1.687960873554499530e+00 1.388378455502223816e+11
1.704840482290044701e+00 1.264468641131147919e+11
1.721888887112944966e+00 1.063540514602422485e+11
1.739107775984074289e+00 9.614183228354849243e+10
1.756498853743915012e+00 8.824231883905389404e+10
1.774063842281354608e+00 7.656742996011180115e+10
1.791804480704168201e+00 7.085056107958195496e+10
1.809722525511209934e+00 6.412190625633197784e+10
1.827819750766321860e+00 6.370211348073226929e+10
1.846097948273984990e+00 5.863786681182702637e+10
1.864558927756724938e+00 5.448163185392914581e+10
1.883204517034292147e+00 6.137272959648901367e+10
1.902036562204635128e+00 6.541931100791825867e+10
1.921056927826681582e+00 6.650745763827081299e+10
1.940267497104948502e+00 6.262592673619992828e+10
1.959670172075998140e+00 6.255495046272687531e+10
1.979266873796758031e+00 6.296767738866571808e+10
1.999059542534725509e+00 6.329809757135652161e+10
2.019050137960073155e+00 6.738071097702414703e+10
2.039240639339673589e+00 7.259016228604895020e+10
2.059633045733070489e+00 7.838225421912297058e+10
2.080229376190401158e+00 8.333525720451707458e+10
2.101031669952305059e+00 8.983979751562829590e+10
2.122041986651828083e+00 9.399384627457061768e+10
2.143262406518346097e+00 9.774176964987544250e+10
2.164695030583529967e+00 9.945475874184727478e+10
2.186341980889365377e+00 9.876424998030378723e+10
2.208205400698258991e+00 9.755902644102093506e+10
2.230287454705241146e+00 9.640514343347154236e+10
2.252590329252293522e+00 9.523361638119502258e+10
2.275116232544817318e+00 9.281195124193016052e+10
2.297867394870265034e+00 8.395889293807649231e+10
2.320846068818967822e+00 7.879555794069712830e+10
2.344054529507157536e+00 7.717230456763479614e+10
2.367495074802228761e+00 7.352485403021466064e+10
2.391170025550251044e+00 7.087240039996492004e+10
2.415081725805753532e+00 6.585188402521457672e+10
2.439232543063811764e+00 6.037848207866428375e+10
2.463624868494449949e+00 5.529030802028513336e+10
2.488261117179394244e+00 5.163903711945853424e+10
2.513143728351188155e+00 4.496477135921637726e+10
2.538275165634700237e+00 4.228991381591899872e+10
2.563657917291046751e+00 4.059371018726132965e+10
2.589294496463957262e+00 4.022406679485749054e+10
2.615187441428596937e+00 4.258240850459412384e+10
2.641339315842882840e+00 4.324947528526886749e+10
2.667752709001311562e+00 4.078827832944355011e+10
2.694430236091324815e+00 3.765855862077459717e+10
2.721374538452237868e+00 3.755866128508406830e+10
2.748588283836760127e+00 3.766513117916417694e+10
2.776074166675128296e+00 3.555742581199800110e+10
2.803834908341879206e+00 3.654702780865458679e+10
2.831873257425297830e+00 3.548243415515774536e+10
2.860191989999551154e+00 3.537027173732129669e+10
2.888793909899546541e+00 3.636920943760447693e+10
2.917681848998542549e+00 3.401668973554340744e+10
2.946858667488527761e+00 3.595849861388296509e+10
2.976327254163412928e+00 3.570386349236408997e+10
3.006090526705047061e+00 3.711906107355400848e+10
3.036151431972097470e+00 3.706195826721649170e+10
3.066512946291818587e+00 3.912779212403239441e+10
3.097178075754736692e+00 3.902032888251454163e+10
3.128149856512283833e+00 4.011383931096444702e+10
3.159431355077406689e+00 4.065646189767877960e+10
3.191025668628181045e+00 4.105929029515132141e+10
3.222935925314462935e+00 4.201677005089941406e+10
3.255165284567607564e+00 4.343783566886888123e+10
3.287716937413283524e+00 4.330423127478633881e+10
3.320594106787416067e+00 4.272434735450795746e+10
3.353800047855290511e+00 4.238664220634482574e+10
3.387338048333843332e+00 4.303549705503518677e+10
3.421211428817182210e+00 4.310493756674386597e+10
3.455423543105353712e+00 4.346904106436891937e+10
3.489977778536407005e+00 4.294536281104681396e+10
3.524877556321771355e+00 4.294655328387062073e+10
3.560126331884988726e+00 4.308734828721801758e+10
3.595727595203838334e+00 4.270436276878843689e+10
3.631684871155877570e+00 4.285919631432723236e+10
3.668001719867436616e+00 4.253098201873816681e+10
3.704681737066110259e+00 4.322340738155027008e+10
3.741728554436771326e+00 4.311438540198146820e+10
3.779145839981139510e+00 4.321519645844631195e+10
3.816937298380950860e+00 4.279979366991958618e+10
3.855106671364760818e+00 4.293310307803080750e+10
3.893657738078407426e+00 4.206129143896213531e+10
3.932594315459191581e+00 4.078198661743440247e+10
3.971920258613783616e+00 3.747624266423930359e+10
4.011639461199922430e+00 3.384462806085225677e+10
4.051755855811920881e+00 3.132786616329217911e+10
4.092273414370040108e+00 2.851547563605294037e+10
4.133196148513740731e+00 2.755838340948640823e+10
4.174528109998877135e+00 2.668005669444842911e+10
4.216273391098866341e+00 2.461804756331750107e+10
4.258436125009854578e+00 2.218215232086384583e+10
4.301020486259953479e+00 1.870841640189748383e+10
4.344030691122553023e+00 1.784401073969195938e+10
4.387470998033777825e+00 1.847907738605064392e+10
4.431345708014116092e+00 1.770401186276555252e+10
4.475659165094256764e+00 1.683713820830157471e+10
4.520415756745198799e+00 1.638848147233345985e+10
4.565619914312651240e+00 1.595266536777959633e+10
4.611276113455778258e+00 1.601979527926512527e+10
4.657388874590335348e+00 1.622567750083486366e+10
4.703962763336238417e+00 1.588507578214977264e+10
4.751002390969600420e+00 1.544663976856420517e+10
4.798512414879296806e+00 1.518513688908359718e+10
4.846497539028090884e+00 1.496187840847374535e+10
4.894962514418371491e+00 1.459707751640646553e+10
4.943912139562555375e+00 1.418415056113084984e+10
4.993351260958180937e+00 1.424209279558518219e+10
5.043284773567762613e+00 1.382207930416375923e+10
5.093717621303440524e+00 1.380504999722882652e+10
5.144654797516475142e+00 1.332069264302518082e+10
5.196101345491639378e+00 1.307149402386844826e+10
5.248062358946555150e+00 1.304120589371283150e+10
5.300542982536021519e+00 1.246031228016771317e+10
5.353548412361381459e+00 1.223941087251841164e+10
5.407083896484995655e+00 1.162162699551284027e+10
5.461154735449845532e+00 1.154052655735275078e+10
5.515766282804344556e+00 1.119314774491030121e+10
5.570923945632387131e+00 1.069309993092331696e+10
5.626633185088711464e+00 1.056999134906861305e+10
5.682899516939598605e+00 1.017005324394233894e+10
5.739728512108993819e+00 9.817795675845888138e+09
5.797125797230084032e+00 9.632064322863376617e+09
5.855097055202384659e+00 9.177681139570800781e+09
5.913648025754409510e+00 9.158431285032993317e+09
5.972784506011953987e+00 9.091090441052621841e+09
6.032512351072073287e+00 8.778444414602525711e+09
6.092837474582792900e+00 8.949830016581579208e+09
6.153765849328621584e+00 8.977479887532157898e+09
6.215303507821907658e+00 8.787731429467380524e+09
6.277456542900125669e+00 8.715803045673345566e+09
6.340231108329128062e+00 8.391434724105503082e+09
6.403633419412418704e+00 7.679503092808836937e+09
6.467669753606543281e+00 6.899454834760661125e+09
6.532346451142608146e+00 6.473385910457512856e+09
6.597669915654034156e+00 5.822581421659215927e+09
6.663646614810574853e+00 5.731441778163399696e+09
6.730283080958680664e+00 5.905793370986972809e+09
6.797585911768267763e+00 5.535326656833048820e+09
6.865561770885950210e+00 5.445974350486609459e+09
6.934217388594810849e+00 5.473076830481498718e+09
7.003559562480758949e+00 5.453444057545818329e+09
7.073595158105566050e+00 5.143433380594564438e+09
7.144331109686621772e+00 5.098644017902517319e+09
7.215774420783487741e+00 5.041973830816797256e+09
7.287932164991324235e+00 4.913815659616162300e+09
7.360811486641236634e+00 4.698917042732885361e+09
7.434419601507648245e+00 4.572425094576037407e+09
7.508763797522725270e+00 4.492005109702031136e+09
7.583851435497953375e+00 4.238764262977638721e+09
7.659689949852931612e+00 4.291634530653106689e+09
7.736286849351461825e+00 4.030450631549459457e+09
7.813649717844977083e+00 4.093217807665222168e+09
7.891786215023426365e+00 3.690199178376019955e+09
7.970704077173661695e+00 3.770024081411786079e+09
8.050411117945397876e+00 3.639753119881185055e+09
8.130915229124850541e+00 3.535002231812609196e+09
8.212224381416099561e+00 3.442696568465890408e+09
8.294346625230261338e+00 3.351165319689889431e+09
8.377290091482562318e+00 3.281917703874890327e+09
8.461062992397387461e+00 3.209835027271991730e+09
8.545673622321363183e+00 3.135627077329731464e+09
8.631130358544575998e+00 3.106939591704139233e+09
8.717441662130022806e+00 2.982792668237310886e+09
8.804616078751321240e+00 2.890984388119883060e+09
8.892662239538834612e+00 2.852846262593567371e+09
8.981588861934222123e+00 2.693314262844063759e+09
9.071404750553567098e+00 2.688891335232973099e+09
9.162118798059102787e+00 2.664242594479396343e+09
9.253739986039693832e+00 2.563480272690926552e+09
9.346277385900089385e+00 2.538723282858051777e+09
9.439740159759089977e+00 2.408420089680776596e+09
9.534137561356683221e+00 2.404870127905797005e+09
9.629478936970249592e+00 2.282624040228853703e+09
9.725773726339950187e+00 2.271185572474599838e+09
9.823031463603349778e+00 2.202985493318347931e+09
9.921261778239381712e+00 2.081693933224026680e+09
1.002047439602177548e+01 2.060991068934027910e+09
1.012067913998199487e+01 1.961930709492245197e+09
1.022188593138181290e+01 1.919556463361029625e+09
1.032410479069563181e+01 1.817611799822625160e+09
1.042734583860258724e+01 1.741427095252807856e+09
1.053161929698861421e+01 1.726855725798007011e+09
1.063693548995849980e+01 1.685838015983178854e+09
1.074330484485808412e+01 1.634224976867626667e+09
1.085073789330666472e+01 1.588015703196583748e+09
1.095924527223973222e+01 1.480250734433304071e+09
1.106883772496212970e+01 1.434557494599530458e+09
1.117952610221174936e+01 1.398951823720436096e+09
1.129132136323386781e+01 1.348668267965339184e+09
1.140423457686620701e+01 1.326340096543442249e+09
1.151827692263487002e+01 1.252072832104890108e+09
1.163345969186121920e+01 1.209640396630985737e+09
1.174979428877982990e+01 1.120839337697459698e+09
1.186729223166762992e+01 1.106740227249772310e+09
1.198596515398430462e+01 1.083305957740649700e+09
1.210582480552414708e+01 1.024375088831399798e+09
1.222688305357938887e+01 1.000845916148606539e+09
1.234915188411518194e+01 9.545668024530344009e+08
1.247264340295633467e+01 8.953259758320294619e+08
1.259736983698589619e+01 8.688030026161100864e+08
1.272334353535575424e+01 8.495581533313778639e+08
1.285057697070931226e+01 8.182856889809780121e+08
1.297908274041640553e+01 7.723519542434900999e+08
1.310887356782057012e+01 7.635478951656786203e+08
1.323996230349877479e+01 7.126865515577476025e+08
1.337236192653376321e+01 6.962099129461234808e+08
1.350608554579910248e+01 6.539710222213802338e+08
1.364114640125709244e+01 6.464942206425441504e+08
1.377755786526966197e+01 6.115650121406760216e+08
1.391533344392236238e+01 5.963484688421599865e+08
1.405448677836158211e+01 5.740446078479651213e+08
1.419503164614519974e+01 5.362436216114241481e+08
1.433698196260665192e+01 5.270001444749648571e+08
1.448035178223271835e+01 4.953110397037755251e+08
1.462515530005504516e+01 4.823218987651529312e+08
1.477140685305559664e+01 4.766438772297511697e+08
1.491912092158615089e+01 4.318854673378850222e+08
1.506831213080201159e+01 4.369502382498497963e+08
1.521899525211003024e+01 4.218167473665389419e+08
1.537118520463113214e+01 4.001387739477524757e+08
1.552489705667744246e+01 3.841941879594441056e+08
1.568014602724421813e+01 3.717461337477297783e+08
1.583694748751665848e+01 3.635241726812078953e+08
1.599531696239182388e+01 3.457397466598139405e+08
1.615527013201574391e+01 3.307836980259727240e+08
1.631682283333590178e+01 3.244807796372277141e+08
1.647999106166925998e+01 3.060257812653486133e+08
1.664479097228595350e+01 2.915286341539533138e+08
1.681123888200881211e+01 2.939489350065096617e+08
1.697935127082889650e+01 2.830679621781854033e+08
1.714914478353718863e+01 2.606881686645999253e+08
1.732063623137256059e+01 2.506432862409744263e+08
1.749384259368628847e+01 2.497574792961460352e+08
1.766878101962314673e+01 2.342921424629642069e+08
1.784546882981938509e+01 2.311410714289302826e+08
1.802392351811757720e+01 2.237385265447853506e+08
1.820416275329875333e+01 2.112362036547256410e+08
1.838620438083173880e+01 2.071778878158738017e+08
1.857006642464005353e+01 1.881702988739019930e+08
1.875576708888645427e+01 1.899501355154905319e+08
1.894332475977532226e+01 1.832630988921681643e+08
1.913275800737307719e+01 1.799572523820451498e+08
1.969740769490774923e+01 1.565074353154230416e+08
2.068227807965313403e+01 1.301595703569581360e+08
2.171639198363579126e+01 1.080278006948500872e+08
2.280221158281758420e+01 9.138827936763738096e+07
2.394232216195846163e+01 7.545482042736746371e+07
2.513943827005638454e+01 6.241807370433396101e+07
2.639641018355920465e+01 5.240032147472110391e+07
2.771623069273716311e+01 4.350916832436905056e+07
2.910204222737402446e+01 3.628374320312318951e+07
3.055714433874272729e+01 2.942692029770396277e+07
3.208500155567985956e+01 2.533649153847321495e+07
3.368925163346385432e+01 2.040416873532108963e+07
3.537371421513704206e+01 1.661151380387821421e+07
3.714239992589390482e+01 1.401777431828846037e+07
3.899951992218858976e+01 1.174881364797180146e+07
4.094949591829801960e+01 9.488846497174136341e+06
4.299697071421292094e+01 7.897662299941614270e+06
4.514681924992356699e+01 6.564397827237067744e+06
4.740416021241974676e+01 5.474388812009445392e+06
4.977436822304073161e+01 4.499266278434520587e+06
5.226308663419276712e+01 3.748605273902887478e+06
5.487624096590241152e+01 3.110338070338563062e+06
5.762005301419753067e+01 2.567412933704558760e+06
6.050105566490740472e+01 2.163868680679764599e+06
6.352610844815276891e+01 1.746476962248915806e+06
6.670241387056040594e+01 1.476822222454599570e+06
7.003753456408843192e+01 1.234310752809142228e+06
7.353941129229284002e+01 9.990091978942709975e+05
7.721638185690748912e+01 8.366841945776583161e+05
8.107720094975286429e+01 6.870175152195257833e+05
8.513106099724051035e+01 5.709908958243344678e+05
8.938761404710253089e+01 4.974353849974760087e+05
9.385699474945765530e+01 3.958304766486652661e+05
