3.401114059005487245e-01 9.400777721380732727e+10
3.435125199595542300e-01 7.264242681792155457e+10
3.469476451591497201e-01 9.501580868282556152e+10
3.504171216107412334e-01 1.197076012472870636e+11
3.539212928268486436e-01 1.266650510731855469e+11
3.574605057551171750e-01 1.248238028634328766e+11
3.610351108126682584e-01 1.312650749695231628e+11
3.646454619207949999e-01 1.319436331170625916e+11
3.682919165400029282e-01 1.220181175488740692e+11
3.719748357054029064e-01 1.291365819726845551e+11
3.756945840624569266e-01 1.495436965511417236e+11
3.794515299030815081e-01 1.809891260813880005e+11
3.832460452021123065e-01 1.776278640130823364e+11
3.870785056541334312e-01 2.018672228245003662e+11
3.909492907106748016e-01 1.959534096692048340e+11
3.948587836177815391e-01 1.613988489116844788e+11
3.988073714539593917e-01 1.426907630025344543e+11
4.027954451684989667e-01 7.949841223314140320e+10
4.068233996201839342e-01 8.513786051318318176e+10
4.108916336163858096e-01 1.343246261344128571e+11
4.150005499525497021e-01 1.993508842491777344e+11
4.191505554520751908e-01 2.126263010371459045e+11
4.233420610065958822e-01 2.207392826136841736e+11
4.275754816166618122e-01 2.231321259161029053e+11
4.318512364328284114e-01 1.981948310976864929e+11
4.361697487971567533e-01 2.000997866838664856e+11
4.405314462851282475e-01 2.195814968507570496e+11
4.449367607479796094e-01 2.238887513102512817e+11
4.493861283554593800e-01 2.223932365730936279e+11
4.538799896390139921e-01 2.197606421206756897e+11
4.584187895354041031e-01 1.947216823847754822e+11
4.630029774307581336e-01 1.709679177783342590e+11
4.676330072050656761e-01 1.460169237964939575e+11
4.723093372771162701e-01 1.131861563398592377e+11
4.770324306498874289e-01 7.316379015051145935e+10
4.818027549563863032e-01 4.481309642289487457e+10
4.866207825059500891e-01 2.412216225174163055e+10
4.914869903310095656e-01 2.190035200703620529e+10
4.964018602343197584e-01 1.613820733782779503e+10
5.013658788366629482e-01 1.091744294178608704e+10
5.063795376250295188e-01 8.286934417800965309e+09
5.114433330012797541e-01 7.252383919382451057e+09
5.165577663312926893e-01 6.150510924080343246e+09
5.217233439946056262e-01 5.378587131361392975e+09
5.269405774345515825e-01 4.579665594582454681e+09
5.322099832088971194e-01 3.951799792667324543e+09
5.375320830409860973e-01 3.441346564160306931e+09
5.429074038713960215e-01 2.913617836994818687e+09
5.483364779101099762e-01 2.493361009005226135e+09
5.538198426892112503e-01 2.119021359433983088e+09
5.593580411161032107e-01 1.744111622181863785e+09
5.649516215272641917e-01 1.440814274326950312e+09
5.706011377425368458e-01 1.146291430733583212e+09
5.763071491199621699e-01 8.659046049945530891e+08
5.820702206111618704e-01 5.902287114409230947e+08
5.878909228172733981e-01 1.962549821495050192e+08
5.937698320454461998e-01 3.953088204952756763e+08
5.997075303659007428e-01 6.733231306564240456e+08
6.057046056695597480e-01 9.027802216069098711e+08
6.117616517262552955e-01 1.094651879398342133e+09
6.178792682435179096e-01 1.278501725483865023e+09
6.240580609259530620e-01 1.453017305175653458e+09
6.302986415352126448e-01 1.630023692174602270e+09
6.366016279505647413e-01 1.803275659138955116e+09
6.429676442300703565e-01 1.962647299856513500e+09
6.493973206723711034e-01 2.113893274068837643e+09
6.558912938790947278e-01 2.029823683243152380e+09
6.624502068178856895e-01 2.480420267263530731e+09
6.690747088860645730e-01 2.694920667381241798e+09
6.757654559749252110e-01 2.873064322109160900e+09
6.825231105346745153e-01 2.917793317099081993e+09
6.893483416400212338e-01 2.683402631151283264e+09
6.962418250564214039e-01 2.369949095185245991e+09
7.032042433069857212e-01 2.243387520718386650e+09
7.102362857400554841e-01 2.190596460862229824e+09
7.173386485974559967e-01 2.061286864645153046e+09
7.245120350834306500e-01 1.921082416002308130e+09
7.317571554342650053e-01 1.716446660816677094e+09
7.390747269886076554e-01 1.511132836897536516e+09
7.464654742584937441e-01 1.307625571393206120e+09
7.539301290010786971e-01 1.069621708686437726e+09
7.614694302910893775e-01 6.831849396832145452e+08
7.690841245940003290e-01 1.519425582468783855e+08
7.767749658399403234e-01 8.022640378649590015e+08
7.845427154983398710e-01 1.295832341049300194e+09
7.923881426533231354e-01 1.727890259020296812e+09
8.003120240798563545e-01 2.179974226762056351e+09
8.083151443206548770e-01 2.587119465960086823e+09
8.163982957638614701e-01 3.001225199461232662e+09
8.245622787215000082e-01 3.532248860820867062e+09
8.328079015087149761e-01 4.080480152271539688e+09
8.411359805238021181e-01 4.713771246136129379e+09
8.495473403290402237e-01 5.456053670147667885e+09
8.580428137323306004e-01 6.293442373537203789e+09
8.666232418696537820e-01 7.186097566407892227e+09
8.752894742883503554e-01 8.123569902870360374e+09
8.840423690312340099e-01 9.137221200671094894e+09
8.928827927215462479e-01 9.400805724463401794e+09
9.018116206487618580e-01 1.053902472044782257e+10
9.108297368552494833e-01 1.176913499120616913e+10
9.199380342238018260e-01 1.219783598028277206e+10
9.291374145660399320e-01 9.716931407235935211e+09
9.384287887117003235e-01 1.031856198112088394e+10
9.478130765988174167e-01 1.160364877460643768e+10
9.572912073648053299e-01 1.228012083423162460e+10
9.668641194384535176e-01 1.337310446053385544e+10
9.765327606328380039e-01 1.444127253781157303e+10
9.862980882391664261e-01 1.639707320841603088e+10
9.961610691215579960e-01 1.888314285944013596e+10
1.006122679812773590e+00 2.066660956947332764e+10
1.016183906610901300e+00 2.439469403685629272e+10
1.026345745677010202e+00 2.807680274091749954e+10
1.036609203133780355e+00 3.176476156110701370e+10
1.046975295165118336e+00 3.451950985527281189e+10
1.057445048116769204e+00 3.733642289582341003e+10
1.068019498597936989e+00 3.920575948337980652e+10
1.078699693583916597e+00 4.096019982283797455e+10
1.089486690519755552e+00 3.423311038888996506e+10
1.100381557424953138e+00 2.484871240232667923e+10
1.111385372999202481e+00 2.171409395782327271e+10
1.122499226729194666e+00 2.207999910358767319e+10
1.133724218996486455e+00 2.060079938960025406e+10
1.145061461186451135e+00 2.302256483897301102e+10
1.156512075798315831e+00 2.336436533622585678e+10
1.168077196556299047e+00 2.398931098842280960e+10
1.179757968521861988e+00 2.576451903554490662e+10
1.191555548207080761e+00 3.126750568393728256e+10
1.203471103689151889e+00 3.722417363929592133e+10
1.215505814726043354e+00 4.264431314385855103e+10
1.227660872873303610e+00 4.841895018157962799e+10
1.239937481602036762e+00 5.274289771750239563e+10
1.252336856418057032e+00 5.701658876856447601e+10
1.264860224982237824e+00 6.136055801895576477e+10
1.277508827232060051e+00 6.004833330678898621e+10
1.290283915504380818e+00 5.749870783958302307e+10
1.303186754659424462e+00 5.488952902973617554e+10
1.316218622206019040e+00 5.086169353898771667e+10
1.329380808428079153e+00 3.576836535833569336e+10
1.342674616512359975e+00 1.850285004848629379e+10
1.356101362677483380e+00 1.554477228715540314e+10
1.369662376304258355e+00 1.684190162070094872e+10
1.383359000067300837e+00 1.808319024696887589e+10
1.397192590067974027e+00 1.761496872499048996e+10
1.411164515968653665e+00 1.672350575070325089e+10
1.425276161128340213e+00 1.622302602088785553e+10
1.439528922739623740e+00 1.751038181662245560e+10
1.453924211967019708e+00 2.144454368692390442e+10
1.468463454086690101e+00 2.222964650477295685e+10
1.483148088627556760e+00 2.449526552678719330e+10
1.497979569513832487e+00 2.736789642163239288e+10
1.512959365208970564e+00 3.099533806167870712e+10
1.528088958861060442e+00 3.517545213578606415e+10
1.543369848449671178e+00 3.993899804078089142e+10
1.558803546934167894e+00 4.396458254765445709e+10
1.574391582403509737e+00 4.954988827362976074e+10
1.590135498227544852e+00 5.485574396034368134e+10
1.606036853209820148e+00 5.721447169858695984e+10
1.622097221741918505e+00 5.980301276429756927e+10
1.638318193959337421e+00 6.228732266653978729e+10
1.654701375898931071e+00 6.543772387593560791e+10
1.671248389657920441e+00 6.527883972660081482e+10
1.687960873554499530e+00 6.578659482924485779e+10
1.704840482290044701e+00 6.154295841757546997e+10
1.721888887112944966e+00 5.336710399615180206e+10
1.739107775984074289e+00 4.795147758781220245e+10
1.756498853743915012e+00 4.392483859808467865e+10
1.774063842281354608e+00 3.766960794783048248e+10
1.791804480704168201e+00 3.454996118432045746e+10
1.809722525511209934e+00 3.109255313493068695e+10
1.827819750766321860e+00 3.111026135606362152e+10
1.846097948273984990e+00 2.897778776762950897e+10
1.864558927756724938e+00 2.668632520328594208e+10
1.883204517034292147e+00 3.103740966578108597e+10
1.902036562204635128e+00 3.315382630799591827e+10
1.921056927826681582e+00 3.377336997460157013e+10
1.940267497104948502e+00 3.125175509699537277e+10
1.959670172075998140e+00 3.156785640544886780e+10
1.979266873796758031e+00 3.255480050491743088e+10
1.999059542534725509e+00 3.360234851330515671e+10
2.019050137960073155e+00 3.682038685879282379e+10
2.039240639339673589e+00 4.066117928473054504e+10
2.059633045733070489e+00 4.465333412732821655e+10
2.080229376190401158e+00 4.769714126958068085e+10
2.101031669952305059e+00 5.128682402400154114e+10
2.122041986651828083e+00 5.309798678163817596e+10
2.143262406518346097e+00 5.431037685832652283e+10
2.164695030583529967e+00 5.414985943468470001e+10
2.186341980889365377e+00 5.256202268483940125e+10
2.208205400698258991e+00 4.970480120890901947e+10
2.230287454705241146e+00 4.931234537891007233e+10
2.252590329252293522e+00 4.787545713456166077e+10
2.275116232544817318e+00 4.619721775246595001e+10
2.297867394870265034e+00 4.202907243148259735e+10
2.320846068818967822e+00 3.966230934749294281e+10
2.344054529507157536e+00 3.881326903512230682e+10
2.367495074802228761e+00 3.794706665664923859e+10
2.391170025550251044e+00 3.744282879140090179e+10
2.415081725805753532e+00 3.630984157880373383e+10
2.439232543063811764e+00 3.404552166038080215e+10
2.463624868494449949e+00 3.145596075039974976e+10
2.488261117179394244e+00 2.963322784263601303e+10
2.513143728351188155e+00 2.567575667555290604e+10
2.538275165634700237e+00 2.393415632854651260e+10
2.563657917291046751e+00 2.298889402601340103e+10
2.589294496463957262e+00 2.286240422817211151e+10
2.615187441428596937e+00 2.464948977248982620e+10
2.641339315842882840e+00 2.543065275719633102e+10
2.667752709001311562e+00 2.331115944443591690e+10
2.694430236091324815e+00 2.157443082002208710e+10
2.721374538452237868e+00 2.208584824887177658e+10
2.748588283836760127e+00 2.256478900105529022e+10
2.776074166675128296e+00 2.129261235977077103e+10
2.803834908341879206e+00 2.231662223113848495e+10
2.831873257425297830e+00 2.184230604011437988e+10
2.860191989999551154e+00 2.179591722127965164e+10
2.888793909899546541e+00 2.276989862649031448e+10
2.917681848998542549e+00 2.157868544343348694e+10
2.946858667488527761e+00 2.313722289862533188e+10
2.976327254163412928e+00 2.317614418988779449e+10
3.006090526705047061e+00 2.432291282414174271e+10
3.036151431972097470e+00 2.434843452427901459e+10
3.066512946291818587e+00 2.515263189346496201e+10
3.097178075754736692e+00 2.423519506950838852e+10
3.128149856512283833e+00 2.379790985651523972e+10
3.159431355077406689e+00 2.307318298493999863e+10
3.191025668628181045e+00 2.264289350226558304e+10
3.222935925314462935e+00 2.348680064991399384e+10
3.255165284567607564e+00 2.486936519482471466e+10
3.287716937413283524e+00 2.587831328783484650e+10
3.320594106787416067e+00 1.988578540914860916e+10
3.353800047855290511e+00 2.062895466294442749e+10
3.387338048333843332e+00 2.436273793886555481e+10
3.421211428817182210e+00 2.394753643455637741e+10
3.455423543105353712e+00 2.368023642365579224e+10
3.489977778536407005e+00 2.387839293023020935e+10
3.524877556321771355e+00 2.441402102651296234e+10
3.560126331884988726e+00 2.458426386605458069e+10
3.595727595203838334e+00 2.529707226643588638e+10
3.631684871155877570e+00 2.633965627250632858e+10
3.668001719867436616e+00 2.718145653434644699e+10
3.704681737066110259e+00 2.825076189628099060e+10
3.741728554436771326e+00 2.867300632035526657e+10
3.779145839981139510e+00 2.910823882369518280e+10
3.816937298380950860e+00 2.918722536503748322e+10
3.855106671364760818e+00 2.965651140158064270e+10
3.893657738078407426e+00 2.927674943301335526e+10
3.932594315459191581e+00 2.856283437648317719e+10
3.971920258613783616e+00 2.605622663172764587e+10
4.011639461199922430e+00 2.320515431026231003e+10
4.051755855811920881e+00 2.116524575038026047e+10
4.092273414370040108e+00 1.925320132635352325e+10
4.133196148513740731e+00 1.862326425681600952e+10
4.174528109998877135e+00 1.811617582031259155e+10
4.216273391098866341e+00 1.677002775921987343e+10
4.258436125009854578e+00 1.509710579735358810e+10
4.301020486259953479e+00 1.225308249611535645e+10
4.344030691122553023e+00 1.189198146170345116e+10
4.387470998033777825e+00 1.268089059651525879e+10
4.431345708014116092e+00 1.213012956398553658e+10
4.475659165094256764e+00 1.149699799906833267e+10
4.520415756745198799e+00 1.117899415841044807e+10
4.565619914312651240e+00 1.086625646920087242e+10
4.611276113455778258e+00 1.099667367521630287e+10
4.657388874590335348e+00 1.132911874030778313e+10
4.703962763336238417e+00 1.106400409640606308e+10
4.751002390969600420e+00 1.073031511854290390e+10
4.798512414879296806e+00 1.064052983925973320e+10
4.846497539028090884e+00 1.054701711959603691e+10
4.894962514418371491e+00 1.037303376342475510e+10
4.943912139562555375e+00 1.016975455773306084e+10
4.993351260958180937e+00 1.036566914154289055e+10
5.043284773567762613e+00 1.016987297072930908e+10
5.093717621303440524e+00 1.026560482669216919e+10
5.144654797516475142e+00 9.925149896765907288e+09
5.196101345491639378e+00 9.782266976655344009e+09
5.248062358946555150e+00 9.849294817494338989e+09
5.300542982536021519e+00 9.390979165983863831e+09
5.353548412361381459e+00 9.231588093003887177e+09
5.407083896484995655e+00 8.712110254762634277e+09
5.461154735449845532e+00 8.685027073505109787e+09
5.515766282804344556e+00 8.442028658945638657e+09
5.570923945632387131e+00 8.027781511301309586e+09
5.626633185088711464e+00 7.943808244812471390e+09
5.682899516939598605e+00 7.657744497770031929e+09
5.739728512108993819e+00 7.365507566774458885e+09
5.797125797230084032e+00 7.250900782529144287e+09
5.855097055202384659e+00 6.872457610473467827e+09
5.913648025754409510e+00 6.900024504282711983e+09
5.972784506011953987e+00 6.884280121196314812e+09
6.032512351072073287e+00 6.640274602438258171e+09
6.092837474582792900e+00 6.778931766893596649e+09
6.153765849328621584e+00 6.826688635490198135e+09
6.215303507821907658e+00 6.687709758013585091e+09
6.277456542900125669e+00 6.710685422744419098e+09
6.340231108329128062e+00 6.437034970822863579e+09
6.403633419412418704e+00 5.811879378579293251e+09
6.467669753606543281e+00 5.242185358084673882e+09
6.532346451142608146e+00 4.961031641836165428e+09
6.597669915654034156e+00 4.470828540997697830e+09
6.663646614810574853e+00 4.463147893877098083e+09
6.730283080958680664e+00 4.601006218381545067e+09
6.797585911768267763e+00 4.302078215804835320e+09
6.865561770885950210e+00 4.249776082337109566e+09
6.934217388594810849e+00 4.299081388973355293e+09
7.003559562480758949e+00 4.258974445034766674e+09
7.073595158105566050e+00 3.996162023765395164e+09
7.144331109686621772e+00 3.915400797290354729e+09
7.215774420783487741e+00 3.831435088728312492e+09
7.287932164991324235e+00 3.690154742643868446e+09
7.360811486641236634e+00 3.516887113269930363e+09
7.434419601507648245e+00 3.434548096288899422e+09
7.508763797522725270e+00 3.415415979563418865e+09
7.583851435497953375e+00 3.277815599976741314e+09
7.659689949852931612e+00 3.263510115977557659e+09
7.736286849351461825e+00 2.958119384842990875e+09
7.813649717844977083e+00 2.996002427644898415e+09
7.891786215023426365e+00 2.835994652299201965e+09
7.970704077173661695e+00 2.919107844845198631e+09
8.050411117945397876e+00 2.831622087485602856e+09
8.130915229124850541e+00 2.773806668573162556e+09
8.212224381416099561e+00 2.700634306368442059e+09
8.294346625230261338e+00 2.652635521211383343e+09
8.377290091482562318e+00 2.602706604425860405e+09
8.461062992397387461e+00 2.555563118718360901e+09
8.545673622321363183e+00 2.504230035203953743e+09
8.631130358544575998e+00 2.489337802159485340e+09
8.717441662130022806e+00 2.400769862622529984e+09
8.804616078751321240e+00 2.334016674521616459e+09
8.892662239538834612e+00 2.289902537119256020e+09
8.981588861934222123e+00 2.164448399977787018e+09
9.071404750553567098e+00 2.175470371041136265e+09
9.162118798059102787e+00 2.169810637946096420e+09
9.253739986039693832e+00 2.095222901233675241e+09
9.346277385900089385e+00 2.072213866928946018e+09
9.439740159759089977e+00 1.962533861624246120e+09
9.534137561356683221e+00 1.965438111535470963e+09
9.629478936970249592e+00 1.873391409716492414e+09
9.725773726339950187e+00 1.865417666733208179e+09
9.823031463603349778e+00 1.804637636342117786e+09
9.921261778239381712e+00 1.711203984108526945e+09
1.002047439602177548e+01 1.697440643134722710e+09
1.012067913998199487e+01 1.606797660369029999e+09
1.022188593138181290e+01 1.570963319381686211e+09
1.032410479069563181e+01 1.481050208127811670e+09
1.042734583860258724e+01 1.413882519571525335e+09
1.053161929698861421e+01 1.417069383729544640e+09
1.063693548995849980e+01 1.392574574608069897e+09
1.074330484485808412e+01 1.352184641005809069e+09
1.085073789330666472e+01 1.317131219510772705e+09
1.095924527223973222e+01 1.225377475349059343e+09
1.106883772496212970e+01 1.196599616613219023e+09
1.117952610221174936e+01 1.174125808007150650e+09
1.129132136323386781e+01 1.132556584082448959e+09
1.140423457686620701e+01 1.118238313410621643e+09
1.151827692263487002e+01 1.055843988265449882e+09
1.163345969186121920e+01 1.018129334808759928e+09
1.174979428877982990e+01 9.410514925736526251e+08
1.186729223166762992e+01 9.365925880956437588e+08
1.198596515398430462e+01 9.182955475727508068e+08
1.210582480552414708e+01 8.685930191302468777e+08
1.222688305357938887e+01 8.476427884212316275e+08
1.234915188411518194e+01 8.061842744946960211e+08
1.247264340295633467e+01 7.573290227681907415e+08
1.259736983698589619e+01 7.338347849228261709e+08
1.272334353535575424e+01 7.214354603145660162e+08
1.285057697070931226e+01 6.966455425965257883e+08
1.297908274041640553e+01 6.569730802288801670e+08
1.310887356782057012e+01 6.489356888264930248e+08
1.323996230349877479e+01 6.049804112688124180e+08
1.337236192653376321e+01 5.912768983808718920e+08
1.350608554579910248e+01 5.527155366930059195e+08
1.364114640125709244e+01 5.488267581401482821e+08
1.377755786526966197e+01 5.204902513646709323e+08
1.391533344392236238e+01 5.053216202515938878e+08
1.405448677836158211e+01 4.870444036829853058e+08
1.419503164614519974e+01 4.542207845307217836e+08
1.433698196260665192e+01 4.474702964015097022e+08
1.448035178223271835e+01 4.172223898907248378e+08
1.462515530005504516e+01 4.108896366451997757e+08
1.477140685305559664e+01 4.042972390369486809e+08
1.491912092158615089e+01 3.630999842718240619e+08
1.506831213080201159e+01 3.720927464522304535e+08
1.521899525211003024e+01 3.588916133911946416e+08
1.537118520463113214e+01 3.403971282999840975e+08
1.552489705667744246e+01 3.265118578919866681e+08
1.568014602724421813e+01 3.150349182853896618e+08
1.583694748751665848e+01 3.097171774126595259e+08
1.599531696239182388e+01 2.949070225595988035e+08
1.615527013201574391e+01 2.821593152551770210e+08
1.631682283333590178e+01 2.766160290589337945e+08
1.647999106166925998e+01 2.608764510038904548e+08
1.664479097228595350e+01 2.485869527186871767e+08
1.681123888200881211e+01 2.514063191314238310e+08
1.697935127082889650e+01 2.413670194498355091e+08
1.714914478353718863e+01 2.218574958344643414e+08
1.732063623137256059e+01 2.141406892052530646e+08
1.749384259368628847e+01 2.133248567471442521e+08
1.766878101962314673e+01 2.006809193111552894e+08
1.784546882981938509e+01 1.979253640730522573e+08
1.802392351811757720e+01 1.912922880114124119e+08
1.820416275329875333e+01 1.805861490726422071e+08
1.838620438083173880e+01 1.774238497455449402e+08
1.857006642464005353e+01 1.608779724069964290e+08
1.875576708888645427e+01 1.631300516582236886e+08
1.894332475977532226e+01 1.571254861658391356e+08
1.913275800737307719e+01 1.550851839027497768e+08
1.969740769490774923e+01 1.339587541944956034e+08
2.068227807965313403e+01 1.116198887851749659e+08
2.171639198363579126e+01 9.263787029693546891e+07
2.280221158281758420e+01 7.865810123967127502e+07
2.394232216195846163e+01 6.505613241061707586e+07
2.513943827005638454e+01 5.374849678205595911e+07
2.639641018355920465e+01 4.521130718718862534e+07
2.771623069273716311e+01 3.766314641361198574e+07
2.910204222737402446e+01 3.133992670705212653e+07
3.055714433874272729e+01 2.546963198631079867e+07
3.208500155567985956e+01 2.197014013503215834e+07
3.368925163346385432e+01 1.771957034488079324e+07
3.537371421513704206e+01 1.440267207598824799e+07
3.714239992589390482e+01 1.220117974672121927e+07
3.899951992218858976e+01 1.022363962149952166e+07
4.094949591829801960e+01 8.273091133751230314e+06
4.299697071421292094e+01 6.853169907957869582e+06
4.514681924992356699e+01 5.701176751411229372e+06
4.740416021241974676e+01 4.748312676226576790e+06
4.977436822304073161e+01 3.895632135723989457e+06
5.226308663419276712e+01 3.266385159596193116e+06
5.487624096590241152e+01 2.703744742237492464e+06
5.762005301419753067e+01 2.226975910623339470e+06
6.050105566490740472e+01 1.888159782743265387e+06
6.352610844815276891e+01 1.515560691463349853e+06
6.670241387056040594e+01 1.281693039664882235e+06
7.003753456408843192e+01 1.073381482777505182e+06
7.353941129229284002e+01 8.676019245759272017e+05
7.721638185690748912e+01 7.260180693339863792e+05
8.107720094975286429e+01 5.966097836988824420e+05
8.513106099724051035e+01 4.971259432209492661e+05
8.938761404710253089e+01 4.319088881472478388e+05
9.385699474945765530e+01 3.418930293114914093e+05
