3.401114059005487245e-01 1.601646094416252136e+11
3.435125199595542300e-01 1.280601679489281311e+11
3.469476451591497201e-01 1.571783801476770630e+11
3.504171216107412334e-01 1.752944262347830811e+11
3.539212928268486436e-01 1.662468852901068726e+11
3.574605057551171750e-01 1.429780901582922974e+11
3.610351108126682584e-01 1.483775321502116089e+11
3.646454619207949999e-01 1.400692197337932739e+11
3.682919165400029282e-01 1.350994584720873413e+11
3.719748357054029064e-01 1.220640196777764435e+11
3.756945840624569266e-01 1.237551256915126038e+11
3.794515299030815081e-01 1.420592344910890198e+11
3.832460452021123065e-01 1.092865756268500824e+11
3.870785056541334312e-01 1.181445063278017426e+11
3.909492907106748016e-01 1.150074317373333130e+11
3.948587836177815391e-01 8.512713036104400635e+10
3.988073714539593917e-01 1.056611744940010986e+11
4.027954451684989667e-01 9.187487510250433350e+10
4.068233996201839342e-01 9.397026043898065186e+10
4.108916336163858096e-01 1.028246224858906097e+11
4.150005499525497021e-01 1.052221923795827332e+11
4.191505554520751908e-01 9.558767037520243835e+10
4.233420610065958822e-01 8.006792210008862305e+10
4.275754816166618122e-01 8.491045291057798767e+10
4.318512364328284114e-01 7.669941994835116577e+10
4.361697487971567533e-01 8.345891876171556091e+10
4.405314462851282475e-01 8.350463976537971497e+10
4.449367607479796094e-01 8.467712346535522461e+10
4.493861283554593800e-01 8.892270437392559814e+10
4.538799896390139921e-01 8.611329700747332764e+10
4.584187895354041031e-01 8.593322171850518799e+10
4.630029774307581336e-01 8.663761820667720032e+10
4.676330072050656761e-01 8.485553586582710266e+10
4.723093372771162701e-01 8.268395393864254761e+10
4.770324306498874289e-01 7.896725794638459778e+10
4.818027549563863032e-01 6.885198209829592896e+10
4.866207825059500891e-01 4.995844524181549835e+10
4.914869903310095656e-01 4.600465716020776367e+10
4.964018602343197584e-01 3.569334489446965027e+10
5.013658788366629482e-01 2.530687409052349091e+10
5.063795376250295188e-01 1.990744195071472931e+10
5.114433330012797541e-01 1.815405660895289993e+10
5.165577663312926893e-01 1.572047579137012863e+10
5.217233439946056262e-01 1.453905446935877991e+10
5.269405774345515825e-01 1.274278166754846382e+10
5.322099832088971194e-01 1.138700129602217102e+10
5.375320830409860973e-01 1.021785752590335464e+10
5.429074038713960215e-01 8.871722976325361252e+09
5.483364779101099762e-01 7.856347086552615166e+09
5.538198426892112503e-01 6.880124213415094376e+09
5.593580411161032107e-01 5.804708551558818817e+09
5.649516215272641917e-01 4.947823884375218391e+09
5.706011377425368458e-01 4.039120814165790558e+09
5.763071491199621699e-01 3.131701085280262947e+09
5.820702206111618704e-01 2.170335133469280243e+09
5.878909228172733981e-01 6.714432242279754877e+08
5.937698320454461998e-01 1.529650182088514328e+09
5.997075303659007428e-01 2.876357822626192093e+09
6.057046056695597480e-01 4.166817616312292576e+09
6.117616517262552955e-01 5.417082813193243027e+09
6.178792682435179096e-01 6.784528075655562401e+09
6.240580609259530620e-01 8.228182742704872131e+09
6.302986415352126448e-01 9.823306935823467255e+09
6.366016279505647413e-01 1.152554091919504356e+10
6.429676442300703565e-01 1.322733213050753403e+10
6.493973206723711034e-01 1.502303708240207672e+10
6.558912938790947278e-01 1.658434341146249390e+10
6.624502068178856895e-01 1.904087675627340698e+10
6.690747088860645730e-01 2.109266813103652191e+10
6.757654559749252110e-01 2.308204419962051010e+10
6.825231105346745153e-01 2.450963661829119873e+10
6.893483416400212338e-01 2.475890326772855377e+10
6.962418250564214039e-01 2.461329978499419403e+10
7.032042433069857212e-01 2.550999137407078171e+10
7.102362857400554841e-01 2.680073482335004425e+10
7.173386485974559967e-01 2.757301292166610336e+10
7.245120350834306500e-01 2.825338579048939514e+10
7.317571554342650053e-01 2.813975105425773621e+10
7.390747269886076554e-01 2.746675854498804474e+10
7.464654742584937441e-01 2.619834933750268936e+10
7.539301290010786971e-01 2.385624275190937424e+10
7.614694302910893775e-01 1.632244696899443436e+10
7.690841245940003290e-01 3.887801226427140713e+09
7.767749658399403234e-01 1.953625048685491180e+10
7.845427154983398710e-01 3.066738487106337357e+10
7.923881426533231354e-01 3.809526825423664856e+10
8.003120240798563545e-01 4.450139508384199524e+10
8.083151443206548770e-01 4.899611148474597931e+10
8.163982957638614701e-01 5.177385062442154694e+10
8.245622787215000082e-01 5.773374162077988434e+10
8.328079015087149761e-01 6.194240007693817902e+10
8.411359805238021181e-01 6.624177791841795349e+10
8.495473403290402237e-01 7.015957906475672913e+10
8.580428137323306004e-01 7.277865321412121582e+10
8.666232418696537820e-01 6.749400064737755585e+10
8.752894742883503554e-01 7.051166645585325623e+10
8.840423690312340099e-01 7.786697119964735413e+10
8.928827927215462479e-01 8.101398523363430786e+10
9.018116206487618580e-01 8.637054995702809143e+10
9.108297368552494833e-01 9.093690171424789429e+10
9.199380342238018260e-01 9.279782729273271179e+10
9.291374145660399320e-01 8.515859613826199341e+10
9.384287887117003235e-01 8.922999759768173218e+10
9.478130765988174167e-01 9.340502072680979919e+10
9.572912073648053299e-01 9.584176698000268555e+10
9.668641194384535176e-01 9.865570274912623596e+10
9.765327606328380039e-01 1.022751750054390259e+11
9.862980882391664261e-01 1.079067227698565521e+11
9.961610691215579960e-01 1.114279786366710358e+11
1.006122679812773590e+00 1.101580518168010712e+11
1.016183906610901300e+00 1.202416084289191132e+11
1.026345745677010202e+00 1.282742985586085968e+11
1.036609203133780355e+00 1.345114161241546631e+11
1.046975295165118336e+00 1.389107976160668945e+11
1.057445048116769204e+00 1.432687974711715698e+11
1.068019498597936989e+00 1.468150634243166199e+11
1.078699693583916597e+00 1.502328972379953308e+11
1.089486690519755552e+00 1.482178629201936951e+11
1.100381557424953138e+00 1.370801197383971863e+11
1.111385372999202481e+00 1.328356993293138885e+11
1.122499226729194666e+00 1.352860838443139954e+11
1.133724218996486455e+00 1.318770721232604980e+11
1.145061461186451135e+00 1.380603440532017212e+11
1.156512075798315831e+00 1.405456251672403564e+11
1.168077196556299047e+00 1.423607344438858337e+11
1.179757968521861988e+00 1.405211468104894104e+11
1.191555548207080761e+00 1.557762997102928467e+11
1.203471103689151889e+00 1.663678041986166992e+11
1.215505814726043354e+00 1.758159690532959290e+11
1.227660872873303610e+00 1.835820043201540222e+11
1.239937481602036762e+00 1.895682876849272156e+11
1.252336856418057032e+00 1.948837131345717773e+11
1.264860224982237824e+00 1.980939146123163757e+11
1.277508827232060051e+00 1.981779584892301636e+11
1.290283915504380818e+00 1.978486155048121643e+11
1.303186754659424462e+00 1.979110933582125244e+11
1.316218622206019040e+00 1.956454837978411255e+11
1.329380808428079153e+00 1.665289553734939270e+11
1.342674616512359975e+00 1.188178712303639679e+11
1.356101362677483380e+00 1.055268571464229431e+11
1.369662376304258355e+00 1.064120198696488953e+11
1.383359000067300837e+00 1.116166794735138397e+11
1.397192590067974027e+00 1.073202514166530151e+11
1.411164515968653665e+00 1.006780705963008118e+11
1.425276161128340213e+00 9.548662033034161377e+10
1.439528922739623740e+00 9.991460672242230225e+10
1.453924211967019708e+00 1.122472261200710602e+11
1.468463454086690101e+00 1.121786753742829590e+11
1.483148088627556760e+00 1.186429526044599457e+11
1.497979569513832487e+00 1.266721473114466858e+11
1.512959365208970564e+00 1.367788393360874786e+11
1.528088958861060442e+00 1.473123197169823303e+11
1.543369848449671178e+00 1.579700183155179443e+11
1.558803546934167894e+00 1.709828193391419067e+11
1.574391582403509737e+00 1.848706618755804138e+11
1.590135498227544852e+00 1.957672144838276062e+11
1.606036853209820148e+00 2.019301471865583191e+11
1.622097221741918505e+00 2.116647075020556641e+11
1.638318193959337421e+00 2.170679539139406433e+11
1.654701375898931071e+00 2.215139045349660034e+11
1.671248389657920441e+00 2.253409357497136230e+11
1.687960873554499530e+00 2.244727005436423035e+11
1.704840482290044701e+00 2.138501288263612671e+11
1.721888887112944966e+00 1.923884741962163086e+11
1.739107775984074289e+00 1.804867777876641846e+11
1.756498853743915012e+00 1.688848959531794128e+11
1.774063842281354608e+00 1.505343086068860168e+11
1.791804480704168201e+00 1.406792367621539001e+11
1.809722525511209934e+00 1.284391243748363953e+11
1.827819750766321860e+00 1.269090095174978333e+11
1.846097948273984990e+00 1.160177488544915619e+11
1.864558927756724938e+00 1.082838305366905212e+11
1.883204517034292147e+00 1.189217882096980743e+11
1.902036562204635128e+00 1.247630397897220306e+11
1.921056927826681582e+00 1.262283794921227722e+11
1.940267497104948502e+00 1.213526164839782257e+11
1.959670172075998140e+00 1.207475544095421600e+11
1.979266873796758031e+00 1.192130288081879120e+11
1.999059542534725509e+00 1.172705434075633545e+11
2.019050137960073155e+00 1.213593292414728851e+11
2.039240639339673589e+00 1.275529385663798981e+11
2.059633045733070489e+00 1.348382753493131104e+11
2.080229376190401158e+00 1.415397434863384094e+11
2.101031669952305059e+00 1.511297742870005493e+11
2.122041986651828083e+00 1.576408387139971008e+11
2.143262406518346097e+00 1.636503795488063049e+11
2.164695030583529967e+00 1.672048459267269897e+11
2.186341980889365377e+00 1.667235147538028870e+11
2.208205400698258991e+00 1.660162533108499756e+11
2.230287454705241146e+00 1.643840964349099426e+11
2.252590329252293522e+00 1.625649109850074463e+11
2.275116232544817318e+00 1.590967904438434448e+11
2.297867394870265034e+00 1.453932890457265930e+11
2.320846068818967822e+00 1.365250120842649841e+11
2.344054529507157536e+00 1.320178581745516052e+11
2.367495074802228761e+00 1.258416636751132050e+11
2.391170025550251044e+00 1.194110221144500885e+11
2.415081725805753532e+00 1.100550757128498230e+11
2.439232543063811764e+00 1.004801873698939056e+11
2.463624868494449949e+00 9.190753789618775940e+10
2.488261117179394244e+00 8.674571718503776550e+10
2.513143728351188155e+00 7.707806402206782532e+10
2.538275165634700237e+00 7.317627994129330444e+10
2.563657917291046751e+00 7.032937771335540771e+10
2.589294496463957262e+00 6.948108138733953857e+10
2.615187441428596937e+00 7.208594948025280762e+10
2.641339315842882840e+00 7.226731307337162781e+10
2.667752709001311562e+00 7.010573109968872070e+10
2.694430236091324815e+00 6.528438863152741241e+10
2.721374538452237868e+00 6.374673473870856476e+10
2.748588283836760127e+00 6.263197729634540558e+10
2.776074166675128296e+00 5.935833781978330231e+10
2.803834908341879206e+00 6.001392996205501556e+10
2.831873257425297830e+00 5.790139337242870331e+10
2.860191989999551154e+00 5.758383121901777649e+10
2.888793909899546541e+00 5.844006120078015137e+10
2.917681848998542549e+00 5.450966919216913605e+10
2.946858667488527761e+00 5.648181904060691833e+10
2.976327254163412928e+00 5.557336487678265381e+10
3.006090526705047061e+00 5.691733429279917145e+10
3.036151431972097470e+00 5.634108574924686432e+10
3.066512946291818587e+00 5.866257741965507507e+10
3.097178075754736692e+00 5.811536359404738617e+10
3.128149856512283833e+00 5.915028565041810608e+10
3.159431355077406689e+00 5.967837137223120880e+10
3.191025668628181045e+00 6.010525019614122009e+10
3.222935925314462935e+00 6.102372472478604889e+10
3.255165284567607564e+00 6.249056246466694641e+10
3.287716937413283524e+00 6.228642688165136719e+10
3.320594106787416067e+00 6.301365442941349030e+10
3.353800047855290511e+00 6.207530418968225098e+10
3.387338048333843332e+00 6.197860325716602325e+10
3.421211428817182210e+00 6.200521925347374725e+10
3.455423543105353712e+00 6.230362730176848602e+10
3.489977778536407005e+00 6.130196508544010925e+10
3.524877556321771355e+00 6.078247828750008392e+10
3.560126331884988726e+00 6.089476011621430969e+10
3.595727595203838334e+00 6.021041550283158875e+10
3.631684871155877570e+00 5.991064147413731384e+10
3.668001719867436616e+00 5.906016078957118225e+10
3.704681737066110259e+00 5.944372393009748077e+10
3.741728554436771326e+00 5.897727469955379486e+10
3.779145839981139510e+00 5.863640087367875671e+10
3.816937298380950860e+00 5.769305186168422699e+10
3.855106671364760818e+00 5.726234267416661072e+10
3.893657738078407426e+00 5.609364395300302887e+10
3.932594315459191581e+00 5.466782296506620789e+10
3.971920258613783616e+00 5.191982044484741211e+10
4.011639461199922430e+00 4.874420370063349152e+10
4.051755855811920881e+00 4.618678712000616455e+10
4.092273414370040108e+00 4.257823997554815674e+10
4.133196148513740731e+00 4.114416461195942688e+10
4.174528109998877135e+00 3.947167108450767517e+10
4.216273391098866341e+00 3.637460746436812592e+10
4.258436125009854578e+00 3.297677645884198761e+10
4.301020486259953479e+00 2.986865074419142151e+10
4.344030691122553023e+00 2.804249626539299774e+10
4.387470998033777825e+00 2.735190195021300125e+10
4.431345708014116092e+00 2.596536407263433838e+10
4.475659165094256764e+00 2.475532437101779175e+10
4.520415756745198799e+00 2.392274678501986694e+10
4.565619914312651240e+00 2.319312707080646133e+10
4.611276113455778258e+00 2.311789007966529083e+10
4.657388874590335348e+00 2.305504480195484543e+10
4.703962763336238417e+00 2.254281747431114197e+10
4.751002390969600420e+00 2.186909981485727310e+10
4.798512414879296806e+00 2.132002758014890671e+10
4.846497539028090884e+00 2.083434759159687424e+10
4.894962514418371491e+00 2.021778185095862579e+10
4.943912139562555375e+00 1.952287903009538651e+10
4.993351260958180937e+00 1.934779178139276886e+10
5.043284773567762613e+00 1.867165686371517181e+10
5.093717621303440524e+00 1.852188183051133728e+10
5.144654797516475142e+00 1.785483439396902466e+10
5.196101345491639378e+00 1.744619170648227692e+10
5.248062358946555150e+00 1.722497185245469666e+10
5.300542982536021519e+00 1.654047473472755623e+10
5.353548412361381459e+00 1.620743746170206451e+10
5.407083896484995655e+00 1.551466095675146866e+10
5.461154735449845532e+00 1.533960575702233124e+10
5.515766282804344556e+00 1.488724374440278625e+10
5.570923945632387131e+00 1.427826993018776321e+10
5.626633185088711464e+00 1.407737908889100647e+10
5.682899516939598605e+00 1.354320579186439705e+10
5.739728512108993819e+00 1.312200324997574997e+10
5.797125797230084032e+00 1.283502085806569481e+10
5.855097055202384659e+00 1.228884384059718513e+10
5.913648025754409510e+00 1.218006454931602859e+10
5.972784506011953987e+00 1.200422711518418503e+10
6.032512351072073287e+00 1.159559499802228165e+10
6.092837474582792900e+00 1.171830197144676971e+10
6.153765849328621584e+00 1.166949814034459877e+10
6.215303507821907658e+00 1.140276144015753365e+10
6.277456542900125669e+00 1.119226661198827171e+10
6.340231108329128062e+00 1.080049791321015739e+10
6.403633419412418704e+00 1.004038226519479942e+10
6.467669753606543281e+00 9.074624601482553482e+09
6.532346451142608146e+00 8.496694594314837456e+09
6.597669915654034156e+00 7.724447631017441750e+09
6.663646614810574853e+00 7.493739959977856636e+09
6.730283080958680664e+00 7.642911135922724724e+09
6.797585911768267763e+00 7.208243727874668121e+09
6.865561770885950210e+00 7.071764173386175156e+09
6.934217388594810849e+00 7.010297142614804268e+09
7.003559562480758949e+00 6.968980171963463783e+09
7.073595158105566050e+00 6.607462579612846375e+09
7.144331109686621772e+00 6.520350793847737312e+09
7.215774420783487741e+00 6.414687486948036194e+09
7.287932164991324235e+00 6.226694566738279343e+09
7.360811486641236634e+00 5.987075220199067116e+09
7.434419601507648245e+00 5.813532814966122627e+09
7.508763797522725270e+00 5.694217721985372543e+09
7.583851435497953375e+00 5.408802306941218376e+09
7.659689949852931612e+00 5.371272639095242500e+09
7.736286849351461825e+00 5.107446311566610336e+09
7.813649717844977083e+00 5.143094207260818481e+09
7.891786215023426365e+00 4.667023742537673950e+09
7.970704077173661695e+00 4.700282731940951347e+09
8.050411117945397876e+00 4.536334951387204170e+09
8.130915229124850541e+00 4.397729996406276703e+09
8.212224381416099561e+00 4.273568061361907482e+09
8.294346625230261338e+00 4.125921482259757996e+09
8.377290091482562318e+00 4.022312830881705284e+09
8.461062992397387461e+00 3.937897271309193611e+09
8.545673622321363183e+00 3.843448721801513672e+09
8.631130358544575998e+00 3.794932170604810238e+09
8.717441662130022806e+00 3.647113156279743195e+09
8.804616078751321240e+00 3.540139114670490265e+09
8.892662239538834612e+00 3.518378309325585365e+09
8.981588861934222123e+00 3.346682444181252003e+09
9.071404750553567098e+00 3.308983666466421127e+09
9.162118798059102787e+00 3.251343478140492439e+09
9.253739986039693832e+00 3.123525445222694874e+09
9.346277385900089385e+00 3.089566757629856110e+09
9.439740159759089977e+00 2.946222120468063831e+09
9.534137561356683221e+00 2.933121721803526878e+09
9.629478936970249592e+00 2.775414756386439800e+09
9.725773726339950187e+00 2.750603996986243248e+09
9.823031463603349778e+00 2.672432825715788841e+09
9.921261778239381712e+00 2.524967939635967255e+09
1.002047439602177548e+01 2.493489847828414440e+09
1.012067913998199487e+01 2.389700729054028511e+09
1.022188593138181290e+01 2.332507082253911495e+09
1.032410479069563181e+01 2.214421023492632389e+09
1.042734583860258724e+01 2.124820298540988207e+09
1.053161929698861421e+01 2.079370235535262108e+09
1.063693548995849980e+01 2.015734011904018164e+09
1.074330484485808412e+01 1.943689513219880819e+09
1.085073789330666472e+01 1.891199980944999695e+09
1.095924527223973222e+01 1.769361082056277275e+09
1.106883772496212970e+01 1.712378503397030354e+09
1.117952610221174936e+01 1.655946039769688129e+09
1.129132136323386781e+01 1.597838500576067686e+09
1.140423457686620701e+01 1.559805398484259605e+09
1.151827692263487002e+01 1.479982251967236996e+09
1.163345969186121920e+01 1.430794949280217409e+09
1.174979428877982990e+01 1.333484598766848564e+09
1.186729223166762992e+01 1.305382392825827837e+09
1.198596515398430462e+01 1.275657588422235489e+09
1.210582480552414708e+01 1.207139435601091623e+09
1.222688305357938887e+01 1.178821985572925329e+09
1.234915188411518194e+01 1.128562419987738132e+09
1.247264340295633467e+01 1.059625139023244262e+09
1.259736983698589619e+01 1.029900636210916281e+09
1.272334353535575424e+01 1.002563793781296968e+09
1.285057697070931226e+01 9.623650264403183460e+08
1.297908274041640553e+01 9.111408912507174015e+08
1.310887356782057012e+01 8.988120137275605202e+08
1.323996230349877479e+01 8.423662890817559958e+08
1.337236192653376321e+01 8.216616639072017670e+08
1.350608554579910248e+01 7.771535657513415813e+08
1.364114640125709244e+01 7.646284476575924158e+08
1.377755786526966197e+01 7.232414712490837574e+08
1.391533344392236238e+01 7.081647000001982450e+08
1.405448677836158211e+01 6.795850640789899826e+08
1.419503164614519974e+01 6.364773735381141901e+08
1.433698196260665192e+01 6.256421071911674738e+08
1.448035178223271835e+01 5.926331876360259056e+08
1.462515530005504516e+01 5.722037941981823444e+08
1.477140685305559664e+01 5.644985676782089472e+08
1.491912092158615089e+01 5.199513518700671196e+08
1.506831213080201159e+01 5.167441888097890019e+08
1.521899525211003024e+01 4.998817699501010180e+08
1.537118520463113214e+01 4.743689753101128936e+08
1.552489705667744246e+01 4.569087523187345266e+08
1.568014602724421813e+01 4.417392367473921776e+08
1.583694748751665848e+01 4.298393313954846263e+08
1.599531696239182388e+01 4.094213881521839499e+08
1.615527013201574391e+01 3.907323297703029513e+08
1.631682283333590178e+01 3.842683953398450613e+08
1.647999106166925998e+01 3.628212363790988922e+08
1.664479097228595350e+01 3.465465320704082251e+08
1.681123888200881211e+01 3.457143496526978016e+08
1.697935127082889650e+01 3.354347135887214541e+08
1.714914478353718863e+01 3.105600647930331230e+08
1.732063623137256059e+01 2.974573065992074609e+08
1.749384259368628847e+01 2.951757174398544431e+08
1.766878101962314673e+01 2.771823056155890226e+08
1.784546882981938509e+01 2.725446331341343522e+08
1.802392351811757720e+01 2.638616018684598505e+08
1.820416275329875333e+01 2.504964667644286156e+08
1.838620438083173880e+01 2.445783283408008218e+08
1.857006642464005353e+01 2.245114105316007435e+08
1.875576708888645427e+01 2.241197175403870344e+08
1.894332475977532226e+01 2.164694009856055379e+08
1.913275800737307719e+01 2.116822324752945900e+08
1.969740769490774923e+01 1.854548837722012103e+08
2.068227807965313403e+01 1.539933575975789428e+08
2.171639198363579126e+01 1.279492871288295984e+08
2.280221158281758420e+01 1.076977101074492484e+08
2.394232216195846163e+01 8.905250165524876118e+07
2.513943827005638454e+01 7.371132604861570895e+07
2.639641018355920465e+01 6.172001142749521136e+07
2.771623069273716311e+01 5.114520040280426294e+07
2.910204222737402446e+01 4.266108020761781186e+07
3.055714433874272729e+01 3.461551710455354303e+07
3.208500155567985956e+01 2.953717751095419750e+07
3.368925163346385432e+01 2.386625702044217288e+07
3.537371421513704206e+01 1.952032687228846177e+07
3.714239992589390482e+01 1.637606700986425951e+07
3.899951992218858976e+01 1.368681469054238684e+07
4.094949591829801960e+01 1.110070769009669125e+07
4.299697071421292094e+01 9.248835508350627497e+06
4.514681924992356699e+01 7.709053304022749886e+06
4.740416021241974676e+01 6.419634296291977167e+06
4.977436822304073161e+01 5.273320907262813300e+06
5.226308663419276712e+01 4.380087860077729449e+06
5.487624096590241152e+01 3.645224977770056576e+06
5.762005301419753067e+01 3.011768288254514802e+06
6.050105566490740472e+01 2.526070751749623567e+06
6.352610844815276891e+01 2.052079770738372346e+06
6.670241387056040594e+01 1.731215316505724564e+06
7.003753456408843192e+01 1.444128489717198303e+06
7.353941129229284002e+01 1.171150202503930544e+06
7.721638185690748912e+01 9.845609906283852179e+05
8.107720094975286429e+01 8.065161337120096432e+05
8.513106099724051035e+01 6.686674999955521198e+05
8.938761404710253089e+01 5.788439735176304821e+05
9.385699474945765530e+01 4.659706374803733197e+05
