3.401114059005487245e-01 7.624880687975170898e+10
3.435125199595542300e-01 2.430614039593997192e+10
3.469476451591497201e-01 2.039012206071111298e+10
3.504171216107412334e-01 3.065099031785109711e+10
3.539212928268486436e-01 5.446226485404035187e+10
3.574605057551171750e-01 2.531981644626018906e+10
3.610351108126682584e-01 4.326235226208750916e+10
3.646454619207949999e-01 3.587199025506833649e+10
3.682919165400029282e-01 1.940209996349482727e+10
3.719748357054029064e-01 8.287720679419105530e+09
3.756945840624569266e-01 1.552630631612282372e+10
3.794515299030815081e-01 3.575066718411873627e+10
3.832460452021123065e-01 1.916396955299180603e+10
3.870785056541334312e-01 1.536326830649949074e+10
3.909492907106748016e-01 2.050413804224322891e+10
3.948587836177815391e-01 5.791813965669642639e+10
3.988073714539593917e-01 8.235814127767918396e+10
4.027954451684989667e-01 1.001126517215148163e+11
4.068233996201839342e-01 8.441690157220286560e+10
4.108916336163858096e-01 5.398500155716752625e+10
4.150005499525497021e-01 5.129055819021279907e+10
4.191505554520751908e-01 2.518200810657187653e+10
4.233420610065958822e-01 1.214610978588443184e+10
4.275754816166618122e-01 2.824969206799093628e+10
4.318512364328284114e-01 3.516823979842765808e+10
4.361697487971567533e-01 3.812984876252451324e+10
4.405314462851282475e-01 5.026429129637138367e+10
4.449367607479796094e-01 5.050255098987770081e+10
4.493861283554593800e-01 5.824808107407149506e+10
4.538799896390139921e-01 7.014719468993023682e+10
4.584187895354041031e-01 6.659581832381935120e+10
4.630029774307581336e-01 7.298982782426951599e+10
4.676330072050656761e-01 6.549854925937069702e+10
4.723093372771162701e-01 6.067689314069741821e+10
4.770324306498874289e-01 4.939038021696655273e+10
4.818027549563863032e-01 4.107213347782659912e+10
4.866207825059500891e-01 3.432257631610115814e+10
4.914869903310095656e-01 4.498735376800479126e+10
4.964018602343197584e-01 4.366932002872612000e+10
5.013658788366629482e-01 3.008402980436494827e+10
5.063795376250295188e-01 2.207403367823466492e+10
5.114433330012797541e-01 1.785677102008037186e+10
5.165577663312926893e-01 1.733131803097489166e+10
5.217233439946056262e-01 2.304592925783181381e+10
5.269405774345515825e-01 1.938252043253479004e+10
5.322099832088971194e-01 2.108141048755250168e+10
5.375320830409860973e-01 2.254251771880490875e+10
5.429074038713960215e-01 2.194140761262513733e+10
5.483364779101099762e-01 1.778400790811843491e+10
5.538198426892112503e-01 1.740802820679730606e+10
5.593580411161032107e-01 2.023391388922041321e+10
5.649516215272641917e-01 2.141642358027287292e+10
5.706011377425368458e-01 2.108827054982933044e+10
5.763071491199621699e-01 1.554517786616846657e+10
5.820702206111618704e-01 1.571388296418160820e+10
5.878909228172733981e-01 7.530317028974062920e+09
5.937698320454461998e-01 1.544104621002427101e+10
5.997075303659007428e-01 2.350476906638050842e+10
6.057046056695597480e-01 2.891676268491944504e+10
6.117616517262552955e-01 2.574208468471795273e+10
6.178792682435179096e-01 3.107774418504167938e+10
6.240580609259530620e-01 3.659186440918691254e+10
6.302986415352126448e-01 4.028380826411221313e+10
6.366016279505647413e-01 4.402389004968858337e+10
6.429676442300703565e-01 4.817191723162612915e+10
6.493973206723711034e-01 4.615594363112783051e+10
6.558912938790947278e-01 4.298424561072900391e+10
6.624502068178856895e-01 4.623626402467362213e+10
6.690747088860645730e-01 5.185375829695590973e+10
6.757654559749252110e-01 5.851802797363889313e+10
6.825231105346745153e-01 6.494195708570576477e+10
6.893483416400212338e-01 6.561912070554401398e+10
6.962418250564214039e-01 5.631048257475193787e+10
7.032042433069857212e-01 5.511607545806957245e+10
7.102362857400554841e-01 6.256276998384119415e+10
7.173386485974559967e-01 7.323812341343461609e+10
7.245120350834306500e-01 8.357636399445748901e+10
7.317571554342650053e-01 8.821284130567668152e+10
7.390747269886076554e-01 7.169420934906491089e+10
7.464654742584937441e-01 6.155527784954718018e+10
7.539301290010786971e-01 7.256897532108668518e+10
7.614694302910893775e-01 8.625117874966856384e+10
7.690841245940003290e-01 5.964565103047821045e+10
7.767749658399403234e-01 1.125187710176159973e+11
7.845427154983398710e-01 1.142380242750704041e+11
7.923881426533231354e-01 9.051761686467289734e+10
8.003120240798563545e-01 8.459319777354959106e+10
8.083151443206548770e-01 1.095309267604585876e+11
8.163982957638614701e-01 1.332130778992402649e+11
8.245622787215000082e-01 1.465473703854207153e+11
8.328079015087149761e-01 1.533186197494385376e+11
8.411359805238021181e-01 1.589454477547586060e+11
8.495473403290402237e-01 1.636906608123097229e+11
8.580428137323306004e-01 1.549709823673035583e+11
8.666232418696537820e-01 1.418137988503314514e+11
8.752894742883503554e-01 1.493538025865603638e+11
8.840423690312340099e-01 1.692436315092677612e+11
8.928827927215462479e-01 1.822533086833069153e+11
9.018116206487618580e-01 1.914630586856882324e+11
9.108297368552494833e-01 1.984003320866976013e+11
9.199380342238018260e-01 2.049627614247807007e+11
9.291374145660399320e-01 2.040439052774896240e+11
9.384287887117003235e-01 2.117817588235548706e+11
9.478130765988174167e-01 2.160479148140428467e+11
9.572912073648053299e-01 2.177856159948527222e+11
9.668641194384535176e-01 2.209096782342734680e+11
9.765327606328380039e-01 2.273565491813505859e+11
9.862980882391664261e-01 2.367137582110382080e+11
9.961610691215579960e-01 2.386626376346395569e+11
1.006122679812773590e+00 2.477640020637405396e+11
1.016183906610901300e+00 2.602209692099122009e+11
1.026345745677010202e+00 2.668904373743523254e+11
1.036609203133780355e+00 2.740321440728512268e+11
1.046975295165118336e+00 2.746374310637161865e+11
1.057445048116769204e+00 2.672608261502698059e+11
1.068019498597936989e+00 2.806835291246743774e+11
1.078699693583916597e+00 2.925031060653688965e+11
1.089486690519755552e+00 2.985056929643572998e+11
1.100381557424953138e+00 2.957569544039450073e+11
1.111385372999202481e+00 2.940339956715299683e+11
1.122499226729194666e+00 2.997552202972745972e+11
1.133724218996486455e+00 2.990022429743595581e+11
1.145061461186451135e+00 3.076556977897867432e+11
1.156512075798315831e+00 3.104635450135207520e+11
1.168077196556299047e+00 3.144238472958401489e+11
1.179757968521861988e+00 3.143193864069375000e+11
1.191555548207080761e+00 3.254194284087905884e+11
1.203471103689151889e+00 3.344886102977413940e+11
1.215505814726043354e+00 3.441076459808002319e+11
1.227660872873303610e+00 3.517376415180813599e+11
1.239937481602036762e+00 3.570556328254130249e+11
1.252336856418057032e+00 3.621381380372778320e+11
1.264860224982237824e+00 3.640552497398552856e+11
1.277508827232060051e+00 3.652542108315113525e+11
1.290283915504380818e+00 3.664220500748511963e+11
1.303186754659424462e+00 3.679858300015232544e+11
1.316218622206019040e+00 3.677460142674446411e+11
1.329380808428079153e+00 3.403306545040036011e+11
1.342674616512359975e+00 2.889896155462082520e+11
1.356101362677483380e+00 2.745858427720785217e+11
1.369662376304258355e+00 2.776699933375733643e+11
1.383359000067300837e+00 2.847842773655015259e+11
1.397192590067974027e+00 2.761670056009274902e+11
1.411164515968653665e+00 2.666871911555383301e+11
1.425276161128340213e+00 2.596171277238526611e+11
1.439528922739623740e+00 2.659233958274962463e+11
1.453924211967019708e+00 2.789629270166273804e+11
1.468463454086690101e+00 2.779886488817270508e+11
1.483148088627556760e+00 2.849865505211279297e+11
1.497979569513832487e+00 2.935137870057355957e+11
1.512959365208970564e+00 3.036633715689106445e+11
1.528088958861060442e+00 3.138186438265751953e+11
1.543369848449671178e+00 3.225203116604432373e+11
1.558803546934167894e+00 3.338795446164346924e+11
1.574391582403509737e+00 3.452254784315742188e+11
1.590135498227544852e+00 3.530403407492747803e+11
1.606036853209820148e+00 3.583364693944212036e+11
1.622097221741918505e+00 3.644788167729293213e+11
1.638318193959337421e+00 3.668939227266201172e+11
1.654701375898931071e+00 3.672451687913305664e+11
1.671248389657920441e+00 3.678110752622395020e+11
1.687960873554499530e+00 3.650912846281534424e+11
1.704840482290044701e+00 3.552762824271716919e+11
1.721888887112944966e+00 3.369492160050383301e+11
1.739107775984074289e+00 3.247541264369233398e+11
1.756498853743915012e+00 3.114340457013079224e+11
1.774063842281354608e+00 2.925657243857981567e+11
1.791804480704168201e+00 2.811082530742026978e+11
1.809722525511209934e+00 2.670617080664617310e+11
1.827819750766321860e+00 2.640329832431874084e+11
1.846097948273984990e+00 2.484995666429972534e+11
1.864558927756724938e+00 2.368754242016003418e+11
1.883204517034292147e+00 2.480088269936134949e+11
1.902036562204635128e+00 2.535114232212941589e+11
1.921056927826681582e+00 2.530436575421551514e+11
1.940267497104948502e+00 2.484356069727672424e+11
1.959670172075998140e+00 2.465515778151323242e+11
1.979266873796758031e+00 2.421663051070663757e+11
1.999059542534725509e+00 2.365962345345508728e+11
2.019050137960073155e+00 2.372386223205978394e+11
2.039240639339673589e+00 2.406034597739295349e+11
2.059633045733070489e+00 2.453667114454065552e+11
2.080229376190401158e+00 2.493910158408547668e+11
2.101031669952305059e+00 2.558443456315877991e+11
2.122041986651828083e+00 2.595391291505267639e+11
2.143262406518346097e+00 2.626983382944253845e+11
2.164695030583529967e+00 2.645104999089897156e+11
2.186341980889365377e+00 2.626861573236004028e+11
2.208205400698258991e+00 2.608762115283221130e+11
2.230287454705241146e+00 2.578380542743457031e+11
2.252590329252293522e+00 2.543830277641425781e+11
2.275116232544817318e+00 2.497389817323071899e+11
2.297867394870265034e+00 2.386085510947047424e+11
2.320846068818967822e+00 2.292933173049799500e+11
2.344054529507157536e+00 2.221920164421054382e+11
2.367495074802228761e+00 2.145361612631722412e+11
2.391170025550251044e+00 2.050451447582681274e+11
2.415081725805753532e+00 1.922697362898010254e+11
2.439232543063811764e+00 1.813914579821874695e+11
2.463624868494449949e+00 1.709461704759273376e+11
2.488261117179394244e+00 1.622173487987132874e+11
2.513143728351188155e+00 1.502512052735986328e+11
2.538275165634700237e+00 1.445496507150923767e+11
2.563657917291046751e+00 1.402615151407142639e+11
2.589294496463957262e+00 1.376182325489641418e+11
2.615187441428596937e+00 1.391763583815140381e+11
2.641339315842882840e+00 1.371439911739751740e+11
2.667752709001311562e+00 1.357123081333579865e+11
2.694430236091324815e+00 1.290667897719897308e+11
2.721374538452237868e+00 1.240579126215258026e+11
2.748588283836760127e+00 1.198397250151555481e+11
2.776074166675128296e+00 1.146552045097430725e+11
2.803834908341879206e+00 1.132856678893414154e+11
2.831873257425297830e+00 1.091636260040283966e+11
2.860191989999551154e+00 1.080917371566548309e+11
2.888793909899546541e+00 1.078389337767899323e+11
2.917681848998542549e+00 1.015914417779577179e+11
2.946858667488527761e+00 1.026109555546882935e+11
2.976327254163412928e+00 1.003109123578073730e+11
3.006090526705047061e+00 1.007213944815363312e+11
3.036151431972097470e+00 9.866233040064384460e+10
3.066512946291818587e+00 1.002403533847139435e+11
3.097178075754736692e+00 9.849952490752079773e+10
3.128149856512283833e+00 9.845855308450045776e+10
3.159431355077406689e+00 9.818346107448782349e+10
3.191025668628181045e+00 9.736356539583500671e+10
3.222935925314462935e+00 9.748312011871478271e+10
3.255165284567607564e+00 9.770979724527540588e+10
3.287716937413283524e+00 9.658436303362335205e+10
3.320594106787416067e+00 9.627269897692492676e+10
3.353800047855290511e+00 9.443640269441569519e+10
3.387338048333843332e+00 9.336243153834844971e+10
3.421211428817182210e+00 9.229312014285542297e+10
3.455423543105353712e+00 9.158309826844934082e+10
3.489977778536407005e+00 8.974080755448892212e+10
3.524877556321771355e+00 8.817246904519529724e+10
3.560126331884988726e+00 8.719955575530238342e+10
3.595727595203838334e+00 8.603174534450759888e+10
3.631684871155877570e+00 8.454965304471574402e+10
3.668001719867436616e+00 8.290949433872915649e+10
3.704681737066110259e+00 8.194074727835783386e+10
3.741728554436771326e+00 8.048886259782202148e+10
3.779145839981139510e+00 7.911177502137548828e+10
3.816937298380950860e+00 7.715752251762763977e+10
3.855106671364760818e+00 7.570933538679580688e+10
3.893657738078407426e+00 7.391349595872181702e+10
3.932594315459191581e+00 7.192520483967018127e+10
3.971920258613783616e+00 6.945774144311601257e+10
4.011639461199922430e+00 6.703126154693476105e+10
4.051755855811920881e+00 6.453778749067678070e+10
4.092273414370040108e+00 6.126775403403522491e+10
4.133196148513740731e+00 5.937766725452077484e+10
4.174528109998877135e+00 5.694405175885949707e+10
4.216273391098866341e+00 5.404368736377703857e+10
4.258436125009854578e+00 5.081083676462583923e+10
4.301020486259953479e+00 4.926109681049762726e+10
4.344030691122553023e+00 4.694316616659910583e+10
4.387470998033777825e+00 4.478405155365867615e+10
4.431345708014116092e+00 4.299740250863739014e+10
4.475659165094256764e+00 4.166613891981234741e+10
4.520415756745198799e+00 4.024227774161721802e+10
4.565619914312651240e+00 3.906305930474153137e+10
4.611276113455778258e+00 3.805132700774151611e+10
4.657388874590335348e+00 3.681354315145471954e+10
4.703962763336238417e+00 3.590682973816865540e+10
4.751002390969600420e+00 3.494738209117277527e+10
4.798512414879296806e+00 3.382836273798704910e+10
4.846497539028090884e+00 3.281117870327552795e+10
4.894962514418371491e+00 3.183502813056599808e+10
4.943912139562555375e+00 3.066922808472400284e+10
4.993351260958180937e+00 2.982000117758011246e+10
5.043284773567762613e+00 2.849397729607722473e+10
5.093717621303440524e+00 2.777956538512197876e+10
5.144654797516475142e+00 2.663226200804402924e+10
5.196101345491639378e+00 2.591907366038497162e+10
5.248062358946555150e+00 2.526232354604998016e+10
5.300542982536021519e+00 2.434763436880331802e+10
5.353548412361381459e+00 2.381657973740765381e+10
5.407083896484995655e+00 2.286339733782828903e+10
5.461154735449845532e+00 2.238686143545317078e+10
5.515766282804344556e+00 2.167565315383705902e+10
5.570923945632387131e+00 2.085461951193878555e+10
5.626633185088711464e+00 2.042009288372573090e+10
5.682899516939598605e+00 1.970517686532255554e+10
5.739728512108993819e+00 1.909348678382841873e+10
5.797125797230084032e+00 1.865699138161264420e+10
5.855097055202384659e+00 1.794389011547716904e+10
5.913648025754409510e+00 1.761004255546160126e+10
5.972784506011953987e+00 1.717268302332353401e+10
6.032512351072073287e+00 1.659168780655479431e+10
6.092837474582792900e+00 1.647915483274767113e+10
6.153765849328621584e+00 1.616507670994906425e+10
6.215303507821907658e+00 1.576402499152568436e+10
6.277456542900125669e+00 1.527697585341174507e+10
6.340231108329128062e+00 1.477894249204090500e+10
6.403633419412418704e+00 1.401731193662632370e+10
6.467669753606543281e+00 1.297596125712435532e+10
6.532346451142608146e+00 1.228230364295172310e+10
6.597669915654034156e+00 1.128630261157228470e+10
6.663646614810574853e+00 1.078482925539986229e+10
6.730283080958680664e+00 1.090468958581405258e+10
6.797585911768267763e+00 1.034208333207799530e+10
6.865561770885950210e+00 1.008964493372355270e+10
6.934217388594810849e+00 9.883807772091379166e+09
7.003559562480758949e+00 9.748148866991514206e+09
7.073595158105566050e+00 9.297851014259010315e+09
7.144331109686621772e+00 9.098404552419570923e+09
7.215774420783487741e+00 8.911928547252742767e+09
7.287932164991324235e+00 8.598938864532054901e+09
7.360811486641236634e+00 8.300626706348220825e+09
7.434419601507648245e+00 8.065947916939244270e+09
7.508763797522725270e+00 7.828409230045874596e+09
7.583851435497953375e+00 7.525890228636981010e+09
7.659689949852931612e+00 7.331488473176405907e+09
7.736286849351461825e+00 7.046205393058184624e+09
7.813649717844977083e+00 6.991301890537000656e+09
7.891786215023426365e+00 6.482063783187379837e+09
7.970704077173661695e+00 6.396999888035872459e+09
8.050411117945397876e+00 6.181215578969516754e+09
8.130915229124850541e+00 5.971911047386263847e+09
8.212224381416099561e+00 5.772176261267282486e+09
8.294346625230261338e+00 5.553276748910254478e+09
8.377290091482562318e+00 5.391254329583595276e+09
8.461062992397387461e+00 5.247380961635026932e+09
8.545673622321363183e+00 5.094603703915714264e+09
8.631130358544575998e+00 4.994348634117516518e+09
8.717441662130022806e+00 4.804196323973666191e+09
8.804616078751321240e+00 4.671138475623960495e+09
8.892662239538834612e+00 4.594213038947978020e+09
8.981588861934222123e+00 4.414001331406547546e+09
9.071404750553567098e+00 4.323391693748285294e+09
9.162118798059102787e+00 4.198162629967419147e+09
9.253739986039693832e+00 4.042219924890382767e+09
9.346277385900089385e+00 3.951509073892923355e+09
9.439740159759089977e+00 3.805176542866563797e+09
9.534137561356683221e+00 3.731776210817358494e+09
9.629478936970249592e+00 3.554798182408493996e+09
9.725773726339950187e+00 3.479656345983866215e+09
9.823031463603349778e+00 3.371676039505477428e+09
9.921261778239381712e+00 3.219821134368758202e+09
1.002047439602177548e+01 3.142436370519848824e+09
1.012067913998199487e+01 3.024121584335387707e+09
1.022188593138181290e+01 2.937690483446831703e+09
1.032410479069563181e+01 2.810819557318396091e+09
1.042734583860258724e+01 2.710407216440557957e+09
1.053161929698861421e+01 2.619262683296597958e+09
1.063693548995849980e+01 2.526101406433642864e+09
1.074330484485808412e+01 2.432354060000102520e+09
1.085073789330666472e+01 2.356305344243353367e+09
1.095924527223973222e+01 2.239302814963955879e+09
1.106883772496212970e+01 2.166496694608155251e+09
1.117952610221174936e+01 2.079205775998818159e+09
1.129132136323386781e+01 2.007436186636740923e+09
1.140423457686620701e+01 1.940954001277301788e+09
1.151827692263487002e+01 1.861662116424787760e+09
1.163345969186121920e+01 1.795901564662142038e+09
1.174979428877982990e+01 1.705886913913426876e+09
1.186729223166762992e+01 1.650055350767736435e+09
1.198596515398430462e+01 1.604327141518152475e+09
1.210582480552414708e+01 1.531528742229297161e+09
1.222688305357938887e+01 1.489136026992917776e+09
1.234915188411518194e+01 1.433390329112841368e+09
1.247264340295633467e+01 1.357216962295015812e+09
1.259736983698589619e+01 1.318678297940692902e+09
1.272334353535575424e+01 1.270849496976080418e+09
1.285057697070931226e+01 1.222583288307857990e+09
1.297908274041640553e+01 1.169271853237312555e+09
1.310887356782057012e+01 1.143404540412878036e+09
1.323996230349877479e+01 1.081426880698348761e+09
1.337236192653376321e+01 1.053761578645984650e+09
1.350608554579910248e+01 1.002487715155229688e+09
1.364114640125709244e+01 9.796096173074814081e+08
1.377755786526966197e+01 9.313246132025903463e+08
1.391533344392236238e+01 9.057231438640314341e+08
1.405448677836158211e+01 8.698544843631931543e+08
1.419503164614519974e+01 8.237142497211827040e+08
1.433698196260665192e+01 8.063114178622590303e+08
1.448035178223271835e+01 7.713518475552413464e+08
1.462515530005504516e+01 7.357359980917283297e+08
1.477140685305559664e+01 7.237129568094788790e+08
1.491912092158615089e+01 6.843202676841101646e+08
1.506831213080201159e+01 6.672525095609965324e+08
1.521899525211003024e+01 6.417517824304331541e+08
1.537118520463113214e+01 6.148449271741372347e+08
1.552489705667744246e+01 5.940067577888436317e+08
1.568014602724421813e+01 5.734740282968565226e+08
1.583694748751665848e+01 5.537267812711967230e+08
1.599531696239182388e+01 5.306329032780124545e+08
1.615527013201574391e+01 5.044145332552278638e+08
1.631682283333590178e+01 4.962400776097779274e+08
1.647999106166925998e+01 4.707435213976569772e+08
1.664479097228595350e+01 4.519138613718094826e+08
1.681123888200881211e+01 4.434107811321520209e+08
1.697935127082889650e+01 4.312091635269372463e+08
1.714914478353718863e+01 4.039730640341848135e+08
1.732063623137256059e+01 3.875071708364565969e+08
1.749384259368628847e+01 3.806558142883843184e+08
1.766878101962314673e+01 3.608459263635325432e+08
1.784546882981938509e+01 3.533942234063619971e+08
1.802392351811757720e+01 3.389972291916778088e+08
1.820416275329875333e+01 3.250692045908985734e+08
1.838620438083173880e+01 3.156451628712291121e+08
1.857006642464005353e+01 2.941272049695214033e+08
1.875576708888645427e+01 2.902497206613903046e+08
1.894332475977532226e+01 2.799012945273041129e+08
1.913275800737307719e+01 2.718848598183986545e+08
1.969740769490774923e+01 2.411714229786421061e+08
2.068227807965313403e+01 2.001344904981965423e+08
2.171639198363579126e+01 1.660195547075122595e+08
2.280221158281758420e+01 1.389903803102978468e+08
2.394232216195846163e+01 1.151394438563997000e+08
2.513943827005638454e+01 9.542796566767814755e+07
2.639641018355920465e+01 7.959833188779282570e+07
2.771623069273716311e+01 6.568435243577389419e+07
2.910204222737402446e+01 5.462876091387035698e+07
3.055714433874272729e+01 4.458135484872985631e+07
3.208500155567985956e+01 3.744807604459435493e+07
3.368925163346385432e+01 3.047092069299983978e+07
3.537371421513704206e+01 2.506055472008747607e+07
3.714239992589390482e+01 2.089733227228697762e+07
3.899951992218858976e+01 1.748934608348362893e+07
4.094949591829801960e+01 1.428903751851908118e+07
4.299697071421292094e+01 1.195553191361996531e+07
4.514681924992356699e+01 9.924272453161479905e+06
4.740416021241974676e+01 8.230909303623924032e+06
4.977436822304073161e+01 6.798533246225328185e+06
5.226308663419276712e+01 5.646843162103173323e+06
5.487624096590241152e+01 4.700018832258077338e+06
5.762005301419753067e+01 3.877382012793533504e+06
6.050105566490740472e+01 3.240372256078940351e+06
6.352610844815276891e+01 2.665115529567879159e+06
6.670241387056040594e+01 2.219603862409121357e+06
7.003753456408843192e+01 1.850106135113839759e+06
7.353941129229284002e+01 1.515826255155730294e+06
7.721638185690748912e+01 1.267342917035977822e+06
8.107720094975286429e+01 1.038778668424952542e+06
8.513106099724051035e+01 8.611642417129252572e+05
8.938761404710253089e+01 7.295890732588934479e+05
9.385699474945765530e+01 5.973014425038906047e+05
