3.401114059005487245e-01 2.357046448272611237e+10
3.435125199595542300e-01 1.867917009219036102e+10
3.469476451591497201e-01 2.409298206386515045e+10
3.504171216107412334e-01 2.929007569320490646e+10
3.539212928268486436e-01 3.104108594952101898e+10
3.574605057551171750e-01 3.122098637706466293e+10
3.610351108126682584e-01 3.211059200934324265e+10
3.646454619207949999e-01 3.171763388590605545e+10
3.682919165400029282e-01 2.858192855717286301e+10
3.719748357054029064e-01 3.118123578689354324e+10
3.756945840624569266e-01 3.793846676095421600e+10
3.794515299030815081e-01 4.734905879329090881e+10
3.832460452021123065e-01 4.915220511390460205e+10
3.870785056541334312e-01 5.780883407764716339e+10
3.909492907106748016e-01 5.793129664272148132e+10
3.948587836177815391e-01 5.312651732933867645e+10
3.988073714539593917e-01 4.148815398373414612e+10
4.027954451684989667e-01 2.597523541438501358e+10
4.068233996201839342e-01 2.643713536962225342e+10
4.108916336163858096e-01 3.454086068685198975e+10
4.150005499525497021e-01 5.961337459510822296e+10
4.191505554520751908e-01 6.480772303514179993e+10
4.233420610065958822e-01 6.680385621303078461e+10
4.275754816166618122e-01 6.640786184270169830e+10
4.318512364328284114e-01 5.371438393784288788e+10
4.361697487971567533e-01 5.146321077251210785e+10
4.405314462851282475e-01 6.394838154612779999e+10
4.449367607479796094e-01 6.409828993963503265e+10
4.493861283554593800e-01 6.340081449279373169e+10
4.538799896390139921e-01 6.182938715104966736e+10
4.584187895354041031e-01 5.407790275713155365e+10
4.630029774307581336e-01 4.698934315272140503e+10
4.676330072050656761e-01 3.990633489998027802e+10
4.723093372771162701e-01 2.994900010227703476e+10
4.770324306498874289e-01 1.994878010272135925e+10
4.818027549563863032e-01 1.245085150969892883e+10
4.866207825059500891e-01 6.035693670813254356e+09
4.914869903310095656e-01 5.974181922593282700e+09
4.964018602343197584e-01 4.454013216701699257e+09
5.013658788366629482e-01 3.046359399621368885e+09
5.063795376250295188e-01 2.321974180066680431e+09
5.114433330012797541e-01 2.003882452706873655e+09
5.165577663312926893e-01 1.705508116984875441e+09
5.217233439946056262e-01 1.483569264666317701e+09
5.269405774345515825e-01 1.278085826065693617e+09
5.322099832088971194e-01 1.114344812847150087e+09
5.375320830409860973e-01 9.838602123391751051e+08
5.429074038713960215e-01 8.566784678623784781e+08
5.483364779101099762e-01 7.561224341228219271e+08
5.538198426892112503e-01 6.673010719271708727e+08
5.593580411161032107e-01 5.830762797019315958e+08
5.649516215272641917e-01 5.144432454393872023e+08
5.706011377425368458e-01 4.491858206473776102e+08
5.763071491199621699e-01 3.893057306786761284e+08
5.820702206111618704e-01 3.295587154555068016e+08
5.878909228172733981e-01 2.431974657788451612e+08
5.937698320454461998e-01 2.646268805793625414e+08
5.997075303659007428e-01 2.987212068900299668e+08
6.057046056695597480e-01 3.211943674447106719e+08
6.117616517262552955e-01 3.400390411191387177e+08
6.178792682435179096e-01 3.597463745197456479e+08
6.240580609259530620e-01 3.817462898545470238e+08
6.302986415352126448e-01 4.058034856403385401e+08
6.366016279505647413e-01 4.300439608420074582e+08
6.429676442300703565e-01 4.544012081746119261e+08
6.493973206723711034e-01 4.725425701750473976e+08
6.558912938790947278e-01 4.167542755024977326e+08
6.624502068178856895e-01 5.300368399469641447e+08
6.690747088860645730e-01 5.741026587675851583e+08
6.757654559749252110e-01 6.028994549047482014e+08
6.825231105346745153e-01 6.078059378183363676e+08
6.893483416400212338e-01 5.549405125186340809e+08
6.962418250564214039e-01 4.836561450607273579e+08
7.032042433069857212e-01 4.473755050155676007e+08
7.102362857400554841e-01 4.219332552105062008e+08
7.173386485974559967e-01 3.722407615081690550e+08
7.245120350834306500e-01 3.326957436973057389e+08
7.317571554342650053e-01 2.880478188282921314e+08
7.390747269886076554e-01 2.470033677699200809e+08
7.464654742584937441e-01 2.080315662327201962e+08
7.539301290010786971e-01 1.652129275266156495e+08
7.614694302910893775e-01 1.103771833823462129e+08
7.690841245940003290e-01 4.046285105487859249e+07
7.767749658399403234e-01 1.125799521336436570e+08
7.845427154983398710e-01 1.638358285200953782e+08
7.923881426533231354e-01 2.132176696278108358e+08
8.003120240798563545e-01 2.658903224445363879e+08
8.083151443206548770e-01 3.115724130026764870e+08
8.163982957638614701e-01 3.591688509609382749e+08
8.245622787215000082e-01 4.286989647784456015e+08
8.328079015087149761e-01 5.048375948698350191e+08
8.411359805238021181e-01 5.754362388732510805e+08
8.495473403290402237e-01 6.907476874240684509e+08
8.580428137323306004e-01 8.259621536145619154e+08
8.666232418696537820e-01 9.696300897727029324e+08
8.752894742883503554e-01 1.109651362181567192e+09
8.840423690312340099e-01 1.173893877350867271e+09
8.928827927215462479e-01 9.866766792209076881e+08
9.018116206487618580e-01 1.113175919433357954e+09
9.108297368552494833e-01 1.523809884143098593e+09
9.199380342238018260e-01 1.707060326825821161e+09
9.291374145660399320e-01 1.284326823071341038e+09
9.384287887117003235e-01 1.339742087450479746e+09
9.478130765988174167e-01 1.540053829482133150e+09
9.572912073648053299e-01 1.610026307359071970e+09
9.668641194384535176e-01 1.834876087357751846e+09
9.765327606328380039e-01 2.047733437305460930e+09
9.862980882391664261e-01 2.356882898729664326e+09
9.961610691215579960e-01 2.750171408254473209e+09
1.006122679812773590e+00 3.272399488525609970e+09
1.016183906610901300e+00 4.167329136626815319e+09
1.026345745677010202e+00 5.046302263146798134e+09
1.036609203133780355e+00 6.075834613491175652e+09
1.046975295165118336e+00 6.941861096554853439e+09
1.057445048116769204e+00 7.647086218824291229e+09
1.068019498597936989e+00 7.966489153956364632e+09
1.078699693583916597e+00 8.094789965496481895e+09
1.089486690519755552e+00 6.381365330582586288e+09
1.100381557424953138e+00 4.043509160955157280e+09
1.111385372999202481e+00 2.808573432082584381e+09
1.122499226729194666e+00 2.325349264674258232e+09
1.133724218996486455e+00 2.256579800095004082e+09
1.145061461186451135e+00 2.330012602319057941e+09
1.156512075798315831e+00 1.381396055246837139e+09
1.168077196556299047e+00 1.922529414164412498e+09
1.179757968521861988e+00 1.982375388867412806e+09
1.191555548207080761e+00 3.547057767728127956e+09
1.203471103689151889e+00 5.545663863192328453e+09
1.215505814726043354e+00 8.228329822748360634e+09
1.227660872873303610e+00 1.096827507228657532e+10
1.239937481602036762e+00 1.315766818823353195e+10
1.252336856418057032e+00 1.534263338188869476e+10
1.264860224982237824e+00 1.590306182691226006e+10
1.277508827232060051e+00 1.462460341655611992e+10
1.290283915504380818e+00 1.263937532855725098e+10
1.303186754659424462e+00 1.071055233006155396e+10
1.316218622206019040e+00 8.637911600499393463e+09
1.329380808428079153e+00 4.698820566904746056e+09
1.342674616512359975e+00 2.039826525635735989e+09
1.356101362677483380e+00 1.151938311725122452e+09
1.369662376304258355e+00 1.255965021073515654e+09
1.383359000067300837e+00 1.074031523916267633e+09
1.397192590067974027e+00 1.001565638955373168e+09
1.411164515968653665e+00 1.250117446579996824e+09
1.425276161128340213e+00 1.494290563580295801e+09
1.439528922739623740e+00 2.017200347051169157e+09
1.453924211967019708e+00 3.232455460337628365e+09
1.468463454086690101e+00 3.853405184545158863e+09
1.483148088627556760e+00 4.799894878092576981e+09
1.497979569513832487e+00 6.138701194727434158e+09
1.512959365208970564e+00 7.715432437105381012e+09
1.528088958861060442e+00 9.669875471638248444e+09
1.543369848449671178e+00 1.183363746533017921e+10
1.558803546934167894e+00 1.298334994070405579e+10
1.574391582403509737e+00 1.460057893404705238e+10
1.590135498227544852e+00 1.366137602115021896e+10
1.606036853209820148e+00 8.086211987056036949e+09
1.622097221741918505e+00 3.866190430282832623e+09
1.638318193959337421e+00 3.457255491500620365e+09
1.654701375898931071e+00 3.866199007609928608e+09
1.671248389657920441e+00 2.268434348527420521e+09
1.687960873554499530e+00 2.718710725756673336e+09
1.704840482290044701e+00 2.369956731650026798e+09
1.721888887112944966e+00 3.066701467788392544e+09
1.739107775984074289e+00 2.805000362796763897e+09
1.756498853743915012e+00 3.551977269020335197e+09
1.774063842281354608e+00 3.242090185599798679e+09
1.791804480704168201e+00 2.992270848647595882e+09
1.809722525511209934e+00 3.556615788581032753e+09
1.827819750766321860e+00 3.934412180313207150e+09
1.846097948273984990e+00 4.007934426663585663e+09
1.864558927756724938e+00 3.834335721051998138e+09
1.883204517034292147e+00 5.797069280408607483e+09
1.902036562204635128e+00 6.835706244709510803e+09
1.921056927826681582e+00 7.024775765491066933e+09
1.940267497104948502e+00 6.280955702812116623e+09
1.959670172075998140e+00 7.004964116936324120e+09
1.979266873796758031e+00 8.072747391187175751e+09
1.999059542534725509e+00 9.172635062094633102e+09
2.019050137960073155e+00 1.097798540225078011e+10
2.039240639339673589e+00 1.282689994796747589e+10
2.059633045733070489e+00 1.422567198859294510e+10
2.080229376190401158e+00 1.425219033823756599e+10
2.101031669952305059e+00 1.296066750194213295e+10
2.122041986651828083e+00 1.074970085408121109e+10
2.143262406518346097e+00 8.375642072538321495e+09
2.164695030583529967e+00 5.868484878069513321e+09
2.186341980889365377e+00 3.699315150139692307e+09
2.208205400698258991e+00 1.243890275760296822e+09
2.230287454705241146e+00 1.517538078090390921e+09
2.252590329252293522e+00 9.167321664498794079e+08
2.275116232544817318e+00 7.776798343994648457e+08
2.297867394870265034e+00 7.295511526389830112e+08
2.320846068818967822e+00 8.799973680986227989e+08
2.344054529507157536e+00 6.473369908935920000e+08
2.367495074802228761e+00 8.294624497019881010e+08
2.391170025550251044e+00 9.676306541338838339e+08
2.415081725805753532e+00 1.421113742774390936e+09
2.439232543063811764e+00 1.512369879828731537e+09
2.463624868494449949e+00 2.036463279888135195e+09
2.488261117179394244e+00 2.617765241937657833e+09
2.513143728351188155e+00 2.935648828651189327e+09
2.538275165634700237e+00 3.013049728918378353e+09
2.563657917291046751e+00 2.726171630242825508e+09
2.589294496463957262e+00 2.550935326149466038e+09
2.615187441428596937e+00 3.145072881486629486e+09
2.641339315842882840e+00 4.266109168982536793e+09
2.667752709001311562e+00 3.648974648456034660e+09
2.694430236091324815e+00 3.658386168696471214e+09
2.721374538452237868e+00 4.545595972263628006e+09
2.748588283836760127e+00 4.986435410218290329e+09
2.776074166675128296e+00 4.244761466259129524e+09
2.803834908341879206e+00 5.084585599412549019e+09
2.831873257425297830e+00 5.097397588420439720e+09
2.860191989999551154e+00 5.143872667940226555e+09
2.888793909899546541e+00 5.962085171117350578e+09
2.917681848998542549e+00 5.622661157031201363e+09
2.946858667488527761e+00 6.337413880624564171e+09
2.976327254163412928e+00 6.197030850651670456e+09
3.006090526705047061e+00 5.799414304129450798e+09
3.036151431972097470e+00 4.786834040672821999e+09
3.066512946291818587e+00 3.263762984354474545e+09
3.097178075754736692e+00 2.191531824557473660e+09
3.128149856512283833e+00 1.561029934098626375e+09
3.159431355077406689e+00 1.172179275500626087e+09
3.191025668628181045e+00 9.996962559699766636e+08
3.222935925314462935e+00 9.936737930046979189e+08
3.255165284567607564e+00 1.092237040824720621e+09
3.287716937413283524e+00 1.389527057374360561e+09
3.320594106787416067e+00 6.556595038304049969e+08
3.353800047855290511e+00 8.723371003918054104e+08
3.387338048333843332e+00 1.230877985630788088e+09
3.421211428817182210e+00 1.167630616759985209e+09
3.455423543105353712e+00 1.144365683686952353e+09
3.489977778536407005e+00 1.238194109568881989e+09
3.524877556321771355e+00 1.437981890319013596e+09
3.560126331884988726e+00 1.545996463981588840e+09
3.595727595203838334e+00 1.804108574297294855e+09
3.631684871155877570e+00 2.056077238433418036e+09
3.668001719867436616e+00 2.657685339366381645e+09
3.704681737066110259e+00 3.149864930245392799e+09
3.741728554436771326e+00 3.594740192225981712e+09
3.779145839981139510e+00 3.783618551926259995e+09
3.816937298380950860e+00 4.662849627876545906e+09
3.855106671364760818e+00 4.745589139741736412e+09
3.893657738078407426e+00 5.189015429529431343e+09
3.932594315459191581e+00 5.735803637612061501e+09
3.971920258613783616e+00 6.127734096208956718e+09
4.011639461199922430e+00 6.422322539058788300e+09
4.051755855811920881e+00 6.624109321897271156e+09
4.092273414370040108e+00 6.525999721538560867e+09
4.133196148513740731e+00 6.529123583176587105e+09
4.174528109998877135e+00 6.742110325213937759e+09
4.216273391098866341e+00 6.335535575312561989e+09
4.258436125009854578e+00 5.911923134507951736e+09
4.301020486259953479e+00 4.214437361201761723e+09
4.344030691122553023e+00 4.573440622629690170e+09
4.387470998033777825e+00 5.519463094739894867e+09
4.431345708014116092e+00 5.478000021537803650e+09
4.475659165094256764e+00 5.213892970731390953e+09
4.520415756745198799e+00 5.114410904907597542e+09
4.565619914312651240e+00 5.075264291006010056e+09
4.611276113455778258e+00 5.229856570577898026e+09
4.657388874590335348e+00 5.494616415756910324e+09
4.703962763336238417e+00 5.394807604860344887e+09
4.751002390969600420e+00 5.260086799472714424e+09
4.798512414879296806e+00 5.201708146566582680e+09
4.846497539028090884e+00 5.173142606895709991e+09
4.894962514418371491e+00 5.127474426522995949e+09
4.943912139562555375e+00 4.892602237040088654e+09
4.993351260958180937e+00 4.926949142156045914e+09
5.043284773567762613e+00 4.690875480036504745e+09
5.093717621303440524e+00 4.664287386439956665e+09
5.144654797516475142e+00 4.249306862977839470e+09
5.196101345491639378e+00 4.048794516780275345e+09
5.248062358946555150e+00 4.102037979230762005e+09
5.300542982536021519e+00 3.711234904007024288e+09
5.353548412361381459e+00 3.519751468492633343e+09
5.407083896484995655e+00 3.133475928805371761e+09
5.461154735449845532e+00 3.112798939750992298e+09
5.515766282804344556e+00 2.995046632843768597e+09
5.570923945632387131e+00 2.608810328269877911e+09
5.626633185088711464e+00 2.527907308595544338e+09
5.682899516939598605e+00 2.513595864106109619e+09
5.739728512108993819e+00 2.434726845113080502e+09
5.797125797230084032e+00 2.295157605225596905e+09
5.855097055202384659e+00 1.923761688673378229e+09
5.913648025754409510e+00 2.252653116257390499e+09
5.972784506011953987e+00 2.135767462466971874e+09
6.032512351072073287e+00 2.007983780058634996e+09
6.092837474582792900e+00 2.030765721112622738e+09
6.153765849328621584e+00 2.079276170307147503e+09
6.215303507821907658e+00 2.080665184417288780e+09
6.277456542900125669e+00 2.108059693964249611e+09
6.340231108329128062e+00 1.969099841547643423e+09
6.403633419412418704e+00 1.625440160154032707e+09
6.467669753606543281e+00 1.349602411453512907e+09
6.532346451142608146e+00 1.521515873729210377e+09
6.597669915654034156e+00 1.504087860945609570e+09
6.663646614810574853e+00 1.646362709144157410e+09
6.730283080958680664e+00 1.630965472931718588e+09
6.797585911768267763e+00 1.427261472542223692e+09
6.865561770885950210e+00 1.451146199427253723e+09
6.934217388594810849e+00 1.506235709242127180e+09
7.003559562480758949e+00 1.390972837815823793e+09
7.073595158105566050e+00 1.222243334469474316e+09
7.144331109686621772e+00 1.095232087106643915e+09
7.215774420783487741e+00 9.862041403534336090e+08
7.287932164991324235e+00 8.875821069754792452e+08
7.360811486641236634e+00 8.162167115389767885e+08
7.434419601507648245e+00 8.008945661625413895e+08
7.508763797522725270e+00 8.521681906673487425e+08
7.583851435497953375e+00 9.144359279212679863e+08
7.659689949852931612e+00 8.468461169571752548e+08
7.736286849351461825e+00 6.439182988447228670e+08
7.813649717844977083e+00 6.914494404421198368e+08
7.891786215023426365e+00 7.428715351254103184e+08
7.970704077173661695e+00 8.005386140129854679e+08
8.050411117945397876e+00 7.968755276374664307e+08
8.130915229124850541e+00 8.127462751608799696e+08
8.212224381416099561e+00 7.963118402907912731e+08
8.294346625230261338e+00 8.058216953948594332e+08
8.377290091482562318e+00 8.173232408700428009e+08
8.461062992397387461e+00 8.490021445079205036e+08
8.545673622321363183e+00 8.701070081087366343e+08
8.631130358544575998e+00 9.177570388405860662e+08
8.717441662130022806e+00 9.283403905944398642e+08
8.804616078751321240e+00 9.654628564193897247e+08
8.892662239538834612e+00 9.781948735097645521e+08
8.981588861934222123e+00 9.933376317380193472e+08
9.071404750553567098e+00 1.053184236471201777e+09
9.162118798059102787e+00 1.080524017909441233e+09
9.253739986039693832e+00 1.095298063679880381e+09
9.346277385900089385e+00 1.119656639544385195e+09
9.439740159759089977e+00 1.096001192507203102e+09
9.534137561356683221e+00 1.136502586185862064e+09
9.629478936970249592e+00 1.109863965620196104e+09
9.725773726339950187e+00 1.124869206769492388e+09
9.823031463603349778e+00 1.115403891500930309e+09
9.921261778239381712e+00 1.075194476102873087e+09
1.002047439602177548e+01 1.088075809018645048e+09
1.012067913998199487e+01 1.024290828396310687e+09
1.022188593138181290e+01 1.010330699785767913e+09
1.032410479069563181e+01 9.243919334091272354e+08
1.042734583860258724e+01 8.506180307961114645e+08
1.053161929698861421e+01 8.997409160380131006e+08
1.063693548995849980e+01 9.060775771960356236e+08
1.074330484485808412e+01 8.665912911029087305e+08
1.085073789330666472e+01 8.738566658513004780e+08
1.095924527223973222e+01 7.898225799694354534e+08
1.106883772496212970e+01 8.059909032478080988e+08
1.117952610221174936e+01 8.139384925044122934e+08
1.129132136323386781e+01 7.777426938369128704e+08
1.140423457686620701e+01 7.907491861470437050e+08
1.151827692263487002e+01 7.382625892380311489e+08
1.163345969186121920e+01 7.098870409588532448e+08
1.174979428877982990e+01 6.236176194342817068e+08
1.186729223166762992e+01 6.582584706215553284e+08
1.198596515398430462e+01 6.522445367829588652e+08
1.210582480552414708e+01 6.073889549035787582e+08
1.222688305357938887e+01 5.939676070474317074e+08
1.234915188411518194e+01 5.558057007478164434e+08
1.247264340295633467e+01 5.149106289198884368e+08
1.259736983698589619e+01 5.003094998828535676e+08
1.272334353535575424e+01 5.013276938316062093e+08
1.285057697070931226e+01 4.884828087298179269e+08
1.297908274041640553e+01 4.563870290324054956e+08
1.310887356782057012e+01 4.587730178335112929e+08
1.323996230349877479e+01 4.107439197457833290e+08
1.337236192653376321e+01 4.038025930509861112e+08
1.350608554579910248e+01 3.716449843982692361e+08
1.364114640125709244e+01 3.777127156016753912e+08
1.377755786526966197e+01 3.615935143171641827e+08
1.391533344392236238e+01 3.494626853056358099e+08
1.405448677836158211e+01 3.315974954898177981e+08
1.419503164614519974e+01 3.019152033808135986e+08
1.433698196260665192e+01 3.025808754300891757e+08
1.448035178223271835e+01 2.694683507061876059e+08
1.462515530005504516e+01 2.840509144036574960e+08
1.477140685305559664e+01 2.772725984884177446e+08
1.491912092158615089e+01 2.366691363833761811e+08
1.506831213080201159e+01 2.535956652053879499e+08
1.521899525211003024e+01 2.464429449324750900e+08
1.537118520463113214e+01 2.299046418117699623e+08
1.552489705667744246e+01 2.152469497268534005e+08
1.568014602724421813e+01 2.037170807177626491e+08
1.583694748751665848e+01 2.064065987654365003e+08
1.599531696239182388e+01 1.958072981214837432e+08
1.615527013201574391e+01 1.881255119912650585e+08
1.631682283333590178e+01 1.842634490259379745e+08
1.647999106166925998e+01 1.722373712055984437e+08
1.664479097228595350e+01 1.587764039573320150e+08
1.681123888200881211e+01 1.699362179288126826e+08
1.697935127082889650e+01 1.615556468377176821e+08
1.714914478353718863e+01 1.395884780836472511e+08
1.732063623137256059e+01 1.376899008696376979e+08
1.749384259368628847e+01 1.395711022813313007e+08
1.766878101962314673e+01 1.318605623003991246e+08
1.784546882981938509e+01 1.310593036174221188e+08
1.802392351811757720e+01 1.264482280467237830e+08
1.820416275329875333e+01 1.153646681764974445e+08
1.838620438083173880e+01 1.170098218085440099e+08
1.857006642464005353e+01 9.904110087668702006e+07
1.875576708888645427e+01 1.075482211864535362e+08
1.894332475977532226e+01 1.026595185879404694e+08
1.913275800737307719e+01 1.055431908208361715e+08
1.969740769490774923e+01 8.419937329979532957e+07
2.068227807965313403e+01 7.045614411980709434e+07
2.171639198363579126e+01 5.754120085380180180e+07
2.280221158281758420e+01 5.058964976940128952e+07
2.394232216195846163e+01 4.164003205934824049e+07
2.513943827005638454e+01 3.385789274707932770e+07
2.639641018355920465e+01 2.878021902838759869e+07
2.771623069273716311e+01 2.445846034217138216e+07
2.910204222737402446e+01 1.982693759698022157e+07
3.055714433874272729e+01 1.583003308381265588e+07
3.208500155567985956e+01 1.451859087586624548e+07
3.368925163346385432e+01 1.136120258085774630e+07
3.537371421513704206e+01 8.817084085974561051e+06
3.714239992589390482e+01 7.919845854750137776e+06
3.899951992218858976e+01 6.658555725703155622e+06
4.094949591829801960e+01 5.294281842041428201e+06
4.299697071421292094e+01 4.377214782541076653e+06
4.514681924992356699e+01 3.613633042770451400e+06
4.740416021241974676e+01 3.015331585768494289e+06
4.977436822304073161e+01 2.457053544531644322e+06
5.226308663419276712e+01 2.117876665766641963e+06
5.487624096590241152e+01 1.752187903337815544e+06
5.762005301419753067e+01 1.403606440985722234e+06
6.050105566490740472e+01 1.244041162461169763e+06
6.352610844815276891e+01 9.527664695099325618e+05
6.670241387056040594e+01 8.162069399804192362e+05
7.003753456408843192e+01 7.030329133225739934e+05
7.353941129229284002e+01 5.530656882470726268e+05
7.721638185690748912e+01 4.627675916472707759e+05
8.107720094975286429e+01 3.816290275831735344e+05
8.513106099724051035e+01 3.255537553597683436e+05
8.938761404710253089e+01 2.996075886893908028e+05
9.385699474945765530e+01 2.183045811257115565e+05
