3.401114059005487245e-01 1.735980397233100510e+10
3.435125199595542300e-01 1.275600166524669075e+10
3.469476451591497201e-01 1.727164533521255875e+10
3.504171216107412334e-01 2.463049741782834625e+10
3.539212928268486436e-01 2.718618306843367386e+10
3.574605057551171750e-01 1.252454897933018112e+10
3.610351108126682584e-01 1.655556263535457802e+10
3.646454619207949999e-01 2.202587728736295700e+10
3.682919165400029282e-01 2.889013812217771530e+10
3.719748357054029064e-01 1.083096221137074280e+10
3.756945840624569266e-01 1.180399424486907005e+10
3.794515299030815081e-01 2.044321788699951553e+10
3.832460452021123065e-01 8.376917799626866341e+09
3.870785056541334312e-01 8.387737572778118134e+09
3.909492907106748016e-01 1.095259552514979553e+10
3.948587836177815391e-01 6.636515578717871666e+09
3.988073714539593917e-01 1.317586144243696022e+10
4.027954451684989667e-01 1.346642059119553185e+10
4.068233996201839342e-01 1.138243740426601982e+10
4.108916336163858096e-01 1.051711101930096054e+10
4.150005499525497021e-01 6.137288224259663582e+09
4.191505554520751908e-01 3.364198451473962784e+09
4.233420610065958822e-01 1.804294637019593954e+09
4.275754816166618122e-01 3.313958643995141983e+09
4.318512364328284114e-01 6.165549205837477684e+09
4.361697487971567533e-01 1.018481288974534798e+10
4.405314462851282475e-01 1.077470305282628632e+10
4.449367607479796094e-01 1.278292776346676636e+10
4.493861283554593800e-01 1.648700791225739288e+10
4.538799896390139921e-01 1.640347247023007965e+10
4.584187895354041031e-01 1.780423393755225372e+10
4.630029774307581336e-01 2.050878027869361115e+10
4.676330072050656761e-01 1.906330870158390045e+10
4.723093372771162701e-01 1.655838593349145126e+10
4.770324306498874289e-01 1.286040546574504471e+10
4.818027549563863032e-01 1.327174015170241547e+10
4.866207825059500891e-01 1.502832190707000351e+10
4.914869903310095656e-01 1.485234206143950081e+10
4.964018602343197584e-01 1.307334033433495331e+10
5.013658788366629482e-01 8.851173493470149994e+09
5.063795376250295188e-01 6.800373987171239853e+09
5.114433330012797541e-01 6.123242608723067284e+09
5.165577663312926893e-01 6.100730940060482025e+09
5.217233439946056262e-01 9.416460050082160950e+09
5.269405774345515825e-01 9.459525952358823776e+09
5.322099832088971194e-01 1.030502209738092422e+10
5.375320830409860973e-01 1.153845853799910164e+10
5.429074038713960215e-01 1.179524321256615067e+10
5.483364779101099762e-01 9.319331902513328552e+09
5.538198426892112503e-01 9.413302871561550140e+09
5.593580411161032107e-01 1.091213992073816490e+10
5.649516215272641917e-01 1.207855355774881935e+10
5.706011377425368458e-01 1.201991494950615120e+10
5.763071491199621699e-01 9.039825591081058502e+09
5.820702206111618704e-01 9.194342997294197083e+09
5.878909228172733981e-01 4.899411812730224609e+09
5.937698320454461998e-01 9.260598388484083176e+09
5.997075303659007428e-01 1.414489561843977165e+10
6.057046056695597480e-01 1.798159745321277237e+10
6.117616517262552955e-01 1.625900363929712105e+10
6.178792682435179096e-01 1.995159201198690796e+10
6.240580609259530620e-01 2.386896401311635971e+10
6.302986415352126448e-01 2.691495788217390060e+10
6.366016279505647413e-01 3.019221817529692078e+10
6.429676442300703565e-01 3.391561533801502991e+10
6.493973206723711034e-01 3.268440792793519592e+10
6.558912938790947278e-01 3.033369362234220505e+10
6.624502068178856895e-01 3.218703468283002472e+10
6.690747088860645730e-01 3.682064865770661163e+10
6.757654559749252110e-01 4.303831128359226227e+10
6.825231105346745153e-01 4.926485316305690002e+10
6.893483416400212338e-01 4.930968700488264465e+10
6.962418250564214039e-01 3.984529933106129456e+10
7.032042433069857212e-01 3.843913842189770508e+10
7.102362857400554841e-01 4.432754589582743835e+10
7.173386485974559967e-01 5.368296554410901642e+10
7.245120350834306500e-01 6.373565279451731110e+10
7.317571554342650053e-01 6.809880509571763611e+10
7.390747269886076554e-01 5.242715117716144562e+10
7.464654742584937441e-01 4.329395150267223358e+10
7.539301290010786971e-01 5.092385060659127808e+10
7.614694302910893775e-01 6.016399920987573242e+10
7.690841245940003290e-01 4.214867877223001099e+10
7.767749658399403234e-01 8.138914120324150085e+10
7.845427154983398710e-01 8.747815393561193848e+10
7.923881426533231354e-01 6.794687446444907379e+10
8.003120240798563545e-01 6.277076971202020264e+10
8.083151443206548770e-01 8.257918591123449707e+10
8.163982957638614701e-01 1.051032307627431641e+11
8.245622787215000082e-01 1.211854844702667389e+11
8.328079015087149761e-01 1.297793374618642120e+11
8.411359805238021181e-01 1.367607394109000854e+11
8.495473403290402237e-01 1.419118342303162537e+11
8.580428137323306004e-01 1.266256012804499512e+11
8.666232418696537820e-01 1.089586536444339447e+11
8.752894742883503554e-01 1.162821068717639923e+11
8.840423690312340099e-01 1.363538772310648804e+11
8.928827927215462479e-01 1.509074845031855774e+11
9.018116206487618580e-01 1.636204002515562744e+11
9.108297368552494833e-01 1.733602880852060547e+11
9.199380342238018260e-01 1.795788448246899109e+11
9.291374145660399320e-01 1.743611869578117371e+11
9.384287887117003235e-01 1.788630969427242737e+11
9.478130765988174167e-01 1.809700270197397766e+11
9.572912073648053299e-01 1.797692360091200256e+11
9.668641194384535176e-01 1.800911495911227112e+11
9.765327606328380039e-01 1.851368363932657166e+11
9.862980882391664261e-01 1.972680347122676697e+11
9.961610691215579960e-01 2.075990295659739990e+11
1.006122679812773590e+00 2.127000622953808594e+11
1.016183906610901300e+00 2.264446461990236511e+11
1.026345745677010202e+00 2.373725820088410950e+11
1.036609203133780355e+00 2.464698621061896667e+11
1.046975295165118336e+00 2.406524790705350952e+11
1.057445048116769204e+00 2.277877122931269531e+11
1.068019498597936989e+00 2.425111945013936768e+11
1.078699693583916597e+00 2.577090883177057495e+11
1.089486690519755552e+00 2.628294496646605835e+11
1.100381557424953138e+00 2.561367326350805359e+11
1.111385372999202481e+00 2.541959417239129944e+11
1.122499226729194666e+00 2.579297928433732300e+11
1.133724218996486455e+00 2.547894467014824524e+11
1.145061461186451135e+00 2.608563342678409119e+11
1.156512075798315831e+00 2.642577819126570129e+11
1.168077196556299047e+00 2.671368433558641357e+11
1.179757968521861988e+00 2.625976887834572449e+11
1.191555548207080761e+00 2.755497326573049927e+11
1.203471103689151889e+00 2.866184750509691772e+11
1.215505814726043354e+00 2.977732666604147339e+11
1.227660872873303610e+00 3.074166682926231079e+11
1.239937481602036762e+00 3.151411050408686523e+11
1.252336856418057032e+00 3.220099538845597534e+11
1.264860224982237824e+00 3.268196673575823975e+11
1.277508827232060051e+00 3.292127702167097168e+11
1.290283915504380818e+00 3.306418233087972412e+11
1.303186754659424462e+00 3.302120910537406006e+11
1.316218622206019040e+00 3.268417638893899536e+11
1.329380808428079153e+00 2.972899754548528442e+11
1.342674616512359975e+00 2.499421004661217957e+11
1.356101362677483380e+00 2.383067155696934509e+11
1.369662376304258355e+00 2.396965501090328369e+11
1.383359000067300837e+00 2.448476356677102966e+11
1.397192590067974027e+00 2.392888341696994934e+11
1.411164515968653665e+00 2.325600814063668213e+11
1.425276161128340213e+00 2.274215735608814697e+11
1.439528922739623740e+00 2.322468443913464050e+11
1.453924211967019708e+00 2.422642875732497864e+11
1.468463454086690101e+00 2.414306473546955261e+11
1.483148088627556760e+00 2.468678477033588562e+11
1.497979569513832487e+00 2.535174269623164368e+11
1.512959365208970564e+00 2.617740274586987915e+11
1.528088958861060442e+00 2.697665884548505249e+11
1.543369848449671178e+00 2.769905829016714478e+11
1.558803546934167894e+00 2.872154291226181641e+11
1.574391582403509737e+00 2.982963725457539673e+11
1.590135498227544852e+00 3.065448479022733154e+11
1.606036853209820148e+00 3.127780347736429443e+11
1.622097221741918505e+00 3.208829358625095825e+11
1.638318193959337421e+00 3.254715891412376709e+11
1.654701375898931071e+00 3.277859413170788574e+11
1.671248389657920441e+00 3.311751025180985718e+11
1.687960873554499530e+00 3.292933439270841675e+11
1.704840482290044701e+00 3.185329189634387207e+11
1.721888887112944966e+00 2.994256207435787354e+11
1.739107775984074289e+00 2.888919942017553101e+11
1.756498853743915012e+00 2.774733545962346802e+11
1.774063842281354608e+00 2.614655725038139343e+11
1.791804480704168201e+00 2.521290337953450012e+11
1.809722525511209934e+00 2.410141090839725647e+11
1.827819750766321860e+00 2.385684789577968750e+11
1.846097948273984990e+00 2.268141212028280334e+11
1.864558927756724938e+00 2.183240294762112122e+11
1.883204517034292147e+00 2.262447394534649658e+11
1.902036562204635128e+00 2.297315600194063721e+11
1.921056927826681582e+00 2.291487120620263672e+11
1.940267497104948502e+00 2.259516714572016907e+11
1.959670172075998140e+00 2.246446229429840393e+11
1.979266873796758031e+00 2.209476717246011047e+11
1.999059542534725509e+00 2.163029092707275391e+11
2.019050137960073155e+00 2.162302579028884583e+11
2.039240639339673589e+00 2.181198528620446167e+11
2.059633045733070489e+00 2.210738271259184265e+11
2.080229376190401158e+00 2.238510289697959595e+11
2.101031669952305059e+00 2.290849996197307739e+11
2.122041986651828083e+00 2.323656483701312866e+11
2.143262406518346097e+00 2.355341289165893250e+11
2.164695030583529967e+00 2.378865430146206970e+11
2.186341980889365377e+00 2.368794068239185181e+11
2.208205400698258991e+00 2.360469987810274658e+11
2.230287454705241146e+00 2.341474972512203979e+11
2.252590329252293522e+00 2.316475205216223450e+11
2.275116232544817318e+00 2.278908373542422180e+11
2.297867394870265034e+00 2.181048879880850220e+11
2.320846068818967822e+00 2.095327355905342102e+11
2.344054529507157536e+00 2.032599919402366028e+11
2.367495074802228761e+00 1.967293592424592590e+11
2.391170025550251044e+00 1.886897472650123901e+11
2.415081725805753532e+00 1.780238938054947510e+11
2.439232543063811764e+00 1.688680727566757812e+11
2.463624868494449949e+00 1.606974571988462219e+11
2.488261117179394244e+00 1.538547392980580750e+11
2.513143728351188155e+00 1.447706481762984619e+11
2.538275165634700237e+00 1.403141528469323120e+11
2.563657917291046751e+00 1.367686070921847534e+11
2.589294496463957262e+00 1.345484729159395752e+11
2.615187441428596937e+00 1.350567444816379700e+11
2.641339315842882840e+00 1.331461757008860626e+11
2.667752709001311562e+00 1.314512437457245026e+11
2.694430236091324815e+00 1.261610506972101593e+11
2.721374538452237868e+00 1.221929971538235779e+11
2.748588283836760127e+00 1.185739288321560974e+11
2.776074166675128296e+00 1.144227127600503082e+11
2.803834908341879206e+00 1.130221839187180939e+11
2.831873257425297830e+00 1.095292143012570190e+11
2.860191989999551154e+00 1.080151038040951233e+11
2.888793909899546541e+00 1.073301234484697571e+11
2.917681848998542549e+00 1.024791711185550079e+11
2.946858667488527761e+00 1.023951916356829071e+11
2.976327254163412928e+00 1.001412358933601074e+11
3.006090526705047061e+00 9.974808907327035522e+10
3.036151431972097470e+00 9.765933510909631348e+10
3.066512946291818587e+00 9.810170148551669312e+10
3.097178075754736692e+00 9.627876333293836975e+10
3.128149856512283833e+00 9.553769611652969360e+10
3.159431355077406689e+00 9.477108984766242981e+10
3.191025668628181045e+00 9.370829736926629639e+10
3.222935925314462935e+00 9.313660433810499573e+10
3.255165284567607564e+00 9.277899621146839905e+10
3.287716937413283524e+00 9.157455682848852539e+10
3.320594106787416067e+00 9.088905777427770996e+10
3.353800047855290511e+00 8.923067709586897278e+10
3.387338048333843332e+00 8.809186006252134705e+10
3.421211428817182210e+00 8.698638215100440979e+10
3.455423543105353712e+00 8.610996727500140381e+10
3.489977778536407005e+00 8.434856674722943115e+10
3.524877556321771355e+00 8.278187600862390137e+10
3.560126331884988726e+00 8.177649785966848755e+10
3.595727595203838334e+00 8.055158775442529297e+10
3.631684871155877570e+00 7.914745575755805969e+10
3.668001719867436616e+00 7.760632982617147827e+10
3.704681737066110259e+00 7.668045249045855713e+10
3.741728554436771326e+00 7.540339109702221680e+10
3.779145839981139510e+00 7.418686658801637268e+10
3.816937298380950860e+00 7.243231450656077576e+10
3.855106671364760818e+00 7.108896549070074463e+10
3.893657738078407426e+00 6.950585953065962219e+10
3.932594315459191581e+00 6.763193318979639435e+10
3.971920258613783616e+00 6.530628672133079529e+10
4.011639461199922430e+00 6.303688364763935089e+10
4.051755855811920881e+00 6.072433648435675812e+10
4.092273414370040108e+00 5.777310110082902527e+10
4.133196148513740731e+00 5.608975248005464935e+10
4.174528109998877135e+00 5.391911970105618286e+10
4.216273391098866341e+00 5.140584489104499817e+10
4.258436125009854578e+00 4.863512068760436249e+10
4.301020486259953479e+00 4.712468447328767395e+10
4.344030691122553023e+00 4.511204247475979614e+10
4.387470998033777825e+00 4.320749204375813293e+10
4.431345708014116092e+00 4.153716175402963257e+10
4.475659165094256764e+00 4.022529123416819763e+10
4.520415756745198799e+00 3.893608864961647797e+10
4.565619914312651240e+00 3.780031815239643860e+10
4.611276113455778258e+00 3.684789750402079010e+10
4.657388874590335348e+00 3.579648969080401611e+10
4.703962763336238417e+00 3.488375774812274933e+10
4.751002390969600420e+00 3.391808462765958786e+10
4.798512414879296806e+00 3.288714513225812912e+10
4.846497539028090884e+00 3.190732315400757599e+10
4.894962514418371491e+00 3.093388158895638275e+10
4.943912139562555375e+00 2.986928041131328964e+10
4.993351260958180937e+00 2.902781745165685654e+10
5.043284773567762613e+00 2.788889235137516403e+10
5.093717621303440524e+00 2.720262680570446014e+10
5.144654797516475142e+00 2.622204164754588699e+10
5.196101345491639378e+00 2.546470488099033356e+10
5.248062358946555150e+00 2.478627594839487457e+10
5.300542982536021519e+00 2.392801685527266312e+10
5.353548412361381459e+00 2.333343803355810928e+10
5.407083896484995655e+00 2.251016991448633957e+10
5.461154735449845532e+00 2.197371832966060257e+10
5.515766282804344556e+00 2.129537868948616028e+10
5.570923945632387131e+00 2.054879294048477554e+10
5.626633185088711464e+00 2.005297164348431015e+10
5.682899516939598605e+00 1.937108333435190201e+10
5.739728512108993819e+00 1.878596400097767639e+10
5.797125797230084032e+00 1.830170220758465958e+10
5.855097055202384659e+00 1.765903426153742599e+10
5.913648025754409510e+00 1.725760981260809708e+10
5.972784506011953987e+00 1.680959752416528893e+10
6.032512351072073287e+00 1.625923980208670425e+10
6.092837474582792900e+00 1.602973393974197388e+10
6.153765849328621584e+00 1.567603576837896919e+10
6.215303507821907658e+00 1.525838545915863037e+10
6.277456542900125669e+00 1.478526557226538849e+10
6.340231108329128062e+00 1.431490366194475174e+10
6.403633419412418704e+00 1.365203937465392113e+10
6.467669753606543281e+00 1.279906358888284683e+10
6.532346451142608146e+00 1.219588284047322273e+10
6.597669915654034156e+00 1.141542173409114265e+10
6.663646614810574853e+00 1.097119922026103973e+10
6.730283080958680664e+00 1.090251984337344742e+10
6.797585911768267763e+00 1.041822103539746094e+10
6.865561770885950210e+00 1.013865260180887794e+10
6.934217388594810849e+00 9.882045523013963699e+09
7.003559562480758949e+00 9.690253383876609802e+09
7.073595158105566050e+00 9.285816165141954422e+09
7.144331109686621772e+00 9.052752627904787064e+09
7.215774420783487741e+00 8.828480108296022415e+09
7.287932164991324235e+00 8.531430921460708618e+09
7.360811486641236634e+00 8.247860780869725227e+09
7.434419601507648245e+00 7.994899523990482330e+09
7.508763797522725270e+00 7.753429194780103683e+09
7.583851435497953375e+00 7.470085392868465424e+09
7.659689949852931612e+00 7.258711470356109619e+09
7.736286849351461825e+00 6.991066336343430519e+09
7.813649717844977083e+00 6.880768384063344955e+09
7.891786215023426365e+00 6.465904201480722427e+09
7.970704077173661695e+00 6.338430766107932091e+09
8.050411117945397876e+00 6.121730501151579857e+09
8.130915229124850541e+00 5.916779019756039619e+09
8.212224381416099561e+00 5.720678638395208359e+09
8.294346625230261338e+00 5.515130601495781898e+09
8.377290091482562318e+00 5.342650638179301262e+09
8.461062992397387461e+00 5.184029839304830551e+09
8.545673622321363183e+00 5.029040707013203621e+09
8.631130358544575998e+00 4.903867888446230888e+09
8.717441662130022806e+00 4.724362188468468666e+09
8.804616078751321240e+00 4.587739618649021149e+09
8.892662239538834612e+00 4.488159170937061310e+09
8.981588861934222123e+00 4.320002076228417397e+09
9.071404750553567098e+00 4.215971874043551445e+09
9.162118798059102787e+00 4.087564306717351913e+09
9.253739986039693832e+00 3.939507949842851639e+09
9.346277385900089385e+00 3.839696573120083332e+09
9.439740159759089977e+00 3.700983977562497139e+09
9.534137561356683221e+00 3.616495133368979931e+09
9.629478936970249592e+00 3.456861217283767223e+09
9.725773726339950187e+00 3.371589600001352787e+09
9.823031463603349778e+00 3.266233310830573559e+09
9.921261778239381712e+00 3.125804842699092388e+09
1.002047439602177548e+01 3.043983025975023746e+09
1.012067913998199487e+01 2.929513688143920898e+09
1.022188593138181290e+01 2.841042828697689056e+09
1.032410479069563181e+01 2.724874125871508598e+09
1.042734583860258724e+01 2.629166944056482792e+09
1.053161929698861421e+01 2.539604525477727890e+09
1.063693548995849980e+01 2.448188859773855209e+09
1.074330484485808412e+01 2.359842018986299992e+09
1.085073789330666472e+01 2.284148108943655014e+09
1.095924527223973222e+01 2.179742403779078007e+09
1.106883772496212970e+01 2.106654444319762230e+09
1.117952610221174936e+01 2.023661855743694544e+09
1.129132136323386781e+01 1.953717048991207600e+09
1.140423457686620701e+01 1.888274513130953074e+09
1.151827692263487002e+01 1.813582844203289747e+09
1.163345969186121920e+01 1.748807068828608274e+09
1.174979428877982990e+01 1.669189627648938179e+09
1.186729223166762992e+01 1.612911729256927252e+09
1.198596515398430462e+01 1.565147304690709352e+09
1.210582480552414708e+01 1.498352625145164728e+09
1.222688305357938887e+01 1.453873466816710234e+09
1.234915188411518194e+01 1.400555185380097866e+09
1.247264340295633467e+01 1.332497905605515480e+09
1.259736983698589619e+01 1.292515223455102444e+09
1.272334353535575424e+01 1.245241999075259209e+09
1.285057697070931226e+01 1.199705967533245087e+09
1.297908274041640553e+01 1.149109244482791185e+09
1.310887356782057012e+01 1.120028921479402781e+09
1.323996230349877479e+01 1.065017531726336718e+09
1.337236192653376321e+01 1.034946661374909401e+09
1.350608554579910248e+01 9.884346222259037495e+08
1.364114640125709244e+01 9.621428078214725256e+08
1.377755786526966197e+01 9.181284217205573320e+08
1.391533344392236238e+01 8.909945742889627218e+08
1.405448677836158211e+01 8.570035499100050926e+08
1.419503164614519974e+01 8.161295602827943563e+08
1.433698196260665192e+01 7.951536915215344429e+08
1.448035178223271835e+01 7.622365648211733103e+08
1.462515530005504516e+01 7.290452805434406996e+08
1.477140685305559664e+01 7.130334952557017803e+08
1.491912092158615089e+01 6.790720258235863447e+08
1.506831213080201159e+01 6.593723292750104666e+08
1.521899525211003024e+01 6.343712712757071257e+08
1.537118520463113214e+01 6.086831131054733992e+08
1.552489705667744246e+01 5.874393779743863344e+08
1.568014602724421813e+01 5.674433492616313696e+08
1.583694748751665848e+01 5.469056276333177090e+08
1.599531696239182388e+01 5.257435829000989199e+08
1.615527013201574391e+01 5.020550785439938903e+08
1.631682283333590178e+01 4.906620676184571981e+08
1.647999106166925998e+01 4.678869158005526662e+08
1.664479097228595350e+01 4.497478938824853897e+08
1.681123888200881211e+01 4.386810058001732230e+08
1.697935127082889650e+01 4.249916207588286996e+08
1.714914478353718863e+01 4.020994141027883887e+08
1.732063623137256059e+01 3.860622072197974324e+08
1.749384259368628847e+01 3.772940951265329719e+08
1.766878101962314673e+01 3.591781988492379785e+08
1.784546882981938509e+01 3.497836879288759828e+08
1.802392351811757720e+01 3.361918416328775883e+08
1.820416275329875333e+01 3.230185478493958116e+08
1.838620438083173880e+01 3.126933954286865592e+08
1.857006642464005353e+01 2.949218633760825396e+08
1.875576708888645427e+01 2.884360618614641428e+08
1.894332475977532226e+01 2.782918520937306285e+08
1.913275800737307719e+01 2.690883079614248872e+08
1.969740769490774923e+01 2.397980719150789082e+08
2.068227807965313403e+01 1.991159242456976175e+08
2.171639198363579126e+01 1.653741783966796398e+08
2.280221158281758420e+01 1.380056245100548565e+08
2.394232216195846163e+01 1.144624245455936790e+08
2.513943827005638454e+01 9.495163319332857430e+07
2.639641018355920465e+01 7.901549225538322330e+07
2.771623069273716311e+01 6.534894915575158596e+07
2.910204222737402446e+01 5.426894481393047422e+07
3.055714433874272729e+01 4.456560834110448509e+07
3.208500155567985956e+01 3.722011022449997813e+07
3.368925163346385432e+01 3.048993257315956801e+07
3.537371421513704206e+01 2.512260311576844752e+07
3.714239992589390482e+01 2.090075288626493886e+07
3.899951992218858976e+01 1.741803851981587335e+07
4.094949591829801960e+01 1.430704810490732454e+07
4.299697071421292094e+01 1.192288929450459220e+07
4.514681924992356699e+01 9.886774611576903611e+06
4.740416021241974676e+01 8.178925623654822819e+06
4.977436822304073161e+01 6.762832053855114616e+06
5.226308663419276712e+01 5.612223742218501866e+06
5.487624096590241152e+01 4.656169654158785939e+06
5.762005301419753067e+01 3.843649557365423068e+06
6.050105566490740472e+01 3.197586496674381196e+06
6.352610844815276891e+01 2.634727380621135235e+06
6.670241387056040594e+01 2.185306924716129899e+06
7.003753456408843192e+01 1.813695831466905307e+06
7.353941129229284002e+01 1.490175373218300520e+06
7.721638185690748912e+01 1.239878918737535598e+06
8.107720094975286429e+01 1.020494445063897176e+06
8.513106099724051035e+01 8.438077636764530325e+05
8.938761404710253089e+01 7.100021582061757799e+05
9.385699474945765530e+01 5.821309168160567060e+05
