3.401114059005487245e-01 7.243055383282863617e+09
3.435125199595542300e-01 1.029216306090150452e+10
3.469476451591497201e-01 1.041897710094782448e+10
3.504171216107412334e-01 1.161811329280070114e+10
3.539212928268486436e-01 1.137837354061219788e+10
3.574605057551171750e-01 2.059249644343572998e+10
3.610351108126682584e-01 1.567145233214629555e+10
3.646454619207949999e-01 1.733544421720257187e+10
3.682919165400029282e-01 1.826532833751514053e+10
3.719748357054029064e-01 3.550675600271398926e+10
3.756945840624569266e-01 3.574507353115465546e+10
3.794515299030815081e-01 2.480194332406219864e+10
3.832460452021123065e-01 4.257140685430899048e+10
3.870785056541334312e-01 4.337941097698796082e+10
3.909492907106748016e-01 3.761783309556174469e+10
3.948587836177815391e-01 2.510365767648438644e+10
3.988073714539593917e-01 2.701626682778625870e+10
4.027954451684989667e-01 3.118368076742350769e+10
4.068233996201839342e-01 3.459670951441079712e+10
4.108916336163858096e-01 3.363801168288782883e+10
4.150005499525497021e-01 3.811363943204941559e+10
4.191505554520751908e-01 4.325453103244183350e+10
4.233420610065958822e-01 7.114682076039698792e+10
4.275754816166618122e-01 5.396736093970449066e+10
4.318512364328284114e-01 5.983651103207495880e+10
4.361697487971567533e-01 6.314043539670696259e+10
4.405314462851282475e-01 7.353568859332771301e+10
4.449367607479796094e-01 8.173777262924890137e+10
4.493861283554593800e-01 8.709799699415881348e+10
4.538799896390139921e-01 9.187909453104629517e+10
4.584187895354041031e-01 1.027013882586662445e+11
4.630029774307581336e-01 1.178434261720000610e+11
4.676330072050656761e-01 1.251164066115748749e+11
4.723093372771162701e-01 1.260557608313328247e+11
4.770324306498874289e-01 1.474075753101227417e+11
4.818027549563863032e-01 1.609054746413001099e+11
4.866207825059500891e-01 1.643077608281467590e+11
4.914869903310095656e-01 1.527089786233984070e+11
4.964018602343197584e-01 1.818194357016471252e+11
5.013658788366629482e-01 2.048766803386916504e+11
5.063795376250295188e-01 2.045960241198257141e+11
5.114433330012797541e-01 2.026801605121846313e+11
5.165577663312926893e-01 2.485238306501718750e+11
5.217233439946056262e-01 2.509891025832702026e+11
5.269405774345515825e-01 2.675747176269187622e+11
5.322099832088971194e-01 2.697508358663663940e+11
5.375320830409860973e-01 2.965990775639619141e+11
5.429074038713960215e-01 3.322526091645087280e+11
5.483364779101099762e-01 3.720287054102532349e+11
5.538198426892112503e-01 3.723941344307952881e+11
5.593580411161032107e-01 4.204395800491956787e+11
5.649516215272641917e-01 4.904226869615816040e+11
5.706011377425368458e-01 4.889755555890792847e+11
5.763071491199621699e-01 4.912871086599454346e+11
5.820702206111618704e-01 4.879258724589996948e+11
5.878909228172733981e-01 6.042122519058201904e+11
5.937698320454461998e-01 6.748368054886867676e+11
5.997075303659007428e-01 6.622590185175472412e+11
6.057046056695597480e-01 6.113914951883243408e+11
6.117616517262552955e-01 5.605448477816147461e+11
6.178792682435179096e-01 7.336434488365906982e+11
6.240580609259530620e-01 8.415708269550026855e+11
6.302986415352126448e-01 7.713680636264089355e+11
6.366016279505647413e-01 6.954101265600081787e+11
6.429676442300703565e-01 6.631555138805164795e+11
6.493973206723711034e-01 6.617253762193737793e+11
6.558912938790947278e-01 7.016934654052011719e+11
6.624502068178856895e-01 8.179127839789864502e+11
6.690747088860645730e-01 9.163735616565947266e+11
6.757654559749252110e-01 9.482257610108397217e+11
6.825231105346745153e-01 9.143653415932753906e+11
6.893483416400212338e-01 8.527526184259521484e+11
6.962418250564214039e-01 7.720797484435997314e+11
7.032042433069857212e-01 7.527290275965090332e+11
7.102362857400554841e-01 9.305299283189179688e+11
7.173386485974559967e-01 1.001044260552372437e+12
7.245120350834306500e-01 9.442000922975604248e+11
7.317571554342650053e-01 8.337864661841542969e+11
7.390747269886076554e-01 7.550551750116142578e+11
7.464654742584937441e-01 7.310386424418829346e+11
7.539301290010786971e-01 7.278487245238956299e+11
7.614694302910893775e-01 8.429489252505000000e+11
7.690841245940003290e-01 9.873297750537998047e+11
7.767749658399403234e-01 1.017250865705710083e+12
7.845427154983398710e-01 1.022176557548384277e+12
7.923881426533231354e-01 1.010529864862486450e+12
8.003120240798563545e-01 9.652209695791949463e+11
8.083151443206548770e-01 9.047312842272956543e+11
8.163982957638614701e-01 8.539744389126281738e+11
8.245622787215000082e-01 9.384695939152489014e+11
8.328079015087149761e-01 9.965854445217916260e+11
8.411359805238021181e-01 1.032896155467315430e+12
8.495473403290402237e-01 1.176070211315546143e+12
8.580428137323306004e-01 1.106578956793666260e+12
8.666232418696537820e-01 1.032024643564873047e+12
8.752894742883503554e-01 9.797861197434694824e+11
8.840423690312340099e-01 9.955986943318333740e+11
8.928827927215462479e-01 1.093148754017444336e+12
9.018116206487618580e-01 1.068900449423037354e+12
9.108297368552494833e-01 1.027180255362226929e+12
9.199380342238018260e-01 9.979597391286247559e+11
9.291374145660399320e-01 1.026110064537663330e+12
9.384287887117003235e-01 1.033796393117206909e+12
9.478130765988174167e-01 1.019697359505368286e+12
9.572912073648053299e-01 1.009491346238045166e+12
9.668641194384535176e-01 1.002584137727893799e+12
9.765327606328380039e-01 1.067944454792590088e+12
9.862980882391664261e-01 1.104209416199621826e+12
9.961610691215579960e-01 1.134792822877214844e+12
1.006122679812773590e+00 1.124380438919845947e+12
1.016183906610901300e+00 1.105422542568631836e+12
1.026345745677010202e+00 1.102496282260037598e+12
1.036609203133780355e+00 1.083903518715125366e+12
1.046975295165118336e+00 1.068719958816281128e+12
1.057445048116769204e+00 1.064746036104903442e+12
1.068019498597936989e+00 1.064947346982015137e+12
1.078699693583916597e+00 1.066275961991568726e+12
1.089486690519755552e+00 1.081380827181878296e+12
1.100381557424953138e+00 1.109679339149914062e+12
1.111385372999202481e+00 1.125078434549431641e+12
1.122499226729194666e+00 1.119658259535769287e+12
1.133724218996486455e+00 1.118728499552253906e+12
1.145061461186451135e+00 1.114523714695059814e+12
1.156512075798315831e+00 1.115430206117227539e+12
1.168077196556299047e+00 1.113907106653001953e+12
1.179757968521861988e+00 1.112390731531415771e+12
1.191555548207080761e+00 1.116464940445335693e+12
1.203471103689151889e+00 1.105361351684097412e+12
1.215505814726043354e+00 1.096302978312134033e+12
1.227660872873303610e+00 1.088608837412884888e+12
1.239937481602036762e+00 1.093533303848023071e+12
1.252336856418057032e+00 1.091690883906927856e+12
1.264860224982237824e+00 1.084820419366881958e+12
1.277508827232060051e+00 1.074467213003728882e+12
1.290283915504380818e+00 1.071925433296688232e+12
1.303186754659424462e+00 1.064865659694493530e+12
1.316218622206019040e+00 1.062277039719332031e+12
1.329380808428079153e+00 1.087887848747387085e+12
1.342674616512359975e+00 1.132753781015959473e+12
1.356101362677483380e+00 1.133670266718602783e+12
1.369662376304258355e+00 1.122294972804188477e+12
1.383359000067300837e+00 1.113779400940332520e+12
1.397192590067974027e+00 1.118413241707511475e+12
1.411164515968653665e+00 1.118565180900140137e+12
1.425276161128340213e+00 1.115709879513217041e+12
1.439528922739623740e+00 1.103026467587068115e+12
1.453924211967019708e+00 1.089451096759415161e+12
1.468463454086690101e+00 1.083029650637808472e+12
1.483148088627556760e+00 1.069119339299564087e+12
1.497979569513832487e+00 1.053723927044288940e+12
1.512959365208970564e+00 1.037031919923684814e+12
1.528088958861060442e+00 1.020849479552158936e+12
1.543369848449671178e+00 1.006798628020756958e+12
1.558803546934167894e+00 9.897791611244339600e+11
1.574391582403509737e+00 9.705302112054501953e+11
1.590135498227544852e+00 9.526361188594354248e+11
1.606036853209820148e+00 9.361110302193742676e+11
1.622097221741918505e+00 9.174732594742436523e+11
1.638318193959337421e+00 8.988084826562634277e+11
1.654701375898931071e+00 8.808989394490789795e+11
1.671248389657920441e+00 8.633403529208139648e+11
1.687960873554499530e+00 8.512448043318780518e+11
1.704840482290044701e+00 8.461335906917634277e+11
1.721888887112944966e+00 8.471894335911936035e+11
1.739107775984074289e+00 8.423073231304312744e+11
1.756498853743915012e+00 8.400195648745085449e+11
1.774063842281354608e+00 8.391997714962078857e+11
1.791804480704168201e+00 8.329789169587410889e+11
1.809722525511209934e+00 8.267870224978687744e+11
1.827819750766321860e+00 8.134997482306315918e+11
1.846097948273984990e+00 8.085223489972407227e+11
1.864558927756724938e+00 8.021051207230325928e+11
1.883204517034292147e+00 7.801547583033631592e+11
1.902036562204635128e+00 7.625820891136035156e+11
1.921056927826681582e+00 7.473895935816651611e+11
1.940267497104948502e+00 7.329739791117536621e+11
1.959670172075998140e+00 7.183186469483250732e+11
1.979266873796758031e+00 7.082900555763031006e+11
1.999059542534725509e+00 6.968910942029730225e+11
2.019050137960073155e+00 6.845993836574907227e+11
2.039240639339673589e+00 6.698032357967180176e+11
2.059633045733070489e+00 6.547862967628594971e+11
2.080229376190401158e+00 6.397126340796505127e+11
2.101031669952305059e+00 6.222309888902947998e+11
2.122041986651828083e+00 6.063659857544177246e+11
2.143262406518346097e+00 5.899273765554360352e+11
2.164695030583529967e+00 5.728250918103598633e+11
2.186341980889365377e+00 5.580149547971997070e+11
2.208205400698258991e+00 5.427304053453571777e+11
2.230287454705241146e+00 5.281855094631254883e+11
2.252590329252293522e+00 5.149160707872764893e+11
2.275116232544817318e+00 5.024540888925551147e+11
2.297867394870265034e+00 5.020272667151237183e+11
2.320846068818967822e+00 4.960896722601564941e+11
2.344054529507157536e+00 4.867353199543193970e+11
2.367495074802228761e+00 4.775348983136691895e+11
2.391170025550251044e+00 4.739162514253862915e+11
2.415081725805753532e+00 4.679484010340935669e+11
2.439232543063811764e+00 4.623247746055177612e+11
2.463624868494449949e+00 4.567089785928683472e+11
2.488261117179394244e+00 4.483594021153694458e+11
2.513143728351188155e+00 4.408558295070120850e+11
2.538275165634700237e+00 4.310485469934523315e+11
2.563657917291046751e+00 4.206136650350718994e+11
2.589294496463957262e+00 4.090370070138336182e+11
2.615187441428596937e+00 3.958797821444492798e+11
2.641339315842882840e+00 3.841153631472388916e+11
2.667752709001311562e+00 3.730113398114773560e+11
2.694430236091324815e+00 3.657651839357579956e+11
2.721374538452237868e+00 3.587645311243161621e+11
2.748588283836760127e+00 3.521685883166127930e+11
2.776074166675128296e+00 3.445162395360280762e+11
2.803834908341879206e+00 3.353053798115842285e+11
2.831873257425297830e+00 3.282408758817998047e+11
2.860191989999551154e+00 3.194124620294132080e+11
2.888793909899546541e+00 3.094376796682349243e+11
2.917681848998542549e+00 3.038394408590172119e+11
2.946858667488527761e+00 2.946734264403223877e+11
2.976327254163412928e+00 2.875051057011367188e+11
3.006090526705047061e+00 2.782294546292617798e+11
3.036151431972097470e+00 2.719079276672775574e+11
3.066512946291818587e+00 2.624250416332903137e+11
3.097178075754736692e+00 2.556571577313459778e+11
3.128149856512283833e+00 2.477438456934634094e+11
3.159431355077406689e+00 2.398796253937478027e+11
3.191025668628181045e+00 2.327098526323049316e+11
3.222935925314462935e+00 2.247637441929472656e+11
3.255165284567607564e+00 2.176756758024824524e+11
3.287716937413283524e+00 2.105010037141448059e+11
3.320594106787416067e+00 2.035290803980017090e+11
3.353800047855290511e+00 1.971362553645595398e+11
3.387338048333843332e+00 1.906008606111329956e+11
3.421211428817182210e+00 1.844439527660898132e+11
3.455423543105353712e+00 1.782944355251927185e+11
3.489977778536407005e+00 1.726661915169205322e+11
3.524877556321771355e+00 1.672007202868438110e+11
3.560126331884988726e+00 1.617867502131884766e+11
3.595727595203838334e+00 1.564602066629494324e+11
3.631684871155877570e+00 1.515506763479684143e+11
3.668001719867436616e+00 1.467593998220458984e+11
3.704681737066110259e+00 1.418865519386328125e+11
3.741728554436771326e+00 1.371287764950678406e+11
3.779145839981139510e+00 1.326058708539764099e+11
3.816937298380950860e+00 1.284686819291906738e+11
3.855106671364760818e+00 1.243032052664548035e+11
3.893657738078407426e+00 1.203870140107648773e+11
3.932594315459191581e+00 1.167644184411008606e+11
3.971920258613783616e+00 1.135736167919621735e+11
4.011639461199922430e+00 1.103154507249183807e+11
4.051755855811920881e+00 1.073119582925024719e+11
4.092273414370040108e+00 1.046477805766642456e+11
4.133196148513740731e+00 1.013926487678152618e+11
4.174528109998877135e+00 9.854658171530862427e+10
4.216273391098866341e+00 9.559335326761764526e+10
4.258436125009854578e+00 9.311354205709246826e+10
4.301020486259953479e+00 9.114420994401777649e+10
4.344030691122553023e+00 8.864104735656695557e+10
4.387470998033777825e+00 8.605208319548062134e+10
4.431345708014116092e+00 8.417029400039173889e+10
4.475659165094256764e+00 8.187934959195037842e+10
4.520415756745198799e+00 7.942637102402737427e+10
4.565619914312651240e+00 7.709315361419503784e+10
4.611276113455778258e+00 7.481948822926533508e+10
4.657388874590335348e+00 7.240082055898629761e+10
4.703962763336238417e+00 7.003787845444996643e+10
4.751002390969600420e+00 6.775833235783074188e+10
4.798512414879296806e+00 6.568823471375723267e+10
4.846497539028090884e+00 6.347708971297863770e+10
4.894962514418371491e+00 6.151790285376358032e+10
4.943912139562555375e+00 5.952332891875088501e+10
4.993351260958180937e+00 5.757705008782132721e+10
5.043284773567762613e+00 5.590012235408036041e+10
5.093717621303440524e+00 5.398415074778590393e+10
5.144654797516475142e+00 5.227122889698413849e+10
5.196101345491639378e+00 5.054142504088032532e+10
5.248062358946555150e+00 4.896474745973148346e+10
5.300542982536021519e+00 4.738472531378173828e+10
5.353548412361381459e+00 4.583263758073416901e+10
5.407083896484995655e+00 4.442237664969157410e+10
5.461154735449845532e+00 4.287153907588211060e+10
5.515766282804344556e+00 4.142093169058203888e+10
5.570923945632387131e+00 3.996950971392723083e+10
5.626633185088711464e+00 3.858296744276771545e+10
5.682899516939598605e+00 3.726650196651627350e+10
5.739728512108993819e+00 3.598183843922164154e+10
5.797125797230084032e+00 3.466089864130249786e+10
5.855097055202384659e+00 3.351147831872101212e+10
5.913648025754409510e+00 3.226850204011409760e+10
5.972784506011953987e+00 3.114562006710585403e+10
6.032512351072073287e+00 3.009860476598299789e+10
6.092837474582792900e+00 2.894170866442402267e+10
6.153765849328621584e+00 2.788948529551401901e+10
6.215303507821907658e+00 2.690589721931698608e+10
6.277456542900125669e+00 2.600106542549843979e+10
6.340231108329128062e+00 2.514752979951984406e+10
6.403633419412418704e+00 2.439491020747316742e+10
6.467669753606543281e+00 2.383721355891997528e+10
6.532346451142608146e+00 2.317412608766196060e+10
6.597669915654034156e+00 2.262241377204170990e+10
6.663646614810574853e+00 2.197776646206981659e+10
6.730283080958680664e+00 2.105975217119390106e+10
6.797585911768267763e+00 2.046474586037410355e+10
6.865561770885950210e+00 1.971096397678558350e+10
6.934217388594810849e+00 1.903755632307293320e+10
7.003559562480758949e+00 1.829999589219902420e+10
7.073595158105566050e+00 1.770137582068885422e+10
7.144331109686621772e+00 1.705749739892743874e+10
7.215774420783487741e+00 1.643597804043745232e+10
7.287932164991324235e+00 1.586654079376554298e+10
7.360811486641236634e+00 1.530739483996352959e+10
7.434419601507648245e+00 1.476146626608138275e+10
7.508763797522725270e+00 1.424368611233145905e+10
7.583851435497953375e+00 1.375329741856652832e+10
7.659689949852931612e+00 1.326234297688970566e+10
7.736286849351461825e+00 1.281209536159449005e+10
7.813649717844977083e+00 1.227846769290550613e+10
7.891786215023426365e+00 1.195523033249299240e+10
7.970704077173661695e+00 1.150406489478272820e+10
8.050411117945397876e+00 1.110332141284874725e+10
8.130915229124850541e+00 1.073139040783992386e+10
8.212224381416099561e+00 1.034056376483123398e+10
8.294346625230261338e+00 1.000454729462506294e+10
8.377290091482562318e+00 9.643992622486181259e+09
8.461062992397387461e+00 9.298186470626848221e+09
8.545673622321363183e+00 8.975812561540082932e+09
8.631130358544575998e+00 8.635308161448966980e+09
8.717441662130022806e+00 8.330283161372568130e+09
8.804616078751321240e+00 8.021252825942973137e+09
8.892662239538834612e+00 7.713809962325864792e+09
8.981588861934222123e+00 7.436433143551313400e+09
9.071404750553567098e+00 7.149880474733453751e+09
9.162118798059102787e+00 6.890481258243112564e+09
9.253739986039693832e+00 6.639319310078010559e+09
9.346277385900089385e+00 6.398224996941478729e+09
9.439740159759089977e+00 6.164983437104453087e+09
9.534137561356683221e+00 5.928613958480995178e+09
9.629478936970249592e+00 5.737350694945678711e+09
9.725773726339950187e+00 5.517211250030723572e+09
9.823031463603349778e+00 5.318909464059797287e+09
9.921261778239381712e+00 5.141849944740538597e+09
1.002047439602177548e+01 4.943391662674426079e+09
1.012067913998199487e+01 4.781957071649456024e+09
1.022188593138181290e+01 4.598539290773816109e+09
1.032410479069563181e+01 4.446535309235029221e+09
1.042734583860258724e+01 4.281368982297250271e+09
1.053161929698861421e+01 4.134856099216858864e+09
1.063693548995849980e+01 3.984785757381492138e+09
1.074330484485808412e+01 3.848642298637750149e+09
1.085073789330666472e+01 3.704182428452756405e+09
1.095924527223973222e+01 3.587953050541474342e+09
1.106883772496212970e+01 3.458316425112818241e+09
1.117952610221174936e+01 3.331817396781505108e+09
1.129132136323386781e+01 3.210840351585960865e+09
1.140423457686620701e+01 3.098006919343503952e+09
1.151827692263487002e+01 2.991064510538062096e+09
1.163345969186121920e+01 2.880644802857992649e+09
1.174979428877982990e+01 2.778150281474174500e+09
1.186729223166762992e+01 2.680922407092635632e+09
1.198596515398430462e+01 2.576252391720725536e+09
1.210582480552414708e+01 2.485334441022893906e+09
1.222688305357938887e+01 2.391051216913122177e+09
1.234915188411518194e+01 2.306465445938204288e+09
1.247264340295633467e+01 2.226812037186322212e+09
1.259736983698589619e+01 2.139582685665025234e+09
1.272334353535575424e+01 2.063655842583832264e+09
1.285057697070931226e+01 1.985733412204933643e+09
1.297908274041640553e+01 1.918363079477727652e+09
1.310887356782057012e+01 1.844214532529306889e+09
1.323996230349877479e+01 1.778541107120528698e+09
1.337236192653376321e+01 1.712811409742241859e+09
1.350608554579910248e+01 1.651446838422376394e+09
1.364114640125709244e+01 1.582935787558824778e+09
1.377755786526966197e+01 1.533446009995487213e+09
1.391533344392236238e+01 1.473155153042416573e+09
1.405448677836158211e+01 1.417432004213238001e+09
1.419503164614519974e+01 1.372978916244984627e+09
1.433698196260665192e+01 1.314498997059520960e+09
1.448035178223271835e+01 1.267321559937150717e+09
1.462515530005504516e+01 1.222942149389361143e+09
1.477140685305559664e+01 1.174962246628547668e+09
1.491912092158615089e+01 1.133376014616229534e+09
1.506831213080201159e+01 1.088954798584634781e+09
1.521899525211003024e+01 1.049924344162526846e+09
1.537118520463113214e+01 1.012936352450387359e+09
1.552489705667744246e+01 9.717270122579461336e+08
1.568014602724421813e+01 9.376715419515039921e+08
1.583694748751665848e+01 9.016119026183754206e+08
1.599531696239182388e+01 8.711800095945204496e+08
1.615527013201574391e+01 8.396700176365934610e+08
1.631682283333590178e+01 8.023091739978071451e+08
1.647999106166925998e+01 7.765056726905676126e+08
1.664479097228595350e+01 7.470957404855945110e+08
1.681123888200881211e+01 7.161039238040053844e+08
1.697935127082889650e+01 6.889346875198483467e+08
1.714914478353718863e+01 6.650731446498708725e+08
1.732063623137256059e+01 6.431203527962776423e+08
1.749384259368628847e+01 6.155120695822539330e+08
1.766878101962314673e+01 5.943703644949557781e+08
1.784546882981938509e+01 5.686020506980808973e+08
1.802392351811757720e+01 5.494950190004384518e+08
1.820416275329875333e+01 5.288544150264535546e+08
1.838620438083173880e+01 5.091456704996511936e+08
1.857006642464005353e+01 4.906035373656327128e+08
1.875576708888645427e+01 4.698170411801263690e+08
1.894332475977532226e+01 4.525272879948329329e+08
1.913275800737307719e+01 4.353571358596024513e+08
1.969740769490774923e+01 3.888157698678577542e+08
2.068227807965313403e+01 3.222191906719828248e+08
2.171639198363579126e+01 2.661911139917617440e+08
2.280221158281758420e+01 2.203287110923078656e+08
2.394232216195846163e+01 1.821508745594942868e+08
2.513943827005638454e+01 1.505867465035565495e+08
2.639641018355920465e+01 1.248577713798209578e+08
2.771623069273716311e+01 1.033184356476235092e+08
2.910204222737402446e+01 8.526689569136117399e+07
3.055714433874272729e+01 7.074281399342602491e+07
3.208500155567985956e+01 5.841553329932042211e+07
3.368925163346385432e+01 4.842583872247508913e+07
3.537371421513704206e+01 3.991160223456478119e+07
3.714239992589390482e+01 3.296765685142822191e+07
3.899951992218858976e+01 2.714340921178538352e+07
4.094949591829801960e+01 2.233130631035936996e+07
4.299697071421292094e+01 1.837311185588708147e+07
4.514681924992356699e+01 1.507778343088389933e+07
4.740416021241974676e+01 1.243772010958067141e+07
4.977436822304073161e+01 1.024089606941508688e+07
5.226308663419276712e+01 8.449880119097946212e+06
5.487624096590241152e+01 6.941757467926237732e+06
5.762005301419753067e+01 5.722884160045230761e+06
6.050105566490740472e+01 4.705047336240774952e+06
6.352610844815276891e+01 3.866545859747335780e+06
6.670241387056040594e+01 3.198173392439752817e+06
7.003753456408843192e+01 2.624584831962128170e+06
7.353941129229284002e+01 2.158753645091744140e+06
7.721638185690748912e+01 1.774197736843112158e+06
8.107720094975286429e+01 1.461412337370791938e+06
8.513106099724051035e+01 1.203374185605954379e+06
8.938761404710253089e+01 9.845674820179876406e+05
9.385699474945765530e+01 8.121427459893499035e+05
