3.401114059005487245e-01 4.991394454105215073e+09
3.435125199595542300e-01 6.061680234970280647e+09
3.469476451591497201e-01 6.134830186444228172e+09
3.504171216107412334e-01 7.100781384058046341e+09
3.539212928268486436e-01 7.503637694739837646e+09
3.574605057551171750e-01 1.236530657270926285e+10
3.610351108126682584e-01 9.489881560721420288e+09
3.646454619207949999e-01 1.085396939360418701e+10
3.682919165400029282e-01 1.125929142233031654e+10
3.719748357054029064e-01 2.217742640626605988e+10
3.756945840624569266e-01 2.207511322460748672e+10
3.794515299030815081e-01 1.512888701786955261e+10
3.832460452021123065e-01 2.642787805039201355e+10
3.870785056541334312e-01 2.657882666580281067e+10
3.909492907106748016e-01 2.276084486819427490e+10
3.948587836177815391e-01 1.561124661422331810e+10
3.988073714539593917e-01 1.794976161877121735e+10
4.027954451684989667e-01 2.107636764712361145e+10
4.068233996201839342e-01 2.277107145025486755e+10
4.108916336163858096e-01 2.305457846545487976e+10
4.150005499525497021e-01 2.456388897306427002e+10
4.191505554520751908e-01 2.740321010017496490e+10
4.233420610065958822e-01 4.699048552707823181e+10
4.275754816166618122e-01 3.415051147512567902e+10
4.318512364328284114e-01 3.835217421893378448e+10
4.361697487971567533e-01 4.167799699490354919e+10
4.405314462851282475e-01 4.777097496445680237e+10
4.449367607479796094e-01 5.376073706390399170e+10
4.493861283554593800e-01 5.803532450706972504e+10
4.538799896390139921e-01 6.182552705194926453e+10
4.584187895354041031e-01 6.993999333393933105e+10
4.630029774307581336e-01 8.127594373159756470e+10
4.676330072050656761e-01 8.647501141873925781e+10
4.723093372771162701e-01 8.670762642793342590e+10
4.770324306498874289e-01 1.026872993847824402e+11
4.818027549563863032e-01 1.133461579340995636e+11
4.866207825059500891e-01 1.152912825846464691e+11
4.914869903310095656e-01 1.051086923958936310e+11
4.964018602343197584e-01 1.288627596729767303e+11
5.013658788366629482e-01 1.463462513161367188e+11
5.063795376250295188e-01 1.414692485408444824e+11
5.114433330012797541e-01 1.360603651686571808e+11
5.165577663312926893e-01 1.726902941327445068e+11
5.217233439946056262e-01 1.769200514279740295e+11
5.269405774345515825e-01 1.886856380278446655e+11
5.322099832088971194e-01 1.896796890396893311e+11
5.375320830409860973e-01 2.107494958600749512e+11
5.429074038713960215e-01 2.355798741542149353e+11
5.483364779101099762e-01 2.726408174513594360e+11
5.538198426892112503e-01 2.709419536896754761e+11
5.593580411161032107e-01 3.103210265000078735e+11
5.649516215272641917e-01 3.668224608182375488e+11
5.706011377425368458e-01 3.635739343702827759e+11
5.763071491199621699e-01 3.641441394832736816e+11
5.820702206111618704e-01 3.605235950889963989e+11
5.878909228172733981e-01 4.609976790821192627e+11
5.937698320454461998e-01 5.206889710799503174e+11
5.997075303659007428e-01 5.063546876931412354e+11
6.057046056695597480e-01 4.599789012231491699e+11
6.117616517262552955e-01 4.165070636571860352e+11
6.178792682435179096e-01 5.696088245517667236e+11
6.240580609259530620e-01 6.630789538488283691e+11
6.302986415352126448e-01 5.964092300159267578e+11
6.366016279505647413e-01 5.290472899441707153e+11
6.429676442300703565e-01 5.023161876570102539e+11
6.493973206723711034e-01 5.007464066622230835e+11
6.558912938790947278e-01 5.332634500958956299e+11
6.624502068178856895e-01 6.318548476389906006e+11
6.690747088860645730e-01 7.175061233732802734e+11
6.757654559749252110e-01 7.448142878880070801e+11
6.825231105346745153e-01 7.135412824274798584e+11
6.893483416400212338e-01 6.584667872460500488e+11
6.962418250564214039e-01 5.889553603921965332e+11
7.032042433069857212e-01 5.753577769278061523e+11
7.102362857400554841e-01 7.340614087561362305e+11
7.173386485974559967e-01 7.941436228166009521e+11
7.245120350834306500e-01 7.400053125748197021e+11
7.317571554342650053e-01 6.427023042190236816e+11
7.390747269886076554e-01 5.772277395838272705e+11
7.464654742584937441e-01 5.580927621339874268e+11
7.539301290010786971e-01 5.567261030441333008e+11
7.614694302910893775e-01 6.557071506511978760e+11
7.690841245940003290e-01 7.787646486254116211e+11
7.767749658399403234e-01 8.018575618362293701e+11
7.845427154983398710e-01 8.042558294249122314e+11
7.923881426533231354e-01 7.934351063007795410e+11
8.003120240798563545e-01 7.561434934890318604e+11
8.083151443206548770e-01 7.045172064826643066e+11
8.163982957638614701e-01 6.642822733175826416e+11
8.245622787215000082e-01 7.376603876344260254e+11
8.328079015087149761e-01 7.868197945239355469e+11
8.411359805238021181e-01 8.177518792343198242e+11
8.495473403290402237e-01 9.435909209847578125e+11
8.580428137323306004e-01 8.813384425072862549e+11
8.666232418696537820e-01 8.172603278167908936e+11
8.752894742883503554e-01 7.739247090354145508e+11
8.840423690312340099e-01 7.911267382357037354e+11
8.928827927215462479e-01 8.786049360101202393e+11
9.018116206487618580e-01 8.552637954732910156e+11
9.108297368552494833e-01 8.200668728107496338e+11
9.199380342238018260e-01 7.969107873032864990e+11
9.291374145660399320e-01 8.231256800220050049e+11
9.384287887117003235e-01 8.301294166991386719e+11
9.478130765988174167e-01 8.208476709591600342e+11
9.572912073648053299e-01 8.141258332438807373e+11
9.668641194384535176e-01 8.102547810724344482e+11
9.765327606328380039e-01 8.668989040889133301e+11
9.862980882391664261e-01 8.973105882730966797e+11
9.961610691215579960e-01 9.215487945802833252e+11
1.006122679812773590e+00 9.144095690879453125e+11
1.016183906610901300e+00 8.997000977232905273e+11
1.026345745677010202e+00 8.985906539142985840e+11
1.036609203133780355e+00 8.851487437134709473e+11
1.046975295165118336e+00 8.753626439753668213e+11
1.057445048116769204e+00 8.750817681860136719e+11
1.068019498597936989e+00 8.765701137869884033e+11
1.078699693583916597e+00 8.793478349843146973e+11
1.089486690519755552e+00 8.937675999930759277e+11
1.100381557424953138e+00 9.198747847397524414e+11
1.111385372999202481e+00 9.344194896043258057e+11
1.122499226729194666e+00 9.312090162996169434e+11
1.133724218996486455e+00 9.321072657072637939e+11
1.145061461186451135e+00 9.302359260882850342e+11
1.156512075798315831e+00 9.320376920056282959e+11
1.168077196556299047e+00 9.329886783915988770e+11
1.179757968521861988e+00 9.343854347397285156e+11
1.191555548207080761e+00 9.371418419869372559e+11
1.203471103689151889e+00 9.312287134742453613e+11
1.215505814726043354e+00 9.250270282592136230e+11
1.227660872873303610e+00 9.198126264643261719e+11
1.239937481602036762e+00 9.252105166284411621e+11
1.252336856418057032e+00 9.251041730507033691e+11
1.264860224982237824e+00 9.205342939682921143e+11
1.277508827232060051e+00 9.133108833869373779e+11
1.290283915504380818e+00 9.123874731834271240e+11
1.303186754659424462e+00 9.081719884623317871e+11
1.316218622206019040e+00 9.079347024288492432e+11
1.329380808428079153e+00 9.329724461677158203e+11
1.342674616512359975e+00 9.757719378194864502e+11
1.356101362677483380e+00 9.786873099554368896e+11
1.369662376304258355e+00 9.695231252238581543e+11
1.383359000067300837e+00 9.632226945755037842e+11
1.397192590067974027e+00 9.689309002048376465e+11
1.411164515968653665e+00 9.707829933225792236e+11
1.425276161128340213e+00 9.699315976054144287e+11
1.439528922739623740e+00 9.598963068145465088e+11
1.453924211967019708e+00 9.486512647182697754e+11
1.468463454086690101e+00 9.441488208132354736e+11
1.483148088627556760e+00 9.328842387030802002e+11
1.497979569513832487e+00 9.202258805281987305e+11
1.512959365208970564e+00 9.064712442247543945e+11
1.528088958861060442e+00 8.929785792078480225e+11
1.543369848449671178e+00 8.813259541638537598e+11
1.558803546934167894e+00 8.669331922866989746e+11
1.574391582403509737e+00 8.506696602954344482e+11
1.590135498227544852e+00 8.357390028506821289e+11
1.606036853209820148e+00 8.217920204301016846e+11
1.622097221741918505e+00 8.062697399459055176e+11
1.638318193959337421e+00 7.908435383528775635e+11
1.654701375898931071e+00 7.761770202146766357e+11
1.671248389657920441e+00 7.615933567187501221e+11
1.687960873554499530e+00 7.518090640518049316e+11
1.704840482290044701e+00 7.484659847117308350e+11
1.721888887112944966e+00 7.507518309300632324e+11
1.739107775984074289e+00 7.476348890189334717e+11
1.756498853743915012e+00 7.466498655409337158e+11
1.774063842281354608e+00 7.471755490740019531e+11
1.791804480704168201e+00 7.427457782601160889e+11
1.809722525511209934e+00 7.383182845295736084e+11
1.827819750766321860e+00 7.270937145224685059e+11
1.846097948273984990e+00 7.237802409113767090e+11
1.864558927756724938e+00 7.191044139001326904e+11
1.883204517034292147e+00 6.994628795497661133e+11
1.902036562204635128e+00 6.839547506129759521e+11
1.921056927826681582e+00 6.708220611031618652e+11
1.940267497104948502e+00 6.585820962493809814e+11
1.959670172075998140e+00 6.462374985423504639e+11
1.979266873796758031e+00 6.378035329191799316e+11
1.999059542534725509e+00 6.283331966447409668e+11
2.019050137960073155e+00 6.175431886355667725e+11
2.039240639339673589e+00 6.044383966922930908e+11
2.059633045733070489e+00 5.909447374595488281e+11
2.080229376190401158e+00 5.773894661600765381e+11
2.101031669952305059e+00 5.616755977888446045e+11
2.122041986651828083e+00 5.474671479484255371e+11
2.143262406518346097e+00 5.328353766061107788e+11
2.164695030583529967e+00 5.176847687661134033e+11
2.186341980889365377e+00 5.047451999773956299e+11
2.208205400698258991e+00 4.913930665159555054e+11
2.230287454705241146e+00 4.787796660017643433e+11
2.252590329252293522e+00 4.672567450593354492e+11
2.275116232544817318e+00 4.564776060813946533e+11
2.297867394870265034e+00 4.563453692945906982e+11
2.320846068818967822e+00 4.512190061140659180e+11
2.344054529507157536e+00 4.431226490492595825e+11
2.367495074802228761e+00 4.352527490943272095e+11
2.391170025550251044e+00 4.317346435866915283e+11
2.415081725805753532e+00 4.271121497667137451e+11
2.439232543063811764e+00 4.225893224674342651e+11
2.463624868494449949e+00 4.178506250188196411e+11
2.488261117179394244e+00 4.105512323420379639e+11
2.513143728351188155e+00 4.043715968953209229e+11
2.538275165634700237e+00 3.959979061036057129e+11
2.563657917291046751e+00 3.866909495258728638e+11
2.589294496463957262e+00 3.763343980272127686e+11
2.615187441428596937e+00 3.642911198072349243e+11
2.641339315842882840e+00 3.536930232506647339e+11
2.667752709001311562e+00 3.437033855191707153e+11
2.694430236091324815e+00 3.375031717200050659e+11
2.721374538452237868e+00 3.314011178843493652e+11
2.748588283836760127e+00 3.256005398007901611e+11
2.776074166675128296e+00 3.187583209295488892e+11
2.803834908341879206e+00 3.103387706464045410e+11
2.831873257425297830e+00 3.040223230011691895e+11
2.860191989999551154e+00 2.959735937475971680e+11
2.888793909899546541e+00 2.867800251038551636e+11
2.917681848998542549e+00 2.819454964048720093e+11
2.946858667488527761e+00 2.734075764401239014e+11
2.976327254163412928e+00 2.669237493646123657e+11
3.006090526705047061e+00 2.583169716453757935e+11
3.036151431972097470e+00 2.526159942682339478e+11
3.066512946291818587e+00 2.437429381884482727e+11
3.097178075754736692e+00 2.375357247102506714e+11
3.128149856512283833e+00 2.302292867814957581e+11
3.159431355077406689e+00 2.229368417278831787e+11
3.191025668628181045e+00 2.162849129194413757e+11
3.222935925314462935e+00 2.089054943930790710e+11
3.255165284567607564e+00 2.023196893696832275e+11
3.287716937413283524e+00 1.956945697118976135e+11
3.320594106787416067e+00 1.892294636469838867e+11
3.353800047855290511e+00 1.833534605377116699e+11
3.387338048333843332e+00 1.773329876974968567e+11
3.421211428817182210e+00 1.716408057481449280e+11
3.455423543105353712e+00 1.659692979956872864e+11
3.489977778536407005e+00 1.608076398823796387e+11
3.524877556321771355e+00 1.557773871625087585e+11
3.560126331884988726e+00 1.507815464317059021e+11
3.595727595203838334e+00 1.458660062118460083e+11
3.631684871155877570e+00 1.413521905494019165e+11
3.668001719867436616e+00 1.369348933801405640e+11
3.704681737066110259e+00 1.324207739755490570e+11
3.741728554436771326e+00 1.280333784807070923e+11
3.779145839981139510e+00 1.238585128396896515e+11
3.816937298380950860e+00 1.200541229933957062e+11
3.855106671364760818e+00 1.161982502077623138e+11
3.893657738078407426e+00 1.125854438581097565e+11
3.932594315459191581e+00 1.092429185542039185e+11
3.971920258613783616e+00 1.062973502651321106e+11
4.011639461199922430e+00 1.033068870711016235e+11
4.051755855811920881e+00 1.005426223775785522e+11
4.092273414370040108e+00 9.810637947142723083e+10
4.133196148513740731e+00 9.510522716422654724e+10
4.174528109998877135e+00 9.247722923121244812e+10
4.216273391098866341e+00 8.975754699552313232e+10
4.258436125009854578e+00 8.748010975195948792e+10
4.301020486259953479e+00 8.565032623258621216e+10
4.344030691122553023e+00 8.336958319313938904e+10
4.387470998033777825e+00 8.095007512294889832e+10
4.431345708014116092e+00 7.914375794319429016e+10
4.475659165094256764e+00 7.695291194743563843e+10
4.520415756745198799e+00 7.469224481717886353e+10
4.565619914312651240e+00 7.251390405034292603e+10
4.611276113455778258e+00 7.042253388424360657e+10
4.657388874590335348e+00 6.818725362577132416e+10
4.703962763336238417e+00 6.598820681555179596e+10
4.751002390969600420e+00 6.384029107730346680e+10
4.798512414879296806e+00 6.193248024197326660e+10
4.846497539028090884e+00 5.986698164181300354e+10
4.894962514418371491e+00 5.801427053026793671e+10
4.943912139562555375e+00 5.613921917297942352e+10
4.993351260958180937e+00 5.430163469566798401e+10
5.043284773567762613e+00 5.277570959831763458e+10
5.093717621303440524e+00 5.096153847088285828e+10
5.144654797516475142e+00 4.942492429813272858e+10
5.196101345491639378e+00 4.778649972786825562e+10
5.248062358946555150e+00 4.631340466480327606e+10
5.300542982536021519e+00 4.484396065715793610e+10
5.353548412361381459e+00 4.339258193937284851e+10
5.407083896484995655e+00 4.207403152816201019e+10
5.461154735449845532e+00 4.059805758490570831e+10
5.515766282804344556e+00 3.921506138588780975e+10
5.570923945632387131e+00 3.785643566856671906e+10
5.626633185088711464e+00 3.654002806833057404e+10
5.682899516939598605e+00 3.530231923691622162e+10
5.739728512108993819e+00 3.408337773472064590e+10
5.797125797230084032e+00 3.284690925692369843e+10
5.855097055202384659e+00 3.177417645929278183e+10
5.913648025754409510e+00 3.060137565652024078e+10
5.972784506011953987e+00 2.953969557968974686e+10
6.032512351072073287e+00 2.855704844390295792e+10
6.092837474582792900e+00 2.745642245164902115e+10
6.153765849328621584e+00 2.645692349746309280e+10
6.215303507821907658e+00 2.552923773472516632e+10
6.277456542900125669e+00 2.467948784836623764e+10
6.340231108329128062e+00 2.387343764456491470e+10
6.403633419412418704e+00 2.316528192004556656e+10
6.467669753606543281e+00 2.265753379374474716e+10
6.532346451142608146e+00 2.203725870623363876e+10
6.597669915654034156e+00 2.153681164782892609e+10
6.663646614810574853e+00 2.093179152696321106e+10
6.730283080958680664e+00 2.004688572984255981e+10
6.797585911768267763e+00 1.949056834340820312e+10
6.865561770885950210e+00 1.876401888679699707e+10
6.934217388594810849e+00 1.812405481661754990e+10
7.003559562480758949e+00 1.742543993938652039e+10
7.073595158105566050e+00 1.686057493277640915e+10
7.144331109686621772e+00 1.625005212574955940e+10
7.215774420783487741e+00 1.565414515071737862e+10
7.287932164991324235e+00 1.511584607817432594e+10
7.360811486641236634e+00 1.458966307719143105e+10
7.434419601507648245e+00 1.406676708215927124e+10
7.508763797522725270e+00 1.357548185413776970e+10
7.583851435497953375e+00 1.310908813722490120e+10
7.659689949852931612e+00 1.264376456254173851e+10
7.736286849351461825e+00 1.221435153931171608e+10
7.813649717844977083e+00 1.170596566150467682e+10
7.891786215023426365e+00 1.140577250466268921e+10
7.970704077173661695e+00 1.097640002766604042e+10
8.050411117945397876e+00 1.059509217605036545e+10
8.130915229124850541e+00 1.023716658730751991e+10
8.212224381416099561e+00 9.868985065773281097e+09
8.294346625230261338e+00 9.553020343142673492e+09
8.377290091482562318e+00 9.206221897252145767e+09
8.461062992397387461e+00 8.878113460217702866e+09
8.545673622321363183e+00 8.567340557635766983e+09
8.631130358544575998e+00 8.241258518229348183e+09
8.717441662130022806e+00 7.953588884202210426e+09
8.804616078751321240e+00 7.654873391248377800e+09
8.892662239538834612e+00 7.359493017839499474e+09
8.981588861934222123e+00 7.098698628827877998e+09
9.071404750553567098e+00 6.822425500257133484e+09
9.162118798059102787e+00 6.574204438479635239e+09
9.253739986039693832e+00 6.339689963239945412e+09
9.346277385900089385e+00 6.104994552994747162e+09
9.439740159759089977e+00 5.884459530456134796e+09
9.534137561356683221e+00 5.656043637857530594e+09
9.629478936970249592e+00 5.475807392409812927e+09
9.725773726339950187e+00 5.265532148012984276e+09
9.823031463603349778e+00 5.075635527254516602e+09
9.921261778239381712e+00 4.907547890607576370e+09
1.002047439602177548e+01 4.719478843594963074e+09
1.012067913998199487e+01 4.564415734083615303e+09
1.022188593138181290e+01 4.388902167962736130e+09
1.032410479069563181e+01 4.246373017683617592e+09
1.042734583860258724e+01 4.088495960717749596e+09
1.053161929698861421e+01 3.949481249174240112e+09
1.063693548995849980e+01 3.807256070378336430e+09
1.074330484485808412e+01 3.677632884745222092e+09
1.085073789330666472e+01 3.538822911579125404e+09
1.095924527223973222e+01 3.428652908876832008e+09
1.106883772496212970e+01 3.306050630300683975e+09
1.117952610221174936e+01 3.186370892841360569e+09
1.129132136323386781e+01 3.069390156678761005e+09
1.140423457686620701e+01 2.962951868539677143e+09
1.151827692263487002e+01 2.861489092427806377e+09
1.163345969186121920e+01 2.755050988045382023e+09
1.174979428877982990e+01 2.659057690890090942e+09
1.186729223166762992e+01 2.564697568958782673e+09
1.198596515398430462e+01 2.464159856878108501e+09
1.210582480552414708e+01 2.380067020797053337e+09
1.222688305357938887e+01 2.288681230241680145e+09
1.234915188411518194e+01 2.206807080475964069e+09
1.247264340295633467e+01 2.133902144149317741e+09
1.259736983698589619e+01 2.050013049118937016e+09
1.272334353535575424e+01 1.977159675449080467e+09
1.285057697070931226e+01 1.902340186381254673e+09
1.297908274041640553e+01 1.838875761773223639e+09
1.310887356782057012e+01 1.766723000243955135e+09
1.323996230349877479e+01 1.703874742420145273e+09
1.337236192653376321e+01 1.641278376592482805e+09
1.350608554579910248e+01 1.583761534562087297e+09
1.364114640125709244e+01 1.518394049994111776e+09
1.377755786526966197e+01 1.470070754422529697e+09
1.391533344392236238e+01 1.412558128813873529e+09
1.405448677836158211e+01 1.358886509325395823e+09
1.419503164614519974e+01 1.317415399097564936e+09
1.433698196260665192e+01 1.261150981312974215e+09
1.448035178223271835e+01 1.216109824700756073e+09
1.462515530005504516e+01 1.173366347533590555e+09
1.477140685305559664e+01 1.126400761500321388e+09
1.491912092158615089e+01 1.087466951273013353e+09
1.506831213080201159e+01 1.043586818604023457e+09
1.521899525211003024e+01 1.006849532509001970e+09
1.537118520463113214e+01 9.722468539036438465e+08
1.552489705667744246e+01 9.332531649643644094e+08
1.568014602724421813e+01 8.997289851776545048e+08
1.583694748751665848e+01 8.654453852728532553e+08
1.599531696239182388e+01 8.357405830228552818e+08
1.615527013201574391e+01 8.063488686555507183e+08
1.631682283333590178e+01 7.695819709981086254e+08
1.647999106166925998e+01 7.452432107461309433e+08
1.664479097228595350e+01 7.173518084056217670e+08
1.681123888200881211e+01 6.881308714542483091e+08
1.697935127082889650e+01 6.615411078567066193e+08
1.714914478353718863e+01 6.390439636190406084e+08
1.732063623137256059e+01 6.180706693733636141e+08
1.749384259368628847e+01 5.904582818639173508e+08
1.766878101962314673e+01 5.710400205653667450e+08
1.784546882981938509e+01 5.460970622467229366e+08
1.802392351811757720e+01 5.276333146859356761e+08
1.820416275329875333e+01 5.080238055076442361e+08
1.838620438083173880e+01 4.891550802183169127e+08
1.857006642464005353e+01 4.716350719139381647e+08
1.875576708888645427e+01 4.516789828890949488e+08
1.894332475977532226e+01 4.346443508228024244e+08
1.913275800737307719e+01 4.184116697739565372e+08
1.969740769490774923e+01 3.737601326899847984e+08
2.068227807965313403e+01 3.099283090902320147e+08
2.171639198363579126e+01 2.561633658042890728e+08
2.280221158281758420e+01 2.119666857897730172e+08
2.394232216195846163e+01 1.753357513054104745e+08
2.513943827005638454e+01 1.449092746020769775e+08
2.639641018355920465e+01 1.201546154389073700e+08
2.771623069273716311e+01 9.947236379111333191e+07
2.910204222737402446e+01 8.210940477099476755e+07
3.055714433874272729e+01 6.814557815177933872e+07
3.208500155567985956e+01 5.627465236421491206e+07
3.368925163346385432e+01 4.667250689678688347e+07
3.537371421513704206e+01 3.848052293172420561e+07
3.714239992589390482e+01 3.179724720848760009e+07
3.899951992218858976e+01 2.615646978325212747e+07
4.094949591829801960e+01 2.153709777670470253e+07
4.299697071421292094e+01 1.772134895114022121e+07
4.514681924992356699e+01 1.454292648041199520e+07
4.740416021241974676e+01 1.199708327317523025e+07
4.977436822304073161e+01 9.879096618584642187e+06
5.226308663419276712e+01 8.150892544948585331e+06
5.487624096590241152e+01 6.697883670470979065e+06
5.762005301419753067e+01 5.522725314276177436e+06
6.050105566490740472e+01 4.542265314392128028e+06
6.352610844815276891e+01 3.728795750545191579e+06
6.670241387056040594e+01 3.083159720547343139e+06
7.003753456408843192e+01 2.531249462389029097e+06
7.353941129229284002e+01 2.084428390975327929e+06
7.721638185690748912e+01 1.711858869702502387e+06
8.107720094975286429e+01 1.411327500328619266e+06
8.513106099724051035e+01 1.162963206622435246e+06
8.938761404710253089e+01 9.510361646555894986e+05
9.385699474945765530e+01 7.839856939790492179e+05
