3.401114059005487245e-01 3.364900136233238602e+10
3.435125199595542300e-01 1.093091657664403915e+10
3.469476451591497201e-01 8.910826434557624817e+09
3.504171216107412334e-01 1.444771121593597031e+10
3.539212928268486436e-01 2.604517128117407608e+10
3.574605057551171750e-01 1.074255696032188606e+10
3.610351108126682584e-01 1.914212257883073044e+10
3.646454619207949999e-01 1.828808797299277115e+10
3.682919165400029282e-01 1.230325701141909599e+10
3.719748357054029064e-01 9.052640316608505249e+09
3.756945840624569266e-01 1.036697995639651108e+10
3.794515299030815081e-01 1.676138921113963318e+10
3.832460452021123065e-01 1.211519103621917343e+10
3.870785056541334312e-01 9.956606866443161011e+09
3.909492907106748016e-01 1.026321876220460129e+10
3.948587836177815391e-01 1.844411906347621918e+10
3.988073714539593917e-01 3.727939598348277283e+10
4.027954451684989667e-01 4.564760590300070953e+10
4.068233996201839342e-01 4.205818671438039398e+10
4.108916336163858096e-01 4.574908427851301575e+10
4.150005499525497021e-01 3.497336734863352966e+10
4.191505554520751908e-01 1.916896772225257874e+10
4.233420610065958822e-01 1.025335588582770538e+10
4.275754816166618122e-01 2.147745099317904663e+10
4.318512364328284114e-01 2.850488641418300629e+10
4.361697487971567533e-01 3.287478554710153198e+10
4.405314462851282475e-01 3.482007127707600403e+10
4.449367607479796094e-01 3.467055054005145264e+10
4.493861283554593800e-01 4.695048019867911530e+10
4.538799896390139921e-01 5.554391065328687286e+10
4.584187895354041031e-01 5.464852863753498077e+10
4.630029774307581336e-01 6.066522155570513916e+10
4.676330072050656761e-01 5.697477344002629089e+10
4.723093372771162701e-01 5.463808635124555206e+10
4.770324306498874289e-01 4.661122821414081573e+10
4.818027549563863032e-01 4.377035615429971313e+10
4.866207825059500891e-01 4.614445889064587402e+10
4.914869903310095656e-01 5.122187175538587189e+10
4.964018602343197584e-01 4.932490126127686310e+10
5.013658788366629482e-01 3.686238167340379333e+10
5.063795376250295188e-01 3.653014143997056580e+10
5.114433330012797541e-01 3.358932848914812851e+10
5.165577663312926893e-01 3.533705105692055511e+10
5.217233439946056262e-01 4.150109815827127075e+10
5.269405774345515825e-01 3.815274848536009216e+10
5.322099832088971194e-01 3.892436806138996124e+10
5.375320830409860973e-01 3.706436798562277222e+10
5.429074038713960215e-01 4.771206800924795532e+10
5.483364779101099762e-01 3.749447925313004303e+10
5.538198426892112503e-01 3.811233767601349640e+10
5.593580411161032107e-01 4.240675719050117493e+10
5.649516215272641917e-01 4.404132360374656677e+10
5.706011377425368458e-01 4.487697372338891602e+10
5.763071491199621699e-01 4.350217776477933502e+10
5.820702206111618704e-01 4.463145372358335876e+10
5.878909228172733981e-01 4.401288906770783234e+10
5.937698320454461998e-01 4.788325563010305786e+10
5.997075303659007428e-01 5.559871937870167542e+10
6.057046056695597480e-01 6.149842745618359375e+10
6.117616517262552955e-01 6.318769963278324127e+10
6.178792682435179096e-01 6.839062806971289062e+10
6.240580609259530620e-01 7.609123046851225281e+10
6.302986415352126448e-01 7.868019607613346863e+10
6.366016279505647413e-01 8.320030745957417297e+10
6.429676442300703565e-01 8.944203688542716980e+10
6.493973206723711034e-01 9.116783965931311035e+10
6.558912938790947278e-01 9.238485860935682678e+10
6.624502068178856895e-01 9.745727036528804016e+10
6.690747088860645730e-01 1.027280594747905426e+11
6.757654559749252110e-01 1.083568596535663452e+11
6.825231105346745153e-01 1.142163216632765961e+11
6.893483416400212338e-01 1.187053945801292114e+11
6.962418250564214039e-01 1.212649053072973175e+11
7.032042433069857212e-01 1.254127921357722168e+11
7.102362857400554841e-01 1.319450178751701965e+11
7.173386485974559967e-01 1.391641986784821472e+11
7.245120350834306500e-01 1.462758375891632690e+11
7.317571554342650053e-01 1.526845119125725403e+11
7.390747269886076554e-01 1.558821051377909241e+11
7.464654742584937441e-01 1.601329773634859314e+11
7.539301290010786971e-01 1.682461844241150513e+11
7.614694302910893775e-01 1.777229548447474670e+11
7.690841245940003290e-01 1.760053355298572083e+11
7.767749658399403234e-01 1.954953943233768921e+11
7.845427154983398710e-01 1.999622902301324768e+11
7.923881426533231354e-01 2.032400103756250305e+11
8.003120240798563545e-01 2.087591059765920715e+11
8.083151443206548770e-01 2.181315800326179504e+11
8.163982957638614701e-01 2.270010185511926880e+11
8.245622787215000082e-01 2.338931829354559631e+11
8.328079015087149761e-01 2.411507432896019897e+11
8.411359805238021181e-01 2.467087864363200989e+11
8.495473403290402237e-01 2.536010715592697754e+11
8.580428137323306004e-01 2.629154688210593262e+11
8.666232418696537820e-01 2.719806740229374695e+11
8.752894742883503554e-01 2.796045166442028809e+11
8.840423690312340099e-01 2.881455888924691162e+11
8.928827927215462479e-01 2.953912515867155762e+11
9.018116206487618580e-01 3.018896818331578369e+11
9.108297368552494833e-01 3.095837656734423828e+11
9.199380342238018260e-01 3.156100730603633423e+11
9.291374145660399320e-01 3.249161253643804321e+11
9.384287887117003235e-01 3.342472678361388550e+11
9.478130765988174167e-01 3.417428261547713013e+11
9.572912073648053299e-01 3.500235952194580688e+11
9.668641194384535176e-01 3.582435535119995728e+11
9.765327606328380039e-01 3.661951536584810181e+11
9.862980882391664261e-01 3.734609103796993408e+11
9.961610691215579960e-01 3.827153245620590820e+11
1.006122679812773590e+00 3.890274992264233398e+11
1.016183906610901300e+00 3.963098866630673218e+11
1.026345745677010202e+00 4.022936596066339722e+11
1.036609203133780355e+00 4.077307244795108643e+11
1.046975295165118336e+00 4.138013925338186035e+11
1.057445048116769204e+00 4.204087153872476196e+11
1.068019498597936989e+00 4.261928564157806396e+11
1.078699693583916597e+00 4.301346734147301025e+11
1.089486690519755552e+00 4.364493004101647949e+11
1.100381557424953138e+00 4.440806002146520996e+11
1.111385372999202481e+00 4.489641855320709839e+11
1.122499226729194666e+00 4.549067206136076050e+11
1.133724218996486455e+00 4.618460031354942017e+11
1.145061461186451135e+00 4.680278533531694946e+11
1.156512075798315831e+00 4.722136485245262451e+11
1.168077196556299047e+00 4.773935688869101562e+11
1.179757968521861988e+00 4.821240567501848755e+11
1.191555548207080761e+00 4.861820333682363892e+11
1.203471103689151889e+00 4.885482117107036133e+11
1.215505814726043354e+00 4.916385190761958008e+11
1.227660872873303610e+00 4.939800025403606567e+11
1.239937481602036762e+00 4.975056710845960083e+11
1.252336856418057032e+00 4.998834804506827393e+11
1.264860224982237824e+00 4.999201033580646973e+11
1.277508827232060051e+00 5.003651106586679077e+11
1.290283915504380818e+00 5.031472810615193481e+11
1.303186754659424462e+00 5.056206294443578491e+11
1.316218622206019040e+00 5.078583751192601929e+11
1.329380808428079153e+00 5.110224678311518555e+11
1.342674616512359975e+00 5.144584684706782227e+11
1.356101362677483380e+00 5.135753768102001953e+11
1.369662376304258355e+00 5.109503796462012939e+11
1.383359000067300837e+00 5.116763395745646362e+11
1.397192590067974027e+00 5.120872454593460083e+11
1.411164515968653665e+00 5.113565059772734375e+11
1.425276161128340213e+00 5.101320868483879395e+11
1.439528922739623740e+00 5.093500542307166138e+11
1.453924211967019708e+00 5.083961865424404907e+11
1.468463454086690101e+00 5.064765215152962036e+11
1.483148088627556760e+00 5.047312290899559326e+11
1.497979569513832487e+00 5.031475588693181763e+11
1.512959365208970564e+00 5.018105511952120972e+11
1.528088958861060442e+00 5.000954070734218750e+11
1.543369848449671178e+00 4.982802299413051758e+11
1.558803546934167894e+00 4.969056282844124146e+11
1.574391582403509737e+00 4.955361557600935059e+11
1.590135498227544852e+00 4.936152281236104736e+11
1.606036853209820148e+00 4.913361708402142334e+11
1.622097221741918505e+00 4.885702989681574097e+11
1.638318193959337421e+00 4.851062674635842896e+11
1.654701375898931071e+00 4.811407528176774292e+11
1.671248389657920441e+00 4.766247318467289429e+11
1.687960873554499530e+00 4.723771671231019897e+11
1.704840482290044701e+00 4.684110179652567749e+11
1.721888887112944966e+00 4.642517345684794312e+11
1.739107775984074289e+00 4.604892818714358521e+11
1.756498853743915012e+00 4.564643951890930786e+11
1.774063842281354608e+00 4.521069002506988525e+11
1.791804480704168201e+00 4.476745332885930176e+11
1.809722525511209934e+00 4.427433231371311646e+11
1.827819750766321860e+00 4.373823354674299316e+11
1.846097948273984990e+00 4.322387344594548340e+11
1.864558927756724938e+00 4.279337635038745117e+11
1.883204517034292147e+00 4.214933663789999390e+11
1.902036562204635128e+00 4.152509125599316406e+11
1.921056927826681582e+00 4.097526324235925903e+11
1.940267497104948502e+00 4.052230076416793823e+11
1.959670172075998140e+00 4.006431138222687988e+11
1.979266873796758031e+00 3.950847338865142822e+11
1.999059542534725509e+00 3.894130857728129272e+11
2.019050137960073155e+00 3.832596103421100464e+11
2.039240639339673589e+00 3.769756451888518066e+11
2.059633045733070489e+00 3.705624293946690674e+11
2.080229376190401158e+00 3.645424800339007568e+11
2.101031669952305059e+00 3.589824959590479126e+11
2.122041986651828083e+00 3.536255656875239868e+11
2.143262406518346097e+00 3.484457373488992920e+11
2.164695030583529967e+00 3.434025272401090088e+11
2.186341980889365377e+00 3.380192476346588135e+11
2.208205400698258991e+00 3.326396002430402222e+11
2.230287454705241146e+00 3.270536526859376221e+11
2.252590329252293522e+00 3.213770389133262939e+11
2.275116232544817318e+00 3.156923407553801880e+11
2.297867394870265034e+00 3.117226914028298950e+11
2.320846068818967822e+00 3.062241465728907471e+11
2.344054529507157536e+00 2.999220152134013672e+11
2.367495074802228761e+00 2.942372658203609619e+11
2.391170025550251044e+00 2.885425483688847046e+11
2.415081725805753532e+00 2.831601394828550415e+11
2.439232543063811764e+00 2.777762119636717529e+11
2.463624868494449949e+00 2.731983344949435120e+11
2.488261117179394244e+00 2.682698335378485718e+11
2.513143728351188155e+00 2.634931558507158813e+11
2.538275165634700237e+00 2.585284723644646301e+11
2.563657917291046751e+00 2.528674524289301758e+11
2.589294496463957262e+00 2.473733789005727234e+11
2.615187441428596937e+00 2.410484584277806702e+11
2.641339315842882840e+00 2.352647315337950134e+11
2.667752709001311562e+00 2.303447618430990601e+11
2.694430236091324815e+00 2.264516527427203369e+11
2.721374538452237868e+00 2.221874905581794434e+11
2.748588283836760127e+00 2.176262568825957336e+11
2.776074166675128296e+00 2.127843133549645691e+11
2.803834908341879206e+00 2.076648316126630249e+11
2.831873257425297830e+00 2.033142263442978516e+11
2.860191989999551154e+00 1.985272443105746460e+11
2.888793909899546541e+00 1.933837703763195496e+11
2.917681848998542549e+00 1.898002279321702271e+11
2.946858667488527761e+00 1.846516817088330688e+11
2.976327254163412928e+00 1.805344758126152344e+11
3.006090526705047061e+00 1.754363181434125061e+11
3.036151431972097470e+00 1.716417674891550293e+11
3.066512946291818587e+00 1.666272529554259949e+11
3.097178075754736692e+00 1.625221230256462402e+11
3.128149856512283833e+00 1.581666329655391235e+11
3.159431355077406689e+00 1.537983011567415466e+11
3.191025668628181045e+00 1.498228741445564575e+11
3.222935925314462935e+00 1.455200163937362366e+11
3.255165284567607564e+00 1.416745049709620056e+11
3.287716937413283524e+00 1.378263646748813171e+11
3.320594106787416067e+00 1.341130581600892029e+11
3.353800047855290511e+00 1.306422320407484741e+11
3.387338048333843332e+00 1.271950892614067688e+11
3.421211428817182210e+00 1.238604200869161530e+11
3.455423543105353712e+00 1.206559196757497559e+11
3.489977778536407005e+00 1.174575593915127411e+11
3.524877556321771355e+00 1.143158819114886932e+11
3.560126331884988726e+00 1.113025945053227997e+11
3.595727595203838334e+00 1.083011186816921234e+11
3.631684871155877570e+00 1.054035979077191315e+11
3.668001719867436616e+00 1.025614527532951050e+11
3.704681737066110259e+00 9.980472250828236389e+10
3.741728554436771326e+00 9.709283217318281555e+10
3.779145839981139510e+00 9.445763491640286255e+10
3.816937298380950860e+00 9.183231986596237183e+10
3.855106671364760818e+00 8.929879505155931091e+10
3.893657738078407426e+00 8.681142462613145447e+10
3.932594315459191581e+00 8.436732459949313354e+10
3.971920258613783616e+00 8.196371864224597168e+10
4.011639461199922430e+00 7.962674603486921692e+10
4.051755855811920881e+00 7.734348953177531433e+10
4.092273414370040108e+00 7.512550606675109863e+10
4.133196148513740731e+00 7.300141000443930054e+10
4.174528109998877135e+00 7.090248823653237915e+10
4.216273391098866341e+00 6.873918875557830811e+10
4.258436125009854578e+00 6.671177779214391327e+10
4.301020486259953479e+00 6.510161609977682495e+10
4.344030691122553023e+00 6.358881893856686401e+10
4.387470998033777825e+00 6.210159705983435822e+10
4.431345708014116092e+00 6.060739319521813202e+10
4.475659165094256764e+00 5.883793535301390839e+10
4.520415756745198799e+00 5.730151503690858459e+10
4.565619914312651240e+00 5.568840103779448700e+10
4.611276113455778258e+00 5.410408869560166931e+10
4.657388874590335348e+00 5.222653001652935791e+10
4.703962763336238417e+00 5.066811973180886078e+10
4.751002390969600420e+00 4.891658298042385864e+10
4.798512414879296806e+00 4.730517381785222626e+10
4.846497539028090884e+00 4.590934122850000763e+10
4.894962514418371491e+00 4.452848257692232513e+10
4.943912139562555375e+00 4.316767039790904236e+10
4.993351260958180937e+00 4.175243676943366241e+10
5.043284773567762613e+00 4.060995996340696716e+10
5.093717621303440524e+00 3.923729932961505890e+10
5.144654797516475142e+00 3.806499345599441528e+10
5.196101345491639378e+00 3.682301572965666962e+10
5.248062358946555150e+00 3.564000074675437927e+10
5.300542982536021519e+00 3.451542659236422729e+10
5.353548412361381459e+00 3.329835740692173767e+10
5.407083896484995655e+00 3.224786573228311920e+10
5.461154735449845532e+00 3.113579779174106979e+10
5.515766282804344556e+00 3.010955534972445679e+10
5.570923945632387131e+00 2.914837359173208618e+10
5.626633185088711464e+00 2.817167567175680542e+10
5.682899516939598605e+00 2.726225002101200485e+10
5.739728512108993819e+00 2.637529854924779510e+10
5.797125797230084032e+00 2.548175024582384109e+10
5.855097055202384659e+00 2.468817457784148026e+10
5.913648025754409510e+00 2.383973214078190994e+10
5.972784506011953987e+00 2.306272969419020844e+10
6.032512351072073287e+00 2.231279418590842819e+10
6.092837474582792900e+00 2.154693654579989243e+10
6.153765849328621584e+00 2.082408559870019150e+10
6.215303507821907658e+00 2.014149430658854294e+10
6.277456542900125669e+00 1.946635868669020462e+10
6.340231108329128062e+00 1.883256665039606094e+10
6.403633419412418704e+00 1.824542931877168274e+10
6.467669753606543281e+00 1.772037442390501404e+10
6.532346451142608146e+00 1.718311795217630386e+10
6.597669915654034156e+00 1.672160327634435844e+10
6.663646614810574853e+00 1.619135652847110558e+10
6.730283080958680664e+00 1.556753227294456291e+10
6.797585911768267763e+00 1.510286609417582703e+10
6.865561770885950210e+00 1.457479043595376396e+10
6.934217388594810849e+00 1.408436723578864288e+10
7.003559562480758949e+00 1.357385329061087418e+10
7.073595158105566050e+00 1.314065492562355232e+10
7.144331109686621772e+00 1.268151185847533798e+10
7.215774420783487741e+00 1.223151931001035118e+10
7.287932164991324235e+00 1.182784743563557053e+10
7.360811486641236634e+00 1.143448861518278122e+10
7.434419601507648245e+00 1.103708416094951820e+10
7.508763797522725270e+00 1.066602140405359650e+10
7.583851435497953375e+00 1.030581253266927719e+10
7.659689949852931612e+00 9.950845996551090240e+09
7.736286849351461825e+00 9.616767863492792130e+09
7.813649717844977083e+00 9.262418854808301926e+09
7.891786215023426365e+00 8.985975832477903366e+09
7.970704077173661695e+00 8.664807750979394913e+09
8.050411117945397876e+00 8.359343606933541298e+09
8.130915229124850541e+00 8.078479915457118034e+09
8.212224381416099561e+00 7.800772035537821770e+09
8.294346625230261338e+00 7.539924763720433235e+09
8.377290091482562318e+00 7.274252012335911751e+09
8.461062992397387461e+00 7.019041799020163536e+09
8.545673622321363183e+00 6.769512743898930550e+09
8.631130358544575998e+00 6.521217791879571915e+09
8.717441662130022806e+00 6.297355943015414238e+09
8.804616078751321240e+00 6.073661487796884537e+09
8.892662239538834612e+00 5.849500875590300560e+09
8.981588861934222123e+00 5.648392301077142715e+09
9.071404750553567098e+00 5.443515057691085815e+09
9.162118798059102787e+00 5.251186384628315926e+09
9.253739986039693832e+00 5.067236942601805687e+09
9.346277385900089385e+00 4.882480667232530594e+09
9.439740159759089977e+00 4.718225968602371216e+09
9.534137561356683221e+00 4.541394677658775330e+09
9.629478936970249592e+00 4.388812804788107872e+09
9.725773726339950187e+00 4.228815054534627438e+09
9.823031463603349778e+00 4.077081580067423820e+09
9.921261778239381712e+00 3.938725974428390503e+09
1.002047439602177548e+01 3.796347363736218929e+09
1.012067913998199487e+01 3.664931208486837387e+09
1.022188593138181290e+01 3.530750133143046379e+09
1.032410479069563181e+01 3.410767157843976974e+09
1.042734583860258724e+01 3.288965777384079933e+09
1.053161929698861421e+01 3.170272392713435650e+09
1.063693548995849980e+01 3.059614874900634766e+09
1.074330484485808412e+01 2.952412741396522522e+09
1.085073789330666472e+01 2.844852705157076359e+09
1.095924527223973222e+01 2.748487277405025482e+09
1.106883772496212970e+01 2.650068771042593002e+09
1.117952610221174936e+01 2.558285265486807823e+09
1.129132136323386781e+01 2.466645339952967167e+09
1.140423457686620701e+01 2.378541930799024105e+09
1.151827692263487002e+01 2.294299051360368729e+09
1.163345969186121920e+01 2.210165785662870407e+09
1.174979428877982990e+01 2.135514691480076551e+09
1.186729223166762992e+01 2.057365894756302834e+09
1.198596515398430462e+01 1.984273910148510456e+09
1.210582480552414708e+01 1.914672841258642197e+09
1.222688305357938887e+01 1.842253802990698338e+09
1.234915188411518194e+01 1.778021489022060633e+09
1.247264340295633467e+01 1.717746163388443947e+09
1.259736983698589619e+01 1.652754840028264046e+09
1.272334353535575424e+01 1.594246771386275291e+09
1.285057697070931226e+01 1.535476858469000578e+09
1.297908274041640553e+01 1.482380317391406298e+09
1.310887356782057012e+01 1.426382915216700077e+09
1.323996230349877479e+01 1.375932837892550230e+09
1.337236192653376321e+01 1.324509664139514446e+09
1.350608554579910248e+01 1.280776440330348253e+09
1.364114640125709244e+01 1.230868528355329752e+09
1.377755786526966197e+01 1.186508732978250504e+09
1.391533344392236238e+01 1.142450516786396742e+09
1.405448677836158211e+01 1.101405308464291573e+09
1.419503164614519974e+01 1.064878093374868393e+09
1.433698196260665192e+01 1.022334905938690186e+09
1.448035178223271835e+01 9.860933937151702642e+08
1.462515530005504516e+01 9.520258329040240049e+08
1.477140685305559664e+01 9.134967429908828735e+08
1.491912092158615089e+01 8.825179545688005686e+08
1.506831213080201159e+01 8.491766288045965433e+08
1.521899525211003024e+01 8.175998434216909409e+08
1.537118520463113214e+01 7.891329972766757011e+08
1.552489705667744246e+01 7.582025782506331205e+08
1.568014602724421813e+01 7.315313445353680849e+08
1.583694748751665848e+01 7.036974625449554920e+08
1.599531696239182388e+01 6.782958656158645153e+08
1.615527013201574391e+01 6.553214688427420855e+08
1.631682283333590178e+01 6.284278020300922394e+08
1.647999106166925998e+01 6.067239052438992262e+08
1.664479097228595350e+01 5.844348822787357569e+08
1.681123888200881211e+01 5.624374576040288210e+08
1.697935127082889650e+01 5.403753484670318365e+08
1.714914478353718863e+01 5.216864431169945002e+08
1.732063623137256059e+01 5.033887954693233967e+08
1.749384259368628847e+01 4.826359569278634787e+08
1.766878101962314673e+01 4.662311877820171714e+08
1.784546882981938509e+01 4.479202106309168339e+08
1.802392351811757720e+01 4.315898782850797176e+08
1.820416275329875333e+01 4.152950904981350303e+08
1.838620438083173880e+01 4.004698502473945618e+08
1.857006642464005353e+01 3.856296818886889815e+08
1.875576708888645427e+01 3.702976643137216568e+08
1.894332475977532226e+01 3.568819822103126049e+08
1.913275800737307719e+01 3.438821489727573991e+08
1.969740769490774923e+01 3.078082173028568625e+08
2.068227807965313403e+01 2.552563153077763021e+08
2.171639198363579126e+01 2.117021410542732775e+08
2.280221158281758420e+01 1.754254158660665452e+08
2.394232216195846163e+01 1.454054548809793293e+08
2.513943827005638454e+01 1.203219381306724995e+08
2.639641018355920465e+01 9.973038222768808901e+07
2.771623069273716311e+01 8.257679552751043439e+07
2.910204222737402446e+01 6.836265040272249281e+07
3.055714433874272729e+01 5.660449435458124429e+07
3.208500155567985956e+01 4.684464882463475317e+07
3.368925163346385432e+01 3.875546442523864657e+07
3.537371421513704206e+01 3.211075316410373151e+07
3.714239992589390482e+01 2.651070415476361290e+07
3.899951992218858976e+01 2.187001688127030060e+07
4.094949591829801960e+01 1.806279580114088580e+07
4.299697071421292094e+01 1.489355756687435694e+07
4.514681924992356699e+01 1.230285571118669398e+07
4.740416021241974676e+01 1.013797005390175246e+07
4.977436822304073161e+01 8.367572745016976260e+06
5.226308663419276712e+01 6.906967327272456139e+06
5.487624096590241152e+01 5.689755494378267787e+06
5.762005301419753067e+01 4.700787534859149717e+06
6.050105566490740472e+01 3.876512188350502402e+06
6.352610844815276891e+01 3.194145802718154620e+06
6.670241387056040594e+01 2.634508712896169163e+06
7.003753456408843192e+01 2.173597434273960534e+06
7.353941129229284002e+01 1.790150196750418982e+06
7.721638185690748912e+01 1.475655565460157115e+06
8.107720094975286429e+01 1.216163615857889177e+06
8.513106099724051035e+01 1.003526788449233281e+06
8.938761404710253089e+01 8.279765773967164569e+05
9.385699474945765530e+01 6.810825213292906992e+05
