3.401114059005487245e-01 1.704865953817879639e+11
3.435125199595542300e-01 1.303904667367456970e+11
3.469476451591497201e-01 1.707828639241750793e+11
3.504171216107412334e-01 2.149962092057264099e+11
3.539212928268486436e-01 2.260187801809803162e+11
3.574605057551171750e-01 2.220577120331797180e+11
3.610351108126682584e-01 2.318759791539811401e+11
3.646454619207949999e-01 2.308647644438467407e+11
3.682919165400029282e-01 2.094658717337470398e+11
3.719748357054029064e-01 2.193790669804236145e+11
3.756945840624569266e-01 2.525102237952281189e+11
3.794515299030815081e-01 3.031317036114125366e+11
3.832460452021123065e-01 2.977654954066640015e+11
3.870785056541334312e-01 3.323645957092076416e+11
3.909492907106748016e-01 3.248648728861925049e+11
3.948587836177815391e-01 2.762736137088498535e+11
3.988073714539593917e-01 2.444382818943818359e+11
4.027954451684989667e-01 1.418053045354084167e+11
4.068233996201839342e-01 1.520254706984069214e+11
4.108916336163858096e-01 2.280715683197713928e+11
4.150005499525497021e-01 3.324352076933676147e+11
4.191505554520751908e-01 3.419070119516439209e+11
4.233420610065958822e-01 3.147999986295616455e+11
4.275754816166618122e-01 3.335980289625187378e+11
4.318512364328284114e-01 2.902910431586572876e+11
4.361697487971567533e-01 2.826776680027570801e+11
4.405314462851282475e-01 3.071122092746304321e+11
4.449367607479796094e-01 3.135784094017095337e+11
4.493861283554593800e-01 2.938815856104678345e+11
4.538799896390139921e-01 2.941715696809724731e+11
4.584187895354041031e-01 2.849053234734823608e+11
4.630029774307581336e-01 2.591818949451469116e+11
4.676330072050656761e-01 2.196427384421182556e+11
4.723093372771162701e-01 1.661156034892109985e+11
4.770324306498874289e-01 9.576787087385321045e+10
4.818027549563863032e-01 6.475961230268156433e+10
4.866207825059500891e-01 4.044243484375686646e+10
4.914869903310095656e-01 3.784055615577578735e+10
4.964018602343197584e-01 2.815270566256213379e+10
5.013658788366629482e-01 1.923457160664424896e+10
5.063795376250295188e-01 1.468802415033224869e+10
5.114433330012797541e-01 1.297664749030086899e+10
5.165577663312926893e-01 1.113629442400455093e+10
5.217233439946056262e-01 1.002202123932425880e+10
5.269405774345515825e-01 8.671289990106227875e+09
5.322099832088971194e-01 7.539516596216321945e+09
5.375320830409860973e-01 6.609800162271969795e+09
5.429074038713960215e-01 5.635258107228425980e+09
5.483364779101099762e-01 4.852329310422579765e+09
5.538198426892112503e-01 4.148049350380888939e+09
5.593580411161032107e-01 3.433851232634262085e+09
5.649516215272641917e-01 2.851870174965166569e+09
5.706011377425368458e-01 2.278350936155200481e+09
5.763071491199621699e-01 1.728247419520250320e+09
5.820702206111618704e-01 1.180045373210927248e+09
5.878909228172733981e-01 3.814237453216451406e+08
5.937698320454461998e-01 7.938667802968990803e+08
5.997075303659007428e-01 1.379500259327585459e+09
6.057046056695597480e-01 1.880004695480890751e+09
6.117616517262552955e-01 2.317211120224681854e+09
6.178792682435179096e-01 2.752029447901800156e+09
6.240580609259530620e-01 3.178727818589745045e+09
6.302986415352126448e-01 3.627781503638396740e+09
6.366016279505647413e-01 4.081693190781495094e+09
6.429676442300703565e-01 4.517100053717541695e+09
6.493973206723711034e-01 4.958848194665813446e+09
6.558912938790947278e-01 5.022522657965194702e+09
6.624502068178856895e-01 6.057136119928312302e+09
6.690747088860645730e-01 6.702171171315425873e+09
6.757654559749252110e-01 7.304523269652235031e+09
6.825231105346745153e-01 7.621456252067208290e+09
6.893483416400212338e-01 7.305607552612661362e+09
6.962418250564214039e-01 6.820426310782943726e+09
7.032042433069857212e-01 6.813381971416787148e+09
7.102362857400554841e-01 7.000901965436140060e+09
7.173386485974559967e-01 6.993738930289546967e+09
7.245120350834306500e-01 6.931126883164924622e+09
7.317571554342650053e-01 6.624174527797728539e+09
7.390747269886076554e-01 6.247927000025519371e+09
7.464654742584937441e-01 5.800348633912631989e+09
7.539301290010786971e-01 5.155888940394082069e+09
7.614694302910893775e-01 3.530770024655436516e+09
7.690841245940003290e-01 8.390107622431235313e+08
7.767749658399403234e-01 4.395985974285827637e+09
7.845427154983398710e-01 6.830143272283270836e+09
7.923881426533231354e-01 8.738125153627946854e+09
8.003120240798563545e-01 1.062794339243647385e+10
8.083151443206548770e-01 1.227448724240269852e+10
8.163982957638614701e-01 1.374540486190526009e+10
8.245622787215000082e-01 1.593340353426726151e+10
8.328079015087149761e-01 1.795554818736370850e+10
8.411359805238021181e-01 2.017575840948919678e+10
8.495473403290402237e-01 2.264705343377793121e+10
8.580428137323306004e-01 2.468553882172821808e+10
8.666232418696537820e-01 2.230495928658325577e+10
8.752894742883503554e-01 2.432066183336605072e+10
8.840423690312340099e-01 2.866667436394133759e+10
8.928827927215462479e-01 3.093992344968289566e+10
9.018116206487618580e-01 3.502167245812541962e+10
9.108297368552494833e-01 3.920274492032100677e+10
9.199380342238018260e-01 4.090360841864875793e+10
9.291374145660399320e-01 3.369851342350906754e+10
9.384287887117003235e-01 3.540718060433132172e+10
9.478130765988174167e-01 3.895532081150532532e+10
9.572912073648053299e-01 4.099485620008124542e+10
9.668641194384535176e-01 4.303740288504241943e+10
9.765327606328380039e-01 4.475457645918779755e+10
9.862980882391664261e-01 4.958753242854728699e+10
9.961610691215579960e-01 5.215571496363536835e+10
1.006122679812773590e+00 4.720171950124642181e+10
1.016183906610901300e+00 5.668482199543739319e+10
1.026345745677010202e+00 6.735481761289118195e+10
1.036609203133780355e+00 7.836007819656163025e+10
1.046975295165118336e+00 8.625482826574075317e+10
1.057445048116769204e+00 9.468694107953372192e+10
1.068019498597936989e+00 1.005618722027347412e+11
1.078699693583916597e+00 1.057609975918919525e+11
1.089486690519755552e+00 8.869827614642422485e+10
1.100381557424953138e+00 6.760660172706753540e+10
1.111385372999202481e+00 6.165230460283179474e+10
1.122499226729194666e+00 6.189630807828050232e+10
1.133724218996486455e+00 5.773861745331914520e+10
1.145061461186451135e+00 6.153765483484636688e+10
1.156512075798315831e+00 6.281291822090425873e+10
1.168077196556299047e+00 6.338833067855757141e+10
1.179757968521861988e+00 6.211516769345349121e+10
1.191555548207080761e+00 7.382075049471768188e+10
1.203471103689151889e+00 8.391873868644056702e+10
1.215505814726043354e+00 9.359602014841036987e+10
1.227660872873303610e+00 1.035753913601976624e+11
1.239937481602036762e+00 1.102066723074631195e+11
1.252336856418057032e+00 1.178611085444411163e+11
1.264860224982237824e+00 1.282207827844624939e+11
1.277508827232060051e+00 1.294864615995663147e+11
1.290283915504380818e+00 1.280512933382046204e+11
1.303186754659424462e+00 1.224208602940726776e+11
1.316218622206019040e+00 1.137455922932029419e+11
1.329380808428079153e+00 8.447553401641769409e+10
1.342674616512359975e+00 5.048682241222713470e+10
1.356101362677483380e+00 4.410651992275699615e+10
1.369662376304258355e+00 4.562650175650920105e+10
1.383359000067300837e+00 4.841845599465006256e+10
1.397192590067974027e+00 4.694198676726382446e+10
1.411164515968653665e+00 4.429115699107794952e+10
1.425276161128340213e+00 4.243541656905149078e+10
1.439528922739623740e+00 4.489938169912215424e+10
1.453924211967019708e+00 5.213604610291789246e+10
1.468463454086690101e+00 5.292707335320840454e+10
1.483148088627556760e+00 5.689613837879257965e+10
1.497979569513832487e+00 6.180423999453893280e+10
1.512959365208970564e+00 6.791898580812441254e+10
1.528088958861060442e+00 7.455745827257246399e+10
1.543369848449671178e+00 8.168029058048385620e+10
1.558803546934167894e+00 8.976342888665032959e+10
1.574391582403509737e+00 9.917099568553588867e+10
1.590135498227544852e+00 1.073926342475637054e+11
1.606036853209820148e+00 1.126902713522798615e+11
1.622097221741918505e+00 1.210869856680506134e+11
1.638318193959337421e+00 1.264783722029298859e+11
1.654701375898931071e+00 1.317380665456170044e+11
1.671248389657920441e+00 1.367895257415025024e+11
1.687960873554499530e+00 1.361925550375258484e+11
1.704840482290044701e+00 1.256407848831854706e+11
1.721888887112944966e+00 1.078684769054889679e+11
1.739107775984074289e+00 9.865198949772035217e+10
1.756498853743915012e+00 9.129943303881088257e+10
1.774063842281354608e+00 8.009102745023213196e+10
1.791804480704168201e+00 7.451008473425741577e+10
1.809722525511209934e+00 6.778535005851181793e+10
1.827819750766321860e+00 6.735694764857243347e+10
1.846097948273984990e+00 6.216671238785365295e+10
1.864558927756724938e+00 5.796808053080624390e+10
1.883204517034292147e+00 6.489296505118141937e+10
1.902036562204635128e+00 6.885747372780058289e+10
1.921056927826681582e+00 7.001381860008609009e+10
1.940267497104948502e+00 6.622622791811436462e+10
1.959670172075998140e+00 6.610830525868132782e+10
1.979266873796758031e+00 6.641750442487177277e+10
1.999059542534725509e+00 6.662347953754395294e+10
2.019050137960073155e+00 7.063432636006459045e+10
2.039240639339673589e+00 7.578571590665199280e+10
2.059633045733070489e+00 8.151344490613676453e+10
2.080229376190401158e+00 8.640290812478916931e+10
2.101031669952305059e+00 9.278624533714817810e+10
2.122041986651828083e+00 9.684705873152897644e+10
2.143262406518346097e+00 1.004825994952673492e+11
2.164695030583529967e+00 1.021531413123609772e+11
2.186341980889365377e+00 1.014954721912518463e+11
2.208205400698258991e+00 1.003615100519680328e+11
2.230287454705241146e+00 9.921387238952781677e+10
2.252590329252293522e+00 9.806938477735063171e+10
2.275116232544817318e+00 9.570602305551399231e+10
2.297867394870265034e+00 8.701498099914714050e+10
2.320846068818967822e+00 8.187754973087849426e+10
2.344054529507157536e+00 8.017330775871000671e+10
2.367495074802228761e+00 7.647397881173109436e+10
2.391170025550251044e+00 7.373696051022518921e+10
2.415081725805753532e+00 6.861148693697407532e+10
2.439232543063811764e+00 6.306996539097176361e+10
2.463624868494449949e+00 5.787787161393844604e+10
2.488261117179394244e+00 5.423982768891925812e+10
2.513143728351188155e+00 4.750258238024652100e+10
2.538275165634700237e+00 4.478439288669337463e+10
2.563657917291046751e+00 4.301804089507307434e+10
2.589294496463957262e+00 4.260404580115238190e+10
2.615187441428596937e+00 4.493876766043319702e+10
2.641339315842882840e+00 4.554164018527235413e+10
2.667752709001311562e+00 4.316775454513290405e+10
2.694430236091324815e+00 3.998807706668901062e+10
2.721374538452237868e+00 3.978066141339498138e+10
2.748588283836760127e+00 3.978662101416285706e+10
2.776074166675128296e+00 3.765343587204711151e+10
2.803834908341879206e+00 3.861695089508956909e+10
2.831873257425297830e+00 3.748809585505280304e+10
2.860191989999551154e+00 3.735624356851412201e+10
2.888793909899546541e+00 3.830410981372468567e+10
2.917681848998542549e+00 3.586210616309694672e+10
2.946858667488527761e+00 3.776468211815041351e+10
2.976327254163412928e+00 3.745474137485034180e+10
3.006090526705047061e+00 3.883158589168228912e+10
3.036151431972097470e+00 3.872303851501612854e+10
3.066512946291818587e+00 4.075761181620809174e+10
3.097178075754736692e+00 4.061445362104747772e+10
3.128149856512283833e+00 4.167956615533310699e+10
3.159431355077406689e+00 4.222001918350129700e+10
3.191025668628181045e+00 4.261278562046289825e+10
3.222935925314462935e+00 4.352832906730239868e+10
3.255165284567607564e+00 4.488905047179435730e+10
3.287716937413283524e+00 4.471832432886038208e+10
3.320594106787416067e+00 4.441462266472469330e+10
3.353800047855290511e+00 4.393955700486193848e+10
3.387338048333843332e+00 4.438213976818851471e+10
3.421211428817182210e+00 4.442406309295122528e+10
3.455423543105353712e+00 4.474361154184926605e+10
3.489977778536407005e+00 4.416001177125422668e+10
3.524877556321771355e+00 4.408216071390404510e+10
3.560126331884988726e+00 4.414891106915139771e+10
3.595727595203838334e+00 4.367174637365518188e+10
3.631684871155877570e+00 4.374098671961043549e+10
3.668001719867436616e+00 4.334661807087073517e+10
3.704681737066110259e+00 4.392480485968412018e+10
3.741728554436771326e+00 4.373181539866570282e+10
3.779145839981139510e+00 4.374182279186906433e+10
3.816937298380950860e+00 4.325539403639194489e+10
3.855106671364760818e+00 4.328741307328345490e+10
3.893657738078407426e+00 4.238988545722659302e+10
3.932594315459191581e+00 4.114981748876795959e+10
3.971920258613783616e+00 3.804210695065866089e+10
4.011639461199922430e+00 3.458078216696810150e+10
4.051755855811920881e+00 3.215502400334817886e+10
4.092273414370040108e+00 2.937861791932400131e+10
4.133196148513740731e+00 2.841573573563519287e+10
4.174528109998877135e+00 2.754193909019569397e+10
4.216273391098866341e+00 2.548329988799459076e+10
4.258436125009854578e+00 2.307883355565462875e+10
4.301020486259953479e+00 1.967179816370932388e+10
4.344030691122553023e+00 1.873346357786094284e+10
4.387470998033777825e+00 1.927883676650988770e+10
4.431345708014116092e+00 1.846683669168833542e+10
4.475659165094256764e+00 1.756050539427070999e+10
4.520415756745198799e+00 1.707917285231127167e+10
4.565619914312651240e+00 1.661657945064344025e+10
4.611276113455778258e+00 1.665691018445484352e+10
4.657388874590335348e+00 1.682526385726163864e+10
4.703962763336238417e+00 1.647381846901199913e+10
4.751002390969600420e+00 1.601822788599320984e+10
4.798512414879296806e+00 1.573479705208593559e+10
4.846497539028090884e+00 1.548713834208914757e+10
4.894962514418371491e+00 1.510082295355683136e+10
4.943912139562555375e+00 1.466866745759697723e+10
4.993351260958180937e+00 1.469691252733134079e+10
5.043284773567762613e+00 1.426000777079726410e+10
5.093717621303440524e+00 1.422498474819739723e+10
5.144654797516475142e+00 1.373107553609853554e+10
5.196101345491639378e+00 1.346551285181781387e+10
5.248062358946555150e+00 1.341179620365442085e+10
5.300542982536021519e+00 1.282834995703615952e+10
5.353548412361381459e+00 1.259958277474306870e+10
5.407083896484995655e+00 1.198593463363008308e+10
5.461154735449845532e+00 1.189234519272582436e+10
5.515766282804344556e+00 1.153357070559269905e+10
5.570923945632387131e+00 1.103180319685417175e+10
5.626633185088711464e+00 1.089635581209589958e+10
5.682899516939598605e+00 1.048742152591694641e+10
5.739728512108993819e+00 1.013169248198544121e+10
5.797125797230084032e+00 9.933481832816673279e+09
5.855097055202384659e+00 9.475209771698240280e+09
5.913648025754409510e+00 9.443482584272935867e+09
5.972784506011953987e+00 9.360036306628305435e+09
6.032512351072073287e+00 9.040486834015701294e+09
6.092837474582792900e+00 9.196470910331157684e+09
6.153765849328621584e+00 9.208382347280914307e+09
6.215303507821907658e+00 9.012268484814464569e+09
6.277456542900125669e+00 8.920992844041994095e+09
6.340231108329128062e+00 8.593448448731513977e+09
6.403633419412418704e+00 7.893448896504863739e+09
6.467669753606543281e+00 7.111839296931597710e+09
6.532346451142608146e+00 6.676845064618351936e+09
6.597669915654034156e+00 6.026994565240877151e+09
6.663646614810574853e+00 5.919239323756628990e+09
6.730283080958680664e+00 6.081778327258539200e+09
6.797585911768267763e+00 5.710040892490613937e+09
6.865561770885950210e+00 5.613731381439538002e+09
6.934217388594810849e+00 5.627213037553650856e+09
7.003559562480758949e+00 5.602944500778364182e+09
7.073595158105566050e+00 5.291331413146609306e+09
7.144331109686621772e+00 5.241097486041353226e+09
7.215774420783487741e+00 5.176256034848288536e+09
7.287932164991324235e+00 5.042789108529626846e+09
7.360811486641236634e+00 4.826139641113412857e+09
7.434419601507648245e+00 4.695621959626570702e+09
7.508763797522725270e+00 4.609601316794721603e+09
7.583851435497953375e+00 4.355388892922618866e+09
7.659689949852931612e+00 4.395605756618740082e+09
7.736286849351461825e+00 4.139230545068564892e+09
7.813649717844977083e+00 4.193760369591579914e+09
7.891786215023426365e+00 3.789140471102266312e+09
7.970704077173661695e+00 3.859865484500387192e+09
8.050411117945397876e+00 3.726522543177990913e+09
8.130915229124850541e+00 3.617682990385946274e+09
8.212224381416099561e+00 3.522311782121246338e+09
8.294346625230261338e+00 3.424917537836893559e+09
8.377290091482562318e+00 3.351930463570723534e+09
8.461062992397387461e+00 3.277946961819918633e+09
8.545673622321363183e+00 3.200391191808249474e+09
8.631130358544575998e+00 3.168157987395473003e+09
8.717441662130022806e+00 3.042247510664201736e+09
8.804616078751321240e+00 2.948274744049937248e+09
8.892662239538834612e+00 2.910018806170965672e+09
8.981588861934222123e+00 2.750462518539448261e+09
9.071404750553567098e+00 2.741933119733210564e+09
9.162118798059102787e+00 2.712668385753708839e+09
9.253739986039693832e+00 2.610714879560852528e+09
9.346277385900089385e+00 2.583917689089439392e+09
9.439740159759089977e+00 2.454054911525094986e+09
9.534137561356683221e+00 2.446288230563398361e+09
9.629478936970249592e+00 2.323063303291968822e+09
9.725773726339950187e+00 2.309112917395728111e+09
9.823031463603349778e+00 2.239779713112763405e+09
9.921261778239381712e+00 2.118000588079403162e+09
1.002047439602177548e+01 2.095154163076640368e+09
1.012067913998199487e+01 1.995861743457844734e+09
1.022188593138181290e+01 1.951794317623305082e+09
1.032410479069563181e+01 1.849990683028123617e+09
1.042734583860258724e+01 1.773948348487682104e+09
1.053161929698861421e+01 1.755566890771832466e+09
1.063693548995849980e+01 1.712440567508513927e+09
1.074330484485808412e+01 1.659321090771619320e+09
1.085073789330666472e+01 1.611989383476792336e+09
1.095924527223973222e+01 1.504809147006751060e+09
1.106883772496212970e+01 1.457586096557161570e+09
1.117952610221174936e+01 1.420113290218940020e+09
1.129132136323386781e+01 1.369139369149918079e+09
1.140423457686620701e+01 1.345249873209068775e+09
1.151827692263487002e+01 1.271138845922966242e+09
1.163345969186121920e+01 1.228409436619164467e+09
1.174979428877982990e+01 1.139844480566900492e+09
1.186729223166762992e+01 1.123892389350319624e+09
1.198596515398430462e+01 1.099482148962142229e+09
1.210582480552414708e+01 1.040241532573655248e+09
1.222688305357938887e+01 1.016210118405849457e+09
1.234915188411518194e+01 9.698349095388509035e+08
1.247264340295633467e+01 9.103418860409784317e+08
1.259736983698589619e+01 8.834587533966779709e+08
1.272334353535575424e+01 8.629464056314555407e+08
1.285057697070931226e+01 8.310140992017912865e+08
1.297908274041640553e+01 7.851077149672155380e+08
1.310887356782057012e+01 7.756097762388734818e+08
1.323996230349877479e+01 7.248219639166516066e+08
1.337236192653376321e+01 7.077779237566117048e+08
1.350608554579910248e+01 6.659444739909449816e+08
1.364114640125709244e+01 6.574345935062992573e+08
1.377755786526966197e+01 6.222285972141126394e+08
1.391533344392236238e+01 6.069581032406501770e+08
1.405448677836158211e+01 5.840529689881979227e+08
1.419503164614519974e+01 5.462490914622688293e+08
1.433698196260665192e+01 5.364502528767461181e+08
1.448035178223271835e+01 5.051508110352599621e+08
1.462515530005504516e+01 4.911831925384359956e+08
1.477140685305559664e+01 4.851143313165471554e+08
1.491912092158615089e+01 4.413452385784430504e+08
1.506831213080201159e+01 4.447677009494434595e+08
1.521899525211003024e+01 4.295197440775483847e+08
1.537118520463113214e+01 4.074937170172453523e+08
1.552489705667744246e+01 3.914464660647050738e+08
1.568014602724421813e+01 3.788818952763316631e+08
1.583694748751665848e+01 3.700634271566466689e+08
1.599531696239182388e+01 3.521502795979337096e+08
1.615527013201574391e+01 3.370004132292186618e+08
1.631682283333590178e+01 3.303177110480359197e+08
1.647999106166925998e+01 3.118735342638772726e+08
1.664479097228595350e+01 2.971850228671604395e+08
1.681123888200881211e+01 2.990072003581928015e+08
1.697935127082889650e+01 2.882117283731582761e+08
1.714914478353718863e+01 2.659618292303119004e+08
1.732063623137256059e+01 2.555562072930265963e+08
1.749384259368628847e+01 2.542885006149991751e+08
1.766878101962314673e+01 2.387690151828086078e+08
1.784546882981938509e+01 2.352915455418187976e+08
1.802392351811757720e+01 2.277980401595133543e+08
1.820416275329875333e+01 2.153072750849851370e+08
1.838620438083173880e+01 2.109158385176438391e+08
1.857006642464005353e+01 1.921792230889658332e+08
1.875576708888645427e+01 1.934483957407972515e+08
1.894332475977532226e+01 1.866801845510084331e+08
1.913275800737307719e+01 1.830594938396941423e+08
1.969740769490774923e+01 1.595489841461630762e+08
2.068227807965313403e+01 1.327020753468126953e+08
2.171639198363579126e+01 1.101590558800622374e+08
2.280221158281758420e+01 9.310032466277575493e+07
2.394232216195846163e+01 7.688129540238672495e+07
2.513943827005638454e+01 6.363068400068304688e+07
2.639641018355920465e+01 5.339335214877760410e+07
2.771623069273716311e+01 4.433132806646973640e+07
2.910204222737402446e+01 3.696565037098262459e+07
3.055714433874272729e+01 3.000421253660984710e+07
3.208500155567985956e+01 2.576656446566518024e+07
3.368925163346385432e+01 2.078523166767491028e+07
3.537371421513704206e+01 1.693869841669427603e+07
3.714239992589390482e+01 1.427031870711485110e+07
3.899951992218858976e+01 1.194878053172883950e+07
4.094949591829801960e+01 9.667499547108720988e+06
4.299697071421292094e+01 8.049148654675642960e+06
4.514681924992356699e+01 6.688216325473469682e+06
4.740416021241974676e+01 5.576750188441187143e+06
4.977436822304073161e+01 4.584295972119888291e+06
5.226308663419276712e+01 3.815652478705029469e+06
5.487624096590241152e+01 3.167842096701237839e+06
5.762005301419753067e+01 2.615840322777070571e+06
6.050105566490740472e+01 2.201082867699090857e+06
6.352610844815276891e+01 1.779949454495768296e+06
6.670241387056040594e+01 1.503494314835565165e+06
7.003753456408843192e+01 1.255785671509207925e+06
7.353941129229284002e+01 1.017299693771832855e+06
7.721638185690748912e+01 8.519952109570701141e+05
8.107720094975286429e+01 6.996934503969388315e+05
8.513106099724051035e+01 5.810263614368467825e+05
8.938761404710253089e+01 5.049842171929635224e+05
9.385699474945765530e+01 4.028732947778014350e+05
