3.401114059005487245e-01 9.627773517450929260e+10
3.435125199595542300e-01 7.558776332454014587e+10
3.469476451591497201e-01 1.027795723189498291e+11
3.504171216107412334e-01 1.357095445102583618e+11
3.539212928268486436e-01 1.396991609097102661e+11
3.574605057551171750e-01 1.298583098984470825e+11
3.610351108126682584e-01 1.463889754220593567e+11
3.646454619207949999e-01 1.524329224480270386e+11
3.682919165400029282e-01 1.508268581919772644e+11
3.719748357054029064e-01 1.450060828195943909e+11
3.756945840624569266e-01 1.569934019048323364e+11
3.794515299030815081e-01 1.908203289890501404e+11
3.832460452021123065e-01 1.549787194653049927e+11
3.870785056541334312e-01 1.754706990452387695e+11
3.909492907106748016e-01 1.745443400899242249e+11
3.948587836177815391e-01 1.269586220089481659e+11
3.988073714539593917e-01 1.375537141883477478e+11
4.027954451684989667e-01 7.528026472796421814e+10
4.068233996201839342e-01 8.244666848294538879e+10
4.108916336163858096e-01 1.536092852727049561e+11
4.150005499525497021e-01 1.975168078768425903e+11
4.191505554520751908e-01 2.067915416857315063e+11
4.233420610065958822e-01 2.108084433682664795e+11
4.275754816166618122e-01 2.062867845576748047e+11
4.318512364328284114e-01 1.925650215372873230e+11
4.361697487971567533e-01 2.178530148418225098e+11
4.405314462851282475e-01 2.170642045864861755e+11
4.449367607479796094e-01 2.332649043363202515e+11
4.493861283554593800e-01 2.368166252334512024e+11
4.538799896390139921e-01 2.362179820439149780e+11
4.584187895354041031e-01 2.116463741765385437e+11
4.630029774307581336e-01 1.869180309664604187e+11
4.676330072050656761e-01 1.577422141115120850e+11
4.723093372771162701e-01 1.235988746795668335e+11
4.770324306498874289e-01 8.155963788610490417e+10
4.818027549563863032e-01 5.025669826331764221e+10
4.866207825059500891e-01 2.981848568707568359e+10
4.914869903310095656e-01 2.494842057401602936e+10
4.964018602343197584e-01 1.843631149833311844e+10
5.013658788366629482e-01 1.257216072097298813e+10
5.063795376250295188e-01 9.703323734613855362e+09
5.114433330012797541e-01 8.633073775077783585e+09
5.165577663312926893e-01 7.269171752600691795e+09
5.217233439946056262e-01 6.559060833076607704e+09
5.269405774345515825e-01 5.631451502746843338e+09
5.322099832088971194e-01 4.948938564135213852e+09
5.375320830409860973e-01 4.367625372487139702e+09
5.429074038713960215e-01 3.714691034684147835e+09
5.483364779101099762e-01 3.230671199899355888e+09
5.538198426892112503e-01 2.778198492331977844e+09
5.593580411161032107e-01 2.291198733085323334e+09
5.649516215272641917e-01 1.919132717739913702e+09
5.706011377425368458e-01 1.541751700637676477e+09
5.763071491199621699e-01 1.177530026715761423e+09
5.820702206111618704e-01 8.117818733624930382e+08
5.878909228172733981e-01 2.646424936030686200e+08
5.937698320454461998e-01 5.490176397256267071e+08
5.997075303659007428e-01 9.432157351830850840e+08
6.057046056695597480e-01 1.278716440018847227e+09
6.117616517262552955e-01 1.553418027093935251e+09
6.178792682435179096e-01 1.833643873900715113e+09
6.240580609259530620e-01 2.102267597214657784e+09
6.302986415352126448e-01 2.385285261260885239e+09
6.366016279505647413e-01 2.677146355988869190e+09
6.429676442300703565e-01 2.940757288644728661e+09
6.493973206723711034e-01 3.214190697218748569e+09
6.558912938790947278e-01 3.333147232989701271e+09
6.624502068178856895e-01 3.878055509739021778e+09
6.690747088860645730e-01 4.225475686340448380e+09
6.757654559749252110e-01 4.562704080964280128e+09
6.825231105346745153e-01 4.691949336799352646e+09
6.893483416400212338e-01 4.408919060486932755e+09
6.962418250564214039e-01 4.010773717184784889e+09
7.032042433069857212e-01 3.908329373132867813e+09
7.102362857400554841e-01 3.938289070663150787e+09
7.173386485974559967e-01 3.832469393638830185e+09
7.245120350834306500e-01 3.713870681159013748e+09
7.317571554342650053e-01 3.457139659131958008e+09
7.390747269886076554e-01 3.178776062115436554e+09
7.464654742584937441e-01 2.886745024649970531e+09
7.539301290010786971e-01 2.495086519013632774e+09
7.614694302910893775e-01 1.677409491508314133e+09
7.690841245940003290e-01 3.972071461550809145e+08
7.767749658399403234e-01 2.063638407106028080e+09
7.845427154983398710e-01 3.250571160059043407e+09
7.923881426533231354e-01 4.215014132485257626e+09
8.003120240798563545e-01 5.185138645287651062e+09
8.083151443206548770e-01 6.021093282042854309e+09
8.163982957638614701e-01 6.816604638362691879e+09
8.245622787215000082e-01 7.883938010491752625e+09
8.328079015087149761e-01 8.930315545476551056e+09
8.411359805238021181e-01 1.012409252292664337e+10
8.495473403290402237e-01 1.142025533552519798e+10
8.580428137323306004e-01 1.274705286255620956e+10
8.666232418696537820e-01 1.321082749086010170e+10
8.752894742883503554e-01 1.450171676297601509e+10
8.840423690312340099e-01 1.630328368458860970e+10
8.928827927215462479e-01 1.705070759205184555e+10
9.018116206487618580e-01 1.897302318789280701e+10
9.108297368552494833e-01 2.091770974769191742e+10
9.199380342238018260e-01 2.171446289011584473e+10
9.291374145660399320e-01 1.786869106111020660e+10
9.384287887117003235e-01 1.888609450922227859e+10
9.478130765988174167e-01 2.087345267614230347e+10
9.572912073648053299e-01 2.202333293904524994e+10
9.668641194384535176e-01 2.344681215304321289e+10
9.765327606328380039e-01 2.482594465523429489e+10
9.862980882391664261e-01 2.763498551690856171e+10
9.961610691215579960e-01 3.014733399688094330e+10
1.006122679812773590e+00 2.979204669544937897e+10
1.016183906610901300e+00 3.485213290419181824e+10
1.026345745677010202e+00 4.027547521881687164e+10
1.036609203133780355e+00 4.571329567458152008e+10
1.046975295165118336e+00 4.985942617845396423e+10
1.057445048116769204e+00 5.420880950729148102e+10
1.068019498597936989e+00 5.728951103437368774e+10
1.078699693583916597e+00 6.021880738208119202e+10
1.089486690519755552e+00 5.161545526379709625e+10
1.100381557424953138e+00 3.998976607003659058e+10
1.111385372999202481e+00 3.638942432686712646e+10
1.122499226729194666e+00 3.691325695010424042e+10
1.133724218996486455e+00 3.481719626095317078e+10
1.145061461186451135e+00 3.787705980197727203e+10
1.156512075798315831e+00 3.871170889677536774e+10
1.168077196556299047e+00 3.941403688325049591e+10
1.179757968521861988e+00 4.044630746889419556e+10
1.191555548207080761e+00 4.761756614337322235e+10
1.203471103689151889e+00 5.463034369111380768e+10
1.215505814726043354e+00 6.106503854002452087e+10
1.227660872873303610e+00 6.778829212826020050e+10
1.239937481602036762e+00 7.265509177212854004e+10
1.252336856418057032e+00 7.770770197757165527e+10
1.264860224982237824e+00 8.368486839536294556e+10
1.277508827232060051e+00 8.364303854451980591e+10
1.290283915504380818e+00 8.195713855910386658e+10
1.303186754659424462e+00 7.900187667598445129e+10
1.316218622206019040e+00 7.417901772225018311e+10
1.329380808428079153e+00 5.531202412921072388e+10
1.342674616512359975e+00 3.261588069640584946e+10
1.356101362677483380e+00 2.836173025239851761e+10
1.369662376304258355e+00 2.983371421821646881e+10
1.383359000067300837e+00 3.182347903503469086e+10
1.397192590067974027e+00 3.100149700168140030e+10
1.411164515968653665e+00 2.941523133557254410e+10
1.425276161128340213e+00 2.839369918536379623e+10
1.439528922739623740e+00 3.022141996010966873e+10
1.453924211967019708e+00 3.558809285730051422e+10
1.468463454086690101e+00 3.643970775225533295e+10
1.483148088627556760e+00 3.944911043071356964e+10
1.497979569513832487e+00 4.321177475522648621e+10
1.512959365208970564e+00 4.785027468224657440e+10
1.528088958861060442e+00 5.302338397977388000e+10
1.543369848449671178e+00 5.868877348033223724e+10
1.558803546934167894e+00 6.455804828633573151e+10
1.574391582403509737e+00 7.150664424699789429e+10
1.590135498227544852e+00 7.793942701604655457e+10
1.606036853209820148e+00 8.165147516617092896e+10
1.622097221741918505e+00 8.727225449553109741e+10
1.638318193959337421e+00 9.110161263209428406e+10
1.654701375898931071e+00 9.466213018132273865e+10
1.671248389657920441e+00 9.733673478001693726e+10
1.687960873554499530e+00 9.709782807671212769e+10
1.704840482290044701e+00 9.042669679115159607e+10
1.721888887112944966e+00 7.828862651966589355e+10
1.739107775984074289e+00 7.151529717110601807e+10
1.756498853743915012e+00 6.619221209336565399e+10
1.774063842281354608e+00 5.795401351436360931e+10
1.791804480704168201e+00 5.387125107630003357e+10
1.809722525511209934e+00 4.902088883912691498e+10
1.827819750766321860e+00 4.887498067715069580e+10
1.846097948273984990e+00 4.544336567452575684e+10
1.864558927756724938e+00 4.236626575802377319e+10
1.883204517034292147e+00 4.784912784168796539e+10
1.902036562204635128e+00 5.091745479300014496e+10
1.921056927826681582e+00 5.181730516618849945e+10
1.940267497104948502e+00 4.871974708140472412e+10
1.959670172075998140e+00 4.881593573789643097e+10
1.979266873796758031e+00 4.950021128242120361e+10
1.999059542534725509e+00 5.019018208644734192e+10
2.019050137960073155e+00 5.376685614488999939e+10
2.039240639339673589e+00 5.816889027436032867e+10
2.059633045733070489e+00 6.294592074572478485e+10
2.080229376190401158e+00 6.687442282156663513e+10
2.101031669952305059e+00 7.175967708953149414e+10
2.122041986651828083e+00 7.468708281113362122e+10
2.143262406518346097e+00 7.712424101550738525e+10
2.164695030583529967e+00 7.794482911883937073e+10
2.186341980889365377e+00 7.714704819813414001e+10
2.208205400698258991e+00 7.579985221881173706e+10
2.230287454705241146e+00 7.493632889173658752e+10
2.252590329252293522e+00 7.396388927389909363e+10
2.275116232544817318e+00 7.212196351671618652e+10
2.297867394870265034e+00 6.562026771428589630e+10
2.320846068818967822e+00 6.197565224492549896e+10
2.344054529507157536e+00 6.107780034856646729e+10
2.367495074802228761e+00 5.850170654697855377e+10
2.391170025550251044e+00 5.697989762451944733e+10
2.415081725805753532e+00 5.350863040434428406e+10
2.439232543063811764e+00 4.961245920642459106e+10
2.463624868494449949e+00 4.562035224993506622e+10
2.488261117179394244e+00 4.286345010007729340e+10
2.513143728351188155e+00 3.755865895562678528e+10
2.538275165634700237e+00 3.537624186252550507e+10
2.563657917291046751e+00 3.404191303602563095e+10
2.589294496463957262e+00 3.379073700132201004e+10
2.615187441428596937e+00 3.580652872562898254e+10
2.641339315842882840e+00 3.648264367349679565e+10
2.667752709001311562e+00 3.426505644905597687e+10
2.694430236091324815e+00 3.182725616080202103e+10
2.721374538452237868e+00 3.195322824618052673e+10
2.748588283836760127e+00 3.220889874230075073e+10
2.776074166675128296e+00 3.052899745021522903e+10
2.803834908341879206e+00 3.147087631205449677e+10
2.831873257425297830e+00 3.067735991831576920e+10
2.860191989999551154e+00 3.057562946197227478e+10
2.888793909899546541e+00 3.147718878993415833e+10
2.917681848998542549e+00 2.966691880420254898e+10
2.946858667488527761e+00 3.134547464644522095e+10
2.976327254163412928e+00 3.120125792335429001e+10
3.006090526705047061e+00 3.244589362812255859e+10
3.036151431972097470e+00 3.243816784058628845e+10
3.066512946291818587e+00 3.415268497809040833e+10
3.097178075754736692e+00 3.402859400103429794e+10
3.128149856512283833e+00 3.479869440998374939e+10
3.159431355077406689e+00 3.504933817329965973e+10
3.191025668628181045e+00 3.518627036611776733e+10
3.222935925314462935e+00 3.607747120052483368e+10
3.255165284567607564e+00 3.737767763684207153e+10
3.287716937413283524e+00 3.742621790035832214e+10
3.320594106787416067e+00 3.516009129364762115e+10
3.353800047855290511e+00 3.530792877032079315e+10
3.387338048333843332e+00 3.676573363868381500e+10
3.421211428817182210e+00 3.665365365165506744e+10
3.455423543105353712e+00 3.678780597586485291e+10
3.489977778536407005e+00 3.643300639418984222e+10
3.524877556321771355e+00 3.656789020314587402e+10
3.560126331884988726e+00 3.655107679769417572e+10
3.595727595203838334e+00 3.641545723726280212e+10
3.631684871155877570e+00 3.674135424230583191e+10
3.668001719867436616e+00 3.666945373933544922e+10
3.704681737066110259e+00 3.729719332634552002e+10
3.741728554436771326e+00 3.717548173322624969e+10
3.779145839981139510e+00 3.728346902312225342e+10
3.816937298380950860e+00 3.690326350049661255e+10
3.855106671364760818e+00 3.706281204488064575e+10
3.893657738078407426e+00 3.629100457778913879e+10
3.932594315459191581e+00 3.521603791590976715e+10
3.971920258613783616e+00 3.234877197150898743e+10
4.011639461199922430e+00 2.920672845627965164e+10
4.051755855811920881e+00 2.702528013146372986e+10
4.092273414370040108e+00 2.472320396979442215e+10
4.133196148513740731e+00 2.392898314288706970e+10
4.174528109998877135e+00 2.322571958042745590e+10
4.216273391098866341e+00 2.160560796746380997e+10
4.258436125009854578e+00 1.959882789879078674e+10
4.301020486259953479e+00 1.656719137761586189e+10
4.344030691122553023e+00 1.588279057818247795e+10
4.387470998033777825e+00 1.650660477351799774e+10
4.431345708014116092e+00 1.582970491143093300e+10
4.475659165094256764e+00 1.506038599477708244e+10
4.520415756745198799e+00 1.466455445509274101e+10
4.565619914312651240e+00 1.427432814740398979e+10
4.611276113455778258e+00 1.432502631947364998e+10
4.657388874590335348e+00 1.453460102931308937e+10
4.703962763336238417e+00 1.422171162514742661e+10
4.751002390969600420e+00 1.383122657580000877e+10
4.798512414879296806e+00 1.362487460898423767e+10
4.846497539028090884e+00 1.343910727839189339e+10
4.894962514418371491e+00 1.314207872270100784e+10
4.943912139562555375e+00 1.280299896607434845e+10
4.993351260958180937e+00 1.288477556676879311e+10
5.043284773567762613e+00 1.254827822211861992e+10
5.093717621303440524e+00 1.255262193515419960e+10
5.144654797516475142e+00 1.213123489670430374e+10
5.196101345491639378e+00 1.191143298311593628e+10
5.248062358946555150e+00 1.190156629391729355e+10
5.300542982536021519e+00 1.138389750616741562e+10
5.353548412361381459e+00 1.118606695838628960e+10
5.407083896484995655e+00 1.062338122181744194e+10
5.461154735449845532e+00 1.054849756418251610e+10
5.515766282804344556e+00 1.023868874508007431e+10
5.570923945632387131e+00 9.786578271356264114e+09
5.626633185088711464e+00 9.668515604310722351e+09
5.682899516939598605e+00 9.313189558752454758e+09
5.739728512108993819e+00 8.989277216281808853e+09
5.797125797230084032e+00 8.822025283471340179e+09
5.855097055202384659e+00 8.410280922451275826e+09
5.913648025754409510e+00 8.388737404413075447e+09
5.972784506011953987e+00 8.332512285373790741e+09
6.032512351072073287e+00 8.047135609661360741e+09
6.092837474582792900e+00 8.185898632002744675e+09
6.153765849328621584e+00 8.207705486153743744e+09
6.215303507821907658e+00 8.031330292565330505e+09
6.277456542900125669e+00 7.984258693903321266e+09
6.340231108329128062e+00 7.686277331102508545e+09
6.403633419412418704e+00 7.033910833625131607e+09
6.467669753606543281e+00 6.360998923223308563e+09
6.532346451142608146e+00 5.992134618137873650e+09
6.597669915654034156e+00 5.427556101943556786e+09
6.663646614810574853e+00 5.355667056719929695e+09
6.730283080958680664e+00 5.493103362862039566e+09
6.797585911768267763e+00 5.160168484384275436e+09
6.865561770885950210e+00 5.076918406795889854e+09
6.934217388594810849e+00 5.099568619746746063e+09
7.003559562480758949e+00 5.068586518656010628e+09
7.073595158105566050e+00 4.790204114169720650e+09
7.144331109686621772e+00 4.737623686649621010e+09
7.215774420783487741e+00 4.680094567236105919e+09
7.287932164991324235e+00 4.558826988295123100e+09
7.360811486641236634e+00 4.359058071901545525e+09
7.434419601507648245e+00 4.244389476197483540e+09
7.508763797522725270e+00 4.172098222320404053e+09
7.583851435497953375e+00 3.946030825277924061e+09
7.659689949852931612e+00 3.988998236145288467e+09
7.736286849351461825e+00 3.736733108127943993e+09
7.813649717844977083e+00 3.784174333337202072e+09
7.891786215023426365e+00 3.447018590333291054e+09
7.970704077173661695e+00 3.515853399950763226e+09
8.050411117945397876e+00 3.397428237453028679e+09
8.130915229124850541e+00 3.302738377463301182e+09
8.212224381416099561e+00 3.216712026123992920e+09
8.294346625230261338e+00 3.138006393481956482e+09
8.377290091482562318e+00 3.073348242796377182e+09
8.461062992397387461e+00 3.003240104094038486e+09
8.545673622321363183e+00 2.933785349079316616e+09
8.631130358544575998e+00 2.903459871394265175e+09
8.717441662130022806e+00 2.789355538874339581e+09
8.804616078751321240e+00 2.703157306216211319e+09
8.892662239538834612e+00 2.657620092068436146e+09
8.981588861934222123e+00 2.511001026861773968e+09
9.071404750553567098e+00 2.506185287638206959e+09
9.162118798059102787e+00 2.484271086641640186e+09
9.253739986039693832e+00 2.393355529521515846e+09
9.346277385900089385e+00 2.366175432686756611e+09
9.439740159759089977e+00 2.245295041657338619e+09
9.534137561356683221e+00 2.238919430978459358e+09
9.629478936970249592e+00 2.130643205822097540e+09
9.725773726339950187e+00 2.117145845014925480e+09
9.823031463603349778e+00 2.051259800841543913e+09
9.921261778239381712e+00 1.942743544564273834e+09
1.002047439602177548e+01 1.921936860895259142e+09
1.012067913998199487e+01 1.828172729446981668e+09
1.022188593138181290e+01 1.787856511706031322e+09
1.032410479069563181e+01 1.693208540391828537e+09
1.042734583860258724e+01 1.620421319240322590e+09
1.053161929698861421e+01 1.610295360143847466e+09
1.063693548995849980e+01 1.574530740162614584e+09
1.074330484485808412e+01 1.527770623575545549e+09
1.085073789330666472e+01 1.484628993621468067e+09
1.095924527223973222e+01 1.386498794235468626e+09
1.106883772496212970e+01 1.345761191383118868e+09
1.117952610221174936e+01 1.314508871524996519e+09
1.129132136323386781e+01 1.267680128854694128e+09
1.140423457686620701e+01 1.247323347199845552e+09
1.151827692263487002e+01 1.178292635867749453e+09
1.163345969186121920e+01 1.138142026450475931e+09
1.174979428877982990e+01 1.056391181904628158e+09
1.186729223166762992e+01 1.044084224354139209e+09
1.198596515398430462e+01 1.021613101400173426e+09
1.210582480552414708e+01 9.672537178573809862e+08
1.222688305357938887e+01 9.443004799622122049e+08
1.234915188411518194e+01 9.005813420596708059e+08
1.247264340295633467e+01 8.463877705160385370e+08
1.259736983698589619e+01 8.208620198614869118e+08
1.272334353535575424e+01 8.032806196411943436e+08
1.285057697070931226e+01 7.743874295950303078e+08
1.297908274041640553e+01 7.316397486935071945e+08
1.310887356782057012e+01 7.221736970899242163e+08
1.323996230349877479e+01 6.754894849977921247e+08
1.337236192653376321e+01 6.593968239133540392e+08
1.350608554579910248e+01 6.196255070482366085e+08
1.364114640125709244e+01 6.123283506717718840e+08
1.377755786526966197e+01 5.805044199628434181e+08
1.391533344392236238e+01 5.649794927998625040e+08
1.405448677836158211e+01 5.443642854660459757e+08
1.419503164614519974e+01 5.091276065990971923e+08
1.433698196260665192e+01 5.001345659752765894e+08
1.448035178223271835e+01 4.700253369758327007e+08
1.462515530005504516e+01 4.587217494352027774e+08
1.477140685305559664e+01 4.521792410539404154e+08
1.491912092158615089e+01 4.112642472310364842e+08
1.506831213080201159e+01 4.153189764899319410e+08
1.521899525211003024e+01 4.009224809928710461e+08
1.537118520463113214e+01 3.808627798002222776e+08
1.552489705667744246e+01 3.655723054356936812e+08
1.568014602724421813e+01 3.534299015148751140e+08
1.583694748751665848e+01 3.457749692574484348e+08
1.599531696239182388e+01 3.292992223317822814e+08
1.615527013201574391e+01 3.153723732142379880e+08
1.631682283333590178e+01 3.087376878250415325e+08
1.647999106166925998e+01 2.916496017365559340e+08
1.664479097228595350e+01 2.782342490029451251e+08
1.681123888200881211e+01 2.798778779592000246e+08
1.697935127082889650e+01 2.692214876735100746e+08
1.714914478353718863e+01 2.487240873956711590e+08
1.732063623137256059e+01 2.394538162575840354e+08
1.749384259368628847e+01 2.379464957652848363e+08
1.766878101962314673e+01 2.238355196988578439e+08
1.784546882981938509e+01 2.205147582602443397e+08
1.802392351811757720e+01 2.133065327960258126e+08
1.820416275329875333e+01 2.016513852318446338e+08
1.838620438083173880e+01 1.976369113306052089e+08
1.857006642464005353e+01 1.802735788328457773e+08
1.875576708888645427e+01 1.815178843550252616e+08
1.894332475977532226e+01 1.751104845367477238e+08
1.913275800737307719e+01 1.718661501433975995e+08
1.969740769490774923e+01 1.496317366026826799e+08
2.068227807965313403e+01 1.245458303471062779e+08
2.171639198363579126e+01 1.034359482190209478e+08
2.280221158281758420e+01 8.748249841267532110e+07
2.394232216195846163e+01 7.232612145414030552e+07
2.513943827005638454e+01 5.985829968987461925e+07
2.639641018355920465e+01 5.024836814206799865e+07
2.771623069273716311e+01 4.175773348574895412e+07
2.910204222737402446e+01 3.479596602149109542e+07
3.055714433874272729e+01 2.830364545701943710e+07
3.208500155567985956e+01 2.428848659809350595e+07
3.368925163346385432e+01 1.964013454898138717e+07
3.537371421513704206e+01 1.600886530362859555e+07
3.714239992589390482e+01 1.349753902459256724e+07
3.899951992218858976e+01 1.130162907296792604e+07
4.094949591829801960e+01 9.154778827477116138e+06
4.299697071421292094e+01 7.610721373256846331e+06
4.514681924992356699e+01 6.321415527101824991e+06
4.740416021241974676e+01 5.266670370657068677e+06
4.977436822304073161e+01 4.333653024185310118e+06
5.226308663419276712e+01 3.610586926187280100e+06
5.487624096590241152e+01 2.992997154446385801e+06
5.762005301419753067e+01 2.469645534199467395e+06
6.050105566490740472e+01 2.081126665190275060e+06
6.352610844815276891e+01 1.681927317584831500e+06
6.670241387056040594e+01 1.419228473826473579e+06
7.003753456408843192e+01 1.185217952200890752e+06
7.353941129229284002e+01 9.609469643979170360e+05
7.721638185690748912e+01 8.032294497158949962e+05
8.107720094975286429e+01 6.603433857921123272e+05
8.513106099724051035e+01 5.487939922873596661e+05
8.938761404710253089e+01 4.753733730763936765e+05
9.385699474945765530e+01 3.790970603251486318e+05
