3.401114059005487245e-01 3.363664142261089325e+09
3.435125199595542300e-01 2.445025013037003517e+09
3.469476451591497201e-01 3.806824783625810146e+09
3.504171216107412334e-01 6.447656294911951065e+09
3.539212928268486436e-01 7.820635164008687973e+09
3.574605057551171750e-01 3.961419730665074825e+09
3.610351108126682584e-01 5.911339161694648743e+09
3.646454619207949999e-01 9.506799509421358109e+09
3.682919165400029282e-01 1.241496014313358688e+10
3.719748357054029064e-01 5.089631269578783035e+09
3.756945840624569266e-01 6.180176267896373749e+09
3.794515299030815081e-01 1.183818912539560318e+10
3.832460452021123065e-01 5.316596965915539742e+09
3.870785056541334312e-01 6.103698499090494156e+09
3.909492907106748016e-01 8.743564334404527664e+09
3.948587836177815391e-01 5.607145255498201370e+09
3.988073714539593917e-01 1.129092213478505135e+10
4.027954451684989667e-01 7.185060510297431946e+09
4.068233996201839342e-01 7.923537189617050171e+09
4.108916336163858096e-01 1.810590851741483307e+10
4.150005499525497021e-01 1.807263673852617645e+10
4.191505554520751908e-01 1.861446131990828323e+10
4.233420610065958822e-01 1.504965017319053650e+10
4.275754816166618122e-01 1.747125796364538956e+10
4.318512364328284114e-01 2.373407345556448364e+10
4.361697487971567533e-01 3.346445823655066681e+10
4.405314462851282475e-01 2.971987689945473480e+10
4.449367607479796094e-01 3.347608826703088760e+10
4.493861283554593800e-01 4.340782155504676056e+10
4.538799896390139921e-01 4.027899415516494751e+10
4.584187895354041031e-01 3.997295204635762787e+10
4.630029774307581336e-01 3.665507300851532745e+10
4.676330072050656761e-01 3.226181861279948425e+10
4.723093372771162701e-01 2.270705920130354691e+10
4.770324306498874289e-01 1.348110591223249626e+10
4.818027549563863032e-01 1.031648482613807487e+10
4.866207825059500891e-01 7.008628071292960167e+09
4.914869903310095656e-01 5.110262076913979530e+09
4.964018602343197584e-01 3.310858406474472046e+09
5.013658788366629482e-01 1.948982945761133909e+09
5.063795376250295188e-01 1.404603284130218029e+09
5.114433330012797541e-01 1.238066208072016001e+09
5.165577663312926893e-01 9.635926407707948685e+08
5.217233439946056262e-01 1.208044041993248463e+09
5.269405774345515825e-01 1.217129683654248476e+09
5.322099832088971194e-01 1.123978333527610540e+09
5.375320830409860973e-01 1.001834354161582232e+09
5.429074038713960215e-01 8.168591329409935474e+08
5.483364779101099762e-01 7.721748516669487953e+08
5.538198426892112503e-01 7.091006949459761381e+08
5.593580411161032107e-01 5.624282142246122360e+08
5.649516215272641917e-01 5.285497434334545732e+08
5.706011377425368458e-01 4.286554242671245933e+08
5.763071491199621699e-01 3.355051409825968742e+08
5.820702206111618704e-01 2.378187806074724793e+08
5.878909228172733981e-01 6.490616146398442984e+07
5.937698320454461998e-01 1.617488283496688306e+08
5.997075303659007428e-01 2.831007995636477470e+08
6.057046056695597480e-01 3.982830135821186304e+08
6.117616517262552955e-01 4.675688992992753386e+08
6.178792682435179096e-01 5.492783141169399023e+08
6.240580609259530620e-01 6.322969175369360447e+08
6.302986415352126448e-01 7.485061086762932539e+08
6.366016279505647413e-01 8.540355894573913813e+08
6.429676442300703565e-01 9.458043492809866667e+08
6.493973206723711034e-01 1.058055416813550830e+09
6.558912938790947278e-01 1.212343633585191011e+09
6.624502068178856895e-01 1.339042708202776670e+09
6.690747088860645730e-01 1.428992653749269009e+09
6.757654559749252110e-01 1.537628861994587421e+09
6.825231105346745153e-01 1.553192551039725065e+09
6.893483416400212338e-01 1.422585842598439217e+09
6.962418250564214039e-01 1.340019929993479013e+09
7.032042433069857212e-01 1.307514497862402201e+09
7.102362857400554841e-01 1.286030575893197060e+09
7.173386485974559967e-01 1.197217368034366131e+09
7.245120350834306500e-01 1.147750707457970619e+09
7.317571554342650053e-01 1.033300991199188948e+09
7.390747269886076554e-01 9.094059755670936108e+08
7.464654742584937441e-01 7.867233346714825630e+08
7.539301290010786971e-01 6.367115782244119644e+08
7.614694302910893775e-01 3.983009214076611996e+08
7.690841245940003290e-01 8.577782052165380120e+07
7.767749658399403234e-01 4.632579594720932841e+08
7.845427154983398710e-01 7.701322551349456310e+08
7.923881426533231354e-01 1.047274074937858582e+09
8.003120240798563545e-01 1.345576611316385746e+09
8.083151443206548770e-01 1.605177484559319496e+09
8.163982957638614701e-01 1.868417647195301533e+09
8.245622787215000082e-01 2.217749716729094505e+09
8.328079015087149761e-01 2.554521956036716461e+09
8.411359805238021181e-01 2.937702263397133350e+09
8.495473403290402237e-01 3.391426329918015003e+09
8.580428137323306004e-01 3.891110958357210636e+09
8.666232418696537820e-01 4.414713179253589630e+09
8.752894742883503554e-01 4.990646205646040916e+09
8.840423690312340099e-01 5.544207973054940224e+09
8.928827927215462479e-01 5.617931608446073532e+09
9.018116206487618580e-01 6.255057754328357697e+09
9.108297368552494833e-01 6.903161774838280678e+09
9.199380342238018260e-01 7.147730837451211929e+09
9.291374145660399320e-01 5.735705760266098976e+09
9.384287887117003235e-01 6.075951625926523209e+09
9.478130765988174167e-01 6.785089316015734673e+09
9.572912073648053299e-01 7.154799086443368912e+09
9.668641194384535176e-01 7.799107816937492371e+09
9.765327606328380039e-01 8.483354225169893265e+09
9.862980882391664261e-01 9.551738659589246750e+09
9.961610691215579960e-01 1.099354293374763107e+10
1.006122679812773590e+00 1.256783295020462608e+10
1.016183906610901300e+00 1.442610849427471924e+10
1.026345745677010202e+00 1.611526062929390144e+10
1.036609203133780355e+00 1.776485022363704681e+10
1.046975295165118336e+00 1.898942041810103226e+10
1.057445048116769204e+00 2.014794325421496201e+10
1.068019498597936989e+00 2.092311165567962646e+10
1.078699693583916597e+00 2.167106128456254578e+10
1.089486690519755552e+00 1.914621530685731125e+10
1.100381557424953138e+00 1.487157920759788513e+10
1.111385372999202481e+00 1.321884972817984772e+10
1.122499226729194666e+00 1.347500465150972366e+10
1.133724218996486455e+00 1.283778034277834129e+10
1.145061461186451135e+00 1.442960829252081490e+10
1.156512075798315831e+00 1.452533797218650436e+10
1.168077196556299047e+00 1.523922231985968971e+10
1.179757968521861988e+00 1.664480885757385254e+10
1.191555548207080761e+00 2.000301006551253510e+10
1.203471103689151889e+00 2.353641321104116440e+10
1.215505814726043354e+00 2.671249397199090576e+10
1.227660872873303610e+00 2.986122041564735413e+10
1.239937481602036762e+00 3.245441939900873184e+10
1.252336856418057032e+00 3.476906873281020355e+10
1.264860224982237824e+00 3.621368294913359070e+10
1.277508827232060051e+00 3.547121337232933044e+10
1.290283915504380818e+00 3.428987093042970657e+10
1.303186754659424462e+00 3.343731526735782242e+10
1.316218622206019040e+00 3.194216952281737137e+10
1.329380808428079153e+00 2.361180431028015518e+10
1.342674616512359975e+00 1.262776120111268234e+10
1.356101362677483380e+00 1.034126511993658638e+10
1.369662376304258355e+00 1.140541264964078903e+10
1.383359000067300837e+00 1.223464423396734047e+10
1.397192590067974027e+00 1.192985346137841988e+10
1.411164515968653665e+00 1.139807959816467476e+10
1.425276161128340213e+00 1.113827194571658516e+10
1.439528922739623740e+00 1.217009266971948051e+10
1.453924211967019708e+00 1.531421799554148865e+10
1.468463454086690101e+00 1.605781960507167816e+10
1.483148088627556760e+00 1.787114800268812180e+10
1.497979569513832487e+00 2.024686005941675949e+10
1.512959365208970564e+00 2.317672289436235428e+10
1.528088958861060442e+00 2.663545372880044937e+10
1.543369848449671178e+00 3.052925663376579666e+10
1.558803546934167894e+00 3.315061093169802475e+10
1.574391582403509737e+00 3.728374731885879517e+10
1.590135498227544852e+00 4.070053933078213501e+10
1.606036853209820148e+00 4.106258202730796051e+10
1.622097221741918505e+00 4.033359662987974548e+10
1.638318193959337421e+00 4.162123254652651978e+10
1.654701375898931071e+00 4.449097235548699188e+10
1.671248389657920441e+00 4.216577529140500641e+10
1.687960873554499530e+00 4.370096354587320709e+10
1.704840482290044701e+00 4.197178056104616547e+10
1.721888887112944966e+00 3.828049167275036621e+10
1.739107775984074289e+00 3.472429824070964813e+10
1.756498853743915012e+00 3.233626542834014130e+10
1.774063842281354608e+00 2.773562552176953888e+10
1.791804480704168201e+00 2.532984329014199448e+10
1.809722525511209934e+00 2.275513236007784271e+10
1.827819750766321860e+00 2.288811604927968597e+10
1.846097948273984990e+00 2.138667901673907852e+10
1.864558927756724938e+00 1.951763334766588593e+10
1.883204517034292147e+00 2.326338357271385956e+10
1.902036562204635128e+00 2.488282364241572952e+10
1.921056927826681582e+00 2.538693787213104248e+10
1.940267497104948502e+00 2.324041514347670364e+10
1.959670172075998140e+00 2.365682056490585327e+10
1.979266873796758031e+00 2.469213695780545807e+10
1.999059542534725509e+00 2.580368031241546249e+10
2.019050137960073155e+00 2.871897245269969559e+10
2.039240639339673589e+00 3.218584705912919235e+10
2.059633045733070489e+00 3.565690442067371368e+10
2.080229376190401158e+00 3.810792172868154907e+10
2.101031669952305059e+00 4.078569994479869080e+10
2.122041986651828083e+00 4.174112268813998413e+10
2.143262406518346097e+00 4.195621292269920349e+10
2.164695030583529967e+00 4.085663125320094299e+10
2.186341980889365377e+00 3.807173185355898285e+10
2.208205400698258991e+00 3.281286538153140259e+10
2.230287454705241146e+00 3.303334727328956223e+10
2.252590329252293522e+00 3.084830542586804581e+10
2.275116232544817318e+00 2.913850514737190628e+10
2.297867394870265034e+00 2.689700135972675323e+10
2.320846068818967822e+00 2.559965519810171509e+10
2.344054529507157536e+00 2.417139090787746429e+10
2.367495074802228761e+00 2.464971886266433716e+10
2.391170025550251044e+00 2.468432599046546173e+10
2.415081725805753532e+00 2.535750867200580978e+10
2.439232543063811764e+00 2.432773791915114975e+10
2.463624868494449949e+00 2.319955379282674789e+10
2.488261117179394244e+00 2.229528087345729828e+10
2.513143728351188155e+00 1.954129115704982758e+10
2.538275165634700237e+00 1.826110700509652710e+10
2.563657917291046751e+00 1.756727473584551239e+10
2.589294496463957262e+00 1.755067381197542191e+10
2.615187441428596937e+00 1.905282632251477814e+10
2.641339315842882840e+00 1.993571123051177597e+10
2.667752709001311562e+00 1.806335508392094040e+10
2.694430236091324815e+00 1.680907897453606415e+10
2.721374538452237868e+00 1.740268423050844955e+10
2.748588283836760127e+00 1.786376463377684021e+10
2.776074166675128296e+00 1.687203018870991516e+10
2.803834908341879206e+00 1.786492067424825287e+10
2.831873257425297830e+00 1.757679796721833038e+10
2.860191989999551154e+00 1.753733945710356522e+10
2.888793909899546541e+00 1.845772220251422119e+10
2.917681848998542549e+00 1.757547361466267776e+10
2.946858667488527761e+00 1.893863946627516937e+10
2.976327254163412928e+00 1.900745346972836685e+10
3.006090526705047061e+00 1.990542981246760178e+10
3.036151431972097470e+00 1.954821829567062759e+10
3.066512946291818587e+00 1.906489634775190353e+10
3.097178075754736692e+00 1.746329332679149246e+10
3.128149856512283833e+00 1.636906886475735283e+10
3.159431355077406689e+00 1.529302581772065735e+10
3.191025668628181045e+00 1.480514992877726555e+10
3.222935925314462935e+00 1.523553191310305214e+10
3.255165284567607564e+00 1.617693071450462914e+10
3.287716937413283524e+00 1.716886231753967476e+10
3.320594106787416067e+00 1.292083225699868774e+10
3.353800047855290511e+00 1.314103339051369476e+10
3.387338048333843332e+00 1.592097562476625824e+10
3.421211428817182210e+00 1.555089733788451195e+10
3.455423543105353712e+00 1.527372807793327332e+10
3.489977778536407005e+00 1.557393082650313187e+10
3.524877556321771355e+00 1.603094211590922737e+10
3.560126331884988726e+00 1.614052902884997368e+10
3.595727595203838334e+00 1.729700405442264175e+10
3.631684871155877570e+00 1.830316668825114441e+10
3.668001719867436616e+00 1.953845237516716766e+10
3.704681737066110259e+00 2.085517281976070786e+10
3.741728554436771326e+00 2.172735705387472534e+10
3.779145839981139510e+00 2.236133383736982346e+10
3.816937298380950860e+00 2.294948465636906052e+10
3.855106671364760818e+00 2.359932125290462875e+10
3.893657738078407426e+00 2.356742810496548080e+10
3.932594315459191581e+00 2.333883676836629486e+10
3.971920258613783616e+00 2.164996413546757889e+10
4.011639461199922430e+00 1.950535778898493958e+10
4.051755855811920881e+00 1.782078227721458435e+10
4.092273414370040108e+00 1.625066733366996193e+10
4.133196148513740731e+00 1.574255692874643707e+10
4.174528109998877135e+00 1.540123735294402122e+10
4.216273391098866341e+00 1.424693644835456085e+10
4.258436125009854578e+00 1.285859769476780319e+10
4.301020486259953479e+00 1.042723706498486710e+10
4.344030691122553023e+00 1.014081676407755280e+10
4.387470998033777825e+00 1.081570786841474724e+10
4.431345708014116092e+00 1.032400589489732552e+10
4.475659165094256764e+00 9.765537396723684311e+09
4.520415756745198799e+00 9.488657237425029755e+09
4.565619914312651240e+00 9.227560331340566635e+09
4.611276113455778258e+00 9.355392857804637909e+09
4.657388874590335348e+00 9.694746700006746292e+09
4.703962763336238417e+00 9.467207496965717316e+09
4.751002390969600420e+00 9.150808856294038773e+09
4.798512414879296806e+00 9.104767417899250031e+09
4.846497539028090884e+00 9.054440576138111115e+09
4.894962514418371491e+00 8.933637163416324615e+09
4.943912139562555375e+00 8.789521178967920303e+09
4.993351260958180937e+00 9.005100682545965195e+09
5.043284773567762613e+00 8.882913847472192764e+09
5.093717621303440524e+00 9.005438992548202515e+09
5.144654797516475142e+00 8.710762097746057510e+09
5.196101345491639378e+00 8.582688324316986084e+09
5.248062358946555150e+00 8.667341994847801208e+09
5.300542982536021519e+00 8.262014420065548897e+09
5.353548412361381459e+00 8.106104722030801773e+09
5.407083896484995655e+00 7.636012550016716957e+09
5.461154735449845532e+00 7.609708495307456017e+09
5.515766282804344556e+00 7.394958903009157181e+09
5.570923945632387131e+00 7.020393302105506897e+09
5.626633185088711464e+00 6.936532751752152443e+09
5.682899516939598605e+00 6.708446113619366646e+09
5.739728512108993819e+00 6.452065396166054726e+09
5.797125797230084032e+00 6.330592629424447060e+09
5.855097055202384659e+00 5.972551679826520920e+09
5.913648025754409510e+00 6.038786789365569115e+09
5.972784506011953987e+00 6.022297138931569099e+09
6.032512351072073287e+00 5.791136784247737885e+09
6.092837474582792900e+00 5.882430812368066788e+09
6.153765849328621584e+00 5.908501935546605110e+09
6.215303507821907658e+00 5.794076530231726646e+09
6.277456542900125669e+00 5.827218669042851448e+09
6.340231108329128062e+00 5.574883751389765739e+09
6.403633419412418704e+00 5.019432419735736847e+09
6.467669753606543281e+00 4.559690176824129105e+09
6.532346451142608146e+00 4.371436848352883339e+09
6.597669915654034156e+00 4.007677239450718880e+09
6.663646614810574853e+00 4.010825776374171257e+09
6.730283080958680664e+00 4.093639096797263622e+09
6.797585911768267763e+00 3.836568199152607441e+09
6.865561770885950210e+00 3.790965895221373558e+09
6.934217388594810849e+00 3.818431184307647705e+09
7.003559562480758949e+00 3.737659658155264378e+09
7.073595158105566050e+00 3.495530375471772671e+09
7.144331109686621772e+00 3.375960994717487335e+09
7.215774420783487741e+00 3.253990582030112267e+09
7.287932164991324235e+00 3.102466803066514015e+09
7.360811486641236634e+00 2.964795601673628807e+09
7.434419601507648245e+00 2.893760913141268253e+09
7.508763797522725270e+00 2.889194833856484890e+09
7.583851435497953375e+00 2.830710571314373493e+09
7.659689949852931612e+00 2.783821485552989483e+09
7.736286849351461825e+00 2.489026329639572144e+09
7.813649717844977083e+00 2.474585690146624088e+09
7.891786215023426365e+00 2.429896974039416790e+09
7.970704077173661695e+00 2.477567494974549294e+09
8.050411117945397876e+00 2.422905014244935989e+09
8.130915229124850541e+00 2.381922725521327019e+09
8.212224381416099561e+00 2.319454405256753445e+09
8.294346625230261338e+00 2.278501022907101631e+09
8.377290091482562318e+00 2.237683476322295666e+09
8.461062992397387461e+00 2.206380694255956173e+09
8.545673622321363183e+00 2.170743030386560440e+09
8.631130358544575998e+00 2.164166521756952286e+09
8.717441662130022806e+00 2.104058753969316244e+09
8.804616078751321240e+00 2.061875280790942669e+09
8.892662239538834612e+00 2.028086366974140644e+09
8.981588861934222123e+00 1.934816298021770716e+09
9.071404750553567098e+00 1.952773085666455269e+09
9.162118798059102787e+00 1.954059100840190887e+09
9.253739986039693832e+00 1.897866782444329023e+09
9.346277385900089385e+00 1.880004616908928871e+09
9.439740159759089977e+00 1.786253738561168671e+09
9.534137561356683221e+00 1.794548290426991463e+09
9.629478936970249592e+00 1.714465556296953678e+09
9.725773726339950187e+00 1.711242099185644627e+09
9.823031463603349778e+00 1.655872503388506889e+09
9.921261778239381712e+00 1.573307020628287792e+09
1.002047439602177548e+01 1.562970268234090805e+09
1.012067913998199487e+01 1.476607052113681555e+09
1.022188593138181290e+01 1.442036897112231731e+09
1.032410479069563181e+01 1.353795910588043928e+09
1.042734583860258724e+01 1.290525377540820599e+09
1.053161929698861421e+01 1.300044595685400248e+09
1.063693548995849980e+01 1.281866678653684855e+09
1.074330484485808412e+01 1.244856022097055197e+09
1.085073789330666472e+01 1.215397842925323963e+09
1.095924527223973222e+01 1.128451312915119886e+09
1.106883772496212970e+01 1.106598109486202478e+09
1.117952610221174936e+01 1.090140889945056438e+09
1.129132136323386781e+01 1.050692506180466413e+09
1.140423457686620701e+01 1.041242031700992107e+09
1.151827692263487002e+01 9.823052471189936399e+08
1.163345969186121920e+01 9.461386843601890802e+08
1.174979428877982990e+01 8.718730690102468729e+08
1.186729223166762992e+01 8.721338025590012074e+08
1.198596515398430462e+01 8.558118867875698805e+08
1.210582480552414708e+01 8.084128531490949392e+08
1.222688305357938887e+01 7.891670877794280052e+08
1.234915188411518194e+01 7.491517195044374466e+08
1.247264340295633467e+01 7.032674512252618074e+08
1.259736983698589619e+01 6.812606066668397188e+08
1.272334353535575424e+01 6.708884812364470959e+08
1.285057697070931226e+01 6.488918174883043766e+08
1.297908274041640553e+01 6.114236621734321117e+08
1.310887356782057012e+01 6.041530017115260363e+08
1.323996230349877479e+01 5.620552243206837177e+08
1.337236192653376321e+01 5.494556673555332422e+08
1.350608554579910248e+01 5.128960672321219444e+08
1.364114640125709244e+01 5.099204337262461782e+08
1.377755786526966197e+01 4.844451415826547146e+08
1.391533344392236238e+01 4.694320159883072376e+08
1.405448677836158211e+01 4.525615593940663934e+08
1.419503164614519974e+01 4.215243981109214425e+08
1.433698196260665192e+01 4.160102769023510218e+08
1.448035178223271835e+01 3.863805583473739028e+08
1.462515530005504516e+01 3.822929095309334397e+08
1.477140685305559664e+01 3.756018301570572257e+08
1.491912092158615089e+01 3.376615418002603650e+08
1.506831213080201159e+01 3.461890746968001127e+08
1.521899525211003024e+01 3.341140163694897890e+08
1.537118520463113214e+01 3.164994706463846564e+08
1.552489705667744246e+01 3.034747020351912975e+08
1.568014602724421813e+01 2.925922628857120872e+08
1.583694748751665848e+01 2.881860516796575785e+08
1.599531696239182388e+01 2.747214281989715099e+08
1.615527013201574391e+01 2.631448414577262700e+08
1.631682283333590178e+01 2.572105988199723065e+08
1.647999106166925998e+01 2.430021753698518574e+08
1.664479097228595350e+01 2.315456016346223652e+08
1.681123888200881211e+01 2.342802577896314561e+08
1.697935127082889650e+01 2.247119615522556901e+08
1.714914478353718863e+01 2.070430933722549081e+08
1.732063623137256059e+01 1.998519004050893486e+08
1.749384259368628847e+01 1.985446227663058341e+08
1.766878101962314673e+01 1.873232411979399025e+08
1.784546882981938509e+01 1.844393226428902745e+08
1.802392351811757720e+01 1.783963592671111524e+08
1.820416275329875333e+01 1.685636399221751690e+08
1.838620438083173880e+01 1.654561541516734660e+08
1.857006642464005353e+01 1.505940469058129191e+08
1.875576708888645427e+01 1.524161414748041034e+08
1.894332475977532226e+01 1.469144598068822324e+08
1.913275800737307719e+01 1.449534756832940280e+08
1.969740769490774923e+01 1.251251809306889325e+08
2.068227807965313403e+01 1.044157917957291901e+08
2.171639198363579126e+01 8.673346895678073168e+07
2.280221158281758420e+01 7.369742506131145358e+07
2.394232216195846163e+01 6.105747744197705388e+07
2.513943827005638454e+01 5.045829370503121614e+07
2.639641018355920465e+01 4.249200945264021307e+07
2.771623069273716311e+01 3.547222196584264934e+07
2.910204222737402446e+01 2.945028836613260582e+07
3.055714433874272729e+01 2.401968493473365530e+07
3.208500155567985956e+01 2.064881200646388531e+07
3.368925163346385432e+01 1.673006137094488367e+07
3.537371421513704206e+01 1.362203943894965202e+07
3.714239992589390482e+01 1.152358531542016007e+07
3.899951992218858976e+01 9.652405839790210128e+06
4.094949591829801960e+01 7.838102700873536989e+06
4.299697071421292094e+01 6.505212688308237121e+06
4.514681924992356699e+01 5.399249839739459567e+06
4.740416021241974676e+01 4.495845826429747045e+06
4.977436822304073161e+01 3.695127491521029267e+06
5.226308663419276712e+01 3.098572942312579136e+06
5.487624096590241152e+01 2.565611625123033300e+06
5.762005301419753067e+01 2.111533854877989274e+06
6.050105566490740472e+01 1.785815200230217772e+06
6.352610844815276891e+01 1.438783709157219389e+06
6.670241387056040594e+01 1.211484028060310753e+06
7.003753456408843192e+01 1.014434848214650643e+06
7.353941129229284002e+01 8.213523677097703330e+05
7.721638185690748912e+01 6.870757663245201111e+05
8.107720094975286429e+01 5.643497349602058530e+05
8.513106099724051035e+01 4.706567666809862712e+05
8.938761404710253089e+01 4.072143701881949673e+05
9.385699474945765530e+01 3.226392643620893941e+05
