3.401114059005487245e-01 1.840215947588853760e+11
3.435125199595542300e-01 2.439036444890228882e+11
3.469476451591497201e-01 2.071023733224274597e+11
3.504171216107412334e-01 2.244109454973868103e+11
3.539212928268486436e-01 2.573189649749210510e+11
3.574605057551171750e-01 5.230755843720064087e+11
3.610351108126682584e-01 3.837142949079350586e+11
3.646454619207949999e-01 3.822903680035531616e+11
3.682919165400029282e-01 3.640206247169454956e+11
3.719748357054029064e-01 7.058842216470201416e+11
3.756945840624569266e-01 7.090617173764020996e+11
3.794515299030815081e-01 4.669259465494181519e+11
3.832460452021123065e-01 8.428607308550744629e+11
3.870785056541334312e-01 7.030630459056533203e+11
3.909492907106748016e-01 5.557601748485170898e+11
3.948587836177815391e-01 3.737141621534830322e+11
3.988073714539593917e-01 3.380179180625491943e+11
4.027954451684989667e-01 3.606756487869847412e+11
4.068233996201839342e-01 4.361408110844219360e+11
4.108916336163858096e-01 2.815857705178807983e+11
4.150005499525497021e-01 3.869235086694784546e+11
4.191505554520751908e-01 4.293167895498267822e+11
4.233420610065958822e-01 5.314243912302653809e+11
4.275754816166618122e-01 4.458474784257467651e+11
4.318512364328284114e-01 4.461459066200381470e+11
4.361697487971567533e-01 3.476208548775728760e+11
4.405314462851282475e-01 4.960107511402861938e+11
4.449367607479796094e-01 4.359605992638133545e+11
4.493861283554593800e-01 3.836852926645844116e+11
4.538799896390139921e-01 3.541238525377545166e+11
4.584187895354041031e-01 3.785246135247891235e+11
4.630029774307581336e-01 3.835688341969197998e+11
4.676330072050656761e-01 4.152182657398800049e+11
4.723093372771162701e-01 4.098864110066174316e+11
4.770324306498874289e-01 4.245655402475166016e+11
4.818027549563863032e-01 4.501515151997758789e+11
4.866207825059500891e-01 5.206093708633238525e+11
4.914869903310095656e-01 5.317730671414832153e+11
4.964018602343197584e-01 5.748031324061281738e+11
5.013658788366629482e-01 6.533785597603165283e+11
5.063795376250295188e-01 6.968727129877974854e+11
5.114433330012797541e-01 7.256769728064913330e+11
5.165577663312926893e-01 8.792195605884172363e+11
5.217233439946056262e-01 8.364829300639436035e+11
5.269405774345515825e-01 8.336235338828980713e+11
5.322099832088971194e-01 7.487638613415419922e+11
5.375320830409860973e-01 8.284090173889416504e+11
5.429074038713960215e-01 9.912486778232769775e+11
5.483364779101099762e-01 9.230347880495361328e+11
5.538198426892112503e-01 8.747977815943925781e+11
5.593580411161032107e-01 1.009688381792585327e+12
5.649516215272641917e-01 1.119682720237899414e+12
5.706011377425368458e-01 1.074346819027903931e+12
5.763071491199621699e-01 1.067242723771697388e+12
5.820702206111618704e-01 1.022590725924122681e+12
5.878909228172733981e-01 1.280608429816119629e+12
5.937698320454461998e-01 1.427624976822427979e+12
5.997075303659007428e-01 1.402254890708208984e+12
6.057046056695597480e-01 1.244512366178071777e+12
6.117616517262552955e-01 1.144322958646918213e+12
6.178792682435179096e-01 1.484219093675189697e+12
6.240580609259530620e-01 1.790543086669899170e+12
6.302986415352126448e-01 1.548712893286402100e+12
6.366016279505647413e-01 1.370308762300337891e+12
6.429676442300703565e-01 1.276337554409690674e+12
6.493973206723711034e-01 1.247066780872509277e+12
6.558912938790947278e-01 1.295480330774409668e+12
6.624502068178856895e-01 1.556116082435731201e+12
6.690747088860645730e-01 1.743131509591310059e+12
6.757654559749252110e-01 1.778001834759908447e+12
6.825231105346745153e-01 1.702520056591663086e+12
6.893483416400212338e-01 1.511550841812769043e+12
6.962418250564214039e-01 1.346057580231706299e+12
7.032042433069857212e-01 1.255199111960178467e+12
7.102362857400554841e-01 1.612203839390553955e+12
7.173386485974559967e-01 1.769006070721445801e+12
7.245120350834306500e-01 1.601760544114354736e+12
7.317571554342650053e-01 1.352797901138733398e+12
7.390747269886076554e-01 1.143287370107260986e+12
7.464654742584937441e-01 1.066003193048967041e+12
7.539301290010786971e-01 1.017291317827161865e+12
7.614694302910893775e-01 1.225110032015044189e+12
7.690841245940003290e-01 1.540416510240124512e+12
7.767749658399403234e-01 1.580604966094577881e+12
7.845427154983398710e-01 1.566566008560501953e+12
7.923881426533231354e-01 1.563911462497225586e+12
8.003120240798563545e-01 1.408476374179230225e+12
8.083151443206548770e-01 1.273406415610829590e+12
8.163982957638614701e-01 1.088714558948307007e+12
8.245622787215000082e-01 1.273590070428833984e+12
8.328079015087149761e-01 1.425828373073841064e+12
8.411359805238021181e-01 1.461687762082205322e+12
8.495473403290402237e-01 1.759413688759798828e+12
8.580428137323306004e-01 1.596271690020098877e+12
8.666232418696537820e-01 1.447472950701609863e+12
8.752894742883503554e-01 1.266283423637243408e+12
8.840423690312340099e-01 1.287637557346989502e+12
8.928827927215462479e-01 1.428427237113957764e+12
9.018116206487618580e-01 1.401519551040623291e+12
9.108297368552494833e-01 1.308105019721531982e+12
9.199380342238018260e-01 1.178086405442791504e+12
9.291374145660399320e-01 1.215067901634991455e+12
9.384287887117003235e-01 1.236829555173273438e+12
9.478130765988174167e-01 1.145886274425717041e+12
9.572912073648053299e-01 1.104890416492037354e+12
9.668641194384535176e-01 1.061045070615930420e+12
9.765327606328380039e-01 1.208482271848664062e+12
9.862980882391664261e-01 1.279329745105703857e+12
9.961610691215579960e-01 1.385326786754729980e+12
1.006122679812773590e+00 1.334358039664036621e+12
1.016183906610901300e+00 1.268516306077410645e+12
1.026345745677010202e+00 1.251313401101286621e+12
1.036609203133780355e+00 1.194069653234654297e+12
1.046975295165118336e+00 1.112747230169906250e+12
1.057445048116769204e+00 1.086784345433331055e+12
1.068019498597936989e+00 1.076875792832688354e+12
1.078699693583916597e+00 1.072580012795099487e+12
1.089486690519755552e+00 1.107296873501159668e+12
1.100381557424953138e+00 1.145258990725434570e+12
1.111385372999202481e+00 1.178618910020885010e+12
1.122499226729194666e+00 1.147936486601851318e+12
1.133724218996486455e+00 1.143648556923858398e+12
1.145061461186451135e+00 1.123774032619707275e+12
1.156512075798315831e+00 1.139488540741814209e+12
1.168077196556299047e+00 1.130217742314702393e+12
1.179757968521861988e+00 1.101961276798379639e+12
1.191555548207080761e+00 1.151102664069840576e+12
1.203471103689151889e+00 1.083944391489972656e+12
1.215505814726043354e+00 1.056958170487629517e+12
1.227660872873303610e+00 1.035465573299054443e+12
1.239937481602036762e+00 1.052298279288050049e+12
1.252336856418057032e+00 1.051405294501123901e+12
1.264860224982237824e+00 1.036845817976748169e+12
1.277508827232060051e+00 1.009123521227237061e+12
1.290283915504380818e+00 1.013545524671758057e+12
1.303186754659424462e+00 9.969353381911170654e+11
1.316218622206019040e+00 9.939958507541687012e+11
1.329380808428079153e+00 1.069799795817889282e+12
1.342674616512359975e+00 1.188382829456506104e+12
1.356101362677483380e+00 1.205936395729056152e+12
1.369662376304258355e+00 1.185306205177078369e+12
1.383359000067300837e+00 1.165046746952150146e+12
1.397192590067974027e+00 1.188791672743406494e+12
1.411164515968653665e+00 1.202728432814581055e+12
1.425276161128340213e+00 1.218518719313495850e+12
1.439528922739623740e+00 1.192179472544284668e+12
1.453924211967019708e+00 1.178681739595431396e+12
1.468463454086690101e+00 1.172958667138338379e+12
1.483148088627556760e+00 1.145557429548709473e+12
1.497979569513832487e+00 1.125914355442651123e+12
1.512959365208970564e+00 1.092166325893328735e+12
1.528088958861060442e+00 1.068700291214398193e+12
1.543369848449671178e+00 1.042060543996449463e+12
1.558803546934167894e+00 1.023067384452790039e+12
1.574391582403509737e+00 9.847048368100424805e+11
1.590135498227544852e+00 9.646951262986043701e+11
1.606036853209820148e+00 9.266356132936503906e+11
1.622097221741918505e+00 9.007354787955529785e+11
1.638318193959337421e+00 8.624541032265155029e+11
1.654701375898931071e+00 8.352735937328851318e+11
1.671248389657920441e+00 8.079999653508105469e+11
1.687960873554499530e+00 7.962293013185874023e+11
1.704840482290044701e+00 8.009328384578013916e+11
1.721888887112944966e+00 8.251963928317875977e+11
1.739107775984074289e+00 8.319645357467736816e+11
1.756498853743915012e+00 8.476217438421550293e+11
1.774063842281354608e+00 8.659582820193555908e+11
1.791804480704168201e+00 8.703610391290495605e+11
1.809722525511209934e+00 8.747886847490921631e+11
1.827819750766321860e+00 8.617600007083353271e+11
1.846097948273984990e+00 8.702368210351492920e+11
1.864558927756724938e+00 8.740015899460908203e+11
1.883204517034292147e+00 8.397952573953579102e+11
1.902036562204635128e+00 8.147847110385804443e+11
1.921056927826681582e+00 7.960338707873131104e+11
1.940267497104948502e+00 7.786445688233789062e+11
1.959670172075998140e+00 7.580385289834140625e+11
1.979266873796758031e+00 7.542461005754532471e+11
1.999059542534725509e+00 7.423954547160411377e+11
2.019050137960073155e+00 7.323393934047236328e+11
2.039240639339673589e+00 7.144180319111661377e+11
2.059633045733070489e+00 7.002958212566363525e+11
2.080229376190401158e+00 6.786567004020563965e+11
2.101031669952305059e+00 6.528789184819141846e+11
2.122041986651828083e+00 6.312380888315645752e+11
2.143262406518346097e+00 6.068980482270250244e+11
2.164695030583529967e+00 5.799821469262080078e+11
2.186341980889365377e+00 5.591965516418752441e+11
2.208205400698258991e+00 5.365988188737770386e+11
2.230287454705241146e+00 5.178389056797094116e+11
2.252590329252293522e+00 5.005921303945102539e+11
2.275116232544817318e+00 4.848069299155765381e+11
2.297867394870265034e+00 5.146427509860108032e+11
2.320846068818967822e+00 5.199651133457121582e+11
2.344054529507157536e+00 5.142373751385821533e+11
2.367495074802228761e+00 5.059657543080858154e+11
2.391170025550251044e+00 5.217092572467200317e+11
2.415081725805753532e+00 5.191530200860212402e+11
2.439232543063811764e+00 5.176869860180422974e+11
2.463624868494449949e+00 5.149629785462684937e+11
2.488261117179394244e+00 5.099812575285850830e+11
2.513143728351188155e+00 5.020899441355745850e+11
2.538275165634700237e+00 4.900768224638074951e+11
2.563657917291046751e+00 4.780318754875726929e+11
2.589294496463957262e+00 4.627976118859371948e+11
2.615187441428596937e+00 4.432881529091354370e+11
2.641339315842882840e+00 4.268066166746168823e+11
2.667752709001311562e+00 4.106746067489888916e+11
2.694430236091324815e+00 4.021569322662884521e+11
2.721374538452237868e+00 3.957786691347615967e+11
2.748588283836760127e+00 3.911923712777144165e+11
2.776074166675128296e+00 3.844490472373259277e+11
2.803834908341879206e+00 3.740312914984850464e+11
2.831873257425297830e+00 3.677753252297801514e+11
2.860191989999551154e+00 3.574183940788742065e+11
2.888793909899546541e+00 3.446072608224813232e+11
2.917681848998542549e+00 3.404868437687368164e+11
2.946858667488527761e+00 3.295990250477150879e+11
2.976327254163412928e+00 3.218729946757283325e+11
3.006090526705047061e+00 3.104348172349813232e+11
3.036151431972097470e+00 3.042664013629212036e+11
3.066512946291818587e+00 2.918418073655091553e+11
3.097178075754736692e+00 2.850147049495604248e+11
3.128149856512283833e+00 2.753124677679120483e+11
3.159431355077406689e+00 2.656924480808178406e+11
3.191025668628181045e+00 2.571444411067393494e+11
3.222935925314462935e+00 2.469561050620471497e+11
3.255165284567607564e+00 2.382585043382169495e+11
3.287716937413283524e+00 2.292867316753047791e+11
3.320594106787416067e+00 2.204084006515201416e+11
3.353800047855290511e+00 2.125148576819004822e+11
3.387338048333843332e+00 2.040614142636735840e+11
3.421211428817182210e+00 1.964891426499992676e+11
3.455423543105353712e+00 1.884316159619863586e+11
3.489977778536407005e+00 1.816352806187966614e+11
3.524877556321771355e+00 1.750586455858824463e+11
3.560126331884988726e+00 1.683713323384804382e+11
3.595727595203838334e+00 1.617918727322741394e+11
3.631684871155877570e+00 1.560866152333491516e+11
3.668001719867436616e+00 1.505303716822477722e+11
3.704681737066110259e+00 1.447257182169036865e+11
3.741728554436771326e+00 1.386963071205273132e+11
3.779145839981139510e+00 1.332794278095617981e+11
3.816937298380950860e+00 1.287575404885355377e+11
3.855106671364760818e+00 1.239654149829538879e+11
3.893657738078407426e+00 1.197283718596861572e+11
3.932594315459191581e+00 1.161067754184972229e+11
3.971920258613783616e+00 1.136136692475408783e+11
4.011639461199922430e+00 1.105685871977444000e+11
4.051755855811920881e+00 1.081883853076132660e+11
4.092273414370040108e+00 1.064816739836365814e+11
4.133196148513740731e+00 1.030612862910189667e+11
4.174528109998877135e+00 1.005608268648975525e+11
4.216273391098866341e+00 9.769381227077420044e+10
4.258436125009854578e+00 9.594028108274868774e+10
4.301020486259953479e+00 9.759632207996076965e+10
4.344030691122553023e+00 9.580941531671228027e+10
4.387470998033777825e+00 9.462147797345840454e+10
4.431345708014116092e+00 9.456554096154528809e+10
4.475659165094256764e+00 9.373801178012516785e+10
4.520415756745198799e+00 9.130093640579882812e+10
4.565619914312651240e+00 8.865666046093196106e+10
4.611276113455778258e+00 8.663751113606285095e+10
4.657388874590335348e+00 8.322293984429200745e+10
4.703962763336238417e+00 8.017917701668904114e+10
4.751002390969600420e+00 7.723932098939862061e+10
4.798512414879296806e+00 7.485948063884495544e+10
4.846497539028090884e+00 7.182993084403541565e+10
4.894962514418371491e+00 6.975368852891311646e+10
4.943912139562555375e+00 6.733350001872472382e+10
4.993351260958180937e+00 6.513694740349542999e+10
5.043284773567762613e+00 6.338041266971408081e+10
5.093717621303440524e+00 6.081720565813642883e+10
5.144654797516475142e+00 5.883390380727162170e+10
5.196101345491639378e+00 5.665456484660604858e+10
5.248062358946555150e+00 5.487564102180082703e+10
5.300542982536021519e+00 5.297623827008407593e+10
5.353548412361381459e+00 5.105307042966818237e+10
5.407083896484995655e+00 4.944896602635126495e+10
5.461154735449845532e+00 4.765863427768172455e+10
5.515766282804344556e+00 4.582980600237926483e+10
5.570923945632387131e+00 4.397722741424362183e+10
5.626633185088711464e+00 4.239294042345088959e+10
5.682899516939598605e+00 4.070098010631085968e+10
5.739728512108993819e+00 3.927300587202799988e+10
5.797125797230084032e+00 3.761900231924634552e+10
5.855097055202384659e+00 3.633532557108207703e+10
5.913648025754409510e+00 3.482419642986537170e+10
5.972784506011953987e+00 3.348330603773457718e+10
6.032512351072073287e+00 3.232756650615999985e+10
6.092837474582792900e+00 3.091264969877436829e+10
6.153765849328621584e+00 2.964113423224732208e+10
6.215303507821907658e+00 2.848407158050479889e+10
6.277456542900125669e+00 2.751851944574403000e+10
6.340231108329128062e+00 2.660418342568851089e+10
6.403633419412418704e+00 2.590551364896426392e+10
6.467669753606543281e+00 2.558394321114369583e+10
6.532346451142608146e+00 2.499548865118317413e+10
6.597669915654034156e+00 2.457387991451238632e+10
6.663646614810574853e+00 2.402465933058038330e+10
6.730283080958680664e+00 2.290686289747354507e+10
6.797585911768267763e+00 2.234688593583666229e+10
6.865561770885950210e+00 2.149179766374923325e+10
6.934217388594810849e+00 2.078267698671035004e+10
7.003559562480758949e+00 1.989841519039382172e+10
7.073595158105566050e+00 1.927443494785261154e+10
7.144331109686621772e+00 1.855002497114673996e+10
7.215774420783487741e+00 1.785238670089369583e+10
7.287932164991324235e+00 1.723179187403161240e+10
7.360811486641236634e+00 1.658729205073967361e+10
7.434419601507648245e+00 1.599893561375493813e+10
7.508763797522725270e+00 1.543703843927143669e+10
7.583851435497953375e+00 1.489498565160562897e+10
7.659689949852931612e+00 1.436004348817291069e+10
7.736286849351461825e+00 1.387572325739972496e+10
7.813649717844977083e+00 1.322660357957008553e+10
7.891786215023426365e+00 1.297450520566864014e+10
7.970704077173661695e+00 1.245192528970432091e+10
8.050411117945397876e+00 1.203226600016721535e+10
8.130915229124850541e+00 1.164207436822198677e+10
8.212224381416099561e+00 1.121068085388223457e+10
8.294346625230261338e+00 1.085960695237422943e+10
8.377290091482562318e+00 1.047324238775220299e+10
8.461062992397387461e+00 1.009905680641386032e+10
8.545673622321363183e+00 9.751184139189662933e+09
8.631130358544575998e+00 9.366558545865831375e+09
8.717441662130022806e+00 9.047855038710430145e+09
8.804616078751321240e+00 8.711434628101493835e+09
8.892662239538834612e+00 8.355899963554930687e+09
8.981588861934222123e+00 8.052143247969395638e+09
9.071404750553567098e+00 7.726897956579727173e+09
9.162118798059102787e+00 7.447100954690708160e+09
9.253739986039693832e+00 7.174773176047389030e+09
9.346277385900089385e+00 6.914836522144720078e+09
9.439740159759089977e+00 6.656708754310352325e+09
9.534137561356683221e+00 6.389589233185131073e+09
9.629478936970249592e+00 6.201412165190929413e+09
9.725773726339950187e+00 5.953400401513126373e+09
9.823031463603349778e+00 5.747282688581149101e+09
9.921261778239381712e+00 5.572096242071937561e+09
1.002047439602177548e+01 5.342123949587552071e+09
1.012067913998199487e+01 5.176142231306020737e+09
1.022188593138181290e+01 4.972000403447194099e+09
1.032410479069563181e+01 4.825652320309757233e+09
1.042734583860258724e+01 4.640092773539436340e+09
1.053161929698861421e+01 4.491012486576565742e+09
1.063693548995849980e+01 4.330287330721230507e+09
1.074330484485808412e+01 4.189115033710466862e+09
1.085073789330666472e+01 4.026631673635683537e+09
1.095924527223973222e+01 3.916736493219357967e+09
1.106883772496212970e+01 3.762401391715680599e+09
1.117952610221174936e+01 3.638079501014164448e+09
1.129132136323386781e+01 3.505902410312137127e+09
1.140423457686620701e+01 3.381596873735746384e+09
1.151827692263487002e+01 3.268369545170855045e+09
1.163345969186121920e+01 3.150148405232912064e+09
1.174979428877982990e+01 3.043260476699969292e+09
1.186729223166762992e+01 2.930655424585329056e+09
1.198596515398430462e+01 2.812750592669793129e+09
1.210582480552414708e+01 2.715718633665232182e+09
1.222688305357938887e+01 2.614620719263474941e+09
1.234915188411518194e+01 2.522584785976588726e+09
1.247264340295633467e+01 2.434961843586744308e+09
1.259736983698589619e+01 2.334981720682588577e+09
1.272334353535575424e+01 2.252379365898816586e+09
1.285057697070931226e+01 2.171004137541682720e+09
1.297908274041640553e+01 2.098248496709145308e+09
1.310887356782057012e+01 2.014471684363176584e+09
1.323996230349877479e+01 1.946995820732355118e+09
1.337236192653376321e+01 1.875752984789609671e+09
1.350608554579910248e+01 1.806963180556947708e+09
1.364114640125709244e+01 1.728113272067695141e+09
1.377755786526966197e+01 1.677319374178540707e+09
1.391533344392236238e+01 1.606037072735744953e+09
1.405448677836158211e+01 1.546918332294672728e+09
1.419503164614519974e+01 1.507858953321861267e+09
1.433698196260665192e+01 1.435843506272094965e+09
1.448035178223271835e+01 1.388585355475704670e+09
1.462515530005504516e+01 1.342793515271024942e+09
1.477140685305559664e+01 1.282485753449152946e+09
1.491912092158615089e+01 1.242154399263934612e+09
1.506831213080201159e+01 1.190996709249334574e+09
1.521899525211003024e+01 1.148828728463946342e+09
1.537118520463113214e+01 1.108099614303459883e+09
1.552489705667744246e+01 1.061747155267150640e+09
1.568014602724421813e+01 1.025710877678706646e+09
1.583694748751665848e+01 9.850546942054301500e+08
1.599531696239182388e+01 9.540082743343768120e+08
1.615527013201574391e+01 9.210535101309982538e+08
1.631682283333590178e+01 8.766016585911842585e+08
1.647999106166925998e+01 8.511427436645044088e+08
1.664479097228595350e+01 8.192798365865932703e+08
1.681123888200881211e+01 7.843333257729353905e+08
1.697935127082889650e+01 7.538947915915504694e+08
1.714914478353718863e+01 7.280860144539378881e+08
1.732063623137256059e+01 7.045925843055229187e+08
1.749384259368628847e+01 6.727725913497107029e+08
1.766878101962314673e+01 6.527418221582967043e+08
1.784546882981938509e+01 6.219995502706770897e+08
1.802392351811757720e+01 6.018935802062737942e+08
1.820416275329875333e+01 5.785882095709764957e+08
1.838620438083173880e+01 5.562410538785712719e+08
1.857006642464005353e+01 5.379772981720478535e+08
1.875576708888645427e+01 5.159013131714573503e+08
1.894332475977532226e+01 4.965500102924020886e+08
1.913275800737307719e+01 4.757154378891301751e+08
1.969740769490774923e+01 4.245218054878925085e+08
2.068227807965313403e+01 3.462381111997992396e+08
2.171639198363579126e+01 2.852870945578855872e+08
2.280221158281758420e+01 2.356644439684317410e+08
2.394232216195846163e+01 1.950209880843914151e+08
2.513943827005638454e+01 1.609278099777006805e+08
2.639641018355920465e+01 1.333533276404444724e+08
2.771623069273716311e+01 1.104268548419404328e+08
2.910204222737402446e+01 9.123532427316336334e+07
3.055714433874272729e+01 7.576378536440074444e+07
3.208500155567985956e+01 6.251980533996365219e+07
3.368925163346385432e+01 5.197575715068337321e+07
3.537371421513704206e+01 4.281770067150421441e+07
3.714239992589390482e+01 3.523941416176360846e+07
3.899951992218858976e+01 2.891335157974142209e+07
4.094949591829801960e+01 2.373023081430177018e+07
4.299697071421292094e+01 1.946781936496243626e+07
4.514681924992356699e+01 1.594037933012802154e+07
4.740416021241974676e+01 1.310010644043722190e+07
4.977436822304073161e+01 1.075784717083946615e+07
5.226308663419276712e+01 8.868732731986742467e+06
5.487624096590241152e+01 7.244353462784256786e+06
5.762005301419753067e+01 5.974889373868311755e+06
6.050105566490740472e+01 4.888404034728674218e+06
6.352610844815276891e+01 4.005250094937958755e+06
6.670241387056040594e+01 3.310133441095352173e+06
7.003753456408843192e+01 2.701539551835217047e+06
7.353941129229284002e+01 2.219715301926466171e+06
7.721638185690748912e+01 1.812247273860927438e+06
8.107720094975286429e+01 1.493795499338999856e+06
8.513106099724051035e+01 1.226255768819587538e+06
8.938761404710253089e+01 9.934379539081482217e+05
9.385699474945765530e+01 8.194919755243996624e+05
