3.401114059005487245e-01 3.577750927786855316e+10
3.435125199595542300e-01 2.886003396679335022e+10
3.469476451591497201e-01 3.898914427328186035e+10
3.504171216107412334e-01 5.092779557304053497e+10
3.539212928268486436e-01 5.239355197785135651e+10
3.574605057551171750e-01 4.872782877955494690e+10
3.610351108126682584e-01 5.496754370224511719e+10
3.646454619207949999e-01 5.727421582348891449e+10
3.682919165400029282e-01 5.670805514209982300e+10
3.719748357054029064e-01 5.455721038346128845e+10
3.756945840624569266e-01 5.911131836530666351e+10
3.794515299030815081e-01 7.190966819219366455e+10
3.832460452021123065e-01 5.847287444024300385e+10
3.870785056541334312e-01 6.631612065598329163e+10
3.909492907106748016e-01 6.612603737198748779e+10
3.948587836177815391e-01 4.827890080262910461e+10
3.988073714539593917e-01 5.269245653032342529e+10
4.027954451684989667e-01 2.948232665575807953e+10
4.068233996201839342e-01 3.220934416834324265e+10
4.108916336163858096e-01 5.884664384051269531e+10
4.150005499525497021e-01 7.520451813391818237e+10
4.191505554520751908e-01 7.852093621565617371e+10
4.233420610065958822e-01 8.119729365831546021e+10
4.275754816166618122e-01 7.928517958021121216e+10
4.318512364328284114e-01 7.412571858130509949e+10
4.361697487971567533e-01 8.304879421820359802e+10
4.405314462851282475e-01 8.489520831773292542e+10
4.449367607479796094e-01 8.816584720541841125e+10
4.493861283554593800e-01 9.240464008980082703e+10
4.538799896390139921e-01 9.026821990583253479e+10
4.584187895354041031e-01 8.048228666056031799e+10
4.630029774307581336e-01 7.203987033651922607e+10
4.676330072050656761e-01 6.248984338821319580e+10
4.723093372771162701e-01 4.780566068357570648e+10
4.770324306498874289e-01 3.196433223711743164e+10
4.818027549563863032e-01 2.058143254467102051e+10
4.866207825059500891e-01 1.217527205110739899e+10
4.914869903310095656e-01 9.882736432729160309e+09
4.964018602343197584e-01 7.200604509103923798e+09
5.013658788366629482e-01 4.838653834615652084e+09
5.063795376250295188e-01 3.680345269461813927e+09
5.114433330012797541e-01 3.197371264433848381e+09
5.165577663312926893e-01 2.641204086519509792e+09
5.217233439946056262e-01 2.345316543709136486e+09
5.269405774345515825e-01 1.989109453430779457e+09
5.322099832088971194e-01 1.732818466101527452e+09
5.375320830409860973e-01 1.517901490938856125e+09
5.429074038713960215e-01 1.281705492160734415e+09
5.483364779101099762e-01 1.108272172366332054e+09
5.538198426892112503e-01 9.484694121660037041e+08
5.593580411161032107e-01 7.793069558198815584e+08
5.649516215272641917e-01 6.512495785389835835e+08
5.706011377425368458e-01 5.232034323579307199e+08
5.763071491199621699e-01 4.013024603517119884e+08
5.820702206111618704e-01 2.814288085416511297e+08
5.878909228172733981e-01 1.062869857160224020e+08
5.937698320454461998e-01 1.957997797905707657e+08
5.997075303659007428e-01 3.218742669758787751e+08
6.057046056695597480e-01 4.318395642161723971e+08
6.117616517262552955e-01 5.217002672319359183e+08
6.178792682435179096e-01 6.131105871169952154e+08
6.240580609259530620e-01 7.005783970058052540e+08
6.302986415352126448e-01 7.910273716646431684e+08
6.366016279505647413e-01 8.844001230552815199e+08
6.429676442300703565e-01 9.682000824132937193e+08
6.493973206723711034e-01 1.052151002274093390e+09
6.558912938790947278e-01 1.070607116972323895e+09
6.624502068178856895e-01 1.247941485056425095e+09
6.690747088860645730e-01 1.344348136227281094e+09
6.757654559749252110e-01 1.435378650800748348e+09
6.825231105346745153e-01 1.458851977044388294e+09
6.893483416400212338e-01 1.348610253849064827e+09
6.962418250564214039e-01 1.188878061837503672e+09
7.032042433069857212e-01 1.111803728078403473e+09
7.102362857400554841e-01 1.071629853513006210e+09
7.173386485974559967e-01 9.792099929057420492e+08
7.245120350834306500e-01 8.953481583137611151e+08
7.317571554342650053e-01 7.810485908611361980e+08
7.390747269886076554e-01 6.702726600569456816e+08
7.464654742584937441e-01 5.664791868080527782e+08
7.539301290010786971e-01 4.456683040783721209e+08
7.614694302910893775e-01 2.784655014779687524e+08
7.690841245940003290e-01 6.429096841559094191e+07
7.767749658399403234e-01 3.074198116943019032e+08
7.845427154983398710e-01 4.930434474873592854e+08
7.923881426533231354e-01 6.621117379919104576e+08
8.003120240798563545e-01 8.419266640734505653e+08
8.083151443206548770e-01 9.987408941713428497e+08
8.163982957638614701e-01 1.161600316559340477e+09
8.245622787215000082e-01 1.375285266067863941e+09
8.328079015087149761e-01 1.595754009814041615e+09
8.411359805238021181e-01 1.848454869038315773e+09
8.495473403290402237e-01 2.152432268354096413e+09
8.580428137323306004e-01 2.497930426682014465e+09
8.666232418696537820e-01 2.876283425162102699e+09
8.752894742883503554e-01 3.279720058252929688e+09
8.840423690312340099e-01 3.663780936046864986e+09
8.928827927215462479e-01 3.652661851639078140e+09
9.018116206487618580e-01 4.113328520783269405e+09
9.108297368552494833e-01 4.679434823406444550e+09
9.199380342238018260e-01 4.882699036612380981e+09
9.291374145660399320e-01 3.784509419137149334e+09
9.384287887117003235e-01 4.002342152621024609e+09
9.478130765988174167e-01 4.539383712331127167e+09
9.572912073648053299e-01 4.795745473255560875e+09
9.668641194384535176e-01 5.326471005169823647e+09
9.765327606328380039e-01 5.865402448168558121e+09
9.862980882391664261e-01 6.713224055890166283e+09
9.961610691215579960e-01 7.910627573308908463e+09
1.006122679812773590e+00 9.258122419385902405e+09
1.016183906610901300e+00 1.099500157187343216e+10
1.026345745677010202e+00 1.263338396300997925e+10
1.036609203133780355e+00 1.427944868631583786e+10
1.046975295165118336e+00 1.549914861166509438e+10
1.057445048116769204e+00 1.662661984992684937e+10
1.068019498597936989e+00 1.729080552012072372e+10
1.078699693583916597e+00 1.787988727713470840e+10
1.089486690519755552e+00 1.502529544708261299e+10
1.100381557424953138e+00 1.072709303776252174e+10
1.111385372999202481e+00 9.006954307116020203e+09
1.122499226729194666e+00 8.992617237108646393e+09
1.133724218996486455e+00 8.502027066686291695e+09
1.145061461186451135e+00 9.551086830933139801e+09
1.156512075798315831e+00 9.049845219688323975e+09
1.168077196556299047e+00 9.820057907899354935e+09
1.179757968521861988e+00 1.081653552689373779e+10
1.191555548207080761e+00 1.401583611416315842e+10
1.203471103689151889e+00 1.739503841849996567e+10
1.215505814726043354e+00 2.068585674503750610e+10
1.227660872873303610e+00 2.409120563615668106e+10
1.239937481602036762e+00 2.692509261314596939e+10
1.252336856418057032e+00 2.952654626447924042e+10
1.264860224982237824e+00 3.085075642018643951e+10
1.277508827232060051e+00 2.957555214008949661e+10
1.290283915504380818e+00 2.769547051134177399e+10
1.303186754659424462e+00 2.615517191045327377e+10
1.316218622206019040e+00 2.409018956665476608e+10
1.329380808428079153e+00 1.646452656720548439e+10
1.342674616512359975e+00 8.023913674494158745e+09
1.356101362677483380e+00 6.217002072402266502e+09
1.369662376304258355e+00 6.941289195536367416e+09
1.383359000067300837e+00 7.332642820940640450e+09
1.397192590067974027e+00 7.111342612974013329e+09
1.411164515968653665e+00 6.965306867331162453e+09
1.425276161128340213e+00 6.961138783339076996e+09
1.439528922739623740e+00 7.810990320804863930e+09
1.453924211967019708e+00 1.029136871434502029e+10
1.468463454086690101e+00 1.099198249928727150e+10
1.483148088627556760e+00 1.246868143543123055e+10
1.497979569513832487e+00 1.445249751801433182e+10
1.512959365208970564e+00 1.691313742709394455e+10
1.528088958861060442e+00 1.985162257300006104e+10
1.543369848449671178e+00 2.321722914373989868e+10
1.558803546934167894e+00 2.533226814294919968e+10
1.574391582403509737e+00 2.880162724292180252e+10
1.590135498227544852e+00 3.099492339761819077e+10
1.606036853209820148e+00 2.852106150451791382e+10
1.622097221741918505e+00 2.440136062805743790e+10
1.638318193959337421e+00 2.499196559726223755e+10
1.654701375898931071e+00 2.762508534637448120e+10
1.671248389657920441e+00 2.309039714574404526e+10
1.687960873554499530e+00 2.521414700400374603e+10
1.704840482290044701e+00 2.428926639170758438e+10
1.721888887112944966e+00 2.391326123807035446e+10
1.739107775984074289e+00 2.163715307476036072e+10
1.756498853743915012e+00 2.097908414116688156e+10
1.774063842281354608e+00 1.805179574979816055e+10
1.791804480704168201e+00 1.645280591085926437e+10
1.809722525511209934e+00 1.514592936607044220e+10
1.827819750766321860e+00 1.543288639539000702e+10
1.846097948273984990e+00 1.455062837055430984e+10
1.864558927756724938e+00 1.319576928001937103e+10
1.883204517034292147e+00 1.638121685617598724e+10
1.902036562204635128e+00 1.781389279862876892e+10
1.921056927826681582e+00 1.812348058917028427e+10
1.940267497104948502e+00 1.635632192321730042e+10
1.959670172075998140e+00 1.690116810806728172e+10
1.979266873796758031e+00 1.801489926832267761e+10
1.999059542534725509e+00 1.918347268782114410e+10
2.019050137960073155e+00 2.180434466033257675e+10
2.039240639339673589e+00 2.478881567193720627e+10
2.059633045733070489e+00 2.764163315581943130e+10
2.080229376190401158e+00 2.937119059384522629e+10
2.101031669952305059e+00 3.087592173618085098e+10
2.122041986651828083e+00 3.065441486473761368e+10
2.143262406518346097e+00 2.950156159040231705e+10
2.164695030583529967e+00 2.697879439363036728e+10
2.186341980889365377e+00 2.268758807314104843e+10
2.208205400698258991e+00 1.536780582957120705e+10
2.230287454705241146e+00 1.619369471734469604e+10
2.252590329252293522e+00 1.357082800062005043e+10
2.275116232544817318e+00 1.218950802963597870e+10
2.297867394870265034e+00 1.133075028011531639e+10
2.320846068818967822e+00 1.120203130404530334e+10
2.344054529507157536e+00 9.592925233681268692e+09
2.367495074802228761e+00 1.071940361186928368e+10
2.391170025550251044e+00 1.117190929576676369e+10
2.415081725805753532e+00 1.301958941844046593e+10
2.439232543063811764e+00 1.307652969784987450e+10
2.463624868494449949e+00 1.364607986025084305e+10
2.488261117179394244e+00 1.399930264777051926e+10
2.513143728351188155e+00 1.281179587714150238e+10
2.538275165634700237e+00 1.211159910825914383e+10
2.563657917291046751e+00 1.152113753522577858e+10
2.589294496463957262e+00 1.140166615891082954e+10
2.615187441428596937e+00 1.283602805355825615e+10
2.641339315842882840e+00 1.394612786242056274e+10
2.667752709001311562e+00 1.225604632965532875e+10
2.694430236091324815e+00 1.141913632504006004e+10
2.721374538452237868e+00 1.223215393263284683e+10
2.748588283836760127e+00 1.284343570936336136e+10
2.776074166675128296e+00 1.188895137088454819e+10
2.803834908341879206e+00 1.284476596653051949e+10
2.831873257425297830e+00 1.267207921631325531e+10
2.860191989999551154e+00 1.271116969779780960e+10
2.888793909899546541e+00 1.369290589368051910e+10
2.917681848998542549e+00 1.302197338737339020e+10
2.946858667488527761e+00 1.431200934433502197e+10
2.976327254163412928e+00 1.437663548640130424e+10
3.006090526705047061e+00 1.485282317510858536e+10
3.036151431972097470e+00 1.382507385201027489e+10
3.066512946291818587e+00 1.186200947538786316e+10
3.097178075754736692e+00 9.646848924409694672e+09
3.128149856512283833e+00 8.101663507965794563e+09
3.159431355077406689e+00 6.898524190653167725e+09
3.191025668628181045e+00 6.374302360676511765e+09
3.222935925314462935e+00 6.576792151133077621e+09
3.255165284567607564e+00 7.239409153093966484e+09
3.287716937413283524e+00 8.145208988181356430e+09
3.320594106787416067e+00 5.035052516880209923e+09
3.353800047855290511e+00 5.568105394273006439e+09
3.387338048333843332e+00 7.352467392553758621e+09
3.421211428817182210e+00 7.081641230813595772e+09
3.455423543105353712e+00 7.017756042166957855e+09
3.489977778536407005e+00 7.321126889412131310e+09
3.524877556321771355e+00 7.834290196934665680e+09
3.560126331884988726e+00 8.024025605477757454e+09
3.595727595203838334e+00 9.070551491891445160e+09
3.631684871155877570e+00 1.008225488137067986e+10
3.668001719867436616e+00 1.148587815928819466e+10
3.704681737066110259e+00 1.275863095723813248e+10
3.741728554436771326e+00 1.378679777180858421e+10
3.779145839981139510e+00 1.440913498659663010e+10
3.816937298380950860e+00 1.563300797544705582e+10
3.855106671364760818e+00 1.628793194420447922e+10
3.893657738078407426e+00 1.667992972255995560e+10
3.932594315459191581e+00 1.705802210580649185e+10
3.971920258613783616e+00 1.630666054310899162e+10
4.011639461199922430e+00 1.513890600489070511e+10
4.051755855811920881e+00 1.420253897070788574e+10
4.092273414370040108e+00 1.300366230350998878e+10
4.133196148513740731e+00 1.264922903703633499e+10
4.174528109998877135e+00 1.246290129256791115e+10
4.216273391098866341e+00 1.124503060072122765e+10
4.258436125009854578e+00 9.904853978220010757e+09
4.301020486259953479e+00 7.507875495168207169e+09
4.344030691122553023e+00 7.482739808148446083e+09
4.387470998033777825e+00 8.327081604278805733e+09
4.431345708014116092e+00 8.039658403735502243e+09
4.475659165094256764e+00 7.638078930138456345e+09
4.520415756745198799e+00 7.432614386892942429e+09
4.565619914312651240e+00 7.230507945658623695e+09
4.611276113455778258e+00 7.430113875083548546e+09
4.657388874590335348e+00 7.883554113363220215e+09
4.703962763336238417e+00 7.662050405466922760e+09
4.751002390969600420e+00 7.383365167802988052e+09
4.798512414879296806e+00 7.398019135468829155e+09
4.846497539028090884e+00 7.388237602507470131e+09
4.894962514418371491e+00 7.349685113048160553e+09
4.943912139562555375e+00 7.255331031210824013e+09
4.993351260958180937e+00 7.513252624295227051e+09
5.043284773567762613e+00 7.408619931666764259e+09
5.093717621303440524e+00 7.546521959385539055e+09
5.144654797516475142e+00 7.238800546094848633e+09
5.196101345491639378e+00 7.124118003589843750e+09
5.248062358946555150e+00 7.242746356792896271e+09
5.300542982536021519e+00 6.825797502497685432e+09
5.353548412361381459e+00 6.663403705484851837e+09
5.407083896484995655e+00 6.176157749417956352e+09
5.461154735449845532e+00 6.171734360084089279e+09
5.515766282804344556e+00 5.983245420041611671e+09
5.570923945632387131e+00 5.580553502974879265e+09
5.626633185088711464e+00 5.508588494867396355e+09
5.682899516939598605e+00 5.366859521461994171e+09
5.739728512108993819e+00 5.166537158882742882e+09
5.797125797230084032e+00 5.003422410069067955e+09
5.855097055202384659e+00 4.584604598459239006e+09
5.913648025754409510e+00 4.826000574353960991e+09
5.972784506011953987e+00 4.752354554931648254e+09
6.032512351072073287e+00 4.528093569472600937e+09
6.092837474582792900e+00 4.586562591816517830e+09
6.153765849328621584e+00 4.618571717337067604e+09
6.215303507821907658e+00 4.537734259162009239e+09
6.277456542900125669e+00 4.564603513794276237e+09
6.340231108329128062e+00 4.334909821475780487e+09
6.403633419412418704e+00 3.811803053237933636e+09
6.467669753606543281e+00 3.390500704791303635e+09
6.532346451142608146e+00 3.425795508900583744e+09
6.597669915654034156e+00 3.157342901145121098e+09
6.663646614810574853e+00 3.230131019898509979e+09
6.730283080958680664e+00 3.300787619861880779e+09
6.797585911768267763e+00 3.032092303011085510e+09
6.865561770885950210e+00 3.014889626476112843e+09
6.934217388594810849e+00 3.048533225588754654e+09
7.003559562480758949e+00 2.913333798622490883e+09
7.073595158105566050e+00 2.646934969045573711e+09
7.144331109686621772e+00 2.464454330616492271e+09
7.215774420783487741e+00 2.292033464098138332e+09
7.287932164991324235e+00 2.109520337105589390e+09
7.360811486641236634e+00 1.983712037523137569e+09
7.434419601507648245e+00 1.938564914413204193e+09
7.508763797522725270e+00 1.996134453109384298e+09
7.583851435497953375e+00 2.049153364357824564e+09
7.659689949852931612e+00 1.951038816077633858e+09
7.736286849351461825e+00 1.586398224006983995e+09
7.813649717844977083e+00 1.623224762696350098e+09
7.891786215023426365e+00 1.683887413498145103e+09
7.970704077173661695e+00 1.752377790636827469e+09
8.050411117945397876e+00 1.734930168893263102e+09
8.130915229124850541e+00 1.731432112771043777e+09
8.212224381416099561e+00 1.683534209136053085e+09
8.294346625230261338e+00 1.670639516664132595e+09
8.377290091482562318e+00 1.657329134766744137e+09
8.461062992397387461e+00 1.667728598314108372e+09
8.545673622321363183e+00 1.668112973778974533e+09
8.631130358544575998e+00 1.690826988881967068e+09
8.717441662130022806e+00 1.675725266250729322e+09
8.804616078751321240e+00 1.677598760869262218e+09
8.892662239538834612e+00 1.664092495107692480e+09
8.981588861934222123e+00 1.625214506298249245e+09
9.071404750553567098e+00 1.662739091835962772e+09
9.162118798059102787e+00 1.676509409692446470e+09
9.253739986039693832e+00 1.646753621465499878e+09
9.346277385900089385e+00 1.644771197700933218e+09
9.439740159759089977e+00 1.576098016288284540e+09
9.534137561356683221e+00 1.594928280930549145e+09
9.629478936970249592e+00 1.533851407222998857e+09
9.725773726339950187e+00 1.535809968095990896e+09
9.823031463603349778e+00 1.491503268528683186e+09
9.921261778239381712e+00 1.422868344152065992e+09
1.002047439602177548e+01 1.417024070492656469e+09
1.012067913998199487e+01 1.336106155972168684e+09
1.022188593138181290e+01 1.306547403203948975e+09
1.032410479069563181e+01 1.222878120330041409e+09
1.042734583860258724e+01 1.159716110256847382e+09
1.053161929698861421e+01 1.180674028640102863e+09
1.063693548995849980e+01 1.168716005070184231e+09
1.074330484485808412e+01 1.133642668784288883e+09
1.085073789330666472e+01 1.110488337583157778e+09
1.095924527223973222e+01 1.026992345902353406e+09
1.106883772496212970e+01 1.014556699171319366e+09
1.117952610221174936e+01 1.005098322607924581e+09
1.129132136323386781e+01 9.669900546703802347e+08
1.140423457686620701e+01 9.635070946468166113e+08
1.151827692263487002e+01 9.072898889267404079e+08
1.163345969186121920e+01 8.728047458553915024e+08
1.174979428877982990e+01 7.981537856067832708e+08
1.186729223166762992e+01 8.050119918545184135e+08
1.198596515398430462e+01 7.928850390425950289e+08
1.210582480552414708e+01 7.471290450715867281e+08
1.222688305357938887e+01 7.295203476620000601e+08
1.234915188411518194e+01 6.902404182153545618e+08
1.247264340295633467e+01 6.459346560852024555e+08
1.259736983698589619e+01 6.258305621203101873e+08
1.272334353535575424e+01 6.186693144732246399e+08
1.285057697070931226e+01 5.995050902167849541e+08
1.297908274041640553e+01 5.635229485962151289e+08
1.310887356782057012e+01 5.587807610392305851e+08
1.323996230349877479e+01 5.150667300862303972e+08
1.337236192653376321e+01 5.050826662650225759e+08
1.350608554579910248e+01 4.678381854509227872e+08
1.364114640125709244e+01 4.678842981511247754e+08
1.377755786526966197e+01 4.448531797863782048e+08
1.391533344392236238e+01 4.281255348058898449e+08
1.405448677836158211e+01 4.130239208043082356e+08
1.419503164614519974e+01 3.829601554042883515e+08
1.433698196260665192e+01 3.787394322363814116e+08
1.448035178223271835e+01 3.473556108543797731e+08
1.462515530005504516e+01 3.471109871712893248e+08
1.477140685305559664e+01 3.422585156814731359e+08
1.491912092158615089e+01 2.956793352093201280e+08
1.506831213080201159e+01 3.157952463580530286e+08
1.521899525211003024e+01 3.032514993338981271e+08
1.537118520463113214e+01 2.862658425817256570e+08
1.552489705667744246e+01 2.755978288815430999e+08
1.568014602724421813e+01 2.644208002920142710e+08
1.583694748751665848e+01 2.620434736338816285e+08
1.599531696239182388e+01 2.501156888249607384e+08
1.615527013201574391e+01 2.388957697248634100e+08
1.631682283333590178e+01 2.339570095541360080e+08
1.647999106166925998e+01 2.212840388905078471e+08
1.664479097228595350e+01 2.093734407630240321e+08
1.681123888200881211e+01 2.142539303693398833e+08
1.697935127082889650e+01 2.057918013079271019e+08
1.714914478353718863e+01 1.867006703858676553e+08
1.732063623137256059e+01 1.809056002955724597e+08
1.749384259368628847e+01 1.812543276501455903e+08
1.766878101962314673e+01 1.705860392726120949e+08
1.784546882981938509e+01 1.683734777452930808e+08
1.802392351811757720e+01 1.629081432778714001e+08
1.820416275329875333e+01 1.528176797856881917e+08
1.838620438083173880e+01 1.511949857307588756e+08
1.857006642464005353e+01 1.346955839416861236e+08
1.875576708888645427e+01 1.391012333390699625e+08
1.894332475977532226e+01 1.336635658135632575e+08
1.913275800737307719e+01 1.332369280046716183e+08
1.969740769490774923e+01 1.129583103086768240e+08
2.068227807965313403e+01 9.444407160939688981e+07
2.171639198363579126e+01 7.807665056548063457e+07
2.280221158281758420e+01 6.690554321030368656e+07
2.394232216195846163e+01 5.525323967986441404e+07
2.513943827005638454e+01 4.546820447111658752e+07
2.639641018355920465e+01 3.839049349620891362e+07
2.771623069273716311e+01 3.216546515903171524e+07
2.910204222737402446e+01 2.665775152260130644e+07
3.055714433874272729e+01 2.155656342705555633e+07
3.208500155567985956e+01 1.889778848671132326e+07
3.368925163346385432e+01 1.510140922180130705e+07
3.537371421513704206e+01 1.217086414309083298e+07
3.714239992589390482e+01 1.043345592419302277e+07
3.899951992218858976e+01 8.765644616894409060e+06
4.094949591829801960e+01 7.046268781856248155e+06
4.299697071421292094e+01 5.846070708716102876e+06
4.514681924992356699e+01 4.854762924934958108e+06
4.740416021241974676e+01 4.045224427686410490e+06
4.977436822304073161e+01 3.318758665580002125e+06
5.226308663419276712e+01 2.798955298756443895e+06
5.487624096590241152e+01 2.317254334842881188e+06
5.762005301419753067e+01 1.900668135065424489e+06
6.050105566490740472e+01 1.627583243466072949e+06
6.352610844815276891e+01 1.287472662233168259e+06
6.670241387056040594e+01 1.094421204851242714e+06
7.003753456408843192e+01 9.229273002879201667e+05
7.353941129229284002e+01 7.416508231216695858e+05
7.721638185690748912e+01 6.194269147296996089e+05
8.107720094975286429e+01 5.112460744636954041e+05
8.513106099724051035e+01 4.279599755576238385e+05
8.938761404710253089e+01 3.768340480798361241e+05
9.385699474945765530e+01 2.917948566943086917e+05
