3.401114059005487245e-01 3.755669837827353668e+10
3.435125199595542300e-01 3.974407230422710419e+10
3.469476451591497201e-01 4.393050101550312805e+10
3.504171216107412334e-01 4.854818112989614868e+10
3.539212928268486436e-01 5.417803343728820038e+10
3.574605057551171750e-01 5.478809018485546112e+10
3.610351108126682584e-01 6.291354787726084137e+10
3.646454619207949999e-01 6.907294773974853516e+10
3.682919165400029282e-01 7.554974912413313293e+10
3.719748357054029064e-01 7.584520013130773926e+10
3.756945840624569266e-01 8.354835615908682251e+10
3.794515299030815081e-01 9.610577676728137207e+10
3.832460452021123065e-01 9.816496980092272949e+10
3.870785056541334312e-01 1.072051384442386322e+11
3.909492907106748016e-01 1.193800884120998993e+11
3.948587836177815391e-01 1.344426541699101410e+11
3.988073714539593917e-01 1.447788060548777466e+11
4.027954451684989667e-01 1.555228809402412720e+11
4.068233996201839342e-01 1.677031995232097168e+11
4.108916336163858096e-01 1.800706561453882446e+11
4.150005499525497021e-01 1.937546248970078125e+11
4.191505554520751908e-01 2.081925266904864502e+11
4.233420610065958822e-01 2.158103569958016357e+11
4.275754816166618122e-01 2.372070710170936890e+11
4.318512364328284114e-01 2.526243124136431274e+11
4.361697487971567533e-01 2.687896910735227356e+11
4.405314462851282475e-01 2.857423191977888794e+11
4.449367607479796094e-01 3.036651260522918091e+11
4.493861283554593800e-01 3.215265415586567993e+11
4.538799896390139921e-01 3.413287261168145142e+11
4.584187895354041031e-01 3.611553960215410156e+11
4.630029774307581336e-01 3.815678540897399292e+11
4.676330072050656761e-01 4.032705088580628662e+11
4.723093372771162701e-01 4.272553523867941284e+11
4.770324306498874289e-01 4.500773247349465332e+11
4.818027549563863032e-01 4.739483321005578003e+11
4.866207825059500891e-01 4.994670897776929321e+11
4.914869903310095656e-01 5.285266100142749634e+11
4.964018602343197584e-01 5.544602180575407715e+11
5.013658788366629482e-01 5.813515323736356201e+11
5.063795376250295188e-01 6.116847184943817139e+11
5.114433330012797541e-01 6.437554540956251221e+11
5.165577663312926893e-01 6.693857832263936768e+11
5.217233439946056262e-01 7.042627740789111328e+11
5.269405774345515825e-01 7.376321428456756592e+11
5.322099832088971194e-01 7.713721671906401367e+11
5.375320830409860973e-01 8.027594268639248047e+11
5.429074038713960215e-01 8.351647782029698486e+11
5.483364779101099762e-01 8.657681291425805664e+11
5.538198426892112503e-01 9.047468439477518311e+11
5.593580411161032107e-01 9.351687145277615967e+11
5.649516215272641917e-01 9.629145197439071045e+11
5.706011377425368458e-01 1.003335152052906860e+12
5.763071491199621699e-01 1.044030846621148804e+12
5.820702206111618704e-01 1.086901476105717041e+12
5.878909228172733981e-01 1.110935827529281982e+12
5.937698320454461998e-01 1.142467324928301270e+12
5.997075303659007428e-01 1.186434018478295898e+12
6.057046056695597480e-01 1.237366865045577393e+12
6.117616517262552955e-01 1.290240054413385010e+12
6.178792682435179096e-01 1.308527364854688721e+12
6.240580609259530620e-01 1.335617163405290771e+12
6.302986415352126448e-01 1.389550776652073975e+12
6.366016279505647413e-01 1.445799729759722168e+12
6.429676442300703565e-01 1.495628170786226074e+12
6.493973206723711034e-01 1.540243184344565918e+12
6.558912938790947278e-01 1.578666419543092529e+12
6.624502068178856895e-01 1.604809593049674316e+12
6.690747088860645730e-01 1.634359648867212402e+12
6.757654559749252110e-01 1.674436511861715088e+12
6.825231105346745153e-01 1.723209509102281006e+12
6.893483416400212338e-01 1.774950578438599121e+12
6.962418250564214039e-01 1.826779191935181396e+12
7.032042433069857212e-01 1.872414966078919922e+12
7.102362857400554841e-01 1.892482431815050293e+12
7.173386485974559967e-01 1.923872281478450439e+12
7.245120350834306500e-01 1.971105714143549561e+12
7.317571554342650053e-01 2.023825965656930176e+12
7.390747269886076554e-01 2.070401867308225098e+12
7.464654742584937441e-01 2.107449303745409668e+12
7.539301290010786971e-01 2.140242965881304688e+12
7.614694302910893775e-01 2.164204085671831055e+12
7.690841245940003290e-01 2.187429237198158691e+12
7.767749658399403234e-01 2.216417496390843750e+12
7.845427154983398710e-01 2.251928895160476074e+12
7.923881426533231354e-01 2.289305227332356934e+12
8.003120240798563545e-01 2.326984965833487793e+12
8.083151443206548770e-01 2.358442263124654297e+12
8.163982957638614701e-01 2.382633045391000977e+12
8.245622787215000082e-01 2.395438961820947754e+12
8.328079015087149761e-01 2.417541917823564453e+12
8.411359805238021181e-01 2.441023054042157715e+12
8.495473403290402237e-01 2.462346875236913086e+12
8.580428137323306004e-01 2.492917311790413574e+12
8.666232418696537820e-01 2.518696310842113281e+12
8.752894742883503554e-01 2.534406579256840332e+12
8.840423690312340099e-01 2.536722171957027832e+12
8.928827927215462479e-01 2.541698764360040527e+12
9.018116206487618580e-01 2.558747844254217285e+12
9.108297368552494833e-01 2.573394324981495117e+12
9.199380342238018260e-01 2.584618989907803711e+12
9.291374145660399320e-01 2.602897583196893066e+12
9.384287887117003235e-01 2.611179568176326172e+12
9.478130765988174167e-01 2.613868705648420898e+12
9.572912073648053299e-01 2.613414738204289062e+12
9.668641194384535176e-01 2.611560653061141113e+12
9.765327606328380039e-01 2.621853617721115234e+12
9.862980882391664261e-01 2.628937874277183594e+12
9.961610691215579960e-01 2.632405538248212402e+12
1.006122679812773590e+00 2.638896151807085449e+12
1.016183906610901300e+00 2.631112632878230957e+12
1.026345745677010202e+00 2.626559267494634277e+12
1.036609203133780355e+00 2.614488637487678223e+12
1.046975295165118336e+00 2.601766945233659668e+12
1.057445048116769204e+00 2.589456747992021973e+12
1.068019498597936989e+00 2.582527861099327637e+12
1.078699693583916597e+00 2.572004982312944336e+12
1.089486690519755552e+00 2.566224937972453613e+12
1.100381557424953138e+00 2.565494701491674805e+12
1.111385372999202481e+00 2.556195936635483887e+12
1.122499226729194666e+00 2.541959088872654785e+12
1.133724218996486455e+00 2.528309668136819824e+12
1.145061461186451135e+00 2.512107298599872559e+12
1.156512075798315831e+00 2.494710976857010742e+12
1.168077196556299047e+00 2.475285709436173340e+12
1.179757968521861988e+00 2.458929530481943359e+12
1.191555548207080761e+00 2.443148330212875000e+12
1.203471103689151889e+00 2.418454962372259277e+12
1.215505814726043354e+00 2.393935219059981934e+12
1.227660872873303610e+00 2.369611298514873535e+12
1.239937481602036762e+00 2.351165191331922363e+12
1.252336856418057032e+00 2.329708295811795410e+12
1.264860224982237824e+00 2.304507701282545898e+12
1.277508827232060051e+00 2.276844652472459961e+12
1.290283915504380818e+00 2.254475244572061035e+12
1.303186754659424462e+00 2.227891885742246582e+12
1.316218622206019040e+00 2.201999205379500977e+12
1.329380808428079153e+00 2.190349654534524902e+12
1.342674616512359975e+00 2.182888751175028564e+12
1.356101362677483380e+00 2.161904470432879883e+12
1.369662376304258355e+00 2.137084146634962402e+12
1.383359000067300837e+00 2.109646053627128174e+12
1.397192590067974027e+00 2.084776953692894531e+12
1.411164515968653665e+00 2.059881235498162842e+12
1.425276161128340213e+00 2.033698825824259521e+12
1.439528922739623740e+00 2.004108688102252930e+12
1.453924211967019708e+00 1.975198436041560547e+12
1.468463454086690101e+00 1.948705835205324707e+12
1.483148088627556760e+00 1.919008123701079834e+12
1.497979569513832487e+00 1.888523727099575928e+12
1.512959365208970564e+00 1.856896155714776855e+12
1.528088958861060442e+00 1.826171486869800781e+12
1.543369848449671178e+00 1.796465305629781494e+12
1.558803546934167894e+00 1.764644492560987793e+12
1.574391582403509737e+00 1.731145125037543701e+12
1.590135498227544852e+00 1.698467423596555420e+12
1.606036853209820148e+00 1.666323576645096680e+12
1.622097221741918505e+00 1.632657956747274414e+12
1.638318193959337421e+00 1.597843573603135498e+12
1.654701375898931071e+00 1.563123929647063232e+12
1.671248389657920441e+00 1.529406344734562012e+12
1.687960873554499530e+00 1.500630785351780029e+12
1.704840482290044701e+00 1.476704665543460449e+12
1.721888887112944966e+00 1.456939544567383301e+12
1.739107775984074289e+00 1.431905123347434570e+12
1.756498853743915012e+00 1.409452948173653076e+12
1.774063842281354608e+00 1.386330312800311523e+12
1.791804480704168201e+00 1.361038078749736084e+12
1.809722525511209934e+00 1.336132355871133545e+12
1.827819750766321860e+00 1.309353392490847900e+12
1.846097948273984990e+00 1.284689977597958252e+12
1.864558927756724938e+00 1.259030217566605469e+12
1.883204517034292147e+00 1.231581733594664062e+12
1.902036562204635128e+00 1.205349307824976074e+12
1.921056927826681582e+00 1.179826317232677734e+12
1.940267497104948502e+00 1.153878083011906982e+12
1.959670172075998140e+00 1.126367179878994385e+12
1.979266873796758031e+00 1.102781527628436523e+12
1.999059542534725509e+00 1.077573719585129272e+12
2.019050137960073155e+00 1.053720943282643188e+12
2.039240639339673589e+00 1.029912221750631958e+12
2.059633045733070489e+00 1.006948861893847778e+12
2.080229376190401158e+00 9.841362068616391602e+11
2.101031669952305059e+00 9.607507419302553711e+11
2.122041986651828083e+00 9.380241159840179443e+11
2.143262406518346097e+00 9.150544141759473877e+11
2.164695030583529967e+00 8.916284270605620117e+11
2.186341980889365377e+00 8.687408494593504639e+11
2.208205400698258991e+00 8.455522317124079590e+11
2.230287454705241146e+00 8.223078527641708984e+11
2.252590329252293522e+00 8.002295854953696289e+11
2.275116232544817318e+00 7.786796209860654297e+11
2.297867394870265034e+00 7.593485693864765625e+11
2.320846068818967822e+00 7.414282448422421875e+11
2.344054529507157536e+00 7.237008964614268799e+11
2.367495074802228761e+00 7.060218555760683594e+11
2.391170025550251044e+00 6.897903153105913086e+11
2.415081725805753532e+00 6.736055341446446533e+11
2.439232543063811764e+00 6.573920452905576172e+11
2.463624868494449949e+00 6.406878840170819092e+11
2.488261117179394244e+00 6.238958459384052734e+11
2.513143728351188155e+00 6.075366786848037109e+11
2.538275165634700237e+00 5.914319551952158203e+11
2.563657917291046751e+00 5.757836750958371582e+11
2.589294496463957262e+00 5.604041037334364014e+11
2.615187441428596937e+00 5.454932569938874512e+11
2.641339315842882840e+00 5.308807780505038452e+11
2.667752709001311562e+00 5.163557790555228271e+11
2.694430236091324815e+00 5.019714827721987305e+11
2.721374538452237868e+00 4.879566433082247925e+11
2.748588283836760127e+00 4.743618623233023682e+11
2.776074166675128296e+00 4.611573325378846436e+11
2.803834908341879206e+00 4.482737902014740601e+11
2.831873257425297830e+00 4.355970241619519653e+11
2.860191989999551154e+00 4.232976855306043701e+11
2.888793909899546541e+00 4.113652606836281128e+11
2.917681848998542549e+00 3.994288683939100342e+11
2.946858667488527761e+00 3.880655895528998413e+11
2.976327254163412928e+00 3.767830704226291504e+11
3.006090526705047061e+00 3.660439060625325317e+11
3.036151431972097470e+00 3.552427477253256836e+11
3.066512946291818587e+00 3.450639661609991455e+11
3.097178075754736692e+00 3.349240680077009888e+11
3.128149856512283833e+00 3.251367632530785522e+11
3.159431355077406689e+00 3.156379260661322632e+11
3.191025668628181045e+00 3.062610065189694214e+11
3.222935925314462935e+00 2.973349067070877686e+11
3.255165284567607564e+00 2.884894072417971802e+11
3.287716937413283524e+00 2.799300468998886719e+11
3.320594106787416067e+00 2.715590955886918945e+11
3.353800047855290511e+00 2.634062790536846619e+11
3.387338048333843332e+00 2.554293154864731140e+11
3.421211428817182210e+00 2.476998703133957214e+11
3.455423543105353712e+00 2.400861340088738708e+11
3.489977778536407005e+00 2.327303514963198242e+11
3.524877556321771355e+00 2.255393080480725098e+11
3.560126331884988726e+00 2.185292368434494019e+11
3.595727595203838334e+00 2.117005377120405579e+11
3.631684871155877570e+00 2.050753497222331543e+11
3.668001719867436616e+00 1.986039660629262695e+11
3.704681737066110259e+00 1.923081160544945984e+11
3.741728554436771326e+00 1.861173785247780457e+11
3.779145839981139510e+00 1.801068216323771667e+11
3.816937298380950860e+00 1.743489313376522827e+11
3.855106671364760818e+00 1.687301754898144226e+11
3.893657738078407426e+00 1.632965464266314697e+11
3.932594315459191581e+00 1.581239262522302856e+11
3.971920258613783616e+00 1.532356743881721802e+11
4.011639461199922430e+00 1.483792063749358521e+11
4.051755855811920881e+00 1.437479441286282043e+11
4.092273414370040108e+00 1.392675285009300842e+11
4.133196148513740731e+00 1.347751505956814880e+11
4.174528109998877135e+00 1.305044159015959015e+11
4.216273391098866341e+00 1.263361323268641510e+11
4.258436125009854578e+00 1.223554296433169250e+11
4.301020486259953479e+00 1.183092078931773834e+11
4.344030691122553023e+00 1.144817117926129303e+11
4.387470998033777825e+00 1.107824426526697693e+11
4.431345708014116092e+00 1.071329928090375366e+11
4.475659165094256764e+00 1.035976577372676544e+11
4.520415756745198799e+00 1.001967208265172272e+11
4.565619914312651240e+00 9.688439062856819153e+10
4.611276113455778258e+00 9.364933997674299622e+10
4.657388874590335348e+00 9.058732874938935852e+10
4.703962763336238417e+00 8.759184295559072876e+10
4.751002390969600420e+00 8.471108033869067383e+10
4.798512414879296806e+00 8.190011672877908325e+10
4.846497539028090884e+00 7.919815829015977478e+10
4.894962514418371491e+00 7.655340613548493958e+10
4.943912139562555375e+00 7.401583404316810608e+10
4.993351260958180937e+00 7.154697335517832947e+10
5.043284773567762613e+00 6.914675101055235291e+10
5.093717621303440524e+00 6.683143503293759918e+10
5.144654797516475142e+00 6.458103681100006866e+10
5.196101345491639378e+00 6.241768249385599518e+10
5.248062358946555150e+00 6.030595027238843536e+10
5.300542982536021519e+00 5.827144856585659027e+10
5.353548412361381459e+00 5.630653106153546143e+10
5.407083896484995655e+00 5.439705021066950989e+10
5.461154735449845532e+00 5.255772611259468079e+10
5.515766282804344556e+00 5.077293444216773987e+10
5.570923945632387131e+00 4.904542076616689301e+10
5.626633185088711464e+00 4.737527590666388702e+10
5.682899516939598605e+00 4.576105290019416809e+10
5.739728512108993819e+00 4.418883615465288544e+10
5.797125797230084032e+00 4.268318846521916199e+10
5.855097055202384659e+00 4.120960160047336578e+10
5.913648025754409510e+00 3.981063305610330200e+10
5.972784506011953987e+00 3.843620852791651917e+10
6.032512351072073287e+00 3.712242792425624084e+10
6.092837474582792900e+00 3.584196665387228394e+10
6.153765849328621584e+00 3.460951784291677856e+10
6.215303507821907658e+00 3.341103512803304672e+10
6.277456542900125669e+00 3.225604020745433426e+10
6.340231108329128062e+00 3.113424011063435364e+10
6.403633419412418704e+00 3.004926472774016953e+10
6.467669753606543281e+00 2.899057406139681244e+10
6.532346451142608146e+00 2.796731256434149933e+10
6.597669915654034156e+00 2.697117555040068054e+10
6.663646614810574853e+00 2.601785028154269409e+10
6.730283080958680664e+00 2.511913278203089142e+10
6.797585911768267763e+00 2.422680629538454437e+10
6.865561770885950210e+00 2.338004825121454239e+10
6.934217388594810849e+00 2.255656252403037643e+10
7.003559562480758949e+00 2.176957200613390350e+10
7.073595158105566050e+00 2.100037729329102707e+10
7.144331109686621772e+00 2.026174143403874588e+10
7.215774420783487741e+00 1.954756414405774689e+10
7.287932164991324235e+00 1.885554893901952362e+10
7.360811486641236634e+00 1.818966491984607697e+10
7.434419601507648245e+00 1.754580657960742950e+10
7.508763797522725270e+00 1.692230278170934296e+10
7.583851435497953375e+00 1.632125022837499046e+10
7.659689949852931612e+00 1.574102043903627396e+10
7.736286849351461825e+00 1.517956779516503906e+10
7.813649717844977083e+00 1.464561773725156403e+10
7.891786215023426365e+00 1.411403669418467522e+10
7.970704077173661695e+00 1.361145400639789200e+10
8.050411117945397876e+00 1.312580006416046524e+10
8.130915229124850541e+00 1.265316069149225807e+10
8.212224381416099561e+00 1.220072337773260307e+10
8.294346625230261338e+00 1.176136803912406731e+10
8.377290091482562318e+00 1.133951372906702232e+10
8.461062992397387461e+00 1.093210789994742584e+10
8.545673622321363183e+00 1.053857582380099297e+10
8.631130358544575998e+00 1.016155780337863350e+10
8.717441662130022806e+00 9.795000040269271851e+09
8.804616078751321240e+00 9.442685994228292465e+09
8.892662239538834612e+00 9.104156452312320709e+09
8.981588861934222123e+00 8.775659928613992691e+09
9.071404750553567098e+00 8.460414369087131500e+09
9.162118798059102787e+00 8.154071680005690575e+09
9.253739986039693832e+00 7.859289234211458206e+09
9.346277385900089385e+00 7.574542744108219147e+09
9.439740159759089977e+00 7.299857504852777481e+09
9.534137561356683221e+00 7.036664398679124832e+09
9.629478936970249592e+00 6.778580001233170509e+09
9.725773726339950187e+00 6.533878505684270859e+09
9.823031463603349778e+00 6.295402572711650848e+09
9.921261778239381712e+00 6.064965156750815392e+09
1.002047439602177548e+01 5.844931404654264450e+09
1.012067913998199487e+01 5.630395482387859344e+09
1.022188593138181290e+01 5.425964674312438011e+09
1.032410479069563181e+01 5.225970699777170181e+09
1.042734583860258724e+01 5.035555945211554527e+09
1.053161929698861421e+01 4.850324713829175949e+09
1.063693548995849980e+01 4.672829274256345749e+09
1.074330484485808412e+01 4.500837237703513145e+09
1.085073789330666472e+01 4.336451719262216568e+09
1.095924527223973222e+01 4.175475533848673344e+09
1.106883772496212970e+01 4.022692961038610935e+09
1.117952610221174936e+01 3.874339879840667725e+09
1.129132136323386781e+01 3.732148687418919563e+09
1.140423457686620701e+01 3.594637468519497871e+09
1.151827692263487002e+01 3.461618692790052891e+09
1.163345969186121920e+01 3.334239283377036095e+09
1.174979428877982990e+01 3.211034798409288406e+09
1.186729223166762992e+01 3.092639337659185886e+09
1.198596515398430462e+01 2.979129193197025776e+09
1.210582480552414708e+01 2.868920650421892643e+09
1.222688305357938887e+01 2.763111851890309811e+09
1.234915188411518194e+01 2.660601857746052742e+09
1.247264340295633467e+01 2.562091992177980423e+09
1.259736983698589619e+01 2.467868017871866703e+09
1.272334353535575424e+01 2.376115083402843475e+09
1.285057697070931226e+01 2.288216418601876736e+09
1.297908274041640553e+01 2.202994390057399750e+09
1.310887356782057012e+01 2.121556786633790493e+09
1.323996230349877479e+01 2.042647241020024300e+09
1.337236192653376321e+01 1.966817300206015825e+09
1.350608554579910248e+01 1.893636798561663151e+09
1.364114640125709244e+01 1.823899003657816648e+09
1.377755786526966197e+01 1.755388585536070108e+09
1.391533344392236238e+01 1.690564999733921528e+09
1.405448677836158211e+01 1.627708091464226484e+09
1.419503164614519974e+01 1.566112302498137951e+09
1.433698196260665192e+01 1.508652295278986931e+09
1.448035178223271835e+01 1.452163849594958067e+09
1.462515530005504516e+01 1.397626665104438305e+09
1.477140685305559664e+01 1.346062573515022278e+09
1.491912092158615089e+01 1.295479969553185463e+09
1.506831213080201159e+01 1.247402235805639982e+09
1.521899525211003024e+01 1.200624467658806562e+09
1.537118520463113214e+01 1.155605699451236725e+09
1.552489705667744246e+01 1.112678157855526447e+09
1.568014602724421813e+01 1.070828480987774611e+09
1.583694748751665848e+01 1.030876034418607116e+09
1.599531696239182388e+01 9.920438211006101370e+08
1.615527013201574391e+01 9.547130891312558651e+08
1.631682283333590178e+01 9.194371959610157013e+08
1.647999106166925998e+01 8.846594906927639246e+08
1.664479097228595350e+01 8.514860691265653372e+08
1.681123888200881211e+01 8.196976297921557426e+08
1.697935127082889650e+01 7.890042087720417976e+08
1.714914478353718863e+01 7.592509312201304436e+08
1.732063623137256059e+01 7.305532961209146976e+08
1.749384259368628847e+01 7.033812230198483467e+08
1.766878101962314673e+01 6.767012513487638235e+08
1.784546882981938509e+01 6.515750007244894505e+08
1.802392351811757720e+01 6.268816376778544188e+08
1.820416275329875333e+01 6.032729499898045063e+08
1.838620438083173880e+01 5.805811614020898342e+08
1.857006642464005353e+01 5.586317137821882963e+08
1.875576708888645427e+01 5.376787802862309217e+08
1.894332475977532226e+01 5.174111118767648339e+08
1.913275800737307719e+01 4.980016438257951140e+08
1.969740769490774923e+01 4.450317222892019153e+08
2.068227807965313403e+01 3.685748505956863761e+08
2.171639198363579126e+01 3.051011262270849943e+08
2.280221158281758420e+01 2.524552485145840049e+08
2.394232216195846163e+01 2.088209373143718243e+08
2.513943827005638454e+01 1.726875420285202265e+08
2.639641018355920465e+01 1.427440925085289180e+08
2.771623069273716311e+01 1.179811966537436396e+08
2.910204222737402446e+01 9.749109479037179053e+07
3.055714433874272729e+01 8.052648879298727214e+07
3.208500155567985956e+01 6.651330567137703300e+07
3.368925163346385432e+01 5.491253037460099906e+07
3.537371421513704206e+01 4.534731369421048462e+07
3.714239992589390482e+01 3.743994798844468594e+07
3.899951992218858976e+01 3.091155441515047476e+07
4.094949591829801960e+01 2.551813559247018024e+07
4.299697071421292094e+01 2.105955145386023447e+07
4.514681924992356699e+01 1.738043934011033550e+07
4.740416021241974676e+01 1.433818192185032554e+07
4.977436822304073161e+01 1.182755881306858733e+07
5.226308663419276712e+01 9.754017247465899214e+06
5.487624096590241152e+01 8.044543973713178188e+06
5.762005301419753067e+01 6.632191919151383452e+06
6.050105566490740472e+01 5.468061779095481150e+06
6.352610844815276891e+01 4.507209121526172385e+06
6.670241387056040594e+01 3.714120455375190359e+06
7.003753456408843192e+01 3.061003069586540572e+06
7.353941129229284002e+01 2.522670522907758132e+06
7.721638185690748912e+01 2.077071219868835295e+06
8.107720094975286429e+01 1.712037053578369319e+06
8.513106099724051035e+01 1.410246864934981102e+06
8.938761404710253089e+01 1.160201187050943496e+06
9.385699474945765530e+01 9.551532169782614801e+05
