3.401114059005487245e-01 1.823004383276313721e+12
3.435125199595542300e-01 2.385515365643042969e+12
3.469476451591497201e-01 2.197800597544278320e+12
3.504171216107412334e-01 2.300115253352312988e+12
3.539212928268486436e-01 2.615091961325212402e+12
3.574605057551171750e-01 3.946548648847760254e+12
3.610351108126682584e-01 3.426487795532855957e+12
3.646454619207949999e-01 3.391680872617539062e+12
3.682919165400029282e-01 3.368215290555250000e+12
3.719748357054029064e-01 4.754237542027835938e+12
3.756945840624569266e-01 4.811038439969070312e+12
3.794515299030815081e-01 3.994270507194984375e+12
3.832460452021123065e-01 5.440880543286222656e+12
3.870785056541334312e-01 4.928810458897084961e+12
3.909492907106748016e-01 4.427403094862223633e+12
3.948587836177815391e-01 3.666366902425957520e+12
3.988073714539593917e-01 3.382330203281573242e+12
4.027954451684989667e-01 3.434560796669064941e+12
4.068233996201839342e-01 4.195349919553044434e+12
4.108916336163858096e-01 3.165268376163664062e+12
4.150005499525497021e-01 3.883006062916587402e+12
4.191505554520751908e-01 4.304579625679799805e+12
4.233420610065958822e-01 4.467894261774462891e+12
4.275754816166618122e-01 4.444742972296816406e+12
4.318512364328284114e-01 4.558264627828826172e+12
4.361697487971567533e-01 3.914801009247106934e+12
4.405314462851282475e-01 4.857806014308970703e+12
4.449367607479796094e-01 4.352984262066185059e+12
4.493861283554593800e-01 3.951447769337333008e+12
4.538799896390139921e-01 3.776915706977507812e+12
4.584187895354041031e-01 3.880812020602818359e+12
4.630029774307581336e-01 3.814174502720937988e+12
4.676330072050656761e-01 3.983841879512173828e+12
4.723093372771162701e-01 4.151282098389558594e+12
4.770324306498874289e-01 4.140488687312535156e+12
4.818027549563863032e-01 4.275239680571333984e+12
4.866207825059500891e-01 4.772017112358957031e+12
4.914869903310095656e-01 5.096180577681483398e+12
4.964018602343197584e-01 5.184279364072267578e+12
5.013658788366629482e-01 5.485879260903469727e+12
5.063795376250295188e-01 5.792532653201362305e+12
5.114433330012797541e-01 6.079251671992118164e+12
5.165577663312926893e-01 6.763497016577563477e+12
5.217233439946056262e-01 6.498720896145440430e+12
5.269405774345515825e-01 6.544979301027950195e+12
5.322099832088971194e-01 6.209341180116151367e+12
5.375320830409860973e-01 6.443854415144175781e+12
5.429074038713960215e-01 7.105333947434179688e+12
5.483364779101099762e-01 6.368716115082727539e+12
5.538198426892112503e-01 6.158903333403919922e+12
5.593580411161032107e-01 6.568413582183366211e+12
5.649516215272641917e-01 6.385098953905135742e+12
5.706011377425368458e-01 6.256381901550853516e+12
5.763071491199621699e-01 6.381172946097068359e+12
5.820702206111618704e-01 6.350070257317176758e+12
5.878909228172733981e-01 6.662991846488950195e+12
5.937698320454461998e-01 6.767282595403772461e+12
5.997075303659007428e-01 6.874403052357982422e+12
6.057046056695597480e-01 6.759483149118871094e+12
6.117616517262552955e-01 7.020544207828068359e+12
6.178792682435179096e-01 7.221202338038153320e+12
6.240580609259530620e-01 7.644319523936240234e+12
6.302986415352126448e-01 7.324353354300879883e+12
6.366016279505647413e-01 7.437401215288945312e+12
6.429676442300703565e-01 7.410211385294468750e+12
6.493973206723711034e-01 7.482501944011995117e+12
6.558912938790947278e-01 7.402654335736842773e+12
6.624502068178856895e-01 7.603757657636000977e+12
6.690747088860645730e-01 7.778068234116924805e+12
6.757654559749252110e-01 7.766739694891455078e+12
6.825231105346745153e-01 7.918944227146564453e+12
6.893483416400212338e-01 7.741949988814220703e+12
6.962418250564214039e-01 7.849048969290958984e+12
7.032042433069857212e-01 7.869936631436378906e+12
7.102362857400554841e-01 8.023179455694807617e+12
7.173386485974559967e-01 8.182100148736055664e+12
7.245120350834306500e-01 8.050594789119387695e+12
7.317571554342650053e-01 8.089531169386131836e+12
7.390747269886076554e-01 8.052688606094397461e+12
7.464654742584937441e-01 8.122918140692537109e+12
7.539301290010786971e-01 8.013936101605110352e+12
7.614694302910893775e-01 7.999625962931532227e+12
7.690841245940003290e-01 8.084599219035585938e+12
7.767749658399403234e-01 8.081977933513536133e+12
7.845427154983398710e-01 8.036260705218874023e+12
7.923881426533231354e-01 8.122190901511027344e+12
8.003120240798563545e-01 7.988699385882343750e+12
8.083151443206548770e-01 8.068583542563084961e+12
8.163982957638614701e-01 7.940302423700426758e+12
8.245622787215000082e-01 8.038796323817331055e+12
8.328079015087149761e-01 8.186688755969543945e+12
8.411359805238021181e-01 8.082484268705192383e+12
8.495473403290402237e-01 8.101025342526666016e+12
8.580428137323306004e-01 7.997889060155732422e+12
8.666232418696537820e-01 8.202412883990791016e+12
8.752894742883503554e-01 7.928536990958964844e+12
8.840423690312340099e-01 8.033740714516231445e+12
8.928827927215462479e-01 7.855710379455192383e+12
9.018116206487618580e-01 7.874989082153023438e+12
9.108297368552494833e-01 7.889608465491979492e+12
9.199380342238018260e-01 7.687520485745425781e+12
9.291374145660399320e-01 7.607352987584005859e+12
9.384287887117003235e-01 7.619123813603335938e+12
9.478130765988174167e-01 7.423662600427701172e+12
9.572912073648053299e-01 7.359692591507889648e+12
9.668641194384535176e-01 7.294194461208682617e+12
9.765327606328380039e-01 7.282290066589862305e+12
9.862980882391664261e-01 7.148455134126357422e+12
9.961610691215579960e-01 7.196462937261933594e+12
1.006122679812773590e+00 7.090162365148595703e+12
1.016183906610901300e+00 6.993087018327598633e+12
1.026345745677010202e+00 6.941210552617333008e+12
1.036609203133780355e+00 6.870509717621673828e+12
1.046975295165118336e+00 6.691837154609060547e+12
1.057445048116769204e+00 6.589236204807484375e+12
1.068019498597936989e+00 6.510250555540613281e+12
1.078699693583916597e+00 6.419804367021916016e+12
1.089486690519755552e+00 6.320660574737023438e+12
1.100381557424953138e+00 6.205956179843704102e+12
1.111385372999202481e+00 6.120431413778216797e+12
1.122499226729194666e+00 6.029281135032170898e+12
1.133724218996486455e+00 5.923530726870709961e+12
1.145061461186451135e+00 5.842266827175823242e+12
1.156512075798315831e+00 5.792315034459259766e+12
1.168077196556299047e+00 5.689910378952383789e+12
1.179757968521861988e+00 5.515007132296536133e+12
1.191555548207080761e+00 5.580536153439278320e+12
1.203471103689151889e+00 5.331595278698060547e+12
1.215505814726043354e+00 5.193669922013468750e+12
1.227660872873303610e+00 5.079293434996714844e+12
1.239937481602036762e+00 4.981273876093774414e+12
1.252336856418057032e+00 4.895902059587214844e+12
1.264860224982237824e+00 4.789978650575182617e+12
1.277508827232060051e+00 4.664484002050976562e+12
1.290283915504380818e+00 4.591242056975619141e+12
1.303186754659424462e+00 4.466489446729723633e+12
1.316218622206019040e+00 4.361647248750657227e+12
1.329380808428079153e+00 4.290555992303042480e+12
1.342674616512359975e+00 4.196661065527475586e+12
1.356101362677483380e+00 4.102728638510525391e+12
1.369662376304258355e+00 4.001371720115781738e+12
1.383359000067300837e+00 3.879581945249230469e+12
1.397192590067974027e+00 3.779794736545028809e+12
1.411164515968653665e+00 3.701417700123943359e+12
1.425276161128340213e+00 3.650742037689264160e+12
1.439528922739623740e+00 3.525497042328801758e+12
1.453924211967019708e+00 3.463290019593265137e+12
1.468463454086690101e+00 3.346475392115701172e+12
1.483148088627556760e+00 3.227879664272072754e+12
1.497979569513832487e+00 3.152063319621812500e+12
1.512959365208970564e+00 3.029155889096150879e+12
1.528088958861060442e+00 2.958796336662278320e+12
1.543369848449671178e+00 2.820473114017765137e+12
1.558803546934167894e+00 2.792410245487370605e+12
1.574391582403509737e+00 2.707320518045386719e+12
1.590135498227544852e+00 2.637456231679461426e+12
1.606036853209820148e+00 2.503801068106006836e+12
1.622097221741918505e+00 2.439222882076409668e+12
1.638318193959337421e+00 2.330479111538157715e+12
1.654701375898931071e+00 2.267776888293576660e+12
1.671248389657920441e+00 2.201506087373439453e+12
1.687960873554499530e+00 2.154270153845846680e+12
1.704840482290044701e+00 2.094132826502222168e+12
1.721888887112944966e+00 2.063900268364772949e+12
1.739107775984074289e+00 2.030949486080591309e+12
1.756498853743915012e+00 2.010669385438740967e+12
1.774063842281354608e+00 1.974571035949819092e+12
1.791804480704168201e+00 1.943420104992954834e+12
1.809722525511209934e+00 1.911057028606811768e+12
1.827819750766321860e+00 1.863867567434706543e+12
1.846097948273984990e+00 1.839976476147087646e+12
1.864558927756724938e+00 1.805617204385043213e+12
1.883204517034292147e+00 1.770849902833295654e+12
1.902036562204635128e+00 1.714379237966876465e+12
1.921056927826681582e+00 1.659109130971011719e+12
1.940267497104948502e+00 1.641955515901004150e+12
1.959670172075998140e+00 1.587993333698716064e+12
1.979266873796758031e+00 1.567570588139811279e+12
1.999059542534725509e+00 1.506061980069031738e+12
2.019050137960073155e+00 1.471674598315998779e+12
2.039240639339673589e+00 1.430719145688032227e+12
2.059633045733070489e+00 1.404373020954305908e+12
2.080229376190401158e+00 1.365300344623730225e+12
2.101031669952305059e+00 1.320180566899241699e+12
2.122041986651828083e+00 1.288817211270584229e+12
2.143262406518346097e+00 1.248686523352854004e+12
2.164695030583529967e+00 1.209628311744071777e+12
2.186341980889365377e+00 1.175597465779985596e+12
2.208205400698258991e+00 1.135638378305633301e+12
2.230287454705241146e+00 1.109899225875915039e+12
2.252590329252293522e+00 1.075669451827946045e+12
2.275116232544817318e+00 1.037962325072822021e+12
2.297867394870265034e+00 1.058570607061467773e+12
2.320846068818967822e+00 1.047699754479971313e+12
2.344054529507157536e+00 1.026589580125397705e+12
2.367495074802228761e+00 1.003488912065258179e+12
2.391170025550251044e+00 1.005004535362441406e+12
2.415081725805753532e+00 9.818799350088316650e+11
2.439232543063811764e+00 9.557250322581108398e+11
2.463624868494449949e+00 9.292288870587851562e+11
2.488261117179394244e+00 9.149899378002661133e+11
2.513143728351188155e+00 8.884175136381828613e+11
2.538275165634700237e+00 8.566372100182073975e+11
2.563657917291046751e+00 8.307414837735900879e+11
2.589294496463957262e+00 8.078962775442901611e+11
2.615187441428596937e+00 7.813200733676984863e+11
2.641339315842882840e+00 7.452946317857918701e+11
2.667752709001311562e+00 7.295621872336214600e+11
2.694430236091324815e+00 7.017859996385383301e+11
2.721374538452237868e+00 6.790466259324205322e+11
2.748588283836760127e+00 6.595977430625802002e+11
2.776074166675128296e+00 6.426174165364681396e+11
2.803834908341879206e+00 6.226469085700112305e+11
2.831873257425297830e+00 6.052312621090225830e+11
2.860191989999551154e+00 5.880911351482553711e+11
2.888793909899546541e+00 5.679785663816730957e+11
2.917681848998542549e+00 5.521016033522990723e+11
2.946858667488527761e+00 5.358435535186733398e+11
2.976327254163412928e+00 5.190938925957979126e+11
3.006090526705047061e+00 5.018128000131323242e+11
3.036151431972097470e+00 4.901480797930308228e+11
3.066512946291818587e+00 4.720340352570168457e+11
3.097178075754736692e+00 4.594538775185822754e+11
3.128149856512283833e+00 4.444715013385707397e+11
3.159431355077406689e+00 4.303206761309448853e+11
3.191025668628181045e+00 4.165417353783894653e+11
3.222935925314462935e+00 4.024449062942900391e+11
3.255165284567607564e+00 3.894891364541945190e+11
3.287716937413283524e+00 3.773560078226844482e+11
3.320594106787416067e+00 3.655856372064758911e+11
3.353800047855290511e+00 3.522990760945606079e+11
3.387338048333843332e+00 3.408638877712309570e+11
3.421211428817182210e+00 3.309355262714735107e+11
3.455423543105353712e+00 3.189278313505682983e+11
3.489977778536407005e+00 3.082853212562411499e+11
3.524877556321771355e+00 2.988022046295075684e+11
3.560126331884988726e+00 2.879832185864734497e+11
3.595727595203838334e+00 2.785010054111600342e+11
3.631684871155877570e+00 2.693646110936416321e+11
3.668001719867436616e+00 2.609382165493814087e+11
3.704681737066110259e+00 2.524498002279188232e+11
3.741728554436771326e+00 2.439005916488576660e+11
3.779145839981139510e+00 2.361990093578515320e+11
3.816937298380950860e+00 2.282525950740048523e+11
3.855106671364760818e+00 2.200165507461438293e+11
3.893657738078407426e+00 2.139688473334963989e+11
3.932594315459191581e+00 2.060211541757113342e+11
3.971920258613783616e+00 2.004814054815270081e+11
4.011639461199922430e+00 1.935030403338786926e+11
4.051755855811920881e+00 1.879171577630982666e+11
4.092273414370040108e+00 1.822167869658064575e+11
4.133196148513740731e+00 1.766677236686759033e+11
4.174528109998877135e+00 1.708673741097639771e+11
4.216273391098866341e+00 1.652662822530748291e+11
4.258436125009854578e+00 1.604037386805199890e+11
4.301020486259953479e+00 1.611251130611207581e+11
4.344030691122553023e+00 1.578234695165244751e+11
4.387470998033777825e+00 1.557238691736603088e+11
4.431345708014116092e+00 1.539800714286153870e+11
4.475659165094256764e+00 1.507327576918880005e+11
4.520415756745198799e+00 1.464446389103700867e+11
4.565619914312651240e+00 1.414657937746277466e+11
4.611276113455778258e+00 1.370571723306117554e+11
4.657388874590335348e+00 1.316415328636165161e+11
4.703962763336238417e+00 1.267631494881695404e+11
4.751002390969600420e+00 1.216897371275110779e+11
4.798512414879296806e+00 1.180111216860134277e+11
4.846497539028090884e+00 1.132313769441568146e+11
4.894962514418371491e+00 1.096514098951288300e+11
4.943912139562555375e+00 1.058492830204729309e+11
4.993351260958180937e+00 1.021401646961191101e+11
5.043284773567762613e+00 9.832543377848197937e+10
5.093717621303440524e+00 9.484005086044654846e+10
5.144654797516475142e+00 9.143309415689859009e+10
5.196101345491639378e+00 8.800251835268563843e+10
5.248062358946555150e+00 8.493551502630541992e+10
5.300542982536021519e+00 8.171548355219136047e+10
5.353548412361381459e+00 7.871471788182728577e+10
5.407083896484995655e+00 7.582991344967303467e+10
5.461154735449845532e+00 7.303619921853561401e+10
5.515766282804344556e+00 7.036791882240209961e+10
5.570923945632387131e+00 6.758182058258036041e+10
5.626633185088711464e+00 6.519901640878461456e+10
5.682899516939598605e+00 6.273693862747671509e+10
5.739728512108993819e+00 6.049100148419469452e+10
5.797125797230084032e+00 5.815211425558150482e+10
5.855097055202384659e+00 5.620575396700404358e+10
5.913648025754409510e+00 5.403988808842292023e+10
5.972784506011953987e+00 5.203743960823889160e+10
6.032512351072073287e+00 5.014440994660823822e+10
6.092837474582792900e+00 4.835816580656958771e+10
6.153765849328621584e+00 4.656704577738018799e+10
6.215303507821907658e+00 4.486054428811196136e+10
6.277456542900125669e+00 4.328537539089936066e+10
6.340231108329128062e+00 4.177874155440462494e+10
6.403633419412418704e+00 4.028378277847275543e+10
6.467669753606543281e+00 3.894127983424819183e+10
6.532346451142608146e+00 3.762455427822523499e+10
6.597669915654034156e+00 3.634620329383472443e+10
6.663646614810574853e+00 3.510944055513514709e+10
6.730283080958680664e+00 3.381737555145305252e+10
6.797585911768267763e+00 3.265191424592337799e+10
6.865561770885950210e+00 3.147909032309578323e+10
6.934217388594810849e+00 3.037952470350661087e+10
7.003559562480758949e+00 2.928814799509579468e+10
7.073595158105566050e+00 2.826114840460503006e+10
7.144331109686621772e+00 2.725600937857653046e+10
7.215774420783487741e+00 2.629444510659866333e+10
7.287932164991324235e+00 2.536932261274321747e+10
7.360811486641236634e+00 2.446640346211788177e+10
7.434419601507648245e+00 2.360259191993933868e+10
7.508763797522725270e+00 2.277025749838747787e+10
7.583851435497953375e+00 2.196816269752305603e+10
7.659689949852931612e+00 2.119004287634133148e+10
7.736286849351461825e+00 2.044384579521020508e+10
7.813649717844977083e+00 1.970550832758271027e+10
7.891786215023426365e+00 1.902907470032227707e+10
7.970704077173661695e+00 1.835184020809697342e+10
8.050411117945397876e+00 1.770099997647966003e+10
8.130915229124850541e+00 1.707737271230214119e+10
8.212224381416099561e+00 1.647172628691173553e+10
8.294346625230261338e+00 1.589009519026991272e+10
8.377290091482562318e+00 1.532403347386252594e+10
8.461062992397387461e+00 1.477859206386977768e+10
8.545673622321363183e+00 1.425317660481675148e+10
8.631130358544575998e+00 1.374022363016032219e+10
8.717441662130022806e+00 1.325298501339728355e+10
8.804616078751321240e+00 1.277828788436232185e+10
8.892662239538834612e+00 1.231851046737549782e+10
8.981588861934222123e+00 1.187882101985945320e+10
9.071404750553567098e+00 1.145130135363241577e+10
9.162118798059102787e+00 1.104155791476909637e+10
9.253739986039693832e+00 1.064576811569507980e+10
9.346277385900089385e+00 1.026400318407433701e+10
9.439740159759089977e+00 9.897120739748344421e+09
9.534137561356683221e+00 9.539476758426397324e+09
9.629478936970249592e+00 9.199529823712080002e+09
9.725773726339950187e+00 8.867969845692977905e+09
9.823031463603349778e+00 8.548902176642116547e+09
9.921261778239381712e+00 8.243023318853512764e+09
1.002047439602177548e+01 7.944995829001903534e+09
1.012067913998199487e+01 7.659919486519643784e+09
1.022188593138181290e+01 7.383145006533367157e+09
1.032410479069563181e+01 7.117589512255378723e+09
1.042734583860258724e+01 6.860490874254357338e+09
1.053161929698861421e+01 6.612576159268272400e+09
1.063693548995849980e+01 6.373031056008993149e+09
1.074330484485808412e+01 6.142806564224719048e+09
1.085073789330666472e+01 5.919561366667510986e+09
1.095924527223973222e+01 5.706397026478293419e+09
1.106883772496212970e+01 5.498542998656633377e+09
1.117952610221174936e+01 5.299357674501760483e+09
1.129132136323386781e+01 5.106382811031434059e+09
1.140423457686620701e+01 4.920846273680131912e+09
1.151827692263487002e+01 4.741523461007602692e+09
1.163345969186121920e+01 4.568752710010947227e+09
1.174979428877982990e+01 4.402693453304647446e+09
1.186729223166762992e+01 4.242120183948440075e+09
1.198596515398430462e+01 4.086226109655843735e+09
1.210582480552414708e+01 3.938269295725847721e+09
1.222688305357938887e+01 3.793506684151402950e+09
1.234915188411518194e+01 3.654831566756936073e+09
1.247264340295633467e+01 3.521401811539898872e+09
1.259736983698589619e+01 3.391859795415798187e+09
1.272334353535575424e+01 3.267532259170020103e+09
1.285057697070931226e+01 3.147882763068570137e+09
1.297908274041640553e+01 3.032719554588845253e+09
1.310887356782057012e+01 2.921084703558146954e+09
1.323996230349877479e+01 2.813906204826698303e+09
1.337236192653376321e+01 2.710510136936757088e+09
1.350608554579910248e+01 2.610918669118179321e+09
1.364114640125709244e+01 2.514508339480978012e+09
1.377755786526966197e+01 2.422303335809854507e+09
1.391533344392236238e+01 2.332659819140888214e+09
1.405448677836158211e+01 2.246772192668673992e+09
1.419503164614519974e+01 2.164427402585377693e+09
1.433698196260665192e+01 2.084437138459084034e+09
1.448035178223271835e+01 2.007469827572977066e+09
1.462515530005504516e+01 1.933609391971419334e+09
1.477140685305559664e+01 1.861971824791259527e+09
1.491912092158615089e+01 1.793268579956616640e+09
1.506831213080201159e+01 1.726911625022848845e+09
1.521899525211003024e+01 1.663079827678330898e+09
1.537118520463113214e+01 1.601666070431516409e+09
1.552489705667744246e+01 1.542289061276989460e+09
1.568014602724421813e+01 1.485237933030860424e+09
1.583694748751665848e+01 1.430181367980680227e+09
1.599531696239182388e+01 1.377229527277395248e+09
1.615527013201574391e+01 1.326250172895666599e+09
1.631682283333590178e+01 1.276954356605254412e+09
1.647999106166925998e+01 1.229609114336968899e+09
1.664479097228595350e+01 1.183993200891382456e+09
1.681123888200881211e+01 1.140004644679628134e+09
1.697935127082889650e+01 1.097661219723447084e+09
1.714914478353718863e+01 1.056865553034662127e+09
1.732063623137256059e+01 1.017654254475191832e+09
1.749384259368628847e+01 9.797492456340273619e+08
1.766878101962314673e+01 9.433324249945144653e+08
1.784546882981938509e+01 9.082010206128282547e+08
1.802392351811757720e+01 8.744391532355073690e+08
1.820416275329875333e+01 8.418470118805099726e+08
1.838620438083173880e+01 8.104947851388000250e+08
1.857006642464005353e+01 7.803021627734055519e+08
1.875576708888645427e+01 7.512089845097514391e+08
1.894332475977532226e+01 7.231889071556432247e+08
1.913275800737307719e+01 6.962209212057034969e+08
1.969740769490774923e+01 6.042573448620768785e+08
2.068227807965313403e+01 4.433864071666154265e+08
2.171639198363579126e+01 3.661379746229878068e+08
2.280221158281758420e+01 3.022565349335472584e+08
2.394232216195846163e+01 2.498077762406063974e+08
2.513943827005638454e+01 2.059293630171482265e+08
2.639641018355920465e+01 1.699566846477997005e+08
2.771623069273716311e+01 1.407085362406237721e+08
2.910204222737402446e+01 1.162145748177233487e+08
3.055714433874272729e+01 9.622618745981872082e+07
3.208500155567985956e+01 7.929178168751959503e+07
3.368925163346385432e+01 6.561837694422005862e+07
3.537371421513704206e+01 5.407994193420185149e+07
3.714239992589390482e+01 4.453964754640563577e+07
3.899951992218858976e+01 3.659120861268844455e+07
4.094949591829801960e+01 3.016481255359978974e+07
4.299697071421292094e+01 2.478965735361381993e+07
4.514681924992356699e+01 2.038539847220910713e+07
4.740416021241974676e+01 1.672602257360094599e+07
4.977436822304073161e+01 1.376715101839990914e+07
5.226308663419276712e+01 1.134086261554415524e+07
5.487624096590241152e+01 9.303129485581275076e+06
5.762005301419753067e+01 7.670879069602321833e+06
6.050105566490740472e+01 6.286924117663335986e+06
6.352610844815276891e+01 5.166555614034141414e+06
6.670241387056040594e+01 4.249190258105359040e+06
7.003753456408843192e+01 3.488719399853442796e+06
7.353941129229284002e+01 2.870994537181849591e+06
7.721638185690748912e+01 2.350955121017095167e+06
8.107720094975286429e+01 1.935536315533088520e+06
8.513106099724051035e+01 1.591791214009303367e+06
8.938761404710253089e+01 1.300952778944648802e+06
9.385699474945765530e+01 1.066451312291618437e+06
