3.401114059005487245e-01 1.135236826328958988e+09
3.435125199595542300e-01 8.495283780853425264e+08
3.469476451591497201e-01 1.310759514019862413e+09
3.504171216107412334e-01 2.192627674458469391e+09
3.539212928268486436e-01 2.656464434912509918e+09
3.574605057551171750e-01 1.345834161756730080e+09
3.610351108126682584e-01 2.009174080602392673e+09
3.646454619207949999e-01 3.232968062404630184e+09
3.682919165400029282e-01 4.224557813840566158e+09
3.719748357054029064e-01 1.733175829213501215e+09
3.756945840624569266e-01 2.106423777469459534e+09
3.794515299030815081e-01 4.039944935164927959e+09
3.832460452021123065e-01 1.817488256671775579e+09
3.870785056541334312e-01 2.091740773700093985e+09
3.909492907106748016e-01 3.008327517853839874e+09
3.948587836177815391e-01 1.940490819899819613e+09
3.988073714539593917e-01 3.944084814225221634e+09
4.027954451684989667e-01 2.570455082643372059e+09
4.068233996201839342e-01 2.824398615429637432e+09
4.108916336163858096e-01 6.331210870153822899e+09
4.150005499525497021e-01 6.273000623744718552e+09
4.191505554520751908e-01 6.431424566725295067e+09
4.233420610065958822e-01 5.197937916113791466e+09
4.275754816166618122e-01 6.020646895665614128e+09
4.318512364328284114e-01 8.174075993751558304e+09
4.361697487971567533e-01 1.148627091941808319e+10
4.405314462851282475e-01 1.026004212386426735e+10
4.449367607479796094e-01 1.144944979474094582e+10
4.493861283554593800e-01 1.498403038758690834e+10
4.538799896390139921e-01 1.379141435074316978e+10
4.584187895354041031e-01 1.369829410422447968e+10
4.630029774307581336e-01 1.251420528358051109e+10
4.676330072050656761e-01 1.093807349828147125e+10
4.723093372771162701e-01 7.609008711827486992e+09
4.770324306498874289e-01 4.706013632195192337e+09
4.818027549563863032e-01 3.770278523700428963e+09
4.866207825059500891e-01 2.556850261199239731e+09
4.914869903310095656e-01 1.824762508934872150e+09
4.964018602343197584e-01 1.174653257209279776e+09
5.013658788366629482e-01 6.926193138623462915e+08
5.063795376250295188e-01 5.000332031301190853e+08
5.114433330012797541e-01 4.365158551208910942e+08
5.165577663312926893e-01 3.380025070119771957e+08
5.217233439946056262e-01 4.236349507922791839e+08
5.269405774345515825e-01 4.289558443202211261e+08
5.322099832088971194e-01 3.998828534941568375e+08
5.375320830409860973e-01 3.609399100828824043e+08
5.429074038713960215e-01 2.990200378358509541e+08
5.483364779101099762e-01 2.888651842151987553e+08
5.538198426892112503e-01 2.728227316476206779e+08
5.593580411161032107e-01 2.243905331743019521e+08
5.649516215272641917e-01 2.217291214721537530e+08
5.706011377425368458e-01 1.929612446495121121e+08
5.763071491199621699e-01 1.688984007136220634e+08
5.820702206111618704e-01 1.446220067188515663e+08
5.878909228172733981e-01 8.142241705558757484e+07
5.937698320454461998e-01 1.168424246493750364e+08
5.997075303659007428e-01 1.437133666175179780e+08
6.057046056695597480e-01 1.726423284953176379e+08
6.117616517262552955e-01 1.854736588381257355e+08
6.178792682435179096e-01 2.062491476346480250e+08
6.240580609259530620e-01 2.291586198800364733e+08
6.302986415352126448e-01 2.647810938715277016e+08
6.366016279505647413e-01 2.969515634966998696e+08
6.429676442300703565e-01 3.246155495883688927e+08
6.493973206723711034e-01 3.587243229519667029e+08
6.558912938790947278e-01 4.087012661944105029e+08
6.624502068178856895e-01 4.477552009734133482e+08
6.690747088860645730e-01 4.731299878068454862e+08
6.757654559749252110e-01 5.054337337253046632e+08
6.825231105346745153e-01 5.077774651856148839e+08
6.893483416400212338e-01 4.624556953874531388e+08
6.962418250564214039e-01 4.356411599541994929e+08
7.032042433069857212e-01 4.203082626097050905e+08
7.102362857400554841e-01 4.041640233621649146e+08
7.173386485974559967e-01 3.568424961214081049e+08
7.245120350834306500e-01 3.359209675570071340e+08
7.317571554342650053e-01 2.978883862462441325e+08
7.390747269886076554e-01 2.592627225775932968e+08
7.464654742584937441e-01 2.237409380143808126e+08
7.539301290010786971e-01 1.807067545589259863e+08
7.614694302910893775e-01 1.189203668689763695e+08
7.690841245940003290e-01 3.390463028092813492e+07
7.767749658399403234e-01 1.267951913632067889e+08
7.845427154983398710e-01 1.908909036605027616e+08
7.923881426533231354e-01 2.492525125172435045e+08
8.003120240798563545e-01 3.123106492637315989e+08
8.083151443206548770e-01 3.606922406137074232e+08
8.163982957638614701e-01 4.097911026626607180e+08
8.245622787215000082e-01 4.878748295033695698e+08
8.328079015087149761e-01 5.611239982529922724e+08
8.411359805238021181e-01 6.321995158618236780e+08
8.495473403290402237e-01 7.388685813012963533e+08
8.580428137323306004e-01 8.600983850012291670e+08
8.666232418696537820e-01 9.768171326489124298e+08
8.752894742883503554e-01 1.102883775296335459e+09
8.840423690312340099e-01 1.151569016175331593e+09
8.928827927215462479e-01 9.853677682050763369e+08
9.018116206487618580e-01 1.093980682833074570e+09
9.108297368552494833e-01 1.381621971697471619e+09
9.199380342238018260e-01 1.495515567147233486e+09
9.291374145660399320e-01 1.115512080482302666e+09
9.384287887117003235e-01 1.146180543416144371e+09
9.478130765988174167e-01 1.302811978417153835e+09
9.572912073648053299e-01 1.363310384016082764e+09
9.668641194384535176e-01 1.528400008650457382e+09
9.765327606328380039e-01 1.695526190890357018e+09
9.862980882391664261e-01 1.933798399198811054e+09
9.961610691215579960e-01 2.238559193640961170e+09
1.006122679812773590e+00 2.639583473476717472e+09
1.016183906610901300e+00 3.234248224171230793e+09
1.026345745677010202e+00 3.791970178149444103e+09
1.036609203133780355e+00 4.414815569564430237e+09
1.046975295165118336e+00 4.927434346579787254e+09
1.057445048116769204e+00 5.351710811376589775e+09
1.068019498597936989e+00 5.565673848302386284e+09
1.078699693583916597e+00 5.694390752101621628e+09
1.089486690519755552e+00 4.768955402216557503e+09
1.100381557424953138e+00 3.327380396364731789e+09
1.111385372999202481e+00 2.530362876083343983e+09
1.122499226729194666e+00 2.246510718476491928e+09
1.133724218996486455e+00 2.190037860435306549e+09
1.145061461186451135e+00 2.336995102901757717e+09
1.156512075798315831e+00 1.640449388516072035e+09
1.168077196556299047e+00 2.089294540476752281e+09
1.179757968521861988e+00 2.217045607684504509e+09
1.191555548207080761e+00 3.548161161280252457e+09
1.203471103689151889e+00 5.042263061701357841e+09
1.215505814726043354e+00 6.847243207055676460e+09
1.227660872873303610e+00 8.564765012773417473e+09
1.239937481602036762e+00 9.946594393010446548e+09
1.252336856418057032e+00 1.124232168255882835e+10
1.264860224982237824e+00 1.159750508205820465e+10
1.277508827232060051e+00 1.099646284460755920e+10
1.290283915504380818e+00 9.986521909486413956e+09
1.303186754659424462e+00 9.009805544703968048e+09
1.316218622206019040e+00 7.795772356292261124e+09
1.329380808428079153e+00 4.771359403202525139e+09
1.342674616512359975e+00 2.267726506443229198e+09
1.356101362677483380e+00 1.443381281500778913e+09
1.369662376304258355e+00 1.596142716056926012e+09
1.383359000067300837e+00 1.497149769018059969e+09
1.397192590067974027e+00 1.433274678833571672e+09
1.411164515968653665e+00 1.629946801161608696e+09
1.425276161128340213e+00 1.826284977235495567e+09
1.439528922739623740e+00 2.297151507562645912e+09
1.453924211967019708e+00 3.450558613961093426e+09
1.468463454086690101e+00 3.984117122271951199e+09
1.483148088627556760e+00 4.808262178656505585e+09
1.497979569513832487e+00 5.990697306942739487e+09
1.512959365208970564e+00 7.380107889280619621e+09
1.528088958861060442e+00 9.088705641060670853e+09
1.543369848449671178e+00 1.098131094428601837e+10
1.558803546934167894e+00 1.220225105201208687e+10
1.574391582403509737e+00 1.369615599723125458e+10
1.590135498227544852e+00 1.329045213340884209e+10
1.606036853209820148e+00 8.941693755381820679e+09
1.622097221741918505e+00 5.117211549003078461e+09
1.638318193959337421e+00 4.845900995530700684e+09
1.654701375898931071e+00 5.403185626397749901e+09
1.671248389657920441e+00 3.569520261279772758e+09
1.687960873554499530e+00 4.190700335149710178e+09
1.704840482290044701e+00 3.883583058927502632e+09
1.721888887112944966e+00 4.640187993463178635e+09
1.739107775984074289e+00 4.333396977533926010e+09
1.756498853743915012e+00 5.037783184186744690e+09
1.774063842281354608e+00 4.566948190975767136e+09
1.791804480704168201e+00 4.263813053433009148e+09
1.809722525511209934e+00 4.612779824018404007e+09
1.827819750766321860e+00 4.969224716405329704e+09
1.846097948273984990e+00 4.949509447320602417e+09
1.864558927756724938e+00 4.649714278738323212e+09
1.883204517034292147e+00 6.491285857527795792e+09
1.902036562204635128e+00 7.539898759977874756e+09
1.921056927826681582e+00 7.719557913681010246e+09
1.940267497104948502e+00 6.891688680429497719e+09
1.959670172075998140e+00 7.506657873040046692e+09
1.979266873796758031e+00 8.469543928288680077e+09
1.999059542534725509e+00 9.466207554874525070e+09
2.019050137960073155e+00 1.122442380974136734e+10
2.039240639339673589e+00 1.304920532483544159e+10
2.059633045733070489e+00 1.456338080071914101e+10
2.080229376190401158e+00 1.489137494583791161e+10
2.101031669952305059e+00 1.418192954382767868e+10
2.122041986651828083e+00 1.241784686641962814e+10
2.143262406518346097e+00 1.032128494832270622e+10
2.164695030583529967e+00 7.934748492984239578e+09
2.186341980889365377e+00 5.562180006496344566e+09
2.208205400698258991e+00 2.716278229068976402e+09
2.230287454705241146e+00 3.082083154479819298e+09
2.252590329252293522e+00 2.338532537810004711e+09
2.275116232544817318e+00 2.126243194959571838e+09
2.297867394870265034e+00 2.082135504742275238e+09
2.320846068818967822e+00 2.258185164810344219e+09
2.344054529507157536e+00 1.923250954968614340e+09
2.367495074802228761e+00 2.217655957784892559e+09
2.391170025550251044e+00 2.394694995571865559e+09
2.415081725805753532e+00 2.958059522661548615e+09
2.439232543063811764e+00 3.147011663830482006e+09
2.463624868494449949e+00 3.699240395866107941e+09
2.488261117179394244e+00 4.282401259141580105e+09
2.513143728351188155e+00 4.522124180712860107e+09
2.538275165634700237e+00 4.577110186701658249e+09
2.563657917291046751e+00 4.352819989036964417e+09
2.589294496463957262e+00 4.234391822997256756e+09
2.615187441428596937e+00 4.878899444816362381e+09
2.641339315842882840e+00 5.855249177500777245e+09
2.667752709001311562e+00 5.185007420257961273e+09
2.694430236091324815e+00 5.087385378199203491e+09
2.721374538452237868e+00 5.818797129830417633e+09
2.748588283836760127e+00 6.267793981319166183e+09
2.776074166675128296e+00 5.651362924988454819e+09
2.803834908341879206e+00 6.322597643227387428e+09
2.831873257425297830e+00 6.325865945317880630e+09
2.860191989999551154e+00 6.379695679695047379e+09
2.888793909899546541e+00 7.080996084259527206e+09
2.917681848998542549e+00 6.745851175270710945e+09
2.946858667488527761e+00 7.458074138228794098e+09
2.976327254163412928e+00 7.376099114231493950e+09
3.006090526705047061e+00 7.204714521937315941e+09
3.036151431972097470e+00 6.207712991274793625e+09
3.066512946291818587e+00 4.743245876526393890e+09
3.097178075754736692e+00 3.711679385478417397e+09
3.128149856512283833e+00 3.045533128449617386e+09
3.159431355077406689e+00 2.657924139198148727e+09
3.191025668628181045e+00 2.484053683874791145e+09
3.222935925314462935e+00 2.517120661930883408e+09
3.255165284567607564e+00 2.685776056177569866e+09
3.287716937413283524e+00 3.006918063600240231e+09
3.320594106787416067e+00 2.081660620822631836e+09
3.353800047855290511e+00 2.330457593494994164e+09
3.387338048333843332e+00 2.861129734597582340e+09
3.421211428817182210e+00 2.780288306153275967e+09
3.455423543105353712e+00 2.748623012540404797e+09
3.489977778536407005e+00 2.860307002267602444e+09
3.524877556321771355e+00 3.065406492044418335e+09
3.560126331884988726e+00 3.166222952456344604e+09
3.595727595203838334e+00 3.496011498603758335e+09
3.631684871155877570e+00 3.805663481631235600e+09
3.668001719867436616e+00 4.403780534599431038e+09
3.704681737066110259e+00 4.926388590213857651e+09
3.741728554436771326e+00 5.391376151460795403e+09
3.779145839981139510e+00 5.614853637503433228e+09
3.816937298380950860e+00 6.386277125568725586e+09
3.855106671364760818e+00 6.581921906135215759e+09
3.893657738078407426e+00 6.978023018480143547e+09
3.932594315459191581e+00 7.446675297819025040e+09
3.971920258613783616e+00 7.702634348633646011e+09
4.011639461199922430e+00 7.841272308785428047e+09
4.051755855811920881e+00 7.883892755156167030e+09
4.092273414370040108e+00 7.649536514505714417e+09
4.133196148513740731e+00 7.606246370579488754e+09
4.174528109998877135e+00 7.621872619337857246e+09
4.216273391098866341e+00 6.839217202828686714e+09
4.258436125009854578e+00 6.070332694403094292e+09
4.301020486259953479e+00 4.670455695511432648e+09
4.344030691122553023e+00 4.818673252732598305e+09
4.387470998033777825e+00 5.464741579847826958e+09
4.431345708014116092e+00 5.477385625688792229e+09
4.475659165094256764e+00 5.361924224727129936e+09
4.520415756745198799e+00 5.330145875678753853e+09
4.565619914312651240e+00 5.241223432006108284e+09
4.611276113455778258e+00 5.399210547780467987e+09
4.657388874590335348e+00 5.730469097390843391e+09
4.703962763336238417e+00 5.572037574281637192e+09
4.751002390969600420e+00 5.404502491496320724e+09
4.798512414879296806e+00 5.387723886932863235e+09
4.846497539028090884e+00 5.368136163834874153e+09
4.894962514418371491e+00 5.352560253495991707e+09
4.943912139562555375e+00 5.198480561075078964e+09
4.993351260958180937e+00 5.288723429155715942e+09
5.043284773567762613e+00 5.125339565411633492e+09
5.093717621303440524e+00 5.145136694090226173e+09
5.144654797516475142e+00 4.837961815831771851e+09
5.196101345491639378e+00 4.678556415689222336e+09
5.248062358946555150e+00 4.718622088635150909e+09
5.300542982536021519e+00 4.385061464294224739e+09
5.353548412361381459e+00 4.212736472556324959e+09
5.407083896484995655e+00 3.870385604449174404e+09
5.461154735449845532e+00 3.836669922577504635e+09
5.515766282804344556e+00 3.704724229004889488e+09
5.570923945632387131e+00 3.395501113992892265e+09
5.626633185088711464e+00 3.320979463533143520e+09
5.682899516939598605e+00 3.282009927217476845e+09
5.739728512108993819e+00 3.199521108059175491e+09
5.797125797230084032e+00 3.043304678208857536e+09
5.855097055202384659e+00 2.724700572918776512e+09
5.913648025754409510e+00 2.979146305195854664e+09
5.972784506011953987e+00 2.861923777537615299e+09
6.032512351072073287e+00 2.723327421545322895e+09
6.092837474582792900e+00 2.722842082122940063e+09
6.153765849328621584e+00 2.752941960557355404e+09
6.215303507821907658e+00 2.712869314687073708e+09
6.277456542900125669e+00 2.715156022363517761e+09
6.340231108329128062e+00 2.580060487536938667e+09
6.403633419412418704e+00 2.278058986697143078e+09
6.467669753606543281e+00 2.030950810113206387e+09
6.532346451142608146e+00 2.142772485495549917e+09
6.597669915654034156e+00 2.082821407507063627e+09
6.663646614810574853e+00 2.162921314403170109e+09
6.730283080958680664e+00 2.150107536382946968e+09
6.797585911768267763e+00 1.962223700869318962e+09
6.865561770885950210e+00 1.958517745086613655e+09
6.934217388594810849e+00 1.976688913449523687e+09
7.003559562480758949e+00 1.868167917669410467e+09
7.073595158105566050e+00 1.705314979063692570e+09
7.144331109686621772e+00 1.577865096413538933e+09
7.215774420783487741e+00 1.462461597523355484e+09
7.287932164991324235e+00 1.362255613335595131e+09
7.360811486641236634e+00 1.289236417427269697e+09
7.434419601507648245e+00 1.265457303403919697e+09
7.508763797522725270e+00 1.290366526370263815e+09
7.583851435497953375e+00 1.330331381418083191e+09
7.659689949852931612e+00 1.269055369377539873e+09
7.736286849351461825e+00 1.081917841042592764e+09
7.813649717844977083e+00 1.096922547618400574e+09
7.891786215023426365e+00 1.119476792550031185e+09
7.970704077173661695e+00 1.154791830309087753e+09
8.050411117945397876e+00 1.145102182474376678e+09
8.130915229124850541e+00 1.144742241954470158e+09
8.212224381416099561e+00 1.113136274684228897e+09
8.294346625230261338e+00 1.112151459725810051e+09
8.377290091482562318e+00 1.105156554790429592e+09
8.461062992397387461e+00 1.112933645046677828e+09
8.545673622321363183e+00 1.112881851594152212e+09
8.631130358544575998e+00 1.140081157862978220e+09
8.717441662130022806e+00 1.136764984127721548e+09
8.804616078751321240e+00 1.152938650866779566e+09
8.892662239538834612e+00 1.155878093107982397e+09
8.981588861934222123e+00 1.154566637059654713e+09
9.071404750553567098e+00 1.191305635032572031e+09
9.162118798059102787e+00 1.205262501005906582e+09
9.253739986039693832e+00 1.209183340153388500e+09
9.346277385900089385e+00 1.220754556695500851e+09
9.439740159759089977e+00 1.190420787600906134e+09
9.534137561356683221e+00 1.215385529251191378e+09
9.629478936970249592e+00 1.184521904546154737e+09
9.725773726339950187e+00 1.193147238829092026e+09
9.823031463603349778e+00 1.174329262688723087e+09
9.921261778239381712e+00 1.129144831564151525e+09
1.002047439602177548e+01 1.131978469713337898e+09
1.012067913998199487e+01 1.075760779058933496e+09
1.022188593138181290e+01 1.055298147898355842e+09
1.032410479069563181e+01 9.815988446150102615e+08
1.042734583860258724e+01 9.215078424469827414e+08
1.053161929698861421e+01 9.517562752728847265e+08
1.063693548995849980e+01 9.482672552929046154e+08
1.074330484485808412e+01 9.165255434070199728e+08
1.085073789330666472e+01 9.074334277139301300e+08
1.095924527223973222e+01 8.321364054975113869e+08
1.106883772496212970e+01 8.348946970468380451e+08
1.117952610221174936e+01 8.358994663555563688e+08
1.129132136323386781e+01 8.011173085082232952e+08
1.140423457686620701e+01 8.071812384200954437e+08
1.151827692263487002e+01 7.579976949995067120e+08
1.163345969186121920e+01 7.271825574481961727e+08
1.174979428877982990e+01 6.551179421214060783e+08
1.186729223166762992e+01 6.742737473715034723e+08
1.198596515398430462e+01 6.669165898449634314e+08
1.210582480552414708e+01 6.249760589562549591e+08
1.222688305357938887e+01 6.112116374983698130e+08
1.234915188411518194e+01 5.748510795005130768e+08
1.247264340295633467e+01 5.355607808471727967e+08
1.259736983698589619e+01 5.194980809503281713e+08
1.272334353535575424e+01 5.170947157283764482e+08
1.285057697070931226e+01 5.025435852655618191e+08
1.297908274041640553e+01 4.714670902526578903e+08
1.310887356782057012e+01 4.698804806839038730e+08
1.323996230349877479e+01 4.266139107724353075e+08
1.337236192653376321e+01 4.206433568395995498e+08
1.350608554579910248e+01 3.859074464232453108e+08
1.364114640125709244e+01 3.895723948437172771e+08
1.377755786526966197e+01 3.725225848596363664e+08
1.391533344392236238e+01 3.553738361296116114e+08
1.405448677836158211e+01 3.421410076541584730e+08
1.419503164614519974e+01 3.160881203840912580e+08
1.433698196260665192e+01 3.140237616592153907e+08
1.448035178223271835e+01 2.844423769215698838e+08
1.462515530005504516e+01 2.892643593991454840e+08
1.477140685305559664e+01 2.843851685438041687e+08
1.491912092158615089e+01 2.414229807741893530e+08
1.506831213080201159e+01 2.629753405691385865e+08
1.521899525211003024e+01 2.526072368470103443e+08
1.537118520463113214e+01 2.368179075329543054e+08
1.552489705667744246e+01 2.279318099013586938e+08
1.568014602724421813e+01 2.173716695212455094e+08
1.583694748751665848e+01 2.176393700186511874e+08
1.599531696239182388e+01 2.079322835037964880e+08
1.615527013201574391e+01 1.985160357899510860e+08
1.631682283333590178e+01 1.938786159530101120e+08
1.647999106166925998e+01 1.839862075539211035e+08
1.664479097228595350e+01 1.731327375983853638e+08
1.681123888200881211e+01 1.784716266337552965e+08
1.697935127082889650e+01 1.714237089900481403e+08
1.714914478353718863e+01 1.540706875816701949e+08
1.732063623137256059e+01 1.502004479368129671e+08
1.749384259368628847e+01 1.502220083691056967e+08
1.766878101962314673e+01 1.422320913964987695e+08
1.784546882981938509e+01 1.402848196481784880e+08
1.802392351811757720e+01 1.357117169827877581e+08
1.820416275329875333e+01 1.264173633815619797e+08
1.838620438083173880e+01 1.259423936647471040e+08
1.857006642464005353e+01 1.112329838261059523e+08
1.875576708888645427e+01 1.161045394366132617e+08
1.894332475977532226e+01 1.114954685617546737e+08
1.913275800737307719e+01 1.120381380365959108e+08
1.969740769490774923e+01 9.350244595656341314e+07
2.068227807965313403e+01 7.835507898843497038e+07
2.171639198363579126e+01 6.472347333436124027e+07
2.280221158281758420e+01 5.587983419121776521e+07
2.394232216195846163e+01 4.626839087686871737e+07
2.513943827005638454e+01 3.800708263075666875e+07
2.639641018355920465e+01 3.217821112865198776e+07
2.771623069273716311e+01 2.712963612061607465e+07
2.910204222737402446e+01 2.233203576979632303e+07
3.055714433874272729e+01 1.809290044507883489e+07
3.208500155567985956e+01 1.601899536580886878e+07
3.368925163346385432e+01 1.280535978812411427e+07
3.537371421513704206e+01 1.025968446626790427e+07
3.714239992589390482e+01 8.890693414973448962e+06
3.899951992218858976e+01 7.466290229114723392e+06
4.094949591829801960e+01 6.017744576181539334e+06
4.299697071421292094e+01 4.993315818690519780e+06
4.514681924992356699e+01 4.136979448356076144e+06
4.740416021241974676e+01 3.450428006260765251e+06
4.977436822304073161e+01 2.833307296133496799e+06
5.226308663419276712e+01 2.399675204621959943e+06
5.487624096590241152e+01 1.985499316061472520e+06
5.762005301419753067e+01 1.619915014768528519e+06
6.050105566490740472e+01 1.394396227751918137e+06
6.352610844815276891e+01 1.101817308576748706e+06
6.670241387056040594e+01 9.340755283755806740e+05
7.003753456408843192e+01 7.897629436081276508e+05
7.353941129229284002e+01 6.343552166407700861e+05
7.721638185690748912e+01 5.294281897751252400e+05
8.107720094975286429e+01 4.367292729187874938e+05
8.513106099724051035e+01 3.667540956873814575e+05
8.938761404710253089e+01 3.249728875050046481e+05
9.385699474945765530e+01 2.489415548892777006e+05
