3.401114059005487245e-01 1.082926544345721558e+12
3.435125199595542300e-01 1.458305345730648926e+12
3.469476451591497201e-01 1.343039669022572998e+12
3.504171216107412334e-01 1.410458501707961426e+12
3.539212928268486436e-01 1.599690970275116699e+12
3.574605057551171750e-01 2.520937378854060547e+12
3.610351108126682584e-01 2.160611954609199463e+12
3.646454619207949999e-01 2.137033865689138428e+12
3.682919165400029282e-01 2.120261502278836426e+12
3.719748357054029064e-01 3.082342890654340820e+12
3.756945840624569266e-01 3.141050900637918945e+12
3.794515299030815081e-01 2.560746854062337402e+12
3.832460452021123065e-01 3.595531368130141602e+12
3.870785056541334312e-01 3.224110792770335938e+12
3.909492907106748016e-01 2.869356210026630859e+12
3.948587836177815391e-01 2.313078680143241699e+12
3.988073714539593917e-01 2.108688971282899170e+12
4.027954451684989667e-01 2.146687954226009033e+12
4.068233996201839342e-01 2.678986984910229004e+12
4.108916336163858096e-01 1.944913815827788574e+12
4.150005499525497021e-01 2.453829326171633301e+12
4.191505554520751908e-01 2.744391629575726074e+12
4.233420610065958822e-01 2.917572239977059570e+12
4.275754816166618122e-01 2.857961188750354980e+12
4.318512364328284114e-01 2.943251245955488281e+12
4.361697487971567533e-01 2.488044756573989746e+12
4.405314462851282475e-01 3.163474044899487305e+12
4.449367607479796094e-01 2.814727014147789551e+12
4.493861283554593800e-01 2.533539515339341309e+12
4.538799896390139921e-01 2.410034731420365234e+12
4.584187895354041031e-01 2.494085102344462402e+12
4.630029774307581336e-01 2.460104587333567871e+12
4.676330072050656761e-01 2.582443624009048340e+12
4.723093372771162701e-01 2.700208402272252441e+12
4.770324306498874289e-01 2.733647370229340820e+12
4.818027549563863032e-01 2.832218058967518555e+12
4.866207825059500891e-01 3.145259620989991699e+12
4.914869903310095656e-01 3.342795957959162598e+12
4.964018602343197584e-01 3.433583622156542969e+12
5.013658788366629482e-01 3.689387450943264160e+12
5.063795376250295188e-01 3.932502153216139648e+12
5.114433330012797541e-01 4.154598301419106445e+12
5.165577663312926893e-01 4.671080991366290039e+12
5.217233439946056262e-01 4.426571467542682617e+12
5.269405774345515825e-01 4.474917056102675781e+12
5.322099832088971194e-01 4.223211716770745117e+12
5.375320830409860973e-01 4.420398409319958984e+12
5.429074038713960215e-01 4.937628666296706055e+12
5.483364779101099762e-01 4.444699710113985352e+12
5.538198426892112503e-01 4.301337901309861328e+12
5.593580411161032107e-01 4.598317052327676758e+12
5.649516215272641917e-01 4.533697644834306641e+12
5.706011377425368458e-01 4.435049596226482422e+12
5.763071491199621699e-01 4.522531990903001953e+12
5.820702206111618704e-01 4.490080663620842773e+12
5.878909228172733981e-01 4.804058228667386719e+12
5.937698320454461998e-01 4.927831500636071289e+12
5.997075303659007428e-01 4.995883245810427734e+12
6.057046056695597480e-01 4.865766024963235352e+12
6.117616517262552955e-01 5.013064666424145508e+12
6.178792682435179096e-01 5.267455362214243164e+12
6.240580609259530620e-01 5.663183192467351562e+12
6.302986415352126448e-01 5.370462263673943359e+12
6.366016279505647413e-01 5.386643797918774414e+12
6.429676442300703565e-01 5.334641139206442383e+12
6.493973206723711034e-01 5.391940288688584961e+12
6.558912938790947278e-01 5.361660743659127930e+12
6.624502068178856895e-01 5.595635065092232422e+12
6.690747088860645730e-01 5.783794619100109375e+12
6.757654559749252110e-01 5.802422094440586914e+12
6.825231105346745153e-01 5.890098927564575195e+12
6.893483416400212338e-01 5.713562458058083008e+12
6.962418250564214039e-01 5.740910242082671875e+12
7.032042433069857212e-01 5.731659320658992188e+12
7.102362857400554841e-01 5.948718729181565430e+12
7.173386485974559967e-01 6.116032607528250000e+12
7.245120350834306500e-01 5.988896488135872070e+12
7.317571554342650053e-01 5.951631472637250000e+12
7.390747269886076554e-01 5.878177481133410156e+12
7.464654742584937441e-01 5.908372679928434570e+12
7.539301290010786971e-01 5.822005727831861328e+12
7.614694302910893775e-01 5.873529107493323242e+12
7.690841245940003290e-01 6.034915701242697266e+12
7.767749658399403234e-01 6.059109054074690430e+12
7.845427154983398710e-01 6.030074812879555664e+12
7.923881426533231354e-01 6.100987210369441406e+12
8.003120240798563545e-01 5.974995098981372070e+12
8.083151443206548770e-01 6.021673938025814453e+12
8.163982957638614701e-01 5.898828885511120117e+12
8.245622787215000082e-01 6.017180453040335938e+12
8.328079015087149761e-01 6.181200209680650391e+12
8.411359805238021181e-01 6.116671090207749023e+12
8.495473403290402237e-01 6.198241167957637695e+12
8.580428137323306004e-01 6.093235378409935547e+12
8.666232418696537820e-01 6.261144256517669922e+12
8.752894742883503554e-01 6.027542147244991211e+12
8.840423690312340099e-01 6.127572812717689453e+12
8.928827927215462479e-01 6.029435407160514648e+12
9.018116206487618580e-01 6.050989926939458008e+12
9.108297368552494833e-01 6.059543810191625977e+12
9.199380342238018260e-01 5.872763541787057617e+12
9.291374145660399320e-01 5.823466913892949219e+12
9.384287887117003235e-01 5.862102415041293945e+12
9.478130765988174167e-01 5.695856294312015625e+12
9.572912073648053299e-01 5.652501891336107422e+12
9.668641194384535176e-01 5.603291788473185547e+12
9.765327606328380039e-01 5.628723800711673828e+12
9.862980882391664261e-01 5.554518666979406250e+12
9.961610691215579960e-01 5.643969802657656250e+12
1.006122679812773590e+00 5.566252065454978516e+12
1.016183906610901300e+00 5.481422028058996094e+12
1.026345745677010202e+00 5.460075336946525391e+12
1.036609203133780355e+00 5.401739804170953125e+12
1.046975295165118336e+00 5.251024657993675781e+12
1.057445048116769204e+00 5.169840696392615234e+12
1.068019498597936989e+00 5.120675856621376953e+12
1.078699693583916597e+00 5.055240203963233398e+12
1.089486690519755552e+00 4.984765542137452148e+12
1.100381557424953138e+00 4.912079103639253906e+12
1.111385372999202481e+00 4.854799737040053711e+12
1.122499226729194666e+00 4.783496243596943359e+12
1.133724218996486455e+00 4.706486382752993164e+12
1.145061461186451135e+00 4.649534280135764648e+12
1.156512075798315831e+00 4.618199302726644531e+12
1.168077196556299047e+00 4.542392090404361328e+12
1.179757968521861988e+00 4.407375446823876953e+12
1.191555548207080761e+00 4.486234750403112305e+12
1.203471103689151889e+00 4.281510770610674805e+12
1.215505814726043354e+00 4.169295240685319824e+12
1.227660872873303610e+00 4.079225485730376953e+12
1.239937481602036762e+00 4.016066248498302246e+12
1.252336856418057032e+00 3.956543258870334961e+12
1.264860224982237824e+00 3.873548927309440918e+12
1.277508827232060051e+00 3.773063243944012695e+12
1.290283915504380818e+00 3.727771108695134277e+12
1.303186754659424462e+00 3.628741787125775391e+12
1.316218622206019040e+00 3.545853247292506836e+12
1.329380808428079153e+00 3.510413514483199707e+12
1.342674616512359975e+00 3.460501516143742188e+12
1.356101362677483380e+00 3.392887698158452637e+12
1.369662376304258355e+00 3.312447363280780762e+12
1.383359000067300837e+00 3.218223760038329590e+12
1.397192590067974027e+00 3.154067965080321777e+12
1.411164515968653665e+00 3.100175357678621094e+12
1.425276161128340213e+00 3.061216954811848145e+12
1.439528922739623740e+00 2.964455967988483887e+12
1.453924211967019708e+00 2.919243341463261719e+12
1.468463454086690101e+00 2.838069991592567871e+12
1.483148088627556760e+00 2.744691416950249512e+12
1.497979569513832487e+00 2.682723356962414551e+12
1.512959365208970564e+00 2.586510719228449219e+12
1.528088958861060442e+00 2.530217589019163574e+12
1.543369848449671178e+00 2.428240433531248535e+12
1.558803546934167894e+00 2.406212678805034668e+12
1.574391582403509737e+00 2.333584759073971680e+12
1.590135498227544852e+00 2.275929813415618164e+12
1.606036853209820148e+00 2.174774386664877686e+12
1.622097221741918505e+00 2.121570122691083740e+12
1.638318193959337421e+00 2.031772283356657471e+12
1.654701375898931071e+00 1.975758203605257080e+12
1.671248389657920441e+00 1.920332866499175049e+12
1.687960873554499530e+00 1.878344920945974121e+12
1.704840482290044701e+00 1.834710927484415283e+12
1.721888887112944966e+00 1.816787502279292725e+12
1.739107775984074289e+00 1.791798064417675293e+12
1.756498853743915012e+00 1.780721272884825439e+12
1.774063842281354608e+00 1.758457781754976562e+12
1.791804480704168201e+00 1.734128427001346436e+12
1.809722525511209934e+00 1.708224321189393799e+12
1.827819750766321860e+00 1.671050903809394531e+12
1.846097948273984990e+00 1.651723938888733154e+12
1.864558927756724938e+00 1.627972394674906250e+12
1.883204517034292147e+00 1.589044691388739014e+12
1.902036562204635128e+00 1.540817652803730469e+12
1.921056927826681582e+00 1.495617523923308594e+12
1.940267497104948502e+00 1.477143104069286865e+12
1.959670172075998140e+00 1.425385967414441650e+12
1.979266873796758031e+00 1.412110332519962891e+12
1.999059542534725509e+00 1.359911294057203857e+12
2.019050137960073155e+00 1.332290981235660889e+12
2.039240639339673589e+00 1.296246060812243652e+12
2.059633045733070489e+00 1.272013310548419434e+12
2.080229376190401158e+00 1.235742848388597412e+12
2.101031669952305059e+00 1.196500034133268555e+12
2.122041986651828083e+00 1.166216370792812012e+12
2.143262406518346097e+00 1.129599684206366943e+12
2.164695030583529967e+00 1.092353038381109619e+12
2.186341980889365377e+00 1.059303889312804321e+12
2.208205400698258991e+00 1.022523194898150513e+12
2.230287454705241146e+00 9.956138126991782227e+11
2.252590329252293522e+00 9.641665594959866943e+11
2.275116232544817318e+00 9.302905265503868408e+11
2.297867394870265034e+00 9.520005324820432129e+11
2.320846068818967822e+00 9.434921652651625977e+11
2.344054529507157536e+00 9.259787080963254395e+11
2.367495074802228761e+00 9.051712299830541992e+11
2.391170025550251044e+00 9.101597817721970215e+11
2.415081725805753532e+00 8.914133604486917725e+11
2.439232543063811764e+00 8.704127173998908691e+11
2.463624868494449949e+00 8.483280019216593018e+11
2.488261117179394244e+00 8.364282046851469727e+11
2.513143728351188155e+00 8.141123757418632812e+11
2.538275165634700237e+00 7.873895524821577148e+11
2.563657917291046751e+00 7.638539895277947998e+11
2.589294496463957262e+00 7.409319206538365479e+11
2.615187441428596937e+00 7.141597090066519775e+11
2.641339315842882840e+00 6.836585539572528076e+11
2.667752709001311562e+00 6.652132921065043945e+11
2.694430236091324815e+00 6.419998395916329346e+11
2.721374538452237868e+00 6.238785110285638428e+11
2.748588283836760127e+00 6.078048058451201172e+11
2.776074166675128296e+00 5.921598240251765137e+11
2.803834908341879206e+00 5.737303528648284912e+11
2.831873257425297830e+00 5.590221835965009766e+11
2.860191989999551154e+00 5.427540959106093140e+11
2.888793909899546541e+00 5.245695126047489014e+11
2.917681848998542549e+00 5.112621719680601807e+11
2.946858667488527761e+00 4.958518623795335693e+11
2.976327254163412928e+00 4.811731938342707520e+11
3.006090526705047061e+00 4.650765928070711670e+11
3.036151431972097470e+00 4.539559626722722778e+11
3.066512946291818587e+00 4.373079106800464478e+11
3.097178075754736692e+00 4.259206674321004639e+11
3.128149856512283833e+00 4.119047321309169312e+11
3.159431355077406689e+00 3.985579420341773071e+11
3.191025668628181045e+00 3.858257857351557617e+11
3.222935925314462935e+00 3.724560916341211548e+11
3.255165284567607564e+00 3.603996296194997559e+11
3.287716937413283524e+00 3.486888094051510010e+11
3.320594106787416067e+00 3.372388360005927124e+11
3.353800047855290511e+00 3.251359052684137573e+11
3.387338048333843332e+00 3.140122838152441406e+11
3.421211428817182210e+00 3.043406035487054443e+11
3.455423543105353712e+00 2.930415601764063110e+11
3.489977778536407005e+00 2.830586000692288208e+11
3.524877556321771355e+00 2.738592542237829285e+11
3.560126331884988726e+00 2.640133268034248352e+11
3.595727595203838334e+00 2.549434070766330872e+11
3.631684871155877570e+00 2.463669251898298340e+11
3.668001719867436616e+00 2.383727264586341858e+11
3.704681737066110259e+00 2.304920868075368042e+11
3.741728554436771326e+00 2.221718698931194153e+11
3.779145839981139510e+00 2.147904111565736084e+11
3.816937298380950860e+00 2.074523280371261902e+11
3.855106671364760818e+00 2.000029232417749939e+11
3.893657738078407426e+00 1.940038696625369263e+11
3.932594315459191581e+00 1.872029058922110596e+11
3.971920258613783616e+00 1.822660935901595459e+11
4.011639461199922430e+00 1.760535579244205627e+11
4.051755855811920881e+00 1.710787575548229370e+11
4.092273414370040108e+00 1.661761493246181030e+11
4.133196148513740731e+00 1.610613691199941101e+11
4.174528109998877135e+00 1.558882259678015137e+11
4.216273391098866341e+00 1.508006117973171387e+11
4.258436125009854578e+00 1.465749890073215027e+11
4.301020486259953479e+00 1.475374287979948730e+11
4.344030691122553023e+00 1.448027269014849243e+11
4.387470998033777825e+00 1.430217773379889526e+11
4.431345708014116092e+00 1.417406645631446533e+11
4.475659165094256764e+00 1.390146375211072998e+11
4.520415756745198799e+00 1.351619764770863647e+11
4.565619914312651240e+00 1.306543503345171509e+11
4.611276113455778258e+00 1.266290879272862549e+11
4.657388874590335348e+00 1.215922650295402527e+11
4.703962763336238417e+00 1.170349000079052277e+11
4.751002390969600420e+00 1.123970633589445038e+11
4.798512414879296806e+00 1.090120049405473785e+11
4.846497539028090884e+00 1.045936495031849213e+11
4.894962514418371491e+00 1.012925621330494995e+11
4.943912139562555375e+00 9.782978243333529663e+10
4.993351260958180937e+00 9.435959167494766235e+10
5.043284773567762613e+00 9.089285284417993164e+10
5.093717621303440524e+00 8.766236298374504089e+10
5.144654797516475142e+00 8.453698024908459473e+10
5.196101345491639378e+00 8.133267051292510986e+10
5.248062358946555150e+00 7.852358332581713867e+10
5.300542982536021519e+00 7.550297023489440918e+10
5.353548412361381459e+00 7.272974477656382751e+10
5.407083896484995655e+00 7.006980660376438904e+10
5.461154735449845532e+00 6.748783427973917389e+10
5.515766282804344556e+00 6.501067108891792297e+10
5.570923945632387131e+00 6.243742783377969360e+10
5.626633185088711464e+00 6.015750789395564270e+10
5.682899516939598605e+00 5.791433932129666901e+10
5.739728512108993819e+00 5.582888236120199585e+10
5.797125797230084032e+00 5.364546329250791931e+10
5.855097055202384659e+00 5.185421511551474762e+10
5.913648025754409510e+00 4.982269141610923004e+10
5.972784506011953987e+00 4.794461227418363953e+10
6.032512351072073287e+00 4.619063096522163391e+10
6.092837474582792900e+00 4.449476341655221558e+10
6.153765849328621584e+00 4.281852906319583893e+10
6.215303507821907658e+00 4.122342503544634247e+10
6.277456542900125669e+00 3.976984046263388062e+10
6.340231108329128062e+00 3.839956534604421234e+10
6.403633419412418704e+00 3.706715289635321045e+10
6.467669753606543281e+00 3.591799636807816315e+10
6.532346451142608146e+00 3.474925167209407043e+10
6.597669915654034156e+00 3.364773819355720520e+10
6.663646614810574853e+00 3.254792302886904144e+10
6.730283080958680664e+00 3.131627652387550354e+10
6.797585911768267763e+00 3.027111767639368820e+10
6.865561770885950210e+00 2.916493746264133835e+10
6.934217388594810849e+00 2.816217711214146805e+10
7.003559562480758949e+00 2.712374578522038651e+10
7.073595158105566050e+00 2.618459667785921478e+10
7.144331109686621772e+00 2.524304791618430710e+10
7.215774420783487741e+00 2.434831104597739410e+10
7.287932164991324235e+00 2.349055492743420029e+10
7.360811486641236634e+00 2.264601378043141174e+10
7.434419601507648245e+00 2.184189400896118927e+10
7.508763797522725270e+00 2.107133301168398666e+10
7.583851435497953375e+00 2.032666059387366867e+10
7.659689949852931612e+00 1.960318596459914017e+10
7.736286849351461825e+00 1.891643079707595444e+10
7.813649717844977083e+00 1.821006562036240768e+10
7.891786215023426365e+00 1.761164593171716690e+10
7.970704077173661695e+00 1.697860852839701462e+10
8.050411117945397876e+00 1.637709886833798981e+10
8.130915229124850541e+00 1.580433930368585777e+10
8.212224381416099561e+00 1.524134276300160789e+10
8.294346625230261338e+00 1.470766220352350616e+10
8.377290091482562318e+00 1.418320016058100510e+10
8.461062992397387461e+00 1.367840400613383102e+10
8.545673622321363183e+00 1.319233542428773308e+10
8.631130358544575998e+00 1.271212182047631073e+10
8.717441662130022806e+00 1.226407953258280754e+10
8.804616078751321240e+00 1.182305015212951469e+10
8.892662239538834612e+00 1.139139552176529694e+10
8.981588861934222123e+00 1.098517098948182869e+10
9.071404750553567098e+00 1.058563125953394699e+10
9.162118798059102787e+00 1.020712655200678253e+10
9.253739986039693832e+00 9.840875181683504105e+09
9.346277385900089385e+00 9.488083990890094757e+09
9.439740159759089977e+00 9.149931813722265244e+09
9.534137561356683221e+00 8.815071608371860504e+09
9.629478936970249592e+00 8.506713081591344833e+09
9.725773726339950187e+00 8.197999704605067253e+09
9.823031463603349778e+00 7.904046022849149704e+09
9.921261778239381712e+00 7.624889046818329811e+09
1.002047439602177548e+01 7.347649965556785583e+09
1.012067913998199487e+01 7.087037681108119965e+09
1.022188593138181290e+01 6.829916484243560791e+09
1.032410479069563181e+01 6.587963616942284584e+09
1.042734583860258724e+01 6.349367147953491211e+09
1.053161929698861421e+01 6.121800818129666328e+09
1.063693548995849980e+01 5.900255989973918915e+09
1.074330484485808412e+01 5.689228152318114281e+09
1.085073789330666472e+01 5.481131034708856583e+09
1.095924527223973222e+01 5.287539879572577477e+09
1.106883772496212970e+01 5.093440959751423836e+09
1.117952610221174936e+01 4.910954985321794510e+09
1.129132136323386781e+01 4.731538794062368393e+09
1.140423457686620701e+01 4.560324661183724403e+09
1.151827692263487002e+01 4.394831264387663841e+09
1.163345969186121920e+01 4.234690635267347336e+09
1.174979428877982990e+01 4.081855000499743462e+09
1.186729223166762992e+01 3.932836140660674095e+09
1.198596515398430462e+01 3.786672497506114483e+09
1.210582480552414708e+01 3.651534155938126087e+09
1.222688305357938887e+01 3.516277469178092957e+09
1.234915188411518194e+01 3.388276547244970798e+09
1.247264340295633467e+01 3.265071524715198040e+09
1.259736983698589619e+01 3.143798062254223824e+09
1.272334353535575424e+01 3.028753092972826481e+09
1.285057697070931226e+01 2.918189814883903980e+09
1.297908274041640553e+01 2.812204854609961987e+09
1.310887356782057012e+01 2.708096591451143742e+09
1.323996230349877479e+01 2.609015299752265453e+09
1.337236192653376321e+01 2.513301142066958427e+09
1.350608554579910248e+01 2.421140458336217403e+09
1.364114640125709244e+01 2.330853623010009289e+09
1.377755786526966197e+01 2.246187907948729515e+09
1.391533344392236238e+01 2.161962538507609844e+09
1.405448677836158211e+01 2.082521492760494709e+09
1.419503164614519974e+01 2.007645776877407312e+09
1.433698196260665192e+01 1.932668239750545025e+09
1.448035178223271835e+01 1.861409225709644794e+09
1.462515530005504516e+01 1.793680534517172337e+09
1.477140685305559664e+01 1.726291419535860777e+09
1.491912092158615089e+01 1.663058920249112606e+09
1.506831213080201159e+01 1.601180669439851999e+09
1.521899525211003024e+01 1.542210547928647995e+09
1.537118520463113214e+01 1.485608823878357410e+09
1.552489705667744246e+01 1.430201893369800329e+09
1.568014602724421813e+01 1.377533609683826923e+09
1.583694748751665848e+01 1.326336262777799129e+09
1.599531696239182388e+01 1.277359573389267683e+09
1.615527013201574391e+01 1.230495659535448313e+09
1.631682283333590178e+01 1.184270232312282324e+09
1.647999106166925998e+01 1.140553544877752304e+09
1.664479097228595350e+01 1.098336894051058769e+09
1.681123888200881211e+01 1.057459742093498707e+09
1.697935127082889650e+01 1.018169959515369296e+09
1.714914478353718863e+01 9.803636757162355185e+08
1.732063623137256059e+01 9.442886993224841356e+08
1.749384259368628847e+01 9.088362420200139284e+08
1.766878101962314673e+01 8.752396046515357494e+08
1.784546882981938509e+01 8.424910091480342150e+08
1.802392351811757720e+01 8.113739166406258345e+08
1.820416275329875333e+01 7.810577536198556423e+08
1.838620438083173880e+01 7.519996819956625700e+08
1.857006642464005353e+01 7.240683052159098387e+08
1.875576708888645427e+01 6.970650093435425758e+08
1.894332475977532226e+01 6.710333293652735949e+08
1.913275800737307719e+01 6.460324800741436481e+08
1.969740769490774923e+01 5.651611205780373812e+08
2.068227807965313403e+01 4.292426756053075194e+08
2.171639198363579126e+01 3.544717614819706082e+08
2.280221158281758420e+01 2.925707086304343939e+08
2.394232216195846163e+01 2.419088190073629320e+08
2.513943827005638454e+01 1.994962396503960788e+08
2.639641018355920465e+01 1.647062059893108010e+08
2.771623069273716311e+01 1.363066493745735586e+08
2.910204222737402446e+01 1.126529199466847479e+08
3.055714433874272729e+01 9.323762191026011109e+07
3.208500155567985956e+01 7.688358440596888959e+07
3.368925163346385432e+01 6.364261227096679807e+07
3.537371421513704206e+01 5.246266351297764480e+07
3.714239992589390482e+01 4.319671610717064142e+07
3.899951992218858976e+01 3.548016073732812703e+07
4.094949591829801960e+01 2.923646467043667659e+07
4.299697071421292094e+01 2.403362326222566143e+07
4.514681924992356699e+01 1.976302029974571615e+07
4.740416021241974676e+01 1.621937600323121436e+07
4.977436822304073161e+01 1.334804798738367110e+07
5.226308663419276712e+01 1.099653467352480069e+07
5.487624096590241152e+01 9.013078579125020653e+06
5.762005301419753067e+01 7.431970968520619906e+06
6.050105566490740472e+01 6.091082448928941041e+06
6.352610844815276891e+01 5.004267173796977848e+06
6.670241387056040594e+01 4.115908269776132889e+06
7.003753456408843192e+01 3.379124823214601260e+06
7.353941129229284002e+01 2.779493415005316492e+06
7.721638185690748912e+01 2.273268553663576022e+06
8.107720094975286429e+01 1.873077438990242779e+06
8.513106099724051035e+01 1.538856748776080552e+06
8.938761404710253089e+01 1.257808086450674338e+06
9.385699474945765530e+01 1.031023882288806024e+06
