3.401114059005487245e-01 1.206303816702413940e+10
3.435125199595542300e-01 8.607017295234138489e+09
3.469476451591497201e-01 1.341817456213663864e+10
3.504171216107412334e-01 2.276556112247941971e+10
3.539212928268486436e-01 2.756131777241212082e+10
3.574605057551171750e-01 1.393573266323080826e+10
3.610351108126682584e-01 2.075735849522967148e+10
3.646454619207949999e-01 3.332718667411506653e+10
3.682919165400029282e-01 4.345745030289573669e+10
3.719748357054029064e-01 1.779415615726023483e+10
3.756945840624569266e-01 2.157496405979394150e+10
3.794515299030815081e-01 4.126287305393753052e+10
3.832460452021123065e-01 1.851345217156666565e+10
3.870785056541334312e-01 2.123291933546927643e+10
3.909492907106748016e-01 3.040802528153949356e+10
3.948587836177815391e-01 1.952951856275022507e+10
3.988073714539593917e-01 3.938641551477665710e+10
4.027954451684989667e-01 2.500644293641047668e+10
4.068233996201839342e-01 2.761503401927347565e+10
4.108916336163858096e-01 6.313790270373123169e+10
4.150005499525497021e-01 6.262204868413161469e+10
4.191505554520751908e-01 6.301839387244312286e+10
4.233420610065958822e-01 4.655223461980516052e+10
4.275754816166618122e-01 5.567221323746852112e+10
4.318512364328284114e-01 7.591090840331520081e+10
4.361697487971567533e-01 1.086452512828346863e+11
4.405314462851282475e-01 9.146792277073681641e+10
4.449367607479796094e-01 1.096190820097100830e+11
4.493861283554593800e-01 1.339733242514359741e+11
4.538799896390139921e-01 1.279171062198756256e+11
4.584187895354041031e-01 1.331240028280603180e+11
4.630029774307581336e-01 1.201658172304237213e+11
4.676330072050656761e-01 9.685988417128866577e+10
4.723093372771162701e-01 7.007796474701171875e+10
4.770324306498874289e-01 4.237517402137652588e+10
4.818027549563863032e-01 3.235387142722185516e+10
4.866207825059500891e-01 2.249461799923571396e+10
4.914869903310095656e-01 1.727241192381089783e+10
4.964018602343197584e-01 1.152422730024179077e+10
5.013658788366629482e-01 7.110024784934272766e+09
5.063795376250295188e-01 5.335739876018885612e+09
5.114433330012797541e-01 4.935917280998126984e+09
5.165577663312926893e-01 4.082875814631684303e+09
5.217233439946056262e-01 5.142977274489253044e+09
5.269405774345515825e-01 5.284871806367645264e+09
5.322099832088971194e-01 5.000657924599287987e+09
5.375320830409860973e-01 4.585557930444839478e+09
5.429074038713960215e-01 3.902844759966544151e+09
5.483364779101099762e-01 3.764244514791104794e+09
5.538198426892112503e-01 3.536809532464362144e+09
5.593580411161032107e-01 2.949590182831898212e+09
5.649516215272641917e-01 2.805882064991918087e+09
5.706011377425368458e-01 2.360457384340713024e+09
5.763071491199621699e-01 1.917019532148555040e+09
5.820702206111618704e-01 1.408366410167099476e+09
5.878909228172733981e-01 4.185607186928651333e+08
5.937698320454461998e-01 1.051650095761436224e+09
5.997075303659007428e-01 1.924679896631589413e+09
6.057046056695597480e-01 2.770566468519305229e+09
6.117616517262552955e-01 3.452709475634034157e+09
6.178792682435179096e-01 4.218718745158017159e+09
6.240580609259530620e-01 5.017462790734862328e+09
6.302986415352126448e-01 5.986276918873532295e+09
6.366016279505647413e-01 6.944589072588788986e+09
6.429676442300703565e-01 7.870412489638948441e+09
6.493973206723711034e-01 8.913158363662712097e+09
6.558912938790947278e-01 1.016293491595342827e+10
6.624502068178856895e-01 1.136874287431050873e+10
6.690747088860645730e-01 1.248476919368175125e+10
6.757654559749252110e-01 1.368261218211159134e+10
6.825231105346745153e-01 1.447470118676762772e+10
6.893483416400212338e-01 1.451669591423764801e+10
6.962418250564214039e-01 1.464869534845629692e+10
7.032042433069857212e-01 1.527810517971892738e+10
7.102362857400554841e-01 1.606655070004501343e+10
7.173386485974559967e-01 1.650646243862773895e+10
7.245120350834306500e-01 1.704493809577676392e+10
7.317571554342650053e-01 1.707950958856998444e+10
7.390747269886076554e-01 1.687041228884326744e+10
7.464654742584937441e-01 1.644194506444198418e+10
7.539301290010786971e-01 1.553047150382062340e+10
7.614694302910893775e-01 1.176055765223435593e+10
7.690841245940003290e-01 3.940762583074309349e+09
7.767749658399403234e-01 1.408477603662210083e+10
7.845427154983398710e-01 2.004112216310891342e+10
7.923881426533231354e-01 2.409909308857373047e+10
8.003120240798563545e-01 2.785461586861142731e+10
8.083151443206548770e-01 3.074520315064173126e+10
8.163982957638614701e-01 3.294169096176750565e+10
8.245622787215000082e-01 3.690499950737068176e+10
8.328079015087149761e-01 4.010612213117108917e+10
8.411359805238021181e-01 4.353468974286412811e+10
8.495473403290402237e-01 4.693235272319580841e+10
8.580428137323306004e-01 4.943137825005094910e+10
8.666232418696537820e-01 4.546568472620217896e+10
8.752894742883503554e-01 4.818928250363671112e+10
8.840423690312340099e-01 5.421615323280783081e+10
8.928827927215462479e-01 5.715342784653596497e+10
9.018116206487618580e-01 6.216863168738070679e+10
9.108297368552494833e-01 6.680194263370536041e+10
9.199380342238018260e-01 6.875957242607925415e+10
9.291374145660399320e-01 6.166269211140296936e+10
9.384287887117003235e-01 6.457234341682153320e+10
9.478130765988174167e-01 6.850000490260290527e+10
9.572912073648053299e-01 7.101679530484571838e+10
9.668641194384535176e-01 7.332469555805647278e+10
9.765327606328380039e-01 7.579143272342359924e+10
9.862980882391664261e-01 8.098269974096778870e+10
9.961610691215579960e-01 8.376912405677262878e+10
1.006122679812773590e+00 8.067829802523283386e+10
1.016183906610901300e+00 9.007129091390443420e+10
1.026345745677010202e+00 9.905660249923817444e+10
1.036609203133780355e+00 1.075196796412926178e+11
1.046975295165118336e+00 1.134565054281243439e+11
1.057445048116769204e+00 1.195211313322406311e+11
1.068019498597936989e+00 1.241271966450935364e+11
1.078699693583916597e+00 1.283537844589247894e+11
1.089486690519755552e+00 1.202652627527457581e+11
1.100381557424953138e+00 1.063706449739297180e+11
1.111385372999202481e+00 1.022712908927167816e+11
1.122499226729194666e+00 1.037334628854440765e+11
1.133724218996486455e+00 1.002302830471088409e+11
1.145061461186451135e+00 1.047564639025772095e+11
1.156512075798315831e+00 1.070522005303434906e+11
1.168077196556299047e+00 1.084613452653265228e+11
1.179757968521861988e+00 1.069543227710873566e+11
1.191555548207080761e+00 1.196626188397842102e+11
1.203471103689151889e+00 1.292542516431668549e+11
1.215505814726043354e+00 1.381013728647557068e+11
1.227660872873303610e+00 1.461611725331495972e+11
1.239937481602036762e+00 1.517777876580744629e+11
1.252336856418057032e+00 1.575838742459234924e+11
1.264860224982237824e+00 1.642229830728636169e+11
1.277508827232060051e+00 1.658398832864956360e+11
1.290283915504380818e+00 1.661133412897217102e+11
1.303186754659424462e+00 1.641582494385523682e+11
1.316218622206019040e+00 1.596722437196996460e+11
1.329380808428079153e+00 1.336548760470527954e+11
1.342674616512359975e+00 9.663996223679991150e+10
1.356101362677483380e+00 8.821053012606745911e+10
1.369662376304258355e+00 8.951758296806729126e+10
1.383359000067300837e+00 9.357577071305830383e+10
1.397192590067974027e+00 9.113593451273712158e+10
1.411164515968653665e+00 8.708223387024418640e+10
1.425276161128340213e+00 8.403407863954328918e+10
1.439528922739623740e+00 8.752346289195901489e+10
1.453924211967019708e+00 9.647786379580058289e+10
1.468463454086690101e+00 9.695573679349417114e+10
1.483148088627556760e+00 1.018772064390268402e+11
1.497979569513832487e+00 1.078608547236533813e+11
1.512959365208970564e+00 1.152864026660087433e+11
1.528088958861060442e+00 1.230482101599562836e+11
1.543369848449671178e+00 1.309801991678962555e+11
1.558803546934167894e+00 1.408345329974972534e+11
1.574391582403509737e+00 1.513229694495340576e+11
1.590135498227544852e+00 1.598043116109252625e+11
1.606036853209820148e+00 1.650788522697159729e+11
1.622097221741918505e+00 1.734452682335264893e+11
1.638318193959337421e+00 1.783497155059438477e+11
1.654701375898931071e+00 1.827120187441560974e+11
1.671248389657920441e+00 1.871067877580836487e+11
1.687960873554499530e+00 1.866398718805631104e+11
1.704840482290044701e+00 1.772919069776651306e+11
1.721888887112944966e+00 1.598830080976911316e+11
1.739107775984074289e+00 1.507636722226877136e+11
1.756498853743915012e+00 1.424530912030329285e+11
1.774063842281354608e+00 1.294980867436781616e+11
1.791804480704168201e+00 1.227601289706256409e+11
1.809722525511209934e+00 1.143972931091232910e+11
1.827819750766321860e+00 1.135187514843333740e+11
1.846097948273984990e+00 1.060094852581518707e+11
1.864558927756724938e+00 1.006519435224436035e+11
1.883204517034292147e+00 1.083723412178245544e+11
1.902036562204635128e+00 1.128170252027206268e+11
1.921056927826681582e+00 1.139580757892429504e+11
1.940267497104948502e+00 1.105138009995061646e+11
1.959670172075998140e+00 1.100884353003637848e+11
1.979266873796758031e+00 1.090406448091707764e+11
1.999059542534725509e+00 1.077149516715628815e+11
2.019050137960073155e+00 1.106695425042619934e+11
2.039240639339673589e+00 1.151298171375628052e+11
2.059633045733070489e+00 1.204561102681803436e+11
2.080229376190401158e+00 1.253892345061144104e+11
2.101031669952305059e+00 1.323314554841666718e+11
2.122041986651828083e+00 1.369888666136525726e+11
2.143262406518346097e+00 1.412898299250637512e+11
2.164695030583529967e+00 1.436789375142192688e+11
2.186341980889365377e+00 1.431782649207017822e+11
2.208205400698258991e+00 1.424797066996291504e+11
2.230287454705241146e+00 1.411368459833115234e+11
2.252590329252293522e+00 1.396944233477530518e+11
2.275116232544817318e+00 1.370430602183412018e+11
2.297867394870265034e+00 1.273431834774794464e+11
2.320846068818967822e+00 1.210063298392967987e+11
2.344054529507157536e+00 1.176678678481406555e+11
2.367495074802228761e+00 1.131174823739459686e+11
2.391170025550251044e+00 1.083718944501767883e+11
2.415081725805753532e+00 1.014418181264136200e+11
2.439232543063811764e+00 9.431733475675930786e+10
2.463624868494449949e+00 8.815158200356857300e+10
2.488261117179394244e+00 8.394883795187017822e+10
2.513143728351188155e+00 7.665842186826190186e+10
2.538275165634700237e+00 7.367185522693267822e+10
2.563657917291046751e+00 7.145629785195097351e+10
2.589294496463957262e+00 7.066741107654272461e+10
2.615187441428596937e+00 7.235134754285809326e+10
2.641339315842882840e+00 7.227556417896556091e+10
2.667752709001311562e+00 7.056444106805780029e+10
2.694430236091324815e+00 6.675094601024855804e+10
2.721374538452237868e+00 6.532003073343038177e+10
2.748588283836760127e+00 6.416010991156021881e+10
2.776074166675128296e+00 6.149163363266378021e+10
2.803834908341879206e+00 6.172290459651402283e+10
2.831873257425297830e+00 5.991409563091190338e+10
2.860191989999551154e+00 5.947760471578199005e+10
2.888793909899546541e+00 5.985828649502608490e+10
2.917681848998542549e+00 5.665582688050923920e+10
2.946858667488527761e+00 5.786733874579771423e+10
2.976327254163412928e+00 5.690540554968928528e+10
3.006090526705047061e+00 5.767735159231764221e+10
3.036151431972097470e+00 5.699501606895567322e+10
3.066512946291818587e+00 5.848055801662045288e+10
3.097178075754736692e+00 5.784021242182449341e+10
3.128149856512283833e+00 5.834059945169447327e+10
3.159431355077406689e+00 5.851571746221628571e+10
3.191025668628181045e+00 5.858874704509267426e+10
3.222935925314462935e+00 5.906414774404161072e+10
3.255165284567607564e+00 5.990568427427076721e+10
3.287716937413283524e+00 5.954938386435843658e+10
3.320594106787416067e+00 5.984069831771213531e+10
3.353800047855290511e+00 5.892978281820314789e+10
3.387338048333843332e+00 5.861120046718383789e+10
3.421211428817182210e+00 5.838445930027594757e+10
3.455423543105353712e+00 5.833645092000531769e+10
3.489977778536407005e+00 5.734321251934896851e+10
3.524877556321771355e+00 5.669168954454161835e+10
3.560126331884988726e+00 5.659017602689741516e+10
3.595727595203838334e+00 5.590368109044474792e+10
3.631684871155877570e+00 5.544529904631362152e+10
3.668001719867436616e+00 5.457751419089266968e+10
3.704681737066110259e+00 5.467203018847259521e+10
3.741728554436771326e+00 5.413231394229201508e+10
3.779145839981139510e+00 5.369540272763132477e+10
3.816937298380950860e+00 5.282392586591452026e+10
3.855106671364760818e+00 5.233026934136861420e+10
3.893657738078407426e+00 5.127713311668851471e+10
3.932594315459191581e+00 5.000569090342181396e+10
3.971920258613783616e+00 4.771082242218470001e+10
4.011639461199922430e+00 4.515635596736811066e+10
4.051755855811920881e+00 4.310325214497914886e+10
4.092273414370040108e+00 4.027734400889549255e+10
4.133196148513740731e+00 3.901829313106695557e+10
4.174528109998877135e+00 3.750685631135307312e+10
4.216273391098866341e+00 3.503920271865313721e+10
4.258436125009854578e+00 3.234518161447841263e+10
4.301020486259953479e+00 3.028141544570149231e+10
4.344030691122553023e+00 2.871563230535940933e+10
4.387470998033777825e+00 2.778192141764899445e+10
4.431345708014116092e+00 2.655322604735177994e+10
4.475659165094256764e+00 2.555077135535043335e+10
4.520415756745198799e+00 2.473783978033441925e+10
4.565619914312651240e+00 2.402597762818076324e+10
4.611276113455778258e+00 2.377763139355113220e+10
4.657388874590335348e+00 2.350614443615290833e+10
4.703962763336238417e+00 2.296006229715481949e+10
4.751002390969600420e+00 2.230513066433178711e+10
4.798512414879296806e+00 2.170405384527729797e+10
4.846497539028090884e+00 2.117439605908443832e+10
4.894962514418371491e+00 2.055949468723639679e+10
4.943912139562555375e+00 1.988874304287912750e+10
4.993351260958180937e+00 1.959271874354814148e+10
5.043284773567762613e+00 1.892753919507990646e+10
5.093717621303440524e+00 1.865839498196710205e+10
5.144654797516475142e+00 1.801682918708455658e+10
5.196101345491639378e+00 1.758844883740591049e+10
5.248062358946555150e+00 1.728317588366535950e+10
5.300542982536021519e+00 1.664882528780877686e+10
5.353548412361381459e+00 1.628096812207168007e+10
5.407083896484995655e+00 1.566678144740005493e+10
5.461154735449845532e+00 1.541169420840745354e+10
5.515766282804344556e+00 1.495098506524867630e+10
5.570923945632387131e+00 1.439206606002283096e+10
5.626633185088711464e+00 1.413676925336996078e+10
5.682899516939598605e+00 1.363268162762842751e+10
5.739728512108993819e+00 1.322474129262823868e+10
5.797125797230084032e+00 1.291262678468693733e+10
5.855097055202384659e+00 1.241421118601546860e+10
5.913648025754409510e+00 1.223316648295581627e+10
5.972784506011953987e+00 1.201185636386234856e+10
6.032512351072073287e+00 1.161664040277744484e+10
6.092837474582792900e+00 1.161477528331079483e+10
6.153765849328621584e+00 1.149085527503191566e+10
6.215303507821907658e+00 1.121247921111651039e+10
6.277456542900125669e+00 1.096848789574280357e+10
6.340231108329128062e+00 1.059987276672495461e+10
6.403633419412418704e+00 9.970368161703126907e+09
6.467669753606543281e+00 9.182274759133146286e+09
6.532346451142608146e+00 8.676812146895709991e+09
6.597669915654034156e+00 8.041784938071916580e+09
6.663646614810574853e+00 7.793546302006635666e+09
6.730283080958680664e+00 7.827827592076138496e+09
6.797585911768267763e+00 7.448048456945267677e+09
6.865561770885950210e+00 7.280208921107292175e+09
6.934217388594810849e+00 7.168199051761494637e+09
7.003559562480758949e+00 7.073223595653111458e+09
7.073595158105566050e+00 6.748444787676429749e+09
7.144331109686621772e+00 6.623445872079584122e+09
7.215774420783487741e+00 6.493465126919575691e+09
7.287932164991324235e+00 6.297514050929768562e+09
7.360811486641236634e+00 6.070441063435121536e+09
7.434419601507648245e+00 5.890659887842191696e+09
7.508763797522725270e+00 5.752534054926021576e+09
7.583851435497953375e+00 5.494389340525747299e+09
7.659689949852931612e+00 5.415859048783714294e+09
7.736286849351461825e+00 5.176829855154808044e+09
7.813649717844977083e+00 5.162792098134434700e+09
7.891786215023426365e+00 4.767798685488596916e+09
7.970704077173661695e+00 4.745886617934203148e+09
8.050411117945397876e+00 4.582152018991954803e+09
8.130915229124850541e+00 4.440841189215891838e+09
8.212224381416099561e+00 4.310210159753651619e+09
8.294346625230261338e+00 4.161445763955564976e+09
8.377290091482562318e+00 4.046918970236467361e+09
8.461062992397387461e+00 3.952098056585812092e+09
8.545673622321363183e+00 3.851561010208138943e+09
8.631130358544575998e+00 3.784092272407561302e+09
8.717441662130022806e+00 3.643372951673054695e+09
8.804616078751321240e+00 3.536057122730903149e+09
8.892662239538834612e+00 3.495470473680468082e+09
8.981588861934222123e+00 3.342077567122707844e+09
9.071404750553567098e+00 3.282014864286074638e+09
9.162118798059102787e+00 3.210887908179535389e+09
9.253739986039693832e+00 3.088104694898164272e+09
9.346277385900089385e+00 3.039614907429170609e+09
9.439740159759089977e+00 2.907362167523904324e+09
9.534137561356683221e+00 2.877140744844336510e+09
9.629478936970249592e+00 2.733670023165338993e+09
9.725773726339950187e+00 2.693726989011460304e+09
9.823031463603349778e+00 2.614382004610683441e+09
9.921261778239381712e+00 2.482851547028004646e+09
1.002047439602177548e+01 2.439652020743514061e+09
1.012067913998199487e+01 2.346069647649702549e+09
1.022188593138181290e+01 2.283624463766041756e+09
1.032410479069563181e+01 2.177038650353669643e+09
1.042734583860258724e+01 2.090806249054204226e+09
1.053161929698861421e+01 2.039304741117101431e+09
1.063693548995849980e+01 1.974610904164792061e+09
1.074330484485808412e+01 1.904137615072222233e+09
1.085073789330666472e+01 1.850034264954170704e+09
1.095924527223973222e+01 1.744102429949172020e+09
1.106883772496212970e+01 1.687275001814157963e+09
1.117952610221174936e+01 1.630141240901284218e+09
1.129132136323386781e+01 1.573720698097516298e+09
1.140423457686620701e+01 1.532045361882614613e+09
1.151827692263487002e+01 1.459730317010360718e+09
1.163345969186121920e+01 1.410678745332839489e+09
1.174979428877982990e+01 1.326182536070812941e+09
1.186729223166762992e+01 1.293110149945364714e+09
1.198596515398430462e+01 1.260390582444930792e+09
1.210582480552414708e+01 1.197633479957172632e+09
1.222688305357938887e+01 1.166504369284149408e+09
1.234915188411518194e+01 1.119774952357229948e+09
1.247264340295633467e+01 1.058311713623656869e+09
1.259736983698589619e+01 1.027229082805529833e+09
1.272334353535575424e+01 9.974202248118427992e+08
1.285057697070931226e+01 9.586910769101877213e+08
1.297908274041640553e+01 9.120146262063120604e+08
1.310887356782057012e+01 8.945778576065864563e+08
1.323996230349877479e+01 8.444705724021497965e+08
1.337236192653376321e+01 8.217119448346006870e+08
1.350608554579910248e+01 7.812967772857196331e+08
1.364114640125709244e+01 7.650812077986285686e+08
1.377755786526966197e+01 7.270662266876403093e+08
1.391533344392236238e+01 7.097958123092049360e+08
1.405448677836158211e+01 6.818012982374582291e+08
1.419503164614519974e+01 6.427710273232135773e+08
1.433698196260665192e+01 6.298461642564415932e+08
1.448035178223271835e+01 5.994354172865180969e+08
1.462515530005504516e+01 5.782848685122015476e+08
1.477140685305559664e+01 5.672578512080967426e+08
1.491912092158615089e+01 5.298026276613076329e+08
1.506831213080201159e+01 5.213508689900988340e+08
1.521899525211003024e+01 5.040901784822731018e+08
1.537118520463113214e+01 4.807460338980338573e+08
1.552489705667744246e+01 4.632023489138726592e+08
1.568014602724421813e+01 4.469887820621664524e+08
1.583694748751665848e+01 4.340361889268382788e+08
1.599531696239182388e+01 4.148754227732723355e+08
1.615527013201574391e+01 3.966558070629987121e+08
1.631682283333590178e+01 3.884673676960968971e+08
1.647999106166925998e+01 3.684421546480966210e+08
1.664479097228595350e+01 3.532808172692691684e+08
1.681123888200881211e+01 3.489937397582031488e+08
1.697935127082889650e+01 3.380557558055379391e+08
1.714914478353718863e+01 3.167225915742385983e+08
1.732063623137256059e+01 3.039028225112665892e+08
1.749384259368628847e+01 2.987634876160559058e+08
1.766878101962314673e+01 2.827597331518622041e+08
1.784546882981938509e+01 2.765802238621273041e+08
1.802392351811757720e+01 2.672955946885966063e+08
1.820416275329875333e+01 2.550483876414111257e+08
1.838620438083173880e+01 2.481236284283334911e+08
1.857006642464005353e+01 2.307954788054765761e+08
1.875576708888645427e+01 2.281827197237564921e+08
1.894332475977532226e+01 2.202558112006562650e+08
1.913275800737307719e+01 2.145791446326466203e+08
1.969740769490774923e+01 1.892702080092161894e+08
2.068227807965313403e+01 1.573022408715668917e+08
2.171639198363579126e+01 1.307900369764272273e+08
2.280221158281758420e+01 1.097762056190787256e+08
2.394232216195846163e+01 9.100128347026355565e+07
2.513943827005638454e+01 7.539497050944393873e+07
2.639641018355920465e+01 6.300260804336997867e+07
2.771623069273716311e+01 5.222730109758218378e+07
2.910204222737402446e+01 4.350071809751868248e+07
3.055714433874272729e+01 3.552183232623387873e+07
3.208500155567985956e+01 3.003259994133193791e+07
3.368925163346385432e+01 2.447950732050664723e+07
3.537371421513704206e+01 2.011928419973009080e+07
3.714239992589390482e+01 1.679674790886942670e+07
3.899951992218858976e+01 1.401763077519942261e+07
4.094949591829801960e+01 1.143604138308944739e+07
4.299697071421292094e+01 9.520327214535720646e+06
4.514681924992356699e+01 7.905605934920027852e+06
4.740416021241974676e+01 6.574604402923388407e+06
4.977436822304073161e+01 5.416059335339706391e+06
5.226308663419276712e+01 4.489188203861573711e+06
5.487624096590241152e+01 3.730947467084532604e+06
5.762005301419753067e+01 3.079493754464898724e+06
6.050105566490740472e+01 2.575016025150671601e+06
6.352610844815276891e+01 2.103480665555858985e+06
6.670241387056040594e+01 1.761830160767082358e+06
7.003753456408843192e+01 1.465990501531454735e+06
7.353941129229284002e+01 1.195781699993872782e+06
7.721638185690748912e+01 9.999670593875846826e+05
8.107720094975286429e+01 8.202350646810670150e+05
8.513106099724051035e+01 6.794529390933832619e+05
8.938761404710253089e+01 5.794418683680532267e+05
9.385699474945765530e+01 4.702391978235794231e+05
