3.401114059005487245e-01 4.950155871001278877e+09
3.435125199595542300e-01 4.452550069294741631e+09
3.469476451591497201e-01 5.057875905004766464e+09
3.504171216107412334e-01 5.712966672435699463e+09
3.539212928268486436e-01 5.905106856535276413e+09
3.574605057551171750e-01 5.752330700433855057e+09
3.610351108126682584e-01 6.005587318752474785e+09
3.646454619207949999e-01 6.009214650015298843e+09
3.682919165400029282e-01 5.542146114089427948e+09
3.719748357054029064e-01 5.858837480666827202e+09
3.756945840624569266e-01 6.787711132626859665e+09
3.794515299030815081e-01 8.234693102870921135e+09
3.832460452021123065e-01 8.124180848332542419e+09
3.870785056541334312e-01 9.322750210430118561e+09
3.909492907106748016e-01 9.208233368776409149e+09
3.948587836177815391e-01 7.830929811490053177e+09
3.988073714539593917e-01 7.416457243845436096e+09
4.027954451684989667e-01 5.516162196161527634e+09
4.068233996201839342e-01 5.620632525508660316e+09
4.108916336163858096e-01 6.990121500001072884e+09
4.150005499525497021e-01 9.764623297864461899e+09
4.191505554520751908e-01 1.011413631832188606e+10
4.233420610065958822e-01 1.040651135406729889e+10
4.275754816166618122e-01 1.039881730585916901e+10
4.318512364328284114e-01 9.190430116896160126e+09
4.361697487971567533e-01 9.167322327213199615e+09
4.405314462851282475e-01 1.020428195455671120e+10
4.449367607479796094e-01 1.011580591514193726e+10
4.493861283554593800e-01 1.029310727193509102e+10
4.538799896390139921e-01 9.956521902991714478e+09
4.584187895354041031e-01 8.870502877307199478e+09
4.630029774307581336e-01 7.811379516061647415e+09
4.676330072050656761e-01 6.638889108035562515e+09
4.723093372771162701e-01 5.189698665693354607e+09
4.770324306498874289e-01 3.978597391964196682e+09
4.818027549563863032e-01 3.046098220384006500e+09
4.866207825059500891e-01 1.947806342229905605e+09
4.914869903310095656e-01 2.015463317461529016e+09
4.964018602343197584e-01 1.777201236355019808e+09
5.013658788366629482e-01 1.551817227273670912e+09
5.063795376250295188e-01 1.419086822700673580e+09
5.114433330012797541e-01 1.332718917278455496e+09
5.165577663312926893e-01 1.212446369070480824e+09
5.217233439946056262e-01 1.141255173767213345e+09
5.269405774345515825e-01 1.053213149803233862e+09
5.322099832088971194e-01 9.864021444958368540e+08
5.375320830409860973e-01 9.300807780883812904e+08
5.429074038713960215e-01 8.496037279491754770e+08
5.483364779101099762e-01 7.900234984843147993e+08
5.538198426892112503e-01 7.334246609465022087e+08
5.593580411161032107e-01 6.629839996978687048e+08
5.649516215272641917e-01 6.090590816755547523e+08
5.706011377425368458e-01 5.477824007006456852e+08
5.763071491199621699e-01 5.000531669146351814e+08
5.820702206111618704e-01 4.562848147622044086e+08
5.878909228172733981e-01 4.042605035276548862e+08
5.937698320454461998e-01 3.898197769129068255e+08
5.997075303659007428e-01 3.909416687384012938e+08
6.057046056695597480e-01 4.040637275216107965e+08
6.117616517262552955e-01 4.070787425763716102e+08
6.178792682435179096e-01 4.056896272136954069e+08
6.240580609259530620e-01 3.985020989142593145e+08
6.302986415352126448e-01 3.886226168643598557e+08
6.366016279505647413e-01 3.767595577949669957e+08
6.429676442300703565e-01 3.589741079725505114e+08
6.493973206723711034e-01 3.360679720112223625e+08
6.558912938790947278e-01 2.877021454929615855e+08
6.624502068178856895e-01 3.207250257507607341e+08
6.690747088860645730e-01 3.162202148051128983e+08
6.757654559749252110e-01 3.086517763750410676e+08
6.825231105346745153e-01 2.945907669588307142e+08
6.893483416400212338e-01 2.639405102312011123e+08
6.962418250564214039e-01 2.298171392713809013e+08
7.032042433069857212e-01 2.110142142730157971e+08
7.102362857400554841e-01 1.963703564919900298e+08
7.173386485974559967e-01 1.643788472295660973e+08
7.245120350834306500e-01 1.485166162859415710e+08
7.317571554342650053e-01 1.346666268833239079e+08
7.390747269886076554e-01 1.236055913911299407e+08
7.464654742584937441e-01 1.148144089859741181e+08
7.539301290010786971e-01 1.017559937856077254e+08
7.614694302910893775e-01 8.288035201896974444e+07
7.690841245940003290e-01 5.474807516039644182e+07
7.767749658399403234e-01 7.658343673014500737e+07
7.845427154983398710e-01 8.448436964613312483e+07
7.923881426533231354e-01 9.018010031810690463e+07
8.003120240798563545e-01 9.387827953935240209e+07
8.083151443206548770e-01 9.299539299428167939e+07
8.163982957638614701e-01 9.037919382046608627e+07
8.245622787215000082e-01 9.821635400465789437e+07
8.328079015087149761e-01 1.043832460932112336e+08
8.411359805238021181e-01 1.019831680140315294e+08
8.495473403290402237e-01 1.140555701354837120e+08
8.580428137323306004e-01 1.280720777560014725e+08
8.666232418696537820e-01 1.377159723486633301e+08
8.752894742883503554e-01 1.410125343163511157e+08
8.840423690312340099e-01 1.161980621595471948e+08
8.928827927215462479e-01 4.700111771347153187e+07
9.018116206487618580e-01 5.156095390712720156e+07
9.108297368552494833e-01 9.875395839771364629e+07
9.199380342238018260e-01 1.454264490502414703e+08
9.291374145660399320e-01 9.448154550995923579e+07
9.384287887117003235e-01 8.930367221776928008e+07
9.478130765988174167e-01 1.002745176013139784e+08
9.572912073648053299e-01 9.834508044562454522e+07
9.668641194384535176e-01 1.233975698532689959e+08
9.765327606328380039e-01 1.384705535292185545e+08
9.862980882391664261e-01 1.541041694112475514e+08
9.961610691215579960e-01 1.687729888805423975e+08
1.006122679812773590e+00 1.900421265816176832e+08
1.016183906610901300e+00 2.663629219770265520e+08
1.026345745677010202e+00 3.408881953300806284e+08
1.036609203133780355e+00 4.846625621452562809e+08
1.046975295165118336e+00 6.969083075102473497e+08
1.057445048116769204e+00 8.751481909325065613e+08
1.068019498597936989e+00 9.354359914399704933e+08
1.078699693583916597e+00 9.283187638716506958e+08
1.089486690519755552e+00 6.384108428393437862e+08
1.100381557424953138e+00 3.209192795825597048e+08
1.111385372999202481e+00 1.363012474534414709e+08
1.122499226729194666e+00 6.353989448658902943e+07
1.133724218996486455e+00 7.368446435224026442e+07
1.145061461186451135e+00 7.646920019725024700e+07
1.156512075798315831e+00 1.721271269664078578e+07
1.168077196556299047e+00 3.912438876425717771e+07
1.179757968521861988e+00 3.968505064622801542e+07
1.191555548207080761e+00 9.663540372110792994e+07
1.203471103689151889e+00 2.686837331611626744e+08
1.215505814726043354e+00 6.417261087741894722e+08
1.227660872873303610e+00 1.143054458351249456e+09
1.239937481602036762e+00 1.650205465365143538e+09
1.252336856418057032e+00 2.231985279762709618e+09
1.264860224982237824e+00 2.469476074333055019e+09
1.277508827232060051e+00 2.062447669126021624e+09
1.290283915504380818e+00 1.453482191283665419e+09
1.303186754659424462e+00 9.998917346534410715e+08
1.316218622206019040e+00 6.254575343892542124e+08
1.329380808428079153e+00 2.228027472033560276e+08
1.342674616512359975e+00 4.932239161744175106e+07
1.356101362677483380e+00 9.274218615067375824e+06
1.369662376304258355e+00 1.243303214463103563e+07
1.383359000067300837e+00 7.155129533631367609e+06
1.397192590067974027e+00 6.364558877248549834e+06
1.411164515968653665e+00 1.291025824373925105e+07
1.425276161128340213e+00 2.249629856068983302e+07
1.439528922739623740e+00 4.965908736583237350e+07
1.453924211967019708e+00 1.394165586232146919e+08
1.468463454086690101e+00 1.611829754456028342e+08
1.483148088627556760e+00 2.228373975026544333e+08
1.497979569513832487e+00 3.788377931336929202e+08
1.512959365208970564e+00 4.990465577896401882e+08
1.528088958861060442e+00 8.604482068978040218e+08
1.543369848449671178e+00 1.332324055537575483e+09
1.558803546934167894e+00 1.745481424645306110e+09
1.574391582403509737e+00 2.335877212265976906e+09
1.590135498227544852e+00 2.131174019875569582e+09
1.606036853209820148e+00 8.106835784628796577e+08
1.622097221741918505e+00 1.909284085293954909e+08
1.638318193959337421e+00 1.118753863953000456e+08
1.654701375898931071e+00 1.188521060319961756e+08
1.671248389657920441e+00 5.488443250749646872e+07
1.687960873554499530e+00 6.897553309027317166e+07
1.704840482290044701e+00 4.158858518683363497e+07
1.721888887112944966e+00 7.156932603172689676e+07
1.739107775984074289e+00 6.425792596089412272e+07
1.756498853743915012e+00 1.017183009056465924e+08
1.774063842281354608e+00 8.901068109478476644e+07
1.791804480704168201e+00 6.723523414806386828e+07
1.809722525511209934e+00 8.721062912557442486e+07
1.827819750766321860e+00 9.252423316475871205e+07
1.846097948273984990e+00 1.014434098160690367e+08
1.864558927756724938e+00 8.525194362047746778e+07
1.883204517034292147e+00 2.431970030586954355e+08
1.902036562204635128e+00 2.692021049848762751e+08
1.921056927826681582e+00 1.968719255773088932e+08
1.940267497104948502e+00 1.454465226553576589e+08
1.959670172075998140e+00 2.344756580910569727e+08
1.979266873796758031e+00 3.667624933057072163e+08
1.999059542534725509e+00 6.044255813465590477e+08
2.019050137960073155e+00 8.508724361469407082e+08
2.039240639339673589e+00 1.239978684713742018e+09
2.059633045733070489e+00 1.630844439990604639e+09
2.080229376190401158e+00 1.778481478621811390e+09
2.101031669952305059e+00 1.520687528045903444e+09
2.122041986651828083e+00 1.083669446680173874e+09
2.143262406518346097e+00 6.652481346325552464e+08
2.164695030583529967e+00 3.299998503895940185e+08
2.186341980889365377e+00 1.709735071971367598e+08
2.208205400698258991e+00 3.087112010006270185e+07
2.230287454705241146e+00 3.979086152037803829e+07
2.252590329252293522e+00 1.506438154988488369e+07
2.275116232544817318e+00 1.276630527753185853e+07
2.297867394870265034e+00 1.145515493651446141e+07
2.320846068818967822e+00 1.764174900437438488e+07
2.344054529507157536e+00 1.132493651461994089e+07
2.367495074802228761e+00 1.608007274620512873e+07
2.391170025550251044e+00 2.506579574312872067e+07
2.415081725805753532e+00 4.537435790245212615e+07
2.439232543063811764e+00 5.865864348059669137e+07
2.463624868494449949e+00 1.004115446904601008e+08
2.488261117179394244e+00 1.379241294220948219e+08
2.513143728351188155e+00 1.369422834434651434e+08
2.538275165634700237e+00 9.432773243354453146e+07
2.563657917291046751e+00 6.440041542166335881e+07
2.589294496463957262e+00 5.223166999321982265e+07
2.615187441428596937e+00 7.558247004972089827e+07
2.641339315842882840e+00 1.730802215239380896e+08
2.667752709001311562e+00 6.708563646818187088e+07
2.694430236091324815e+00 9.641107111261451244e+07
2.721374538452237868e+00 1.579983513556900620e+08
2.748588283836760127e+00 1.463125723234358728e+08
2.776074166675128296e+00 8.854748706865710020e+07
2.803834908341879206e+00 1.394936369787468612e+08
2.831873257425297830e+00 1.655703786578855217e+08
2.860191989999551154e+00 1.779342295206345916e+08
2.888793909899546541e+00 2.745714837163585424e+08
2.917681848998542549e+00 3.025229433741136193e+08
2.946858667488527761e+00 4.164564202094283700e+08
2.976327254163412928e+00 4.341077143035309911e+08
3.006090526705047061e+00 2.618997286632055640e+08
3.036151431972097470e+00 4.285399909561020732e+08
3.066512946291818587e+00 3.431358556026611328e+08
3.097178075754736692e+00 2.124054050223347545e+08
3.128149856512283833e+00 1.467170973434656262e+08
3.159431355077406689e+00 9.342753268003189564e+07
3.191025668628181045e+00 6.388829969016940147e+07
3.222935925314462935e+00 6.156824593033155054e+07
3.255165284567607564e+00 6.935645352463930845e+07
3.287716937413283524e+00 1.177787263845005035e+08
3.320594106787416067e+00 3.610142465916562825e+07
3.353800047855290511e+00 6.591806859214604646e+07
3.387338048333843332e+00 9.077312186792662740e+07
3.421211428817182210e+00 8.709023222432190180e+07
3.455423543105353712e+00 8.584579941893647611e+07
3.489977778536407005e+00 1.028834908786392808e+08
3.524877556321771355e+00 1.476874431804619730e+08
3.560126331884988726e+00 1.813166988649652302e+08
3.595727595203838334e+00 2.042759180505825877e+08
3.631684871155877570e+00 2.545686647213495970e+08
3.668001719867436616e+00 4.058681398897415400e+08
3.704681737066110259e+00 4.853477777315685749e+08
3.741728554436771326e+00 5.642212442737244368e+08
3.779145839981139510e+00 5.747654168564343452e+08
3.816937298380950860e+00 8.745511508556534052e+08
3.855106671364760818e+00 7.306491794199831486e+08
3.893657738078407426e+00 8.735827087578309774e+08
3.932594315459191581e+00 1.076751802290544987e+09
3.971920258613783616e+00 1.219760425213996172e+09
4.011639461199922430e+00 1.315779505161101103e+09
4.051755855811920881e+00 1.364766992015718460e+09
4.092273414370040108e+00 1.263489224585007429e+09
4.133196148513740731e+00 1.221987846228109360e+09
4.174528109998877135e+00 1.385854944841740608e+09
4.216273391098866341e+00 1.579742724684881926e+09
4.258436125009854578e+00 1.846773184122820616e+09
4.301020486259953479e+00 6.986028073426028490e+08
4.344030691122553023e+00 1.149634179967190504e+09
4.387470998033777825e+00 1.805786488961507559e+09
4.431345708014116092e+00 1.709623003922247410e+09
4.475659165094256764e+00 1.590502317632983446e+09
4.520415756745198799e+00 1.632660646900151253e+09
4.565619914312651240e+00 1.931236156599631786e+09
4.611276113455778258e+00 2.060528602122409821e+09
4.657388874590335348e+00 2.009799753968717575e+09
4.703962763336238417e+00 2.259876530852481842e+09
4.751002390969600420e+00 2.395090560637676239e+09
4.798512414879296806e+00 2.088232606570353746e+09
4.846497539028090884e+00 2.160871739803129196e+09
4.894962514418371491e+00 2.019632693244599342e+09
4.943912139562555375e+00 1.662599389355990410e+09
4.993351260958180937e+00 1.680187927122666359e+09
5.043284773567762613e+00 1.458328591688757420e+09
5.093717621303440524e+00 1.318036354514204741e+09
5.144654797516475142e+00 1.055603665321050406e+09
5.196101345491639378e+00 9.267461848290691376e+08
5.248062358946555150e+00 9.721660926315094233e+08
5.300542982536021519e+00 8.019259693348375559e+08
5.353548412361381459e+00 6.783768839643316269e+08
5.407083896484995655e+00 5.710692968712761402e+08
5.461154735449845532e+00 5.304305096729163527e+08
5.515766282804344556e+00 5.505179516062917709e+08
5.570923945632387131e+00 3.960282826581516862e+08
5.626633185088711464e+00 3.688770971468276381e+08
5.682899516939598605e+00 3.705603868123536706e+08
5.739728512108993819e+00 3.065483160503122211e+08
5.797125797230084032e+00 3.540405137176467180e+08
5.855097055202384659e+00 2.797215648689900041e+08
5.913648025754409510e+00 3.032790999616723061e+08
5.972784506011953987e+00 3.156699638715143204e+08
6.032512351072073287e+00 3.074726158267927766e+08
6.092837474582792900e+00 2.870643597277725935e+08
6.153765849328621584e+00 2.582383514411601424e+08
6.215303507821907658e+00 3.157700767750338316e+08
6.277456542900125669e+00 3.686953006712793708e+08
6.340231108329128062e+00 3.513848197367915511e+08
6.403633419412418704e+00 2.632127792083676755e+08
6.467669753606543281e+00 2.204112233067128062e+08
6.532346451142608146e+00 2.464817044834329188e+08
6.597669915654034156e+00 2.319899859451937675e+08
6.663646614810574853e+00 2.717211667008026838e+08
6.730283080958680664e+00 2.969840112430875897e+08
6.797585911768267763e+00 2.646477822418845296e+08
6.865561770885950210e+00 2.800136009100193977e+08
6.934217388594810849e+00 3.148984002327213287e+08
7.003559562480758949e+00 3.057102785106022358e+08
7.073595158105566050e+00 2.748455762455011606e+08
7.144331109686621772e+00 2.540620496627110541e+08
7.215774420783487741e+00 2.446796894245976806e+08
7.287932164991324235e+00 2.194314015191788375e+08
7.360811486641236634e+00 1.944102488008123934e+08
7.434419601507648245e+00 1.940444934106254578e+08
7.508763797522725270e+00 2.145709383592542112e+08
7.583851435497953375e+00 2.460796682337067127e+08
7.659689949852931612e+00 2.186646803207423687e+08
7.736286849351461825e+00 1.629020428158924282e+08
7.813649717844977083e+00 1.955696597888834476e+08
7.891786215023426365e+00 2.049442094071938097e+08
7.970704077173661695e+00 2.346328783921831548e+08
8.050411117945397876e+00 2.183236764907427728e+08
8.130915229124850541e+00 2.387787652118675709e+08
8.212224381416099561e+00 2.355293533937249780e+08
8.294346625230261338e+00 2.624419494289769232e+08
8.377290091482562318e+00 2.600570734500074387e+08
8.461062992397387461e+00 2.939869145914030671e+08
8.545673622321363183e+00 3.081255665335579515e+08
8.631130358544575998e+00 3.205613474022769332e+08
8.717441662130022806e+00 3.424933053752532005e+08
8.804616078751321240e+00 3.170128656720037460e+08
8.892662239538834612e+00 3.346949752711271048e+08
8.981588861934222123e+00 3.191400527777007222e+08
9.071404750553567098e+00 3.586839890220193267e+08
9.162118798059102787e+00 3.419650444285284281e+08
9.253739986039693832e+00 3.475256938890351057e+08
9.346277385900089385e+00 3.296601632439474463e+08
9.439740159759089977e+00 3.646079189005197287e+08
9.534137561356683221e+00 3.614550542490836978e+08
9.629478936970249592e+00 3.685666476115493774e+08
9.725773726339950187e+00 3.737898623196969032e+08
9.823031463603349778e+00 4.153215755265315771e+08
9.921261778239381712e+00 3.843213815421767831e+08
1.002047439602177548e+01 4.378328207717916369e+08
1.012067913998199487e+01 3.506851718051561117e+08
1.022188593138181290e+01 3.893352857221546173e+08
1.032410479069563181e+01 2.369397481585819423e+08
1.042734583860258724e+01 1.541521971573923528e+08
1.053161929698861421e+01 1.926161370462177396e+08
1.063693548995849980e+01 2.181890380337092876e+08
1.074330484485808412e+01 1.380913250381817222e+08
1.085073789330666472e+01 2.006491565334376693e+08
1.095924527223973222e+01 2.006235431483882070e+08
1.106883772496212970e+01 2.660546406527753770e+08
1.117952610221174936e+01 2.850956547597243786e+08
1.129132136323386781e+01 2.789213189588779807e+08
1.140423457686620701e+01 3.091327927803691030e+08
1.151827692263487002e+01 2.600437840326716602e+08
1.163345969186121920e+01 2.880420382471901178e+08
1.174979428877982990e+01 1.899375024443317056e+08
1.186729223166762992e+01 2.620897746412822604e+08
1.198596515398430462e+01 2.154394909472880661e+08
1.210582480552414708e+01 2.035408028579559624e+08
1.222688305357938887e+01 2.074159147050943673e+08
1.234915188411518194e+01 1.823780924497783780e+08
1.247264340295633467e+01 1.892733711794464588e+08
1.259736983698589619e+01 1.723359303639747500e+08
1.272334353535575424e+01 1.684609753165819645e+08
1.285057697070931226e+01 1.669825136565832794e+08
1.297908274041640553e+01 1.583409224857388437e+08
1.310887356782057012e+01 1.677615454106770158e+08
1.323996230349877479e+01 1.521460842417098880e+08
1.337236192653376321e+01 1.349391413469291627e+08
1.350608554579910248e+01 1.470001195749730170e+08
1.364114640125709244e+01 1.485684667453333437e+08
1.377755786526966197e+01 1.342615176372149289e+08
1.391533344392236238e+01 1.557988763406134248e+08
1.405448677836158211e+01 1.284615866405451298e+08
1.419503164614519974e+01 1.201504664940978885e+08
1.433698196260665192e+01 1.260726947404280007e+08
1.448035178223271835e+01 1.024394514481018484e+08
1.462515530005504516e+01 1.282206831405773163e+08
1.477140685305559664e+01 1.194366216581745893e+08
1.491912092158615089e+01 1.062457811921150535e+08
1.506831213080201159e+01 1.097252772970275432e+08
1.521899525211003024e+01 1.098943704953674227e+08
1.537118520463113214e+01 1.017412425479484648e+08
1.552489705667744246e+01 8.979082868564149737e+07
1.568014602724421813e+01 8.184578749981690943e+07
1.583694748751665848e+01 7.678453791950696707e+07
1.599531696239182388e+01 7.778634020634916425e+07
1.615527013201574391e+01 8.159379841053128242e+07
1.631682283333590178e+01 7.951387512729240954e+07
1.647999106166925998e+01 7.927545481432184577e+07
1.664479097228595350e+01 7.063674362701416016e+07
1.681123888200881211e+01 7.488107149103218317e+07
1.697935127082889650e+01 7.449100915775413811e+07
1.714914478353718863e+01 6.270394292598909885e+07
1.732063623137256059e+01 6.477872034770717472e+07
1.749384259368628847e+01 6.395556581555425376e+07
1.766878101962314673e+01 6.362302215985742211e+07
1.784546882981938509e+01 6.374850129911492020e+07
1.802392351811757720e+01 5.938998832468210906e+07
1.820416275329875333e+01 5.234989664731790870e+07
1.838620438083173880e+01 5.613168325044158846e+07
1.857006642464005353e+01 4.839938729438209534e+07
1.875576708888645427e+01 5.268512566554429382e+07
1.894332475977532226e+01 4.953780487783919275e+07
1.913275800737307719e+01 4.955293453016708791e+07
1.969740769490774923e+01 3.801049207087530941e+07
2.068227807965313403e+01 3.300924809226785973e+07
2.171639198363579126e+01 2.714374380736751109e+07
2.280221158281758420e+01 2.426464974000398815e+07
2.394232216195846163e+01 2.035238775193228573e+07
2.513943827005638454e+01 1.673592250349168479e+07
2.639641018355920465e+01 1.392955881187671423e+07
2.771623069273716311e+01 1.204226232307542302e+07
2.910204222737402446e+01 9.600090960938215256e+06
3.055714433874272729e+01 7.793957602923899889e+06
3.208500155567985956e+01 7.103648754064231180e+06
3.368925163346385432e+01 5.652147693287578411e+06
3.537371421513704206e+01 4.392951990915407427e+06
3.714239992589390482e+01 4.001645106024776120e+06
3.899951992218858976e+01 3.327217659110417124e+06
4.094949591829801960e+01 2.823403351482701954e+06
4.299697071421292094e+01 2.265998865594341420e+06
4.514681924992356699e+01 1.903680958118163282e+06
4.740416021241974676e+01 1.554971301700402051e+06
4.977436822304073161e+01 1.293732026656855829e+06
5.226308663419276712e+01 1.123240572462155716e+06
5.487624096590241152e+01 9.386946024045788217e+05
5.762005301419753067e+01 7.428045183178249281e+05
6.050105566490740472e+01 6.719810469455296407e+05
6.352610844815276891e+01 5.173385002082210849e+05
6.670241387056040594e+01 4.396986724531795480e+05
7.003753456408843192e+01 3.819465498438792420e+05
7.353941129229284002e+01 3.027079194541319157e+05
7.721638185690748912e+01 2.537148424057107768e+05
8.107720094975286429e+01 2.119645155707980739e+05
8.513106099724051035e+01 1.768968832447379827e+05
8.938761404710253089e+01 1.616052104585068300e+05
9.385699474945765530e+01 1.213568826628966635e+05
