3.401114059005487245e-01 6.924623674882359505e+09
3.435125199595542300e-01 4.945402350212875366e+09
3.469476451591497201e-01 7.730071753638607979e+09
3.504171216107412334e-01 1.316664199538188362e+10
3.539212928268486436e-01 1.596896273552357292e+10
3.574605057551171750e-01 8.084101775963802338e+09
3.610351108126682584e-01 1.205556438238701439e+10
3.646454619207949999e-01 1.937688922246300507e+10
3.682919165400029282e-01 2.529046506068164825e+10
3.719748357054029064e-01 1.036279316127715874e+10
3.756945840624569266e-01 1.257624062310561371e+10
3.794515299030815081e-01 2.407544102084230804e+10
3.832460452021123065e-01 1.080434191299140358e+10
3.870785056541334312e-01 1.239069836967769432e+10
3.909492907106748016e-01 1.772484631591062927e+10
3.948587836177815391e-01 1.134628085226098824e+10
3.988073714539593917e-01 2.277200714533060455e+10
4.027954451684989667e-01 1.431997066263036728e+10
4.068233996201839342e-01 1.581656371157641220e+10
4.108916336163858096e-01 3.651432124431828308e+10
4.150005499525497021e-01 3.653846313478050232e+10
4.191505554520751908e-01 3.767772081631068420e+10
4.233420610065958822e-01 3.010657508781000519e+10
4.275754816166618122e-01 3.501244537660539246e+10
4.318512364328284114e-01 4.749830246059719849e+10
4.361697487971567533e-01 6.748585073823143768e+10
4.405314462851282475e-01 5.878158655014295959e+10
4.449367607479796094e-01 6.793244577807102203e+10
4.493861283554593800e-01 8.602438062162370300e+10
4.538799896390139921e-01 8.111479230944268799e+10
4.584187895354041031e-01 8.074053882388049316e+10
4.630029774307581336e-01 7.320302522633918762e+10
4.676330072050656761e-01 6.291150231139850616e+10
4.723093372771162701e-01 4.496212893739069366e+10
4.770324306498874289e-01 2.652192055486200714e+10
4.818027549563863032e-01 1.965015417772672272e+10
4.866207825059500891e-01 1.338209740100742722e+10
4.914869903310095656e-01 1.000959660135338783e+10
4.964018602343197584e-01 6.568042674350147247e+09
5.013658788366629482e-01 3.925273879455943108e+09
5.063795376250295188e-01 2.870397997495181561e+09
5.114433330012797541e-01 2.586336846934545517e+09
5.165577663312926893e-01 2.053834250509134769e+09
5.217233439946056262e-01 2.603095594791452408e+09
5.269405774345515825e-01 2.650579949857048512e+09
5.322099832088971194e-01 2.469477520717522144e+09
5.375320830409860973e-01 2.219916847797377586e+09
5.429074038713960215e-01 1.828571623711346865e+09
5.483364779101099762e-01 1.739756005414804459e+09
5.538198426892112503e-01 1.607943722745986938e+09
5.593580411161032107e-01 1.287449373970610380e+09
5.649516215272641917e-01 1.215259428238805771e+09
5.706011377425368458e-01 9.926113485519044399e+08
5.763071491199621699e-01 7.829927245633755922e+08
5.820702206111618704e-01 5.591884393003476858e+08
5.878909228172733981e-01 1.513884960101199746e+08
5.937698320454461998e-01 3.845185507106662393e+08
5.997075303659007428e-01 6.769879230523210764e+08
6.057046056695597480e-01 9.549903458894203901e+08
6.117616517262552955e-01 1.134705431106858253e+09
6.178792682435179096e-01 1.347310045625143290e+09
6.240580609259530620e-01 1.566743474450446844e+09
6.302986415352126448e-01 1.864259901433234453e+09
6.366016279505647413e-01 2.143442754784017324e+09
6.429676442300703565e-01 2.395981725731247425e+09
6.493973206723711034e-01 2.699981842102034569e+09
6.558912938790947278e-01 3.102061933312387943e+09
6.624502068178856895e-01 3.461033356571754456e+09
6.690747088860645730e-01 3.757956947280058384e+09
6.757654559749252110e-01 4.097090986258872032e+09
6.825231105346745153e-01 4.225919165419836044e+09
6.893483416400212338e-01 4.009425347376477242e+09
6.962418250564214039e-01 3.876038647999046803e+09
7.032042433069857212e-01 3.917394263528917313e+09
7.102362857400554841e-01 4.019801053732318878e+09
7.173386485974559967e-01 3.985186646213170528e+09
7.245120350834306500e-01 3.992785753759961128e+09
7.317571554342650053e-01 3.815131068418754578e+09
7.390747269886076554e-01 3.586378649710374832e+09
7.464654742584937441e-01 3.324352970244908333e+09
7.539301290010786971e-01 2.944492350880184174e+09
7.614694302910893775e-01 2.040936700145898581e+09
7.690841245940003290e-01 5.703532795047763586e+08
7.767749658399403234e-01 2.535746088498406410e+09
7.845427154983398710e-01 3.932989280256471634e+09
7.923881426533231354e-01 5.051926242420111656e+09
8.003120240798563545e-01 6.173911801482680321e+09
8.083151443206548770e-01 7.135528765536323547e+09
8.163982957638614701e-01 8.014806202578537941e+09
8.245622787215000082e-01 9.217009005758058548e+09
8.328079015087149761e-01 1.033582335016961288e+10
8.411359805238021181e-01 1.158427067639336014e+10
8.495473403290402237e-01 1.292275303080462646e+10
8.580428137323306004e-01 1.436895671245689774e+10
8.666232418696537820e-01 1.585843273306783295e+10
8.752894742883503554e-01 1.742361242801570511e+10
8.840423690312340099e-01 1.896163539660864258e+10
8.928827927215462479e-01 1.934403230004006195e+10
9.018116206487618580e-01 2.107713803136900330e+10
9.108297368552494833e-01 2.270738660961909485e+10
9.199380342238018260e-01 2.337948127243652344e+10
9.291374145660399320e-01 1.999799578917081070e+10
9.384287887117003235e-01 2.112860904413140488e+10
9.478130765988174167e-01 2.291405111189849472e+10
9.572912073648053299e-01 2.399446089893316650e+10
9.668641194384535176e-01 2.533121910990795135e+10
9.765327606328380039e-01 2.677706079909745026e+10
9.862980882391664261e-01 2.928026982833641815e+10
9.961610691215579960e-01 3.247603295299967575e+10
1.006122679812773590e+00 3.569286379581112671e+10
1.016183906610901300e+00 3.941042925569876099e+10
1.026345745677010202e+00 4.286547458406846619e+10
1.036609203133780355e+00 4.630153619704364014e+10
1.046975295165118336e+00 4.888801652981804657e+10
1.057445048116769204e+00 5.141435414663924408e+10
1.068019498597936989e+00 5.328450571517384338e+10
1.078699693583916597e+00 5.508563596333439636e+10
1.089486690519755552e+00 5.017662619634238434e+10
1.100381557424953138e+00 4.220849102026679993e+10
1.111385372999202481e+00 3.964467819190444946e+10
1.122499226729194666e+00 4.053292770072805786e+10
1.133724218996486455e+00 3.901727288760536194e+10
1.145061461186451135e+00 4.210787531441708374e+10
1.156512075798315831e+00 4.318658037835505676e+10
1.168077196556299047e+00 4.401468226879791260e+10
1.179757968521861988e+00 4.622850190921173859e+10
1.191555548207080761e+00 5.226717529676019287e+10
1.203471103689151889e+00 5.830409245157514954e+10
1.215505814726043354e+00 6.360344001868987274e+10
1.227660872873303610e+00 6.870474939844222260e+10
1.239937481602036762e+00 7.237580522351223755e+10
1.252336856418057032e+00 7.591936049388879395e+10
1.264860224982237824e+00 7.968140715452165222e+10
1.277508827232060051e+00 7.963852330638832092e+10
1.290283915504380818e+00 7.891702540716848755e+10
1.303186754659424462e+00 7.788340405173968506e+10
1.316218622206019040e+00 7.547441420272525024e+10
1.329380808428079153e+00 6.041510905443218994e+10
1.342674616512359975e+00 3.949303827068955231e+10
1.356101362677483380e+00 3.518229785251989746e+10
1.369662376304258355e+00 3.681060386322639465e+10
1.383359000067300837e+00 3.903508096869094086e+10
1.397192590067974027e+00 3.814634709915304565e+10
1.411164515968653665e+00 3.648782931113778687e+10
1.425276161128340213e+00 3.541721396052391052e+10
1.439528922739623740e+00 3.743521380856688690e+10
1.453924211967019708e+00 4.300067137798313904e+10
1.468463454086690101e+00 4.390010864999949646e+10
1.483148088627556760e+00 4.707090933073958588e+10
1.497979569513832487e+00 5.095856122050196838e+10
1.512959365208970564e+00 5.570995402442954254e+10
1.528088958861060442e+00 6.098439793354460907e+10
1.543369848449671178e+00 6.663101477974587250e+10
1.558803546934167894e+00 7.201119356551727295e+10
1.574391582403509737e+00 7.848488612623901367e+10
1.590135498227544852e+00 8.454956121627839661e+10
1.606036853209820148e+00 8.786410082606887817e+10
1.622097221741918505e+00 9.270133261542437744e+10
1.638318193959337421e+00 9.608709159004676819e+10
1.654701375898931071e+00 9.951643437758528137e+10
1.671248389657920441e+00 1.018633531695825043e+11
1.687960873554499530e+00 1.018186708373055420e+11
1.704840482290044701e+00 9.640798021295874023e+10
1.721888887112944966e+00 8.577023070005317688e+10
1.739107775984074289e+00 7.964416277238682556e+10
1.756498853743915012e+00 7.455474495448083496e+10
1.774063842281354608e+00 6.654993515268199158e+10
1.791804480704168201e+00 6.249528867050195312e+10
1.809722525511209934e+00 5.764803853818892670e+10
1.827819750766321860e+00 5.753001932202356720e+10
1.846097948273984990e+00 5.394010886488253021e+10
1.864558927756724938e+00 5.085078780015269470e+10
1.883204517034292147e+00 5.630027163248937225e+10
1.902036562204635128e+00 5.897776378415273285e+10
1.921056927826681582e+00 6.009280219110771179e+10
1.940267497104948502e+00 5.728259953410102081e+10
1.959670172075998140e+00 5.725496882527709961e+10
1.979266873796758031e+00 5.768201998453801727e+10
1.999059542534725509e+00 5.806086683078339386e+10
2.019050137960073155e+00 6.140185700435983276e+10
2.039240639339673589e+00 6.565029370365317535e+10
2.059633045733070489e+00 7.022543541270649719e+10
2.080229376190401158e+00 7.401079573513679504e+10
2.101031669952305059e+00 7.874733180679022217e+10
2.122041986651828083e+00 8.157249673119252014e+10
2.143262406518346097e+00 8.386723792280007935e+10
2.164695030583529967e+00 8.463002397806245422e+10
2.186341980889365377e+00 8.384285497306581116e+10
2.208205400698258991e+00 8.257249453973866272e+10
2.230287454705241146e+00 8.165593085485784912e+10
2.252590329252293522e+00 8.067512366497926331e+10
2.275116232544817318e+00 7.887078724590640259e+10
2.297867394870265034e+00 7.219151264766001892e+10
2.320846068818967822e+00 6.854507648078865051e+10
2.344054529507157536e+00 6.755531198115838623e+10
2.367495074802228761e+00 6.493200341836150360e+10
2.391170025550251044e+00 6.333404038837506104e+10
2.415081725805753532e+00 5.982124079251554871e+10
2.439232543063811764e+00 5.604901247765930939e+10
2.463624868494449949e+00 5.192210096179745483e+10
2.488261117179394244e+00 4.945735143206878662e+10
2.513143728351188155e+00 4.443667418842932892e+10
2.538275165634700237e+00 4.232092551366667938e+10
2.563657917291046751e+00 4.094139466201581573e+10
2.589294496463957262e+00 4.065076196331882477e+10
2.615187441428596937e+00 4.239629967045241547e+10
2.641339315842882840e+00 4.288005210316426849e+10
2.667752709001311562e+00 4.102835173525057983e+10
2.694430236091324815e+00 3.863677952890566254e+10
2.721374538452237868e+00 3.849057653280685425e+10
2.748588283836760127e+00 3.844983675639748383e+10
2.776074166675128296e+00 3.686731395075582123e+10
2.803834908341879206e+00 3.765975328615093231e+10
2.831873257425297830e+00 3.676887759049201202e+10
2.860191989999551154e+00 3.656880201577416992e+10
2.888793909899546541e+00 3.724394919755140686e+10
2.917681848998542549e+00 3.535209971116597748e+10
2.946858667488527761e+00 3.672531874713370514e+10
2.976327254163412928e+00 3.640812009426721954e+10
3.006090526705047061e+00 3.742583623859073639e+10
3.036151431972097470e+00 3.722661552463019562e+10
3.066512946291818587e+00 3.871709000240708160e+10
3.097178075754736692e+00 3.849095047464034271e+10
3.128149856512283833e+00 3.913700761000482178e+10
3.159431355077406689e+00 3.936815051882254028e+10
3.191025668628181045e+00 3.948568262253882599e+10
3.222935925314462935e+00 4.018843359863148499e+10
3.255165284567607564e+00 4.123751101610497284e+10
3.287716937413283524e+00 4.114067020385382080e+10
3.320594106787416067e+00 3.968966680376966095e+10
3.353800047855290511e+00 3.939458472102553558e+10
3.387338048333843332e+00 4.036522833984411621e+10
3.421211428817182210e+00 4.020320196581165314e+10
3.455423543105353712e+00 4.022498775608877563e+10
3.489977778536407005e+00 3.972045639218213654e+10
3.524877556321771355e+00 3.964031008095748138e+10
3.560126331884988726e+00 3.940861487059252930e+10
3.595727595203838334e+00 3.907413376877938080e+10
3.631684871155877570e+00 3.920578535887757111e+10
3.668001719867436616e+00 3.898921791821047211e+10
3.704681737066110259e+00 3.944235506994049072e+10
3.741728554436771326e+00 3.919030460367591858e+10
3.779145839981139510e+00 3.915463160328165436e+10
3.816937298380950860e+00 3.865134287091013336e+10
3.855106671364760818e+00 3.866884026161127472e+10
3.893657738078407426e+00 3.783428371964298248e+10
3.932594315459191581e+00 3.672560305059003448e+10
3.971920258613783616e+00 3.402245470357178116e+10
4.011639461199922430e+00 3.107647318674530411e+10
4.051755855811920881e+00 2.904954005904145813e+10
4.092273414370040108e+00 2.684039803288062286e+10
4.133196148513740731e+00 2.604479604141973114e+10
4.174528109998877135e+00 2.538381267200682449e+10
4.216273391098866341e+00 2.388981916095310211e+10
4.258436125009854578e+00 2.212945196814906311e+10
4.301020486259953479e+00 1.942635501507981873e+10
4.344030691122553023e+00 1.853043235593001175e+10
4.387470998033777825e+00 1.883578820300857925e+10
4.431345708014116092e+00 1.806752232270254898e+10
4.475659165094256764e+00 1.720337172458694458e+10
4.520415756745198799e+00 1.673079130377428246e+10
4.565619914312651240e+00 1.626302812173520088e+10
4.611276113455778258e+00 1.619785657830900002e+10
4.657388874590335348e+00 1.625881458211482811e+10
4.703962763336238417e+00 1.590828810662625885e+10
4.751002390969600420e+00 1.547231374713961029e+10
4.798512414879296806e+00 1.519986912030425072e+10
4.846497539028090884e+00 1.493630109289014244e+10
4.894962514418371491e+00 1.457568499083997345e+10
4.943912139562555375e+00 1.419126531517084122e+10
4.993351260958180937e+00 1.416282839109413147e+10
5.043284773567762613e+00 1.380059569507991409e+10
5.093717621303440524e+00 1.373827370714336967e+10
5.144654797516475142e+00 1.331372505616810036e+10
5.196101345491639378e+00 1.303715852557247543e+10
5.248062358946555150e+00 1.294841211757572556e+10
5.300542982536021519e+00 1.243624673893898582e+10
5.353548412361381459e+00 1.220785612078214264e+10
5.407083896484995655e+00 1.169212480497922134e+10
5.461154735449845532e+00 1.156639810567101860e+10
5.515766282804344556e+00 1.122685082827414131e+10
5.570923945632387131e+00 1.078180528803145981e+10
5.626633185088711464e+00 1.061872357068208885e+10
5.682899516939598605e+00 1.024326932950413513e+10
5.739728512108993819e+00 9.913290357098911285e+09
5.797125797230084032e+00 9.705131833884651184e+09
5.855097055202384659e+00 9.293044595450763702e+09
5.913648025754409510e+00 9.218220481484828949e+09
5.972784506011953987e+00 9.108865304895364761e+09
6.032512351072073287e+00 8.804537992671337128e+09
6.092837474582792900e+00 8.871416438493734360e+09
6.153765849328621584e+00 8.835433204051969528e+09
6.215303507821907658e+00 8.635499377043674469e+09
6.277456542900125669e+00 8.531167913712955475e+09
6.340231108329128062e+00 8.230160922656609535e+09
6.403633419412418704e+00 7.634655650380940437e+09
6.467669753606543281e+00 6.998618006423504829e+09
6.532346451142608146e+00 6.618805086621118546e+09
6.597669915654034156e+00 6.102141931088611603e+09
6.663646614810574853e+00 5.977761787770668030e+09
6.730283080958680664e+00 6.043270330280536652e+09
6.797585911768267763e+00 5.724174897665701866e+09
6.865561770885950210e+00 5.612141564538010597e+09
6.934217388594810849e+00 5.579150187549205780e+09
7.003559562480758949e+00 5.519986190029392242e+09
7.073595158105566050e+00 5.250683636692697525e+09
7.144331109686621772e+00 5.170696519228044510e+09
7.215774420783487741e+00 5.084487333421193123e+09
7.287932164991324235e+00 4.948112179414187431e+09
7.360811486641236634e+00 4.749727578609410286e+09
7.434419601507648245e+00 4.619533709312875748e+09
7.508763797522725270e+00 4.524550267886821747e+09
7.583851435497953375e+00 4.303074953795713425e+09
7.659689949852931612e+00 4.301840001986371994e+09
7.736286849351461825e+00 4.070860773316688538e+09
7.813649717844977083e+00 4.080321072524842262e+09
7.891786215023426365e+00 3.756971653763192654e+09
7.970704077173661695e+00 3.785047297392225266e+09
8.050411117945397876e+00 3.657170208314454079e+09
8.130915229124850541e+00 3.548598356638088703e+09
8.212224381416099561e+00 3.453194840387228012e+09
8.294346625230261338e+00 3.356297319116190910e+09
8.377290091482562318e+00 3.278255377908179760e+09
8.461062992397387461e+00 3.199758267879613876e+09
8.545673622321363183e+00 3.117735906124901772e+09
8.631130358544575998e+00 3.071130602241912842e+09
8.717441662130022806e+00 2.957145100362017155e+09
8.804616078751321240e+00 2.863487114861875057e+09
8.892662239538834612e+00 2.812184462379975796e+09
8.981588861934222123e+00 2.668941753935718536e+09
9.071404750553567098e+00 2.647641775615534306e+09
9.162118798059102787e+00 2.610876411823460579e+09
9.253739986039693832e+00 2.518355294384840488e+09
9.346277385900089385e+00 2.482231522885489464e+09
9.439740159759089977e+00 2.365023670838998795e+09
9.534137561356683221e+00 2.344489401570075512e+09
9.629478936970249592e+00 2.234928626561443806e+09
9.725773726339950187e+00 2.212699482528357506e+09
9.823031463603349778e+00 2.144940398520428896e+09
9.921261778239381712e+00 2.037650030147776365e+09
1.002047439602177548e+01 2.007069328738987923e+09
1.012067913998199487e+01 1.914846196640066385e+09
1.022188593138181290e+01 1.868834632213428497e+09
1.032410479069563181e+01 1.775980453816690922e+09
1.042734583860258724e+01 1.703958284633718729e+09
1.053161929698861421e+01 1.682215545590128422e+09
1.063693548995849980e+01 1.640569447586102962e+09
1.074330484485808412e+01 1.589631511286551237e+09
1.085073789330666472e+01 1.544517240379929304e+09
1.095924527223973222e+01 1.450299024484405041e+09
1.106883772496212970e+01 1.404790032487794161e+09
1.117952610221174936e+01 1.368198260915183067e+09
1.129132136323386781e+01 1.320163947033334970e+09
1.140423457686620701e+01 1.294722840636276007e+09
1.151827692263487002e+01 1.226957834781401873e+09
1.163345969186121920e+01 1.185838387343967438e+09
1.174979428877982990e+01 1.107483785560675859e+09
1.186729223166762992e+01 1.089196852674039125e+09
1.198596515398430462e+01 1.063272149117716908e+09
1.210582480552414708e+01 1.009004284729573369e+09
1.222688305357938887e+01 9.843829937611705065e+08
1.234915188411518194e+01 9.408575846134389639e+08
1.247264340295633467e+01 8.874554049023808241e+08
1.259736983698589619e+01 8.609530089356920719e+08
1.272334353535575424e+01 8.390770486463793516e+08
1.285057697070931226e+01 8.083936607421102524e+08
1.297908274041640553e+01 7.668505558759919405e+08
1.310887356782057012e+01 7.541690547323681116e+08
1.323996230349877479e+01 7.095655385738193989e+08
1.337236192653376321e+01 6.912507452076199055e+08
1.350608554579910248e+01 6.542000922484952211e+08
1.364114640125709244e+01 6.428066165433441401e+08
1.377755786526966197e+01 6.109389085311044455e+08
1.391533344392236238e+01 5.949856289069919586e+08
1.405448677836158211e+01 5.728665074445075989e+08
1.419503164614519974e+01 5.390958598339987993e+08
1.433698196260665192e+01 5.278163277739353776e+08
1.448035178223271835e+01 4.995033467505488992e+08
1.462515530005504516e+01 4.850900353897135258e+08
1.477140685305559664e+01 4.761705450567639470e+08
1.491912092158615089e+01 4.405049624892963171e+08
1.506831213080201159e+01 4.380765459904692173e+08
1.521899525211003024e+01 4.236401838483026624e+08
1.537118520463113214e+01 4.030473336365583539e+08
1.552489705667744246e+01 3.875520834583768249e+08
1.568014602724421813e+01 3.748468856915262341e+08
1.583694748751665848e+01 3.650878625332204700e+08
1.599531696239182388e+01 3.486979126009269953e+08
1.615527013201574391e+01 3.343504934931502938e+08
1.631682283333590178e+01 3.262770268917740583e+08
1.647999106166925998e+01 3.097281764451373816e+08
1.664479097228595350e+01 2.959628187628492713e+08
1.681123888200881211e+01 2.948521477098250389e+08
1.697935127082889650e+01 2.844193422797068954e+08
1.714914478353718863e+01 2.654038985957597196e+08
1.732063623137256059e+01 2.550481613162678778e+08
1.749384259368628847e+01 2.516729177227242887e+08
1.766878101962314673e+01 2.379634164831117988e+08
1.784546882981938509e+01 2.331390803331978023e+08
1.802392351811757720e+01 2.256373281946788430e+08
1.820416275329875333e+01 2.144576032047725320e+08
1.838620438083173880e+01 2.089443863136450052e+08
1.857006642464005353e+01 1.936739162680255473e+08
1.875576708888645427e+01 1.924371250418781340e+08
1.894332475977532226e+01 1.857848686340017915e+08
1.913275800737307719e+01 1.811995957176942825e+08
1.969740769490774923e+01 1.592711165904233456e+08
2.068227807965313403e+01 1.326732844635723233e+08
2.171639198363579126e+01 1.103235671315433234e+08
2.280221158281758420e+01 9.289263789534620941e+07
2.394232216195846163e+01 7.689129455227892101e+07
2.513943827005638454e+01 6.376955997366262972e+07
2.639641018355920465e+01 5.342495576185826212e+07
2.771623069273716311e+01 4.439841521681378037e+07
2.910204222737402446e+01 3.696705069939689338e+07
3.055714433874272729e+01 3.021283393356367573e+07
3.208500155567985956e+01 2.565732382497810945e+07
3.368925163346385432e+01 2.089109402691882476e+07
3.537371421513704206e+01 1.711409269856570289e+07
3.714239992589390482e+01 1.433896606105145998e+07
3.899951992218858976e+01 1.196386121549586393e+07
4.094949591829801960e+01 9.760116770451629534e+06
4.299697071421292094e+01 8.123162300744795240e+06
4.514681924992356699e+01 6.738780514183358289e+06
4.740416021241974676e+01 5.604155182112317532e+06
4.977436822304073161e+01 4.613127820449131541e+06
5.226308663419276712e+01 3.835984220082005020e+06
5.487624096590241152e+01 3.183830211922299117e+06
5.762005301419753067e+01 2.631065133108802605e+06
6.050105566490740472e+01 2.201213335336697754e+06
6.352610844815276891e+01 1.791914770163474139e+06
6.670241387056040594e+01 1.503291763815087965e+06
7.003753456408843192e+01 1.252464657622664934e+06
7.353941129229284002e+01 1.019471649375242298e+06
7.721638185690748912e+01 8.520650952183916233e+05
8.107720094975286429e+01 7.000724010390636977e+05
8.513106099724051035e+01 5.805088754848052049e+05
8.938761404710253089e+01 4.970066669991040835e+05
9.385699474945765530e+01 4.005232704858540092e+05
