3.401114059005487245e-01 2.198154255650322266e+11
3.435125199595542300e-01 1.701145794545376587e+11
3.469476451591497201e-01 2.069228854976233521e+11
3.504171216107412334e-01 2.380460894791093445e+11
3.539212928268486436e-01 2.401428872048971558e+11
3.574605057551171750e-01 2.223191504918802795e+11
3.610351108126682584e-01 2.143350809543091125e+11
3.646454619207949999e-01 1.879761310812683716e+11
3.682919165400029282e-01 1.743841426275364075e+11
3.719748357054029064e-01 1.692748860435239868e+11
3.756945840624569266e-01 1.751713042581663208e+11
3.794515299030815081e-01 1.901771830966778259e+11
3.832460452021123065e-01 1.651223070557812805e+11
3.870785056541334312e-01 1.656799474406637573e+11
3.909492907106748016e-01 1.470223486940818176e+11
3.948587836177815391e-01 1.159889158932666626e+11
3.988073714539593917e-01 1.130978361659210052e+11
4.027954451684989667e-01 1.024383148900139923e+11
4.068233996201839342e-01 9.878754048465556335e+10
4.108916336163858096e-01 8.461213216760823059e+10
4.150005499525497021e-01 9.761853323109919739e+10
4.191505554520751908e-01 9.045956861720426941e+10
4.233420610065958822e-01 8.661969580963272095e+10
4.275754816166618122e-01 8.295203784558174133e+10
4.318512364328284114e-01 7.165893356012773132e+10
4.361697487971567533e-01 7.119629816566429138e+10
4.405314462851282475e-01 7.951103927591671753e+10
4.449367607479796094e-01 7.923015869464920044e+10
4.493861283554593800e-01 8.357483917448178101e+10
4.538799896390139921e-01 8.462844654748237610e+10
4.584187895354041031e-01 8.935783992626556396e+10
4.630029774307581336e-01 9.579556045982661438e+10
4.676330072050656761e-01 9.769245155572270203e+10
4.723093372771162701e-01 9.694406061514767456e+10
4.770324306498874289e-01 8.798457712333740234e+10
4.818027549563863032e-01 7.287897055555670166e+10
4.866207825059500891e-01 4.844792074315617371e+10
4.914869903310095656e-01 5.009170315927378845e+10
4.964018602343197584e-01 4.003264279794168854e+10
5.013658788366629482e-01 2.904636740335032654e+10
5.063795376250295188e-01 2.283766472977792740e+10
5.114433330012797541e-01 2.075722187233552170e+10
5.165577663312926893e-01 1.827298253465259171e+10
5.217233439946056262e-01 1.654464468709089279e+10
5.269405774345515825e-01 1.447523099644146347e+10
5.322099832088971194e-01 1.279716165639689827e+10
5.375320830409860973e-01 1.139444422828663635e+10
5.429074038713960215e-01 9.891785977230169296e+09
5.483364779101099762e-01 8.656496394620216370e+09
5.538198426892112503e-01 7.515366132696608543e+09
5.593580411161032107e-01 6.326711353807460785e+09
5.649516215272641917e-01 5.313899069286465645e+09
5.706011377425368458e-01 4.275149938924377918e+09
5.763071491199621699e-01 3.255581020924098015e+09
5.820702206111618704e-01 2.210322504544393539e+09
5.878909228172733981e-01 6.776812023598722219e+08
5.937698320454461998e-01 1.530511670104512691e+09
5.997075303659007428e-01 2.922956671367876530e+09
6.057046056695597480e-01 4.321353605565843582e+09
6.117616517262552955e-01 5.761023370577127457e+09
6.178792682435179096e-01 7.315310986243479729e+09
6.240580609259530620e-01 8.935838922350574493e+09
6.302986415352126448e-01 1.065602402862624168e+10
6.366016279505647413e-01 1.240260474772052956e+10
6.429676442300703565e-01 1.409791440482851410e+10
6.493973206723711034e-01 1.578687896185999680e+10
6.558912938790947278e-01 1.683762237894054413e+10
6.624502068178856895e-01 1.938962223911663055e+10
6.690747088860645730e-01 2.122032115545515823e+10
6.757654559749252110e-01 2.291270277353449631e+10
6.825231105346745153e-01 2.417938114734298706e+10
6.893483416400212338e-01 2.457662869127753830e+10
6.962418250564214039e-01 2.472590019766532516e+10
7.032042433069857212e-01 2.567719380845413208e+10
7.102362857400554841e-01 2.691687379187432861e+10
7.173386485974559967e-01 2.775222055260456467e+10
7.245120350834306500e-01 2.863177091078672028e+10
7.317571554342650053e-01 2.893681229808049774e+10
7.390747269886076554e-01 2.879835377074883652e+10
7.464654742584937441e-01 2.803730336088305283e+10
7.539301290010786971e-01 2.608391882403700638e+10
7.614694302910893775e-01 1.774652277823017120e+10
7.690841245940003290e-01 3.661507784993553638e+09
7.767749658399403234e-01 2.128121802430660629e+10
7.845427154983398710e-01 3.327338522804182816e+10
7.923881426533231354e-01 4.008549710796083069e+10
8.003120240798563545e-01 4.543603384109939575e+10
8.083151443206548770e-01 4.908181350147306061e+10
8.163982957638614701e-01 5.141300110238763428e+10
8.245622787215000082e-01 5.602195804067092133e+10
8.328079015087149761e-01 5.931767399455463409e+10
8.411359805238021181e-01 6.269254962229825592e+10
8.495473403290402237e-01 6.589856131818950653e+10
8.580428137323306004e-01 6.822326326301194763e+10
8.666232418696537820e-01 6.474587899077339172e+10
8.752894742883503554e-01 6.755404704860160828e+10
8.840423690312340099e-01 7.367360691366580200e+10
8.928827927215462479e-01 7.644162718420709229e+10
9.018116206487618580e-01 8.082497224711032104e+10
9.108297368552494833e-01 8.473282176427566528e+10
9.199380342238018260e-01 8.659906477616661072e+10
9.291374145660399320e-01 8.100862902394833374e+10
9.384287887117003235e-01 8.505327662029879761e+10
9.478130765988174167e-01 8.869560185243733215e+10
9.572912073648053299e-01 9.093154245246440125e+10
9.668641194384535176e-01 9.403862301864593506e+10
9.765327606328380039e-01 9.788631203694410706e+10
9.862980882391664261e-01 1.030502741055240784e+11
9.961610691215579960e-01 1.065941144443222046e+11
1.006122679812773590e+00 1.068543153621930542e+11
1.016183906610901300e+00 1.155502530497566376e+11
1.026345745677010202e+00 1.221257244309886475e+11
1.036609203133780355e+00 1.272278327539783020e+11
1.046975295165118336e+00 1.312956487712577362e+11
1.057445048116769204e+00 1.353800958853067780e+11
1.068019498597936989e+00 1.388791683780013733e+11
1.078699693583916597e+00 1.423091103943641663e+11
1.089486690519755552e+00 1.413230295838375549e+11
1.100381557424953138e+00 1.321416987287337646e+11
1.111385372999202481e+00 1.284779459095257568e+11
1.122499226729194666e+00 1.313143090207584076e+11
1.133724218996486455e+00 1.288114796513605804e+11
1.145061461186451135e+00 1.355658660394105225e+11
1.156512075798315831e+00 1.378389193623467712e+11
1.168077196556299047e+00 1.401647974311534729e+11
1.179757968521861988e+00 1.400915946639165649e+11
1.191555548207080761e+00 1.532699912454347229e+11
1.203471103689151889e+00 1.628528366722050476e+11
1.215505814726043354e+00 1.711352426976696472e+11
1.227660872873303610e+00 1.778022597047283630e+11
1.239937481602036762e+00 1.833662119021592102e+11
1.252336856418057032e+00 1.878007237508849182e+11
1.264860224982237824e+00 1.904817153831402588e+11
1.277508827232060051e+00 1.906292362194283447e+11
1.290283915504380818e+00 1.905003864376777649e+11
1.303186754659424462e+00 1.910375565099089050e+11
1.316218622206019040e+00 1.897161951503873901e+11
1.329380808428079153e+00 1.637344255258368225e+11
1.342674616512359975e+00 1.198402898394251404e+11
1.356101362677483380e+00 1.066119106590302429e+11
1.369662376304258355e+00 1.074338739374962921e+11
1.383359000067300837e+00 1.129642621210252380e+11
1.397192590067974027e+00 1.086577057381555481e+11
1.411164515968653665e+00 1.016908342510218811e+11
1.425276161128340213e+00 9.623835951284204102e+10
1.439528922739623740e+00 1.008260718223789978e+11
1.453924211967019708e+00 1.136156498418873596e+11
1.468463454086690101e+00 1.136303833929311371e+11
1.483148088627556760e+00 1.202354040418294830e+11
1.497979569513832487e+00 1.285963257477300568e+11
1.512959365208970564e+00 1.388673628209193115e+11
1.528088958861060442e+00 1.497815090593816833e+11
1.543369848449671178e+00 1.606989821060322266e+11
1.558803546934167894e+00 1.735105132937983704e+11
1.574391582403509737e+00 1.866546037448674927e+11
1.590135498227544852e+00 1.966267143495559692e+11
1.606036853209820148e+00 2.019723266601364136e+11
1.622097221741918505e+00 2.103274564414472656e+11
1.638318193959337421e+00 2.144429896893713074e+11
1.654701375898931071e+00 2.178174787038169556e+11
1.671248389657920441e+00 2.204893760271773376e+11
1.687960873554499530e+00 2.197389878755884705e+11
1.704840482290044701e+00 2.107269762863982544e+11
1.721888887112944966e+00 1.917386716735931396e+11
1.739107775984074289e+00 1.808047063676226501e+11
1.756498853743915012e+00 1.700574142240494690e+11
1.774063842281354608e+00 1.521752040501793518e+11
1.791804480704168201e+00 1.423423151287472534e+11
1.809722525511209934e+00 1.296704665386438904e+11
1.827819750766321860e+00 1.280242435468574677e+11
1.846097948273984990e+00 1.166294654631388550e+11
1.864558927756724938e+00 1.084896796835702972e+11
1.883204517034292147e+00 1.196925075161237183e+11
1.902036562204635128e+00 1.257719749897688599e+11
1.921056927826681582e+00 1.273384473900316467e+11
1.940267497104948502e+00 1.221888565212375336e+11
1.959670172075998140e+00 1.215650111727962494e+11
1.979266873796758031e+00 1.199856003273039398e+11
1.999059542534725509e+00 1.180012359530200958e+11
2.019050137960073155e+00 1.223681692627216949e+11
2.039240639339673589e+00 1.289193000515665131e+11
2.059633045733070489e+00 1.366534019477105408e+11
2.080229376190401158e+00 1.436867973925863953e+11
2.101031669952305059e+00 1.535219690153102417e+11
2.122041986651828083e+00 1.600762168095039978e+11
2.143262406518346097e+00 1.658700969203394775e+11
2.164695030583529967e+00 1.689755728969992981e+11
2.186341980889365377e+00 1.682184761667983093e+11
2.208205400698258991e+00 1.671775175830840759e+11
2.230287454705241146e+00 1.653277003232866211e+11
2.252590329252293522e+00 1.634317721698471985e+11
2.275116232544817318e+00 1.599647554872565918e+11
2.297867394870265034e+00 1.468633191885920410e+11
2.320846068818967822e+00 1.381889518260448303e+11
2.344054529507157536e+00 1.335533256852911377e+11
2.367495074802228761e+00 1.272980223331042786e+11
2.391170025550251044e+00 1.206577752162902985e+11
2.415081725805753532e+00 1.111132316103910980e+11
2.439232543063811764e+00 1.009829710321630249e+11
2.463624868494449949e+00 9.184213299127308655e+10
2.488261117179394244e+00 8.632754181358464050e+10
2.513143728351188155e+00 7.595129262415214539e+10
2.538275165634700237e+00 7.177868408978784180e+10
2.563657917291046751e+00 6.878490252637562561e+10
2.589294496463957262e+00 6.796314710938290405e+10
2.615187441428596937e+00 7.087740235316023254e+10
2.641339315842882840e+00 7.117598182854708862e+10
2.667752709001311562e+00 6.882211855640902710e+10
2.694430236091324815e+00 6.368973551975955200e+10
2.721374538452237868e+00 6.220827632776644135e+10
2.748588283836760127e+00 6.115282441725379944e+10
2.776074166675128296e+00 5.770745628661804962e+10
2.803834908341879206e+00 5.854072105281254578e+10
2.831873257425297830e+00 5.637789058003833008e+10
2.860191989999551154e+00 5.608431150740254211e+10
2.888793909899546541e+00 5.710887175991654205e+10
2.917681848998542549e+00 5.301392830780863190e+10
2.946858667488527761e+00 5.522034911017988586e+10
2.976327254163412928e+00 5.434227941408040619e+10
3.006090526705047061e+00 5.588005890376692200e+10
3.036151431972097470e+00 5.535984963540044403e+10
3.066512946291818587e+00 5.795126214945744324e+10
3.097178075754736692e+00 5.744294509965888977e+10
3.128149856512283833e+00 5.865827539167212677e+10
3.159431355077406689e+00 5.930620036259909058e+10
3.191025668628181045e+00 5.983977339468159485e+10
3.222935925314462935e+00 6.091209890495870209e+10
3.255165284567607564e+00 6.258059686489385223e+10
3.287716937413283524e+00 6.242701618010475159e+10
3.320594106787416067e+00 6.326833683707825470e+10
3.353800047855290511e+00 6.233688909381773376e+10
3.387338048333843332e+00 6.225647691130950928e+10
3.421211428817182210e+00 6.234530642142321777e+10
3.455423543105353712e+00 6.269090927067658234e+10
3.489977778536407005e+00 6.166438821115525055e+10
3.524877556321771355e+00 6.114868202402982330e+10
3.560126331884988726e+00 6.124813408623307037e+10
3.595727595203838334e+00 6.052858605130680084e+10
3.631684871155877570e+00 6.022221428679489899e+10
3.668001719867436616e+00 5.936708578436234283e+10
3.704681737066110259e+00 5.971874839367195892e+10
3.741728554436771326e+00 5.916486067438217163e+10
3.779145839981139510e+00 5.874946579688924408e+10
3.816937298380950860e+00 5.775899627782606506e+10
3.855106671364760818e+00 5.729325048099515533e+10
3.893657738078407426e+00 5.606184500459687042e+10
3.932594315459191581e+00 5.464318216687567902e+10
3.971920258613783616e+00 5.190109196435169220e+10
4.011639461199922430e+00 4.868348912705956268e+10
4.051755855811920881e+00 4.606837556204917145e+10
4.092273414370040108e+00 4.242708972883364868e+10
4.133196148513740731e+00 4.098381022481226349e+10
4.174528109998877135e+00 3.937141617368154907e+10
4.216273391098866341e+00 3.621192777006230927e+10
4.258436125009854578e+00 3.267624238668965912e+10
4.301020486259953479e+00 2.915298684109253693e+10
4.344030691122553023e+00 2.731445352023237228e+10
4.387470998033777825e+00 2.683365683162212753e+10
4.431345708014116092e+00 2.541939722925790787e+10
4.475659165094256764e+00 2.415263193033829117e+10
4.520415756745198799e+00 2.333992402622399521e+10
4.565619914312651240e+00 2.261478876724898148e+10
4.611276113455778258e+00 2.261873169159451675e+10
4.657388874590335348e+00 2.263857840124709320e+10
4.703962763336238417e+00 2.215091012307366943e+10
4.751002390969600420e+00 2.147967400908402252e+10
4.798512414879296806e+00 2.095976453491299057e+10
4.846497539028090884e+00 2.050482697271023941e+10
4.894962514418371491e+00 1.988962060414727402e+10
4.943912139562555375e+00 1.919848083015873337e+10
4.993351260958180937e+00 1.907426309194301224e+10
5.043284773567762613e+00 1.840411909120870590e+10
5.093717621303440524e+00 1.830117739207308578e+10
5.144654797516475142e+00 1.763303787984214783e+10
5.196101345491639378e+00 1.723703388525439453e+10
5.248062358946555150e+00 1.705351344688327026e+10
5.300542982536021519e+00 1.635195991967499161e+10
5.353548412361381459e+00 1.602860306278999710e+10
5.407083896484995655e+00 1.531397296226582336e+10
5.461154735449845532e+00 1.516845546916684532e+10
5.515766282804344556e+00 1.472266396012911987e+10
5.570923945632387131e+00 1.410278853943809509e+10
5.626633185088711464e+00 1.392042916118786430e+10
5.682899516939598605e+00 1.338142034195841599e+10
5.739728512108993819e+00 1.295781759559467888e+10
5.797125797230084032e+00 1.267976759345272827e+10
5.855097055202384659e+00 1.212203922000103188e+10
5.913648025754409510e+00 1.204129623400033760e+10
5.972784506011953987e+00 1.188803982139107323e+10
6.032512351072073287e+00 1.147792386713207245e+10
6.092837474582792900e+00 1.164589590555397987e+10
6.153765849328621584e+00 1.162566729672135925e+10
6.215303507821907658e+00 1.136789404058197403e+10
6.277456542900125669e+00 1.117305224497388268e+10
6.340231108329128062e+00 1.077592036191997528e+10
6.403633419412418704e+00 9.971881756492214203e+09
6.467669753606543281e+00 8.951714198188146591e+09
6.532346451142608146e+00 8.352406046950009346e+09
6.597669915654034156e+00 7.548626670077314377e+09
6.663646614810574853e+00 7.331499109766037941e+09
6.730283080958680664e+00 7.511885904317163467e+09
6.797585911768267763e+00 7.064329427720822334e+09
6.865561770885950210e+00 6.937797635797354698e+09
6.934217388594810849e+00 6.897156532471408844e+09
7.003559562480758949e+00 6.873194379922151566e+09
7.073595158105566050e+00 6.501133586890523911e+09
7.144331109686621772e+00 6.429633981611069679e+09
7.215774420783487741e+00 6.332588570711480141e+09
7.287932164991324235e+00 6.150818910071757317e+09
7.360811486641236634e+00 5.907875311166682243e+09
7.434419601507648245e+00 5.737833958444879532e+09
7.508763797522725270e+00 5.626274754429920197e+09
7.583851435497953375e+00 5.332289608388156891e+09
7.659689949852931612e+00 5.313667135552016258e+09
7.736286849351461825e+00 5.041679222817683220e+09
7.813649717844977083e+00 5.095825816120497704e+09
7.891786215023426365e+00 4.594574209283150673e+09
7.970704077173661695e+00 4.648296633339485168e+09
8.050411117945397876e+00 4.484721599695555687e+09
8.130915229124850541e+00 4.347354446042772293e+09
8.212224381416099561e+00 4.227235351220488548e+09
8.294346625230261338e+00 4.082838648225985527e+09
8.377290091482562318e+00 3.983623736184592724e+09
8.461062992397387461e+00 3.903183753819270134e+09
8.545673622321363183e+00 3.811583491105487347e+09
8.631130358544575998e+00 3.769901292288476467e+09
8.717441662130022806e+00 3.620656205045943260e+09
8.804616078751321240e+00 3.515239601562998772e+09
8.892662239538834612e+00 3.498719016597981930e+09
8.981588861934222123e+00 3.320042708434827805e+09
9.071404750553567098e+00 3.292620640304656506e+09
9.162118798059102787e+00 3.242014486166220665e+09
9.253739986039693832e+00 3.112691505499197006e+09
9.346277385900089385e+00 3.084910195444162369e+09
9.439740159759089977e+00 2.938267762552141190e+09
9.534137561356683221e+00 2.931609028081180096e+09
9.629478936970249592e+00 2.770381079621985912e+09
9.725773726339950187e+00 2.751453892129825115e+09
9.823031463603349778e+00 2.674150131943517208e+09
9.921261778239381712e+00 2.521872439785250664e+09
1.002047439602177548e+01 2.495346121316472530e+09
1.012067913998199487e+01 2.387716364052571774e+09
1.022188593138181290e+01 2.332888372846456528e+09
1.032410479069563181e+01 2.211539435420977592e+09
1.042734583860258724e+01 2.121196956157190323e+09
1.053161929698861421e+01 2.079883205330729723e+09
1.063693548995849980e+01 2.017420157115483999e+09
1.074330484485808412e+01 1.945639620058714151e+09
1.085073789330666472e+01 1.893637593892573118e+09
1.095924527223973222e+01 1.766798357488875389e+09
1.106883772496212970e+01 1.710248548956682205e+09
1.117952610221174936e+01 1.654648813649544716e+09
1.129132136323386781e+01 1.596058736982769966e+09
1.140423457686620701e+01 1.559935713455814123e+09
1.151827692263487002e+01 1.477693585290398121e+09
1.163345969186121920e+01 1.428860840062912703e+09
1.174979428877982990e+01 1.327143966071014643e+09
1.186729223166762992e+01 1.301213556652794600e+09
1.198596515398430462e+01 1.273052944842035055e+09
1.210582480552414708e+01 1.202664539625477314e+09
1.222688305357938887e+01 1.175671460569459677e+09
1.234915188411518194e+01 1.124597510999239683e+09
1.247264340295633467e+01 1.053016454489343047e+09
1.259736983698589619e+01 1.023931519740737200e+09
1.272334353535575424e+01 9.977185062328648567e+08
1.285057697070931226e+01 9.576481261199433804e+08
1.297908274041640553e+01 9.047459374997541904e+08
1.310887356782057012e+01 8.944371438877183199e+08
1.323996230349877479e+01 8.360293847838127613e+08
1.337236192653376321e+01 8.161433947208132744e+08
1.350608554579910248e+01 7.704742028843955994e+08
1.364114640125709244e+01 7.593169944573849440e+08
1.377755786526966197e+01 7.171002889214425087e+08
1.391533344392236238e+01 7.027556054427150488e+08
1.405448677836158211e+01 6.743260497524780035e+08
1.419503164614519974e+01 6.299697001576646566e+08
1.433698196260665192e+01 6.199747308956854343e+08
1.448035178223271835e+01 5.860808456533168554e+08
1.462515530005504516e+01 5.662405344552987814e+08
1.477140685305559664e+01 5.598179901212573051e+08
1.491912092158615089e+01 5.129037971593904495e+08
1.506831213080201159e+01 5.118698599457310438e+08
1.521899525211003024e+01 4.950970054672078490e+08
1.537118520463113214e+01 4.690989296141387224e+08
1.552489705667744246e+01 4.516338996442930698e+08
1.568014602724421813e+01 4.369954772495684028e+08
1.583694748751665848e+01 4.255104355160987377e+08
1.599531696239182388e+01 4.049201586408084035e+08
1.615527013201574391e+01 3.863374096765649915e+08
1.631682283333590178e+01 3.802526797660499811e+08
1.647999106166925998e+01 3.585005741646826863e+08
1.664479097228595350e+01 3.420063165799826980e+08
1.681123888200881211e+01 3.424638758649860620e+08
1.697935127082889650e+01 3.321871265712194443e+08
1.714914478353718863e+01 3.065021623097996116e+08
1.732063623137256059e+01 2.934341755855826139e+08
1.749384259368628847e+01 2.919843295285147429e+08
1.766878101962314673e+01 2.736013052092221975e+08
1.784546882981938509e+01 2.694913764996352196e+08
1.802392351811757720e+01 2.610275544949367344e+08
1.820416275329875333e+01 2.473568955428669751e+08
1.838620438083173880e+01 2.418175524412568808e+08
1.857006642464005353e+01 2.209784279047873616e+08
1.875576708888645427e+01 2.213531424405793846e+08
1.894332475977532226e+01 2.138540477353565097e+08
1.913275800737307719e+01 2.093685134100012779e+08
1.969740769490774923e+01 1.830086010979387164e+08
2.068227807965313403e+01 1.519317991476586759e+08
2.171639198363579126e+01 1.261889691104526222e+08
2.280221158281758420e+01 1.063393127609736919e+08
2.394232216195846163e+01 8.785495532415384054e+07
2.513943827005638454e+01 7.270093651276855171e+07
2.639641018355920465e+01 6.091021601743352413e+07
2.771623069273716311e+01 5.047921146067892760e+07
2.910204222737402446e+01 4.212170963737048209e+07
3.055714433874272729e+01 3.411540844435208291e+07
3.208500155567985956e+01 2.919855010444198549e+07
3.368925163346385432e+01 2.353445231026285514e+07
3.537371421513704206e+01 1.921780890766654536e+07
3.714239992589390482e+01 1.614455333296849206e+07
3.899951992218858976e+01 1.350570324735735171e+07
4.094949591829801960e+01 1.093262691299534589e+07
4.299697071421292094e+01 9.112243529090506956e+06
4.514681924992356699e+01 7.595952436998136342e+06
4.740416021241974676e+01 6.330914598414440639e+06
4.977436822304073161e+01 5.197018912490348332e+06
5.226308663419276712e+01 4.319537704660114832e+06
5.487624096590241152e+01 3.593980053419614676e+06
5.762005301419753067e+01 2.971172946403244510e+06
6.050105566490740472e+01 2.495504500699012540e+06
6.352610844815276891e+01 2.023179794283295749e+06
6.670241387056040594e+01 1.710111553608377697e+06
7.003753456408843192e+01 1.427993411952132825e+06
7.353941129229284002e+01 1.155882787230730755e+06
7.721638185690748912e+01 9.729957120643054368e+05
8.107720094975286429e+01 7.967885339405294508e+05
8.513106099724051035e+01 6.608904860954768956e+05
8.938761404710253089e+01 5.753744864341784269e+05
9.385699474945765530e+01 4.615618503016231698e+05
