3.401114059005487245e-01 3.200623949726479492e+11
3.435125199595542300e-01 2.521958362685257568e+11
3.469476451591497201e-01 2.856727876500507202e+11
3.504171216107412334e-01 3.016055389276851196e+11
3.539212928268486436e-01 2.902856298797292480e+11
3.574605057551171750e-01 2.593723969260794983e+11
3.610351108126682584e-01 2.414483815795159607e+11
3.646454619207949999e-01 2.004562455038338318e+11
3.682919165400029282e-01 1.870032554105102234e+11
3.719748357054029064e-01 1.800272882991957397e+11
3.756945840624569266e-01 1.868901750230984802e+11
3.794515299030815081e-01 2.054839623988358459e+11
3.832460452021123065e-01 1.818715689204915466e+11
3.870785056541334312e-01 1.798342634217721252e+11
3.909492907106748016e-01 1.599898760660362854e+11
3.948587836177815391e-01 1.224603513581860809e+11
3.988073714539593917e-01 1.090142940238361969e+11
4.027954451684989667e-01 9.825839117524113464e+10
4.068233996201839342e-01 8.013445668537478638e+10
4.108916336163858096e-01 5.079359898876218414e+10
4.150005499525497021e-01 4.293268578393199158e+10
4.191505554520751908e-01 2.381730347075449371e+10
4.233420610065958822e-01 1.595054794801754761e+10
4.275754816166618122e-01 2.532605183396091843e+10
4.318512364328284114e-01 3.192075388462202835e+10
4.361697487971567533e-01 3.870215896688394928e+10
4.405314462851282475e-01 5.046067919810134888e+10
4.449367607479796094e-01 5.358380340977498627e+10
4.493861283554593800e-01 5.473592603280308533e+10
4.538799896390139921e-01 5.684169971645906830e+10
4.584187895354041031e-01 5.507499672074938965e+10
4.630029774307581336e-01 6.121699214324195099e+10
4.676330072050656761e-01 5.535108518863119507e+10
4.723093372771162701e-01 5.147613750315407562e+10
4.770324306498874289e-01 4.242050890138687134e+10
4.818027549563863032e-01 3.589142578155024719e+10
4.866207825059500891e-01 3.253177505936215973e+10
4.914869903310095656e-01 3.834661102844552612e+10
4.964018602343197584e-01 3.617777173025709534e+10
5.013658788366629482e-01 2.524274897186715698e+10
5.063795376250295188e-01 1.868651646369853592e+10
5.114433330012797541e-01 1.559829667382242012e+10
5.165577663312926893e-01 1.512660561089780426e+10
5.217233439946056262e-01 1.954716807049539185e+10
5.269405774345515825e-01 1.720170183693796539e+10
5.322099832088971194e-01 1.744653388216947556e+10
5.375320830409860973e-01 1.877693773285761261e+10
5.429074038713960215e-01 1.879255794372452545e+10
5.483364779101099762e-01 1.349487214265180588e+10
5.538198426892112503e-01 1.272418270597845459e+10
5.593580411161032107e-01 1.459157425218298340e+10
5.649516215272641917e-01 1.512236882196266174e+10
5.706011377425368458e-01 1.445115984437716103e+10
5.763071491199621699e-01 1.015359460127623177e+10
5.820702206111618704e-01 9.677894557409446716e+09
5.878909228172733981e-01 4.108413563746565819e+09
5.937698320454461998e-01 9.003227451626691818e+09
5.997075303659007428e-01 1.507161043746697235e+10
6.057046056695597480e-01 1.970614530567731094e+10
6.117616517262552955e-01 1.776632525652953339e+10
6.178792682435179096e-01 2.210033524299333191e+10
6.240580609259530620e-01 2.673650974044762039e+10
6.302986415352126448e-01 3.008525032238384247e+10
6.366016279505647413e-01 3.378832125582214355e+10
6.429676442300703565e-01 3.804639125755950165e+10
6.493973206723711034e-01 3.602914494610264587e+10
6.558912938790947278e-01 3.209769288248020172e+10
6.624502068178856895e-01 3.442354374814218140e+10
6.690747088860645730e-01 3.982054068794568634e+10
6.757654559749252110e-01 4.698344770433280945e+10
6.825231105346745153e-01 5.416949985604255676e+10
6.893483416400212338e-01 5.376718843902635193e+10
6.962418250564214039e-01 4.164042596763220978e+10
7.032042433069857212e-01 3.951980311296531677e+10
7.102362857400554841e-01 4.620972258490972900e+10
7.173386485974559967e-01 5.703662492046921539e+10
7.245120350834306500e-01 6.839810800701061249e+10
7.317571554342650053e-01 7.297894734590090942e+10
7.390747269886076554e-01 5.385937216317634583e+10
7.464654742584937441e-01 4.252739917711844635e+10
7.539301290010786971e-01 5.101382169250164795e+10
7.614694302910893775e-01 6.091708855931384277e+10
7.690841245940003290e-01 3.623474409896530151e+10
7.767749658399403234e-01 8.516928476054443359e+10
7.845427154983398710e-01 9.228207893384042358e+10
7.923881426533231354e-01 6.871680740045323944e+10
8.003120240798563545e-01 6.204711432457934570e+10
8.083151443206548770e-01 8.463048664250782776e+10
8.163982957638614701e-01 1.105484220188097992e+11
8.245622787215000082e-01 1.285258413134247284e+11
8.328079015087149761e-01 1.375967294094776611e+11
8.411359805238021181e-01 1.447444701721001892e+11
8.495473403290402237e-01 1.498365624009509583e+11
8.580428137323306004e-01 1.319028083038371277e+11
8.666232418696537820e-01 1.104225293694489441e+11
8.752894742883503554e-01 1.186339396804795532e+11
8.840423690312340099e-01 1.417544146874997559e+11
8.928827927215462479e-01 1.578183387677808838e+11
9.018116206487618580e-01 1.713527212557987976e+11
9.108297368552494833e-01 1.813959234368494568e+11
9.199380342238018260e-01 1.875273647129313660e+11
9.291374145660399320e-01 1.808101078593662415e+11
9.384287887117003235e-01 1.858868583974964905e+11
9.478130765988174167e-01 1.878516027813688660e+11
9.572912073648053299e-01 1.858138693295184021e+11
9.668641194384535176e-01 1.856391721563233643e+11
9.765327606328380039e-01 1.910381146769158325e+11
9.862980882391664261e-01 2.044804970690250549e+11
9.961610691215579960e-01 2.156456947859234009e+11
1.006122679812773590e+00 2.210106928259002380e+11
1.016183906610901300e+00 2.361369258184085388e+11
1.026345745677010202e+00 2.474999685597985229e+11
1.036609203133780355e+00 2.563899970013649597e+11
1.046975295165118336e+00 2.493029071744194336e+11
1.057445048116769204e+00 2.341831438908323975e+11
1.068019498597936989e+00 2.506364649615444641e+11
1.078699693583916597e+00 2.670969740644307861e+11
1.089486690519755552e+00 2.723394387331330566e+11
1.100381557424953138e+00 2.636412821772084656e+11
1.111385372999202481e+00 2.599289664835821533e+11
1.122499226729194666e+00 2.638826888217142639e+11
1.133724218996486455e+00 2.595408593890000000e+11
1.145061461186451135e+00 2.666731449488530579e+11
1.156512075798315831e+00 2.698405065956196594e+11
1.168077196556299047e+00 2.725368704844970398e+11
1.179757968521861988e+00 2.670588561258262329e+11
1.191555548207080761e+00 2.822131685959654541e+11
1.203471103689151889e+00 2.949711428478742065e+11
1.215505814726043354e+00 3.075479272553343506e+11
1.227660872873303610e+00 3.181695128136190796e+11
1.239937481602036762e+00 3.266264204184755249e+11
1.252336856418057032e+00 3.338069878362190552e+11
1.264860224982237824e+00 3.382188146950512695e+11
1.277508827232060051e+00 3.398646727860132446e+11
1.290283915504380818e+00 3.405902505753062744e+11
1.303186754659424462e+00 3.399198106043156128e+11
1.316218622206019040e+00 3.360076530713040771e+11
1.329380808428079153e+00 2.997203455001189575e+11
1.342674616512359975e+00 2.403597032567185364e+11
1.356101362677483380e+00 2.244917745284884949e+11
1.369662376304258355e+00 2.253783135397446289e+11
1.383359000067300837e+00 2.319546527904196472e+11
1.397192590067974027e+00 2.244897631349682007e+11
1.411164515968653665e+00 2.153565947268995056e+11
1.425276161128340213e+00 2.083606060915252380e+11
1.439528922739623740e+00 2.142752212768737488e+11
1.453924211967019708e+00 2.275604029589938965e+11
1.468463454086690101e+00 2.264269883643169250e+11
1.483148088627556760e+00 2.334497594641230164e+11
1.497979569513832487e+00 2.420977052658862000e+11
1.512959365208970564e+00 2.527965748334986572e+11
1.528088958861060442e+00 2.632822076637593689e+11
1.543369848449671178e+00 2.728460800921024170e+11
1.558803546934167894e+00 2.859212031528335571e+11
1.574391582403509737e+00 2.998698472699240112e+11
1.590135498227544852e+00 3.101315343374883423e+11
1.606036853209820148e+00 3.177381265812320557e+11
1.622097221741918505e+00 3.275930375169412231e+11
1.638318193959337421e+00 3.329032935835564575e+11
1.654701375898931071e+00 3.355728572365082397e+11
1.671248389657920441e+00 3.394374948254949341e+11
1.687960873554499530e+00 3.373079645758106689e+11
1.704840482290044701e+00 3.245864894895677490e+11
1.721888887112944966e+00 3.013413601259863892e+11
1.739107775984074289e+00 2.882698489026672974e+11
1.756498853743915012e+00 2.742316370218081360e+11
1.774063842281354608e+00 2.541675268789735718e+11
1.791804480704168201e+00 2.426427460578174744e+11
1.809722525511209934e+00 2.286198827445371094e+11
1.827819750766321860e+00 2.259064998578481140e+11
1.846097948273984990e+00 2.111335589178417358e+11
1.864558927756724938e+00 2.006155296890521851e+11
1.883204517034292147e+00 2.117304643849487305e+11
1.902036562204635128e+00 2.173607626278948364e+11
1.921056927826681582e+00 2.172635708591860657e+11
1.940267497104948502e+00 2.131943384356824646e+11
1.959670172075998140e+00 2.120678680383770142e+11
1.979266873796758031e+00 2.083055219572539062e+11
1.999059542534725509e+00 2.034333450301684570e+11
2.019050137960073155e+00 2.047994743855028076e+11
2.039240639339673589e+00 2.086708838659162598e+11
2.059633045733070489e+00 2.138454337037547607e+11
2.080229376190401158e+00 2.185603255648714294e+11
2.101031669952305059e+00 2.262201688551154785e+11
2.122041986651828083e+00 2.311903043979132690e+11
2.143262406518346097e+00 2.359040513899270630e+11
2.164695030583529967e+00 2.393530380679691162e+11
2.186341980889365377e+00 2.386362294197423401e+11
2.208205400698258991e+00 2.380930863459432373e+11
2.230287454705241146e+00 2.362403894500864868e+11
2.252590329252293522e+00 2.337284972678468323e+11
2.275116232544817318e+00 2.296522583440989685e+11
2.297867394870265034e+00 2.179082084604093323e+11
2.320846068818967822e+00 2.080126331181019897e+11
2.344054529507157536e+00 2.008684751255147705e+11
2.367495074802228761e+00 1.933797713812866821e+11
2.391170025550251044e+00 1.840787117378553162e+11
2.415081725805753532e+00 1.712938800036035461e+11
2.439232543063811764e+00 1.603344182206754761e+11
2.463624868494449949e+00 1.506824382805380554e+11
2.488261117179394244e+00 1.426145510961679993e+11
2.513143728351188155e+00 1.313269842153662109e+11
2.538275165634700237e+00 1.262615233028513336e+11
2.563657917291046751e+00 1.224546602687052612e+11
2.589294496463957262e+00 1.203295947106527557e+11
2.615187441428596937e+00 1.220698476063577423e+11
2.641339315842882840e+00 1.204070336368089905e+11
2.667752709001311562e+00 1.190822568688655701e+11
2.694430236091324815e+00 1.129624042382620239e+11
2.721374538452237868e+00 1.088373003946098328e+11
2.748588283836760127e+00 1.054070723125352325e+11
2.776074166675128296e+00 1.007630817735671997e+11
2.803834908341879206e+00 9.983539528387037659e+10
2.831873257425297830e+00 9.627455718682785034e+10
2.860191989999551154e+00 9.539502930044677734e+10
2.888793909899546541e+00 9.536169936523147583e+10
2.917681848998542549e+00 8.981358611039125061e+10
2.946858667488527761e+00 9.097359395441526794e+10
2.976327254163412928e+00 8.902331208390104675e+10
3.006090526705047061e+00 8.956236506537402344e+10
3.036151431972097470e+00 8.792663875093621826e+10
3.066512946291818587e+00 8.955267780343469238e+10
3.097178075754736692e+00 8.812659382853247070e+10
3.128149856512283833e+00 8.826968259435128784e+10
3.159431355077406689e+00 8.815782249937179565e+10
3.191025668628181045e+00 8.763774148059043884e+10
3.222935925314462935e+00 8.784237220104147339e+10
3.255165284567607564e+00 8.832712042498085022e+10
3.287716937413283524e+00 8.744503094984971619e+10
3.320594106787416067e+00 8.736779225577148438e+10
3.353800047855290511e+00 8.584443235821228027e+10
3.387338048333843332e+00 8.505670559034107971e+10
3.421211428817182210e+00 8.431846523388702393e+10
3.455423543105353712e+00 8.393553245595265198e+10
3.489977778536407005e+00 8.233151675465057373e+10
3.524877556321771355e+00 8.102496885369093323e+10
3.560126331884988726e+00 8.041479147391879272e+10
3.595727595203838334e+00 7.948936807611198425e+10
3.631684871155877570e+00 7.832602628527093506e+10
3.668001719867436616e+00 7.694799302795520020e+10
3.704681737066110259e+00 7.636399625851664734e+10
3.741728554436771326e+00 7.525492345662506104e+10
3.779145839981139510e+00 7.424367575896270752e+10
3.816937298380950860e+00 7.252998778698222351e+10
3.855106671364760818e+00 7.135406975300395203e+10
3.893657738078407426e+00 6.981569893519441223e+10
3.932594315459191581e+00 6.794243232458014679e+10
3.971920258613783616e+00 6.547831644959805298e+10
4.011639461199922430e+00 6.304692828959329224e+10
4.051755855811920881e+00 6.057411794976396179e+10
4.092273414370040108e+00 5.720258313640657806e+10
4.133196148513740731e+00 5.543667130427036285e+10
4.174528109998877135e+00 5.304572646876673126e+10
4.216273391098866341e+00 4.998707623408224487e+10
4.258436125009854578e+00 4.660095568206843567e+10
4.301020486259953479e+00 4.508278239996864319e+10
4.344030691122553023e+00 4.288706019376847839e+10
4.387470998033777825e+00 4.079430008846280670e+10
4.431345708014116092e+00 3.909764905911229706e+10
4.475659165094256764e+00 3.787819951475457001e+10
4.520415756745198799e+00 3.660139480011642456e+10
4.565619914312651240e+00 3.555401112746875000e+10
4.611276113455778258e+00 3.475740446642055511e+10
4.657388874590335348e+00 3.374149323035569763e+10
4.703962763336238417e+00 3.293365935715240097e+10
4.751002390969600420e+00 3.203996825789985657e+10
4.798512414879296806e+00 3.103233007940718079e+10
4.846497539028090884e+00 3.011685387565313339e+10
4.894962514418371491e+00 2.921604211439728165e+10
4.943912139562555375e+00 2.815772304601047134e+10
4.993351260958180937e+00 2.742418602504542923e+10
5.043284773567762613e+00 2.622693387527492905e+10
5.093717621303440524e+00 2.563769899696583939e+10
5.144654797516475142e+00 2.459078999242228699e+10
5.196101345491639378e+00 2.394530082882246780e+10
5.248062358946555150e+00 2.337385273441688156e+10
5.300542982536021519e+00 2.251959931411902618e+10
5.353548412361381459e+00 2.203878687842443848e+10
5.407083896484995655e+00 2.115494782427104187e+10
5.461154735449845532e+00 2.073240196671221542e+10
5.515766282804344556e+00 2.008586500697244644e+10
5.570923945632387131e+00 1.931819168983940125e+10
5.626633185088711464e+00 1.893891668073107529e+10
5.682899516939598605e+00 1.826789306100513077e+10
5.739728512108993819e+00 1.770962553547203827e+10
5.797125797230084032e+00 1.730151194712076187e+10
5.855097055202384659e+00 1.664754544049728203e+10
5.913648025754409510e+00 1.634357692760452271e+10
5.972784506011953987e+00 1.596220953391306114e+10
6.032512351072073287e+00 1.542756974427448654e+10
6.092837474582792900e+00 1.535722283247819710e+10
6.153765849328621584e+00 1.509969952241635513e+10
6.215303507821907658e+00 1.473292845380355835e+10
6.277456542900125669e+00 1.429424567968382263e+10
6.340231108329128062e+00 1.382911581395636177e+10
6.403633419412418704e+00 1.309066732360680580e+10
6.467669753606543281e+00 1.208400549986576653e+10
6.532346451142608146e+00 1.142063851464466286e+10
6.597669915654034156e+00 1.050012408561975098e+10
6.663646614810574853e+00 1.006148125123957062e+10
6.730283080958680664e+00 1.016588836282244110e+10
6.797585911768267763e+00 9.643933923866436005e+09
6.865561770885950210e+00 9.415406881047822952e+09
6.934217388594810849e+00 9.235030115576465607e+09
7.003559562480758949e+00 9.114382735529783249e+09
7.073595158105566050e+00 8.691217797844841003e+09
7.144331109686621772e+00 8.511857060578175545e+09
7.215774420783487741e+00 8.340738928946116447e+09
7.287932164991324235e+00 8.053246521909184456e+09
7.360811486641236634e+00 7.774094840787679672e+09
7.434419601507648245e+00 7.552247649911327362e+09
7.508763797522725270e+00 7.341707702707126617e+09
7.583851435497953375e+00 7.046726470852907181e+09
7.659689949852931612e+00 6.880238866953838348e+09
7.736286849351461825e+00 6.604590006339293480e+09
7.813649717844977083e+00 6.564214568941179276e+09
7.891786215023426365e+00 6.071303436648715973e+09
7.970704077173661695e+00 6.009794894888344765e+09
8.050411117945397876e+00 5.804257514133745193e+09
8.130915229124850541e+00 5.609445841935748100e+09
8.212224381416099561e+00 5.426169550989810944e+09
8.294346625230261338e+00 5.226151515783793449e+09
8.377290091482562318e+00 5.073717702930589676e+09
8.461062992397387461e+00 4.942952924321533203e+09
8.545673622321363183e+00 4.801987539976090431e+09
8.631130358544575998e+00 4.712149427007881165e+09
8.717441662130022806e+00 4.533736196818075180e+09
8.804616078751321240e+00 4.408151483945594788e+09
8.892662239538834612e+00 4.342428134056592941e+09
8.981588861934222123e+00 4.168853706514416695e+09
9.071404750553567098e+00 4.087740993393646717e+09
9.162118798059102787e+00 3.972725751239642620e+09
9.253739986039693832e+00 3.822506446897425175e+09
9.346277385900089385e+00 3.743701406349679470e+09
9.439740159759089977e+00 3.601474348759390354e+09
9.534137561356683221e+00 3.541312915654796124e+09
9.629478936970249592e+00 3.368728118410690784e+09
9.725773726339950187e+00 3.301984281470378399e+09
9.823031463603349778e+00 3.203095697349794388e+09
9.921261778239381712e+00 3.053651763848791122e+09
1.002047439602177548e+01 2.985075721978322506e+09
1.012067913998199487e+01 2.872425950685266972e+09
1.022188593138181290e+01 2.791543335584348202e+09
1.032410479069563181e+01 2.669077126032820225e+09
1.042734583860258724e+01 2.572020921359723568e+09
1.053161929698861421e+01 2.488635133291205406e+09
1.063693548995849980e+01 2.399937817305545807e+09
1.074330484485808412e+01 2.312238379816613197e+09
1.085073789330666472e+01 2.241348229082666397e+09
1.095924527223973222e+01 2.127758932693387270e+09
1.106883772496212970e+01 2.058310141960311651e+09
1.117952610221174936e+01 1.976366328128885269e+09
1.129132136323386781e+01 1.907629562945327997e+09
1.140423457686620701e+01 1.846905615412116289e+09
1.151827692263487002e+01 1.768742080024646044e+09
1.163345969186121920e+01 1.707345405464566946e+09
1.174979428877982990e+01 1.617954984423416615e+09
1.186729223166762992e+01 1.567035008687155962e+09
1.198596515398430462e+01 1.524494305683146238e+09
1.210582480552414708e+01 1.454435841547331095e+09
1.222688305357938887e+01 1.414908043221012115e+09
1.234915188411518194e+01 1.361314295094807386e+09
1.247264340295633467e+01 1.288218634554186583e+09
1.259736983698589619e+01 1.250459562453370810e+09
1.272334353535575424e+01 1.207602362399341106e+09
1.285057697070931226e+01 1.160933578643380642e+09
1.297908274041640553e+01 1.109064630568866253e+09
1.310887356782057012e+01 1.085596286767154217e+09
1.323996230349877479e+01 1.026185421713654995e+09
1.337236192653376321e+01 9.998402789769132137e+08
1.350608554579910248e+01 9.511114087673590183e+08
1.364114640125709244e+01 9.304037703335921764e+08
1.377755786526966197e+01 8.834448890276491642e+08
1.391533344392236238e+01 8.605559722589056492e+08
1.405448677836158211e+01 8.259432133229624033e+08
1.419503164614519974e+01 7.812375709627045393e+08
1.433698196260665192e+01 7.648420930735218525e+08
1.448035178223271835e+01 7.313901528544484377e+08
1.462515530005504516e+01 6.986429802125241756e+08
1.477140685305559664e+01 6.872978510972634554e+08
1.491912092158615089e+01 6.479385516750657558e+08
1.506831213080201159e+01 6.327577290572364330e+08
1.521899525211003024e+01 6.092117442105427980e+08
1.537118520463113214e+01 5.830740634878621101e+08
1.552489705667744246e+01 5.630570320513786077e+08
1.568014602724421813e+01 5.438181730494296551e+08
1.583694748751665848e+01 5.255641351795331836e+08
1.599531696239182388e+01 5.034097625223496556e+08
1.615527013201574391e+01 4.786490170270629525e+08
1.631682283333590178e+01 4.710425181776189804e+08
1.647999106166925998e+01 4.464854689866541624e+08
1.664479097228595350e+01 4.285411814514191747e+08
1.681123888200881211e+01 4.214320779552326202e+08
1.697935127082889650e+01 4.093811415098436475e+08
1.714914478353718863e+01 3.834350894967617989e+08
1.732063623137256059e+01 3.676316357585408688e+08
1.749384259368628847e+01 3.615922941605343819e+08
1.766878101962314673e+01 3.422631891952106357e+08
1.784546882981938509e+01 3.352283566852318645e+08
1.802392351811757720e+01 3.221204050278010368e+08
1.820416275329875333e+01 3.083735974905990958e+08
1.838620438083173880e+01 2.998808963630746603e+08
1.857006642464005353e+01 2.789691647951298356e+08
1.875576708888645427e+01 2.755791765469333529e+08
1.894332475977532226e+01 2.656317100600003898e+08
1.913275800737307719e+01 2.582899646753115356e+08
1.969740769490774923e+01 2.288300211899815500e+08
2.068227807965313403e+01 1.898962290448002219e+08
2.171639198363579126e+01 1.576241925425589383e+08
2.280221158281758420e+01 1.320668945727304220e+08
2.394232216195846163e+01 1.093740048287179023e+08
2.513943827005638454e+01 9.064661050084729493e+07
2.639641018355920465e+01 7.565059467020128667e+07
2.771623069273716311e+01 6.244717394642545283e+07
2.910204222737402446e+01 5.197769394923078269e+07
3.055714433874272729e+01 4.241588865888187289e+07
3.208500155567985956e+01 3.569774105289341509e+07
3.368925163346385432e+01 2.901955937320426852e+07
3.537371421513704206e+01 2.386119764997752383e+07
3.714239992589390482e+01 1.990397340464207157e+07
3.899951992218858976e+01 1.665771699564071372e+07
4.094949591829801960e+01 1.358776167573263310e+07
4.299697071421292094e+01 1.137324838943155482e+07
4.514681924992356699e+01 9.433727734022684395e+06
4.740416021241974676e+01 7.830426249634395353e+06
4.977436822304073161e+01 6.465970788931120187e+06
5.226308663419276712e+01 5.366637938252522610e+06
5.487624096590241152e+01 4.468954406634154730e+06
5.762005301419753067e+01 3.686314725644660648e+06
6.050105566490740472e+01 3.083600595704756211e+06
6.352610844815276891e+01 2.531268211222834885e+06
6.670241387056040594e+01 2.111743833648968954e+06
7.003753456408843192e+01 1.760816338486930588e+06
7.353941129229284002e+01 1.439783704692692263e+06
7.721638185690748912e+01 1.205359182182941120e+06
8.107720094975286429e+01 9.870388802489798982e+05
8.513106099724051035e+01 8.190168257167566335e+05
8.938761404710253089e+01 6.961694466758711496e+05
9.385699474945765530e+01 5.690423480543561745e+05
