3.401114059005487245e-01 1.487576481197518005e+11
3.435125199595542300e-01 1.957385320503152771e+11
3.469476451591497201e-01 1.679148293031196594e+11
3.504171216107412334e-01 1.822993058105837097e+11
3.539212928268486436e-01 2.062987229535163269e+11
3.574605057551171750e-01 4.208797708116944580e+11
3.610351108126682584e-01 3.072040515426508179e+11
3.646454619207949999e-01 3.079000477834125366e+11
3.682919165400029282e-01 2.935133110560928955e+11
3.719748357054029064e-01 5.777104815606013184e+11
3.756945840624569266e-01 5.799014147818254395e+11
3.794515299030815081e-01 3.797509281363597412e+11
3.832460452021123065e-01 6.905853984152272949e+11
3.870785056541334312e-01 5.808312069567803955e+11
3.909492907106748016e-01 4.587296980169357300e+11
3.948587836177815391e-01 3.010088711871582642e+11
3.988073714539593917e-01 2.743528398378674316e+11
4.027954451684989667e-01 2.907266215353878784e+11
4.068233996201839342e-01 3.550993882627194824e+11
4.108916336163858096e-01 2.348490164072209167e+11
4.150005499525497021e-01 3.179911668706063843e+11
4.191505554520751908e-01 3.544475218293339844e+11
4.233420610065958822e-01 4.548418324760360107e+11
4.275754816166618122e-01 3.742982614570354614e+11
4.318512364328284114e-01 3.773730609423681030e+11
4.361697487971567533e-01 3.012361960985100098e+11
4.405314462851282475e-01 4.234680239856634521e+11
4.449367607479796094e-01 3.764124054547182617e+11
4.493861283554593800e-01 3.373809640456325073e+11
4.538799896390139921e-01 3.149489416281518555e+11
4.584187895354041031e-01 3.381004051359432373e+11
4.630029774307581336e-01 3.496225544428077393e+11
4.676330072050656761e-01 3.791317691377474976e+11
4.723093372771162701e-01 3.730275408773782349e+11
4.770324306498874289e-01 3.948390233342054443e+11
4.818027549563863032e-01 4.186433824958090820e+11
4.866207825059500891e-01 4.757171979011149902e+11
4.914869903310095656e-01 4.769833028387600098e+11
4.964018602343197584e-01 5.235930026007707520e+11
5.013658788366629482e-01 5.948875586994172363e+11
5.063795376250295188e-01 6.363300033414648438e+11
5.114433330012797541e-01 6.577092214775277100e+11
5.165577663312926893e-01 7.994868601537539062e+11
5.217233439946056262e-01 7.639674926558292236e+11
5.269405774345515825e-01 7.645760772271881104e+11
5.322099832088971194e-01 6.981715914188289795e+11
5.375320830409860973e-01 7.701497191882054443e+11
5.429074038713960215e-01 9.143499757859295654e+11
5.483364779101099762e-01 8.734143886734514160e+11
5.538198426892112503e-01 8.295181306047062988e+11
5.593580411161032107e-01 9.560940805588476562e+11
5.649516215272641917e-01 1.068966747424006592e+12
5.706011377425368458e-01 1.032551537186960693e+12
5.763071491199621699e-01 1.026219888182832764e+12
5.820702206111618704e-01 9.864918780417561035e+11
5.878909228172733981e-01 1.234138199536343750e+12
5.937698320454461998e-01 1.377209652083476074e+12
5.997075303659007428e-01 1.350334499802055176e+12
6.057046056695597480e-01 1.207052620558174805e+12
6.117616517262552955e-01 1.104235611610952637e+12
6.178792682435179096e-01 1.436906082188362793e+12
6.240580609259530620e-01 1.722068570455535889e+12
6.302986415352126448e-01 1.500333476878532471e+12
6.366016279505647413e-01 1.327123194470343262e+12
6.429676442300703565e-01 1.238554428599561768e+12
6.493973206723711034e-01 1.213635515291104980e+12
6.558912938790947278e-01 1.262788187907128174e+12
6.624502068178856895e-01 1.510046783242289307e+12
6.690747088860645730e-01 1.694927460782469971e+12
6.757654559749252110e-01 1.731723278054722412e+12
6.825231105346745153e-01 1.655297769907027832e+12
6.893483416400212338e-01 1.478703008665551270e+12
6.962418250564214039e-01 1.312264792178396729e+12
7.032042433069857212e-01 1.227467786439375000e+12
7.102362857400554841e-01 1.572447829908868652e+12
7.173386485974559967e-01 1.724717001778207764e+12
7.245120350834306500e-01 1.568131585271118408e+12
7.317571554342650053e-01 1.323063789046931396e+12
7.390747269886076554e-01 1.122720038721449707e+12
7.464654742584937441e-01 1.049698350299350586e+12
7.539301290010786971e-01 1.006342036329087158e+12
7.614694302910893775e-01 1.211505431931170166e+12
7.690841245940003290e-01 1.515440378535592773e+12
7.767749658399403234e-01 1.556940491936534180e+12
7.845427154983398710e-01 1.546942579655281250e+12
7.923881426533231354e-01 1.540669023429971680e+12
8.003120240798563545e-01 1.393741402888982178e+12
8.083151443206548770e-01 1.263937144241434082e+12
8.163982957638614701e-01 1.089264192887024658e+12
8.245622787215000082e-01 1.266696189737983154e+12
8.328079015087149761e-01 1.409636705557102539e+12
8.411359805238021181e-01 1.449282155329825684e+12
8.495473403290402237e-01 1.735237274083473633e+12
8.580428137323306004e-01 1.579310144029479004e+12
8.666232418696537820e-01 1.430140364836283203e+12
8.752894742883503554e-01 1.263412893945927246e+12
8.840423690312340099e-01 1.285523981242527832e+12
8.928827927215462479e-01 1.426172504393392334e+12
9.018116206487618580e-01 1.397891434835832764e+12
9.108297368552494833e-01 1.308005435429574219e+12
9.199380342238018260e-01 1.185249588464327148e+12
9.291374145660399320e-01 1.220766609217677246e+12
9.384287887117003235e-01 1.241059479764814697e+12
9.478130765988174167e-01 1.159196931138228027e+12
9.572912073648053299e-01 1.121925219706354004e+12
9.668641194384535176e-01 1.081542110302063232e+12
9.765327606328380039e-01 1.221498447797553955e+12
9.862980882391664261e-01 1.292321511166937500e+12
9.961610691215579960e-01 1.392048860716405273e+12
1.006122679812773590e+00 1.343713270545133301e+12
1.016183906610901300e+00 1.282442353889057373e+12
1.026345745677010202e+00 1.266371488040464600e+12
1.036609203133780355e+00 1.213349876133181885e+12
1.046975295165118336e+00 1.139567431051615723e+12
1.057445048116769204e+00 1.115731601829253662e+12
1.068019498597936989e+00 1.107037102166820312e+12
1.078699693583916597e+00 1.102825478661196289e+12
1.089486690519755552e+00 1.134422755795173828e+12
1.100381557424953138e+00 1.171583487097798340e+12
1.111385372999202481e+00 1.202556198550883057e+12
1.122499226729194666e+00 1.175024463523938965e+12
1.133724218996486455e+00 1.170380838895191650e+12
1.145061461186451135e+00 1.151438002546176270e+12
1.156512075798315831e+00 1.166458100190200684e+12
1.168077196556299047e+00 1.157938145638435303e+12
1.179757968521861988e+00 1.131602414033822510e+12
1.191555548207080761e+00 1.174794263532507812e+12
1.203471103689151889e+00 1.115275019420630371e+12
1.215505814726043354e+00 1.090417887280860596e+12
1.227660872873303610e+00 1.070892347239887695e+12
1.239937481602036762e+00 1.086469281691339722e+12
1.252336856418057032e+00 1.084862571512328247e+12
1.264860224982237824e+00 1.071223964129490601e+12
1.277508827232060051e+00 1.045727683165327026e+12
1.290283915504380818e+00 1.048517291109241333e+12
1.303186754659424462e+00 1.033066594544511230e+12
1.316218622206019040e+00 1.029672752432224976e+12
1.329380808428079153e+00 1.097822817511621216e+12
1.342674616512359975e+00 1.207095835454160156e+12
1.356101362677483380e+00 1.221492484954233887e+12
1.369662376304258355e+00 1.201108432546850342e+12
1.383359000067300837e+00 1.182796226102471924e+12
1.397192590067974027e+00 1.204017763074085938e+12
1.411164515968653665e+00 1.215763669194845215e+12
1.425276161128340213e+00 1.228358851251528564e+12
1.439528922739623740e+00 1.203836230594052002e+12
1.453924211967019708e+00 1.188907311911474365e+12
1.468463454086690101e+00 1.183111334287084717e+12
1.483148088627556760e+00 1.157634336331320557e+12
1.497979569513832487e+00 1.137569341716061035e+12
1.512959365208970564e+00 1.106047914865715088e+12
1.528088958861060442e+00 1.082384528784578735e+12
1.543369848449671178e+00 1.057782710969051147e+12
1.558803546934167894e+00 1.037739637654103882e+12
1.574391582403509737e+00 1.001840952554015991e+12
1.590135498227544852e+00 9.809592117659816895e+11
1.606036853209820148e+00 9.466134778547219238e+11
1.622097221741918505e+00 9.206537897514327393e+11
1.638318193959337421e+00 8.853247645375422363e+11
1.654701375898931071e+00 8.588762722852265625e+11
1.671248389657920441e+00 8.327656512602117920e+11
1.687960873554499530e+00 8.206600003319409180e+11
1.704840482290044701e+00 8.238730868506881104e+11
1.721888887112944966e+00 8.443502614998288574e+11
1.739107775984074289e+00 8.495409981815472412e+11
1.756498853743915012e+00 8.625381015152196045e+11
1.774063842281354608e+00 8.782944122330173340e+11
1.791804480704168201e+00 8.810592421616828613e+11
1.809722525511209934e+00 8.839012391861107178e+11
1.827819750766321860e+00 8.704506092116136475e+11
1.846097948273984990e+00 8.769636112000510254e+11
1.864558927756724938e+00 8.792570411198958740e+11
1.883204517034292147e+00 8.458528765758864746e+11
1.902036562204635128e+00 8.214915545154108887e+11
1.921056927826681582e+00 8.027372139144184570e+11
1.940267497104948502e+00 7.854546094993630371e+11
1.959670172075998140e+00 7.650770638406236572e+11
1.979266873796758031e+00 7.603789774988527832e+11
1.999059542534725509e+00 7.483762163376878662e+11
2.019050137960073155e+00 7.377226751425618896e+11
2.039240639339673589e+00 7.199640784065740967e+11
2.059633045733070489e+00 7.050532970692131348e+11
2.080229376190401158e+00 6.842927966971564941e+11
2.101031669952305059e+00 6.592352685010537109e+11
2.122041986651828083e+00 6.379909696610241699e+11
2.143262406518346097e+00 6.143383974170931396e+11
2.164695030583529967e+00 5.883762060472315674e+11
2.186341980889365377e+00 5.680741192906513672e+11
2.208205400698258991e+00 5.461809644163865967e+11
2.230287454705241146e+00 5.275318967217705078e+11
2.252590329252293522e+00 5.105838553218216553e+11
2.275116232544817318e+00 4.951583597464014893e+11
2.297867394870265034e+00 5.214387586756333008e+11
2.320846068818967822e+00 5.251755558027877808e+11
2.344054529507157536e+00 5.186037623251251831e+11
2.367495074802228761e+00 5.100357455025287476e+11
2.391170025550251044e+00 5.231709288377645264e+11
2.415081725805753532e+00 5.201908632937670898e+11
2.439232543063811764e+00 5.176313685155619507e+11
2.463624868494449949e+00 5.144786165862907104e+11
2.488261117179394244e+00 5.092060541416265259e+11
2.513143728351188155e+00 5.012089990698469849e+11
2.538275165634700237e+00 4.894464050068507690e+11
2.563657917291046751e+00 4.774655707414745483e+11
2.589294496463957262e+00 4.621075758330388794e+11
2.615187441428596937e+00 4.429367235164733887e+11
2.641339315842882840e+00 4.265490229510928345e+11
2.667752709001311562e+00 4.107631135795023804e+11
2.694430236091324815e+00 4.025460666218045044e+11
2.721374538452237868e+00 3.961378917259325562e+11
2.748588283836760127e+00 3.912954956068112183e+11
2.776074166675128296e+00 3.842997049505653076e+11
2.803834908341879206e+00 3.738019728354211426e+11
2.831873257425297830e+00 3.673989081819365234e+11
2.860191989999551154e+00 3.571037687013656006e+11
2.888793909899546541e+00 3.444465160120726929e+11
2.917681848998542549e+00 3.401244447202204590e+11
2.946858667488527761e+00 3.292702073421648560e+11
2.976327254163412928e+00 3.215418730813531494e+11
3.006090526705047061e+00 3.101820074772672729e+11
3.036151431972097470e+00 3.039330934819421387e+11
3.066512946291818587e+00 2.916861082829893188e+11
3.097178075754736692e+00 2.847639768753325195e+11
3.128149856512283833e+00 2.751481681986938477e+11
3.159431355077406689e+00 2.656069649706432800e+11
3.191025668628181045e+00 2.571264088172575989e+11
3.222935925314462935e+00 2.470492137027335815e+11
3.255165284567607564e+00 2.384457848672258301e+11
3.287716937413283524e+00 2.295546130023255615e+11
3.320594106787416067e+00 2.207830351493417053e+11
3.353800047855290511e+00 2.129840202146859741e+11
3.387338048333843332e+00 2.046566115826491699e+11
3.421211428817182210e+00 1.971445620653465271e+11
3.455423543105353712e+00 1.892449727029697266e+11
3.489977778536407005e+00 1.825048064177186279e+11
3.524877556321771355e+00 1.759828710058138733e+11
3.560126331884988726e+00 1.693870501012778320e+11
3.595727595203838334e+00 1.628873363554736328e+11
3.631684871155877570e+00 1.572172928596155396e+11
3.668001719867436616e+00 1.516912739849735413e+11
3.704681737066110259e+00 1.459209748330787964e+11
3.741728554436771326e+00 1.400214926558980713e+11
3.779145839981139510e+00 1.346678671740335999e+11
3.816937298380950860e+00 1.301513738881684875e+11
3.855106671364760818e+00 1.253933840777147827e+11
3.893657738078407426e+00 1.211475052814314880e+11
3.932594315459191581e+00 1.174821608758587494e+11
3.971920258613783616e+00 1.148331988512823029e+11
4.011639461199922430e+00 1.117268944809974823e+11
4.051755855811920881e+00 1.092199236433007812e+11
4.092273414370040108e+00 1.073503930358001709e+11
4.133196148513740731e+00 1.039031094538624878e+11
4.174528109998877135e+00 1.013250234198329468e+11
4.216273391098866341e+00 9.839512202170007324e+10
4.258436125009854578e+00 9.650906577193354797e+10
4.301020486259953479e+00 9.774862053209609985e+10
4.344030691122553023e+00 9.583848835656492615e+10
4.387470998033777825e+00 9.447311424551428223e+10
4.431345708014116092e+00 9.419900135283972168e+10
4.475659165094256764e+00 9.319814325075030518e+10
4.520415756745198799e+00 9.076437387185859680e+10
4.565619914312651240e+00 8.811786083846893311e+10
4.611276113455778258e+00 8.607393984357444763e+10
4.657388874590335348e+00 8.269350427112997437e+10
4.703962763336238417e+00 7.972107713823352051e+10
4.751002390969600420e+00 7.682666755704919434e+10
4.798512414879296806e+00 7.439980976271337891e+10
4.846497539028090884e+00 7.146129816068840027e+10
4.894962514418371491e+00 6.940015474835787964e+10
4.943912139562555375e+00 6.699840791602072144e+10
4.993351260958180937e+00 6.483323816639194489e+10
5.043284773567762613e+00 6.305837841533452606e+10
5.093717621303440524e+00 6.050081279946250916e+10
5.144654797516475142e+00 5.853157479195717621e+10
5.196101345491639378e+00 5.639726102593173218e+10
5.248062358946555150e+00 5.465459021192882538e+10
5.300542982536021519e+00 5.279058426891761780e+10
5.353548412361381459e+00 5.087203403538651276e+10
5.407083896484995655e+00 4.924863846920337677e+10
5.461154735449845532e+00 4.746014150764249420e+10
5.515766282804344556e+00 4.566717871821226501e+10
5.570923945632387131e+00 4.384330353422570038e+10
5.626633185088711464e+00 4.227477121359637451e+10
5.682899516939598605e+00 4.061684883832972717e+10
5.739728512108993819e+00 3.920902292095691681e+10
5.797125797230084032e+00 3.757356997517404175e+10
5.855097055202384659e+00 3.630778833361545563e+10
5.913648025754409510e+00 3.480883956465420532e+10
5.972784506011953987e+00 3.347761315496451950e+10
6.032512351072073287e+00 3.228908620519659042e+10
6.092837474582792900e+00 3.090275873768246078e+10
6.153765849328621584e+00 2.964226656394155884e+10
6.215303507821907658e+00 2.849838994107995987e+10
6.277456542900125669e+00 2.754283754355042267e+10
6.340231108329128062e+00 2.663092450937513351e+10
6.403633419412418704e+00 2.592617817165714645e+10
6.467669753606543281e+00 2.557110952229299927e+10
6.532346451142608146e+00 2.497083941273967743e+10
6.597669915654034156e+00 2.453776765114831543e+10
6.663646614810574853e+00 2.397350446220145416e+10
6.730283080958680664e+00 2.287050493523737717e+10
6.797585911768267763e+00 2.230195408913758087e+10
6.865561770885950210e+00 2.145127978557789230e+10
6.934217388594810849e+00 2.074160581381970978e+10
7.003559562480758949e+00 1.986599000319010544e+10
7.073595158105566050e+00 1.923976411078566360e+10
7.144331109686621772e+00 1.851827474696286774e+10
7.215774420783487741e+00 1.782437829920500183e+10
7.287932164991324235e+00 1.720486835328594971e+10
7.360811486641236634e+00 1.656384766268153000e+10
7.434419601507648245e+00 1.597554811886162567e+10
7.508763797522725270e+00 1.541435853675974083e+10
7.583851435497953375e+00 1.487325418634282112e+10
7.659689949852931612e+00 1.433905517112133980e+10
7.736286849351461825e+00 1.385505332252249146e+10
7.813649717844977083e+00 1.321346003862106705e+10
7.891786215023426365e+00 1.295191262984647179e+10
7.970704077173661695e+00 1.243339076271441078e+10
8.050411117945397876e+00 1.201210817674146461e+10
8.130915229124850541e+00 1.162200254349284172e+10
8.212224381416099561e+00 1.119179810309690285e+10
8.294346625230261338e+00 1.083924781738192368e+10
8.377290091482562318e+00 1.045310723938480759e+10
8.461062992397387461e+00 1.007949572124671173e+10
8.545673622321363183e+00 9.732098914871507645e+09
8.631130358544575998e+00 9.348936879371376038e+09
8.717441662130022806e+00 9.029625643473224640e+09
8.804616078751321240e+00 8.694182783502815247e+09
8.892662239538834612e+00 8.341032073597046852e+09
8.981588861934222123e+00 8.037661291081708908e+09
9.071404750553567098e+00 7.714460568750685692e+09
9.162118798059102787e+00 7.435188687868124008e+09
9.253739986039693832e+00 7.162783293093244553e+09
9.346277385900089385e+00 6.903488013824492455e+09
9.439740159759089977e+00 6.646346862004633904e+09
9.534137561356683221e+00 6.380407776772583008e+09
9.629478936970249592e+00 6.190940201622925758e+09
9.725773726339950187e+00 5.943844866548203468e+09
9.823031463603349778e+00 5.737450665285742760e+09
9.921261778239381712e+00 5.560993785954653740e+09
1.002047439602177548e+01 5.332730883846020699e+09
1.012067913998199487e+01 5.166357281894303322e+09
1.022188593138181290e+01 4.962869230464177132e+09
1.032410479069563181e+01 4.815227993973691940e+09
1.042734583860258724e+01 4.630445706989886284e+09
1.053161929698861421e+01 4.480752631052823067e+09
1.063693548995849980e+01 4.320018433117830276e+09
1.074330484485808412e+01 4.178469790035494328e+09
1.085073789330666472e+01 4.016756159656006813e+09
1.095924527223973222e+01 3.905768421907523155e+09
1.106883772496212970e+01 3.752773525048096657e+09
1.117952610221174936e+01 3.627572952225179672e+09
1.129132136323386781e+01 3.495742756926920891e+09
1.140423457686620701e+01 3.371606775625912666e+09
1.151827692263487002e+01 3.258447086481449127e+09
1.163345969186121920e+01 3.140343469001486778e+09
1.174979428877982990e+01 3.033177739817735672e+09
1.186729223166762992e+01 2.921370478250765324e+09
1.198596515398430462e+01 2.804138540890232563e+09
1.210582480552414708e+01 2.706879668024400711e+09
1.222688305357938887e+01 2.606042301765928268e+09
1.234915188411518194e+01 2.514350362784886837e+09
1.247264340295633467e+01 2.426702448467191219e+09
1.259736983698589619e+01 2.327368499727101803e+09
1.272334353535575424e+01 2.245152918311585903e+09
1.285057697070931226e+01 2.163517552570552349e+09
1.297908274041640553e+01 2.090814437967937708e+09
1.310887356782057012e+01 2.007696311553387642e+09
1.323996230349877479e+01 1.939885825124361753e+09
1.337236192653376321e+01 1.868878608250550032e+09
1.350608554579910248e+01 1.800384144598297596e+09
1.364114640125709244e+01 1.722064298065649986e+09
1.377755786526966197e+01 1.671139464972788811e+09
1.391533344392236238e+01 1.600523251995145798e+09
1.405448677836158211e+01 1.541400326043122530e+09
1.419503164614519974e+01 1.501747033603467226e+09
1.433698196260665192e+01 1.430477926361531496e+09
1.448035178223271835e+01 1.383104064041920662e+09
1.462515530005504516e+01 1.337246229539468288e+09
1.477140685305559664e+01 1.277763677668449402e+09
1.491912092158615089e+01 1.237092454490617514e+09
1.506831213080201159e+01 1.186351194362960100e+09
1.521899525211003024e+01 1.144263779189856768e+09
1.537118520463113214e+01 1.103677392511863470e+09
1.552489705667744246e+01 1.057492715527974844e+09
1.568014602724421813e+01 1.021566663981259823e+09
1.583694748751665848e+01 9.811107854703984261e+08
1.599531696239182388e+01 9.499425473738480806e+08
1.615527013201574391e+01 9.170053884143550396e+08
1.631682283333590178e+01 8.730820744164538383e+08
1.647999106166925998e+01 8.474155694576300383e+08
1.664479097228595350e+01 8.156179121484618187e+08
1.681123888200881211e+01 7.808721559023079872e+08
1.697935127082889650e+01 7.506334884543881416e+08
1.714914478353718863e+01 7.248293596247394085e+08
1.732063623137256059e+01 7.013643298275240660e+08
1.749384259368628847e+01 6.698158141280883551e+08
1.766878101962314673e+01 6.495978353913269043e+08
1.784546882981938509e+01 6.191605606737363338e+08
1.802392351811757720e+01 5.990606888755390644e+08
1.820416275329875333e+01 5.759131382970489264e+08
1.838620438083173880e+01 5.537165991359341145e+08
1.857006642464005353e+01 5.353239465443781018e+08
1.875576708888645427e+01 5.133198779028216600e+08
1.894332475977532226e+01 4.940768685970865488e+08
1.913275800737307719e+01 4.734429484091883898e+08
1.969740769490774923e+01 4.227194233146046400e+08
2.068227807965313403e+01 3.457105660309587717e+08
2.171639198363579126e+01 2.849120157608724833e+08
2.280221158281758420e+01 2.353898433137674034e+08
2.394232216195846163e+01 1.947644605534870028e+08
2.513943827005638454e+01 1.607478555868715346e+08
2.639641018355920465e+01 1.332113598427833915e+08
2.771623069273716311e+01 1.102929587875362635e+08
2.910204222737402446e+01 9.111701239200673997e+07
3.055714433874272729e+01 7.565614119642387331e+07
3.208500155567985956e+01 6.243612573031514138e+07
3.368925163346385432e+01 5.189077328634536266e+07
3.537371421513704206e+01 4.274779776750687510e+07
3.714239992589390482e+01 3.519109218149045110e+07
3.899951992218858976e+01 2.888247805289281160e+07
4.094949591829801960e+01 2.370797273575467616e+07
4.299697071421292094e+01 1.945467254083678499e+07
4.514681924992356699e+01 1.593329005724739470e+07
4.740416021241974676e+01 1.309848084287121333e+07
4.977436822304073161e+01 1.075905993953764811e+07
5.226308663419276712e+01 8.870393709169333801e+06
5.487624096590241152e+01 7.249017409405605868e+06
5.762005301419753067e+01 5.978901300841378048e+06
6.050105566490740472e+01 4.893889039303415455e+06
6.352610844815276891e+01 4.011197122887809761e+06
6.670241387056040594e+01 3.315328957090083510e+06
7.003753456408843192e+01 2.707414062979688868e+06
7.353941129229284002e+01 2.224354575715560932e+06
7.721638185690748912e+01 1.817506639461949002e+06
8.107720094975286429e+01 1.497824129985209554e+06
8.513106099724051035e+01 1.229848668255446013e+06
8.938761404710253089e+01 9.978085320185450837e+05
9.385699474945765530e+01 8.230725067180115730e+05
