3.401114059005487245e-01 6.126257388541447639e+09
3.435125199595542300e-01 5.448178604707335472e+09
3.469476451591497201e-01 6.794533755765966415e+09
3.504171216107412334e-01 8.412304913781455994e+09
3.539212928268486436e-01 8.576487984774830818e+09
3.574605057551171750e-01 7.947606172569953918e+09
3.610351108126682584e-01 8.947460237185131073e+09
3.646454619207949999e-01 9.314012065895339966e+09
3.682919165400029282e-01 9.219303078727727890e+09
3.719748357054029064e-01 8.872463945773479462e+09
3.756945840624569266e-01 9.622223319347486496e+09
3.794515299030815081e-01 1.172737793709064293e+10
3.832460452021123065e-01 9.566032318026578903e+09
3.870785056541334312e-01 1.090589148399803925e+10
3.909492907106748016e-01 1.097120668222824478e+10
3.948587836177815391e-01 8.133255711023241043e+09
3.988073714539593917e-01 9.157281202969224930e+09
4.027954451684989667e-01 5.958594612887201309e+09
4.068233996201839342e-01 6.315567458453088760e+09
4.108916336163858096e-01 1.023664014634298134e+10
4.150005499525497021e-01 1.273922741564877319e+10
4.191505554520751908e-01 1.312469809173975754e+10
4.233420610065958822e-01 1.348881815503547859e+10
4.275754816166618122e-01 1.309977495145817757e+10
4.318512364328284114e-01 1.221425832244630814e+10
4.361697487971567533e-01 1.362289327351751900e+10
4.405314462851282475e-01 1.397101038445734024e+10
4.449367607479796094e-01 1.437740597355826187e+10
4.493861283554593800e-01 1.518543810654112816e+10
4.538799896390139921e-01 1.471513523941028595e+10
4.584187895354041031e-01 1.316591674695330048e+10
4.630029774307581336e-01 1.172229689833952332e+10
4.676330072050656761e-01 1.000960007910799408e+10
4.723093372771162701e-01 7.662163420288229942e+09
4.770324306498874289e-01 5.566088838286238670e+09
4.818027549563863032e-01 3.991255991465556622e+09
4.866207825059500891e-01 2.560389094513165951e+09
4.914869903310095656e-01 2.242880099409703732e+09
4.964018602343197584e-01 1.848807636156503916e+09
5.013658788366629482e-01 1.502914367856200933e+09
5.063795376250295188e-01 1.320092338508349180e+09
5.114433330012797541e-01 1.216555822842176676e+09
5.165577663312926893e-01 1.066370205428644896e+09
5.217233439946056262e-01 1.009391624798186064e+09
5.269405774345515825e-01 9.194767000669252872e+08
5.322099832088971194e-01 8.635072589078285694e+08
5.375320830409860973e-01 8.170725948212373257e+08
5.429074038713960215e-01 7.474488676283206940e+08
5.483364779101099762e-01 7.066373362726819515e+08
5.538198426892112503e-01 6.674612422875738144e+08
5.593580411161032107e-01 6.118183437543433905e+08
5.649516215272641917e-01 5.804253675459120274e+08
5.706011377425368458e-01 5.415257912182166576e+08
5.763071491199621699e-01 5.100947027638902068e+08
5.820702206111618704e-01 4.743423559015241265e+08
5.878909228172733981e-01 3.456759215235386491e+08
5.937698320454461998e-01 4.011356896740958095e+08
5.997075303659007428e-01 4.071113182851913571e+08
6.057046056695597480e-01 4.035743579720346332e+08
6.117616517262552955e-01 3.886791042088809609e+08
6.178792682435179096e-01 3.810150571977666020e+08
6.240580609259530620e-01 3.751939262528081536e+08
6.302986415352126448e-01 3.734787180857329369e+08
6.366016279505647413e-01 3.741145373182683587e+08
6.429676442300703565e-01 3.692407236361774802e+08
6.493973206723711034e-01 3.617334927387441993e+08
6.558912938790947278e-01 3.391798971511715055e+08
6.624502068178856895e-01 3.670185282421301007e+08
6.690747088860645730e-01 3.682411438377978802e+08
6.757654559749252110e-01 3.697967192469421029e+08
6.825231105346745153e-01 3.614461729517070651e+08
6.893483416400212338e-01 3.320643230397685766e+08
6.962418250564214039e-01 2.951161977215233445e+08
7.032042433069857212e-01 2.738464690867859721e+08
7.102362857400554841e-01 2.583057864205905497e+08
7.173386485974559967e-01 2.212702283981042206e+08
7.245120350834306500e-01 2.016873917553751469e+08
7.317571554342650053e-01 1.812088645746439099e+08
7.390747269886076554e-01 1.633307560399694443e+08
7.464654742584937441e-01 1.491756793789928555e+08
7.539301290010786971e-01 1.292508866922307760e+08
7.614694302910893775e-01 1.013070837597326189e+08
7.690841245940003290e-01 5.925718376858358085e+07
7.767749658399403234e-01 9.637217087004223466e+07
7.845427154983398710e-01 1.135371790951831788e+08
7.923881426533231354e-01 1.276534091571197361e+08
8.003120240798563545e-01 1.408111546470850110e+08
8.083151443206548770e-01 1.467423391953803301e+08
8.163982957638614701e-01 1.523991143856641948e+08
8.245622787215000082e-01 1.718318411334196031e+08
8.328079015087149761e-01 1.899378687131539583e+08
8.411359805238021181e-01 1.965663530682852864e+08
8.495473403290402237e-01 2.242397889002115428e+08
8.580428137323306004e-01 2.578446579745005369e+08
8.666232418696537820e-01 2.854441096413279176e+08
8.752894742883503554e-01 3.069108212012217045e+08
8.840423690312340099e-01 2.737281916779500842e+08
8.928827927215462479e-01 1.444946873369088173e+08
9.018116206487618580e-01 1.614591194801402986e+08
9.108297368552494833e-01 2.759436670704118609e+08
9.199380342238018260e-01 3.632092763549477458e+08
9.291374145660399320e-01 2.511185667790760398e+08
9.384287887117003235e-01 2.458938494894219339e+08
9.478130765988174167e-01 2.792059708872700930e+08
9.572912073648053299e-01 2.833957347203742862e+08
9.668641194384535176e-01 3.329408137764280438e+08
9.765327606328380039e-01 3.718869485314232111e+08
9.862980882391664261e-01 4.209941790399011374e+08
9.961610691215579960e-01 4.693079838342442513e+08
1.006122679812773590e+00 5.462182105857713223e+08
1.016183906610901300e+00 7.526753230232021809e+08
1.026345745677010202e+00 9.562571019945729971e+08
1.036609203133780355e+00 1.275435431601775885e+09
1.046975295165118336e+00 1.617728399499353409e+09
1.057445048116769204e+00 1.885840503574832439e+09
1.068019498597936989e+00 1.982142101237378597e+09
1.078699693583916597e+00 1.974702794746258259e+09
1.089486690519755552e+00 1.446328674008121729e+09
1.100381557424953138e+00 8.150341273341941833e+08
1.111385372999202481e+00 4.293524165808172822e+08
1.122499226729194666e+00 2.544272862664613426e+08
1.133724218996486455e+00 2.709895063216581345e+08
1.145061461186451135e+00 2.748782250487465262e+08
1.156512075798315831e+00 8.863821243247795105e+07
1.168077196556299047e+00 1.697205062561378777e+08
1.179757968521861988e+00 1.695644067915890813e+08
1.191555548207080761e+00 3.908672473123841286e+08
1.203471103689151889e+00 8.578901642888998985e+08
1.215505814726043354e+00 1.722560329917479992e+09
1.227660872873303610e+00 2.708971779166504860e+09
1.239937481602036762e+00 3.559606834774615288e+09
1.252336856418057032e+00 4.495935599122153282e+09
1.264860224982237824e+00 4.729557575034208298e+09
1.277508827232060051e+00 4.180968070589003086e+09
1.290283915504380818e+00 3.283050556090472698e+09
1.303186754659424462e+00 2.462145630943317413e+09
1.316218622206019040e+00 1.717615089968188763e+09
1.329380808428079153e+00 7.197237838530120850e+08
1.342674616512359975e+00 2.211087791878437698e+08
1.356101362677483380e+00 6.768166919482669234e+07
1.369662376304258355e+00 8.166037990155473351e+07
1.383359000067300837e+00 5.351365196818678081e+07
1.397192590067974027e+00 4.794158182814580947e+07
1.411164515968653665e+00 8.059705923413327336e+07
1.425276161128340213e+00 1.227947273553150296e+08
1.439528922739623740e+00 2.238981676074669063e+08
1.453924211967019708e+00 5.058408311614373922e+08
1.468463454086690101e+00 6.647837627156869173e+08
1.483148088627556760e+00 9.216018960899844170e+08
1.497979569513832487e+00 1.407199035797550201e+09
1.512959365208970564e+00 1.934980921104670048e+09
1.528088958861060442e+00 2.784390598184332371e+09
1.543369848449671178e+00 3.741096407764710426e+09
1.558803546934167894e+00 4.355257840452919006e+09
1.574391582403509737e+00 5.095959038711172104e+09
1.590135498227544852e+00 4.411132388424323082e+09
1.606036853209820148e+00 1.879728881068175077e+09
1.622097221741918505e+00 5.748497240729041100e+08
1.638318193959337421e+00 4.080183202757658958e+08
1.654701375898931071e+00 4.473639816017550826e+08
1.671248389657920441e+00 2.184398993880045414e+08
1.687960873554499530e+00 2.760015454869154692e+08
1.704840482290044701e+00 1.960201768152889609e+08
1.721888887112944966e+00 2.954637670273997188e+08
1.739107775984074289e+00 2.642619012687837183e+08
1.756498853743915012e+00 3.893991816114855409e+08
1.774063842281354608e+00 3.469304847914744616e+08
1.791804480704168201e+00 2.911974313901417851e+08
1.809722525511209934e+00 3.845354308880751729e+08
1.827819750766321860e+00 4.299431150200051069e+08
1.846097948273984990e+00 4.633357426253601313e+08
1.864558927756724938e+00 4.147620031040155888e+08
1.883204517034292147e+00 9.610046642019615173e+08
1.902036562204635128e+00 1.192977228546719074e+09
1.921056927826681582e+00 1.084349300988039255e+09
1.940267497104948502e+00 8.753728867260475159e+08
1.959670172075998140e+00 1.197687922028522968e+09
1.979266873796758031e+00 1.669954005608630657e+09
1.999059542534725509e+00 2.317491191936207771e+09
2.019050137960073155e+00 3.120950876518639565e+09
2.039240639339673589e+00 4.032329738027215481e+09
2.059633045733070489e+00 4.728062692206245422e+09
2.080229376190401158e+00 4.689314896014101028e+09
2.101031669952305059e+00 3.880405770488308430e+09
2.122041986651828083e+00 2.818347770328707218e+09
2.143262406518346097e+00 1.880322364038015127e+09
2.164695030583529967e+00 1.082302464247684717e+09
2.186341980889365377e+00 5.944959376943293810e+08
2.208205400698258991e+00 1.463468353539086282e+08
2.230287454705241146e+00 1.859161438847628534e+08
2.252590329252293522e+00 9.299928291461601853e+07
2.275116232544817318e+00 8.043526027503968775e+07
2.297867394870265034e+00 7.565011605912189186e+07
2.320846068818967822e+00 1.021010339610048234e+08
2.344054529507157536e+00 7.349011132006391883e+07
2.367495074802228761e+00 9.620328619624112546e+07
2.391170025550251044e+00 1.262278635545240790e+08
2.415081725805753532e+00 1.985467958039442301e+08
2.439232543063811764e+00 2.268193571944573820e+08
2.463624868494449949e+00 3.385786539806875587e+08
2.488261117179394244e+00 4.537863507843186855e+08
2.513143728351188155e+00 4.680366696301999688e+08
2.538275165634700237e+00 3.960980640784693956e+08
2.563657917291046751e+00 3.155680129889452457e+08
2.589294496463957262e+00 2.816917607669675350e+08
2.615187441428596937e+00 3.789671552101208568e+08
2.641339315842882840e+00 6.582393758624060154e+08
2.667752709001311562e+00 3.812678618609209657e+08
2.694430236091324815e+00 4.459897181734153628e+08
2.721374538452237868e+00 6.666784081573034525e+08
2.748588283836760127e+00 7.158671898695299625e+08
2.776074166675128296e+00 5.093389786838654876e+08
2.803834908341879206e+00 7.122489794103929996e+08
2.831873257425297830e+00 7.853423579480639696e+08
2.860191989999551154e+00 8.133569624193065166e+08
2.888793909899546541e+00 1.133538282234708071e+09
2.917681848998542549e+00 1.158380843863575935e+09
2.946858667488527761e+00 1.481498245943331957e+09
2.976327254163412928e+00 1.509824187187685013e+09
3.006090526705047061e+00 1.217864231477027416e+09
3.036151431972097470e+00 1.312869633313135624e+09
3.066512946291818587e+00 9.534425224001095295e+08
3.097178075754736692e+00 6.284037395158884525e+08
3.128149856512283833e+00 4.218801798224889040e+08
3.159431355077406689e+00 3.054612145090820789e+08
3.191025668628181045e+00 2.456213077896383405e+08
3.222935925314462935e+00 2.381025709572592676e+08
3.255165284567607564e+00 2.571069059918987155e+08
3.287716937413283524e+00 3.528900648457856774e+08
3.320594106787416067e+00 1.660028329062225819e+08
3.353800047855290511e+00 2.288214747248067856e+08
3.387338048333843332e+00 3.066448763324661255e+08
3.421211428817182210e+00 2.948409998877398372e+08
3.455423543105353712e+00 2.923269182571133971e+08
3.489977778536407005e+00 3.242600268567625880e+08
3.524877556321771355e+00 4.020692742368093133e+08
3.560126331884988726e+00 4.542593026667377353e+08
3.595727595203838334e+00 5.236154615782308578e+08
3.631684871155877570e+00 6.040630541902099848e+08
3.668001719867436616e+00 8.550055786709743738e+08
3.704681737066110259e+00 1.024934145109092355e+09
3.741728554436771326e+00 1.184602081015975714e+09
3.779145839981139510e+00 1.232969656721360922e+09
3.816937298380950860e+00 1.700803109357183218e+09
3.855106671364760818e+00 1.591987627101193666e+09
3.893657738078407426e+00 1.822733719242765665e+09
3.932594315459191581e+00 2.133001506652106285e+09
3.971920258613783616e+00 2.374577383159668922e+09
4.011639461199922430e+00 2.541665229308471680e+09
4.051755855811920881e+00 2.648052051777876377e+09
4.092273414370040108e+00 2.555587836432587147e+09
4.133196148513740731e+00 2.522387721706413269e+09
4.174528109998877135e+00 2.772069008871868610e+09
4.216273391098866341e+00 3.000919126954005718e+09
4.258436125009854578e+00 3.172009707558925629e+09
4.301020486259953479e+00 1.622249136208126783e+09
4.344030691122553023e+00 2.101519606001560688e+09
4.387470998033777825e+00 3.060070691531604290e+09
4.431345708014116092e+00 3.012781333877891541e+09
4.475659165094256764e+00 2.810085580172336578e+09
4.520415756745198799e+00 2.836843251919420242e+09
4.565619914312651240e+00 3.086356455292137146e+09
4.611276113455778258e+00 3.188715459716106415e+09
4.657388874590335348e+00 3.154856532880309105e+09
4.703962763336238417e+00 3.343009204277266979e+09
4.751002390969600420e+00 3.433445206881874084e+09
4.798512414879296806e+00 3.166880874974617958e+09
4.846497539028090884e+00 3.209427486055920601e+09
4.894962514418371491e+00 3.076051823805577755e+09
4.943912139562555375e+00 2.667014120727198601e+09
4.993351260958180937e+00 2.669227005921560287e+09
5.043284773567762613e+00 2.396379532384030819e+09
5.093717621303440524e+00 2.249637325889004707e+09
5.144654797516475142e+00 1.902428204141927004e+09
5.196101345491639378e+00 1.741228874711364746e+09
5.248062358946555150e+00 1.814468894696349621e+09
5.300542982536021519e+00 1.559410168238096714e+09
5.353548412361381459e+00 1.406188371643054962e+09
5.407083896484995655e+00 1.213152120655620575e+09
5.461154735449845532e+00 1.184746002720459938e+09
5.515766282804344556e+00 1.182775166476940393e+09
5.570923945632387131e+00 9.518870611787995100e+08
5.626633185088711464e+00 9.078801643027898073e+08
5.682899516939598605e+00 9.076746544700782299e+08
5.739728512108993819e+00 8.233755951157764196e+08
5.797125797230084032e+00 8.578748270460708141e+08
5.855097055202384659e+00 7.183982942913187742e+08
5.913648025754409510e+00 7.998090054193354845e+08
5.972784506011953987e+00 7.956889775614290237e+08
6.032512351072073287e+00 7.661594595674871206e+08
6.092837474582792900e+00 7.606377707027435303e+08
6.153765849328621584e+00 7.735040853163571358e+08
6.215303507821907658e+00 8.208168751850255728e+08
6.277456542900125669e+00 8.819078823665126562e+08
6.340231108329128062e+00 8.190658992553902864e+08
6.403633419412418704e+00 6.487615633001130819e+08
6.467669753606543281e+00 5.532378698430646658e+08
6.532346451142608146e+00 6.048083795453104973e+08
6.597669915654034156e+00 5.797916131865576506e+08
6.663646614810574853e+00 6.528153356138134003e+08
6.730283080958680664e+00 6.680446834253553152e+08
6.797585911768267763e+00 5.968373265351970196e+08
6.865561770885950210e+00 6.187574143513779640e+08
6.934217388594810849e+00 6.648448257923787832e+08
7.003559562480758949e+00 6.280428100967489481e+08
7.073595158105566050e+00 5.654893089986327887e+08
7.144331109686621772e+00 5.250293964497077465e+08
7.215774420783487741e+00 4.901158262643285394e+08
7.287932164991324235e+00 4.444566019606931210e+08
7.360811486641236634e+00 4.115299767241959572e+08
7.434419601507648245e+00 4.053655307962526679e+08
7.508763797522725270e+00 4.310335561842889786e+08
7.583851435497953375e+00 4.647959110594353676e+08
7.659689949852931612e+00 4.310536353064267039e+08
7.736286849351461825e+00 3.458676428256722093e+08
7.813649717844977083e+00 3.770977493731681108e+08
7.891786215023426365e+00 3.958267340090625286e+08
7.970704077173661695e+00 4.274192214530957341e+08
8.050411117945397876e+00 4.178068350475320816e+08
8.130915229124850541e+00 4.362544266070083380e+08
8.212224381416099561e+00 4.297558151006684899e+08
8.294346625230261338e+00 4.476424312114127874e+08
8.377290091482562318e+00 4.489624450795848370e+08
8.461062992397387461e+00 4.767521469874917269e+08
8.545673622321363183e+00 4.943118255869344473e+08
8.631130358544575998e+00 5.233415163726779819e+08
8.717441662130022806e+00 5.389583299318310022e+08
8.804616078751321240e+00 5.463356124051833153e+08
8.892662239538834612e+00 5.552652092014932632e+08
8.981588861934222123e+00 5.566492569291896820e+08
9.071404750553567098e+00 6.064337905945541859e+08
9.162118798059102787e+00 6.179333928163704872e+08
9.253739986039693832e+00 6.238248346961447001e+08
9.346277385900089385e+00 6.336965217550160885e+08
9.439740159759089977e+00 6.258543721036555767e+08
9.534137561356683221e+00 6.675105929511022568e+08
9.629478936970249592e+00 6.459301988210448027e+08
9.725773726339950187e+00 6.630544873110634089e+08
9.823031463603349778e+00 6.751112282553485632e+08
9.921261778239381712e+00 6.492646324273545742e+08
1.002047439602177548e+01 6.814746817192445993e+08
1.012067913998199487e+01 6.012729376779526472e+08
1.022188593138181290e+01 6.158979566701267958e+08
1.032410479069563181e+01 4.722314910875601172e+08
1.042734583860258724e+01 3.705704023846393228e+08
1.053161929698861421e+01 4.350568042286326289e+08
1.063693548995849980e+01 4.702066707500205636e+08
1.074330484485808412e+01 3.737863281926524043e+08
1.085073789330666472e+01 4.561459932551499605e+08
1.095924527223973222e+01 4.112672451433027983e+08
1.106883772496212970e+01 4.753893745705647469e+08
1.117952610221174936e+01 4.962452475481295586e+08
1.129132136323386781e+01 4.737899602048159242e+08
1.140423457686620701e+01 5.019765624549584389e+08
1.151827692263487002e+01 4.568235788740745783e+08
1.163345969186121920e+01 4.507923955773352385e+08
1.174979428877982990e+01 3.570971254141830802e+08
1.186729223166762992e+01 4.214878050825775862e+08
1.198596515398430462e+01 4.006553576587088704e+08
1.210582480552414708e+01 3.678061114978666902e+08
1.222688305357938887e+01 3.663142405848631263e+08
1.234915188411518194e+01 3.306475468105812073e+08
1.247264340295633467e+01 3.109249732158888578e+08
1.259736983698589619e+01 2.993476733171015382e+08
1.272334353535575424e+01 3.016172979944972992e+08
1.285057697070931226e+01 2.962321078542076945e+08
1.297908274041640553e+01 2.771427038390825391e+08
1.310887356782057012e+01 2.885621563758507967e+08
1.323996230349877479e+01 2.502046727301212847e+08
1.337236192653376321e+01 2.407305550308561921e+08
1.350608554579910248e+01 2.303872462907394767e+08
1.364114640125709244e+01 2.357858234846884608e+08
1.377755786526966197e+01 2.276392463081468344e+08
1.391533344392236238e+01 2.327296630411957502e+08
1.405448677836158211e+01 2.071003334380386174e+08
1.419503164614519974e+01 1.861688526003327072e+08
1.433698196260665192e+01 1.910356921794936061e+08
1.448035178223271835e+01 1.606165878173835874e+08
1.462515530005504516e+01 1.907000557513416409e+08
1.477140685305559664e+01 1.809182204507637620e+08
1.491912092158615089e+01 1.554911881437531412e+08
1.506831213080201159e+01 1.630708585680781901e+08
1.521899525211003024e+01 1.630953852092868984e+08
1.537118520463113214e+01 1.489350138970396221e+08
1.552489705667744246e+01 1.345074789592971504e+08
1.568014602724421813e+01 1.234962079493063688e+08
1.583694748751665848e+01 1.258745139786079377e+08
1.599531696239182388e+01 1.210069254775088429e+08
1.615527013201574391e+01 1.190792224535738379e+08
1.631682283333590178e+01 1.162247002353371680e+08
1.647999106166925998e+01 1.104075587088530213e+08
1.664479097228595350e+01 9.942863225305727124e+07
1.681123888200881211e+01 1.071133074768200070e+08
1.697935127082889650e+01 1.030865112272237390e+08
1.714914478353718863e+01 8.804851549074795842e+07
1.732063623137256059e+01 8.837177434476210177e+07
1.749384259368628847e+01 8.809352320878309011e+07
1.766878101962314673e+01 8.578186492889268696e+07
1.784546882981938509e+01 8.544655287225548923e+07
1.802392351811757720e+01 8.137389538170805573e+07
1.820416275329875333e+01 7.277480738606289029e+07
1.838620438083173880e+01 7.537087481832459569e+07
1.857006642464005353e+01 6.479493575011706352e+07
1.875576708888645427e+01 7.082793615023818612e+07
1.894332475977532226e+01 6.705077427759790421e+07
1.913275800737307719e+01 6.795338088996063173e+07
1.969740769490774923e+01 5.301694009352461994e+07
2.068227807965313403e+01 4.509278139263910055e+07
2.171639198363579126e+01 3.716654225023538619e+07
2.280221158281758420e+01 3.292265595073467866e+07
2.394232216195846163e+01 2.751904505334765464e+07
2.513943827005638454e+01 2.253298094373385608e+07
2.639641018355920465e+01 1.899182381686645746e+07
2.771623069273716311e+01 1.632888140375044569e+07
2.910204222737402446e+01 1.306820133467569947e+07
3.055714433874272729e+01 1.063685410058567114e+07
3.208500155567985956e+01 9.594895906490974128e+06
3.368925163346385432e+01 7.675258157425899059e+06
3.537371421513704206e+01 6.022616097610828467e+06
3.714239992589390482e+01 5.388205187452314422e+06
3.899951992218858976e+01 4.507687855387561023e+06
4.094949591829801960e+01 3.725425823002174497e+06
4.299697071421292094e+01 3.035778353788217530e+06
4.514681924992356699e+01 2.531356789238787722e+06
4.740416021241974676e+01 2.087924362888768781e+06
4.977436822304073161e+01 1.724966219454762992e+06
5.226308663419276712e+01 1.483221171575948130e+06
5.487624096590241152e+01 1.236118927306480473e+06
5.762005301419753067e+01 9.889305479147991864e+05
6.050105566490740472e+01 8.770073286778012989e+05
6.352610844815276891e+01 6.814868455021308037e+05
6.670241387056040594e+01 5.787353724843410309e+05
7.003753456408843192e+01 4.982845035476298654e+05
7.353941129229284002e+01 3.952446178430994041e+05
7.721638185690748912e+01 3.300815064156180015e+05
8.107720094975286429e+01 2.744648898914934834e+05
8.513106099724051035e+01 2.312239966788282909e+05
8.938761404710253089e+01 2.096825663361301122e+05
9.385699474945765530e+01 1.564141543824360124e+05
