3.401114059005487245e-01 1.799729832203822937e+11
3.435125199595542300e-01 2.674303702944946289e+11
3.469476451591497201e-01 2.419698405360870972e+11
3.504171216107412334e-01 2.550294240945677490e+11
3.539212928268486436e-01 2.737640141348276062e+11
3.574605057551171750e-01 5.440947877662284546e+11
3.610351108126682584e-01 4.146177328964279175e+11
3.646454619207949999e-01 4.116467104137910767e+11
3.682919165400029282e-01 4.040223656979627686e+11
3.719748357054029064e-01 7.334177287072435303e+11
3.756945840624569266e-01 7.410374992622243652e+11
3.794515299030815081e-01 5.228317160450352783e+11
3.832460452021123065e-01 8.769672681387684326e+11
3.870785056541334312e-01 7.700575246918851318e+11
3.909492907106748016e-01 6.385307362152498779e+11
3.948587836177815391e-01 4.170708376149310303e+11
3.988073714539593917e-01 3.695111161216417236e+11
4.027954451684989667e-01 3.879961753607263794e+11
4.068233996201839342e-01 4.965216409626995850e+11
4.108916336163858096e-01 3.296671722279108887e+11
4.150005499525497021e-01 4.502836293992725220e+11
4.191505554520751908e-01 5.151544195099282837e+11
4.233420610065958822e-01 6.535697074426385498e+11
4.275754816166618122e-01 5.544462754181339111e+11
4.318512364328284114e-01 5.718220583334587402e+11
4.361697487971567533e-01 4.727532175798214722e+11
4.405314462851282475e-01 6.427218657729946289e+11
4.449367607479796094e-01 5.757046285745141602e+11
4.493861283554593800e-01 5.262335822865314331e+11
4.538799896390139921e-01 5.003284074859951172e+11
4.584187895354041031e-01 5.354865751209394531e+11
4.630029774307581336e-01 5.511295979928898926e+11
4.676330072050656761e-01 5.931204195509948730e+11
4.723093372771162701e-01 5.976295128503126221e+11
4.770324306498874289e-01 6.413447801392603760e+11
4.818027549563863032e-01 6.746459502600682373e+11
4.866207825059500891e-01 7.440578540768804932e+11
4.914869903310095656e-01 7.483065357641258545e+11
4.964018602343197584e-01 8.130346087886219482e+11
5.013658788366629482e-01 9.288256970152203369e+11
5.063795376250295188e-01 9.959141019411961670e+11
5.114433330012797541e-01 1.049804173264256104e+12
5.165577663312926893e-01 1.231479243384314453e+12
5.217233439946056262e-01 1.151649489269169922e+12
5.269405774345515825e-01 1.161255675843223389e+12
5.322099832088971194e-01 1.094146360874441040e+12
5.375320830409860973e-01 1.191666470850752197e+12
5.429074038713960215e-01 1.386695203387432373e+12
5.483364779101099762e-01 1.327739229060134033e+12
5.538198426892112503e-01 1.280644231684586914e+12
5.593580411161032107e-01 1.416577827517262695e+12
5.649516215272641917e-01 1.539895746420929199e+12
5.706011377425368458e-01 1.507929612767028809e+12
5.763071491199621699e-01 1.513631335787806152e+12
5.820702206111618704e-01 1.478643529755530762e+12
5.878909228172733981e-01 1.749885617642534668e+12
5.937698320454461998e-01 1.899237881291152100e+12
5.997075303659007428e-01 1.888722984490568115e+12
6.057046056695597480e-01 1.747644728525006104e+12
6.117616517262552955e-01 1.654715165131132812e+12
6.178792682435179096e-01 1.991088794648239990e+12
6.240580609259530620e-01 2.298719730965592773e+12
6.302986415352126448e-01 2.081640810677337646e+12
6.366016279505647413e-01 1.917686138305589111e+12
6.429676442300703565e-01 1.828932155643261475e+12
6.493973206723711034e-01 1.808687704582386230e+12
6.558912938790947278e-01 1.865629714851220703e+12
6.624502068178856895e-01 2.135471177075270996e+12
6.690747088860645730e-01 2.330258659677742676e+12
6.757654559749252110e-01 2.376016297565633301e+12
6.825231105346745153e-01 2.311506306094579102e+12
6.893483416400212338e-01 2.136316838354731934e+12
6.962418250564214039e-01 1.971881179418681641e+12
7.032042433069857212e-01 1.882177361494013672e+12
7.102362857400554841e-01 2.229267035006703613e+12
7.173386485974559967e-01 2.392796237531412109e+12
7.245120350834306500e-01 2.245301557252967285e+12
7.317571554342650053e-01 2.011478436672652832e+12
7.390747269886076554e-01 1.804372188984175293e+12
7.464654742584937441e-01 1.726745081135214844e+12
7.539301290010786971e-01 1.679045737396570801e+12
7.614694302910893775e-01 1.892820558019961426e+12
7.690841245940003290e-01 2.211316372452638672e+12
7.767749658399403234e-01 2.268575465747247559e+12
7.845427154983398710e-01 2.265673243905001953e+12
7.923881426533231354e-01 2.263452152695987793e+12
8.003120240798563545e-01 2.119131204775113770e+12
8.083151443206548770e-01 1.991409785583674316e+12
8.163982957638614701e-01 1.825099984501474609e+12
8.245622787215000082e-01 1.991048316438135254e+12
8.328079015087149761e-01 2.153394995883021729e+12
8.411359805238021181e-01 2.186668330641609619e+12
8.495473403290402237e-01 2.467899946211417969e+12
8.580428137323306004e-01 2.315527213292495117e+12
8.666232418696537820e-01 2.205522548487844238e+12
8.752894742883503554e-01 2.028126262758099365e+12
8.840423690312340099e-01 2.054238830178249756e+12
8.928827927215462479e-01 2.177195766186287842e+12
9.018116206487618580e-01 2.163324699214348877e+12
9.108297368552494833e-01 2.070635166811037598e+12
9.199380342238018260e-01 1.932915198368830811e+12
9.291374145660399320e-01 1.958571480670681885e+12
9.384287887117003235e-01 1.982033590634305908e+12
9.478130765988174167e-01 1.896305914167328613e+12
9.572912073648053299e-01 1.858816266191976074e+12
9.668641194384535176e-01 1.814633040471364990e+12
9.765327606328380039e-01 1.952216564067257568e+12
9.862980882391664261e-01 2.027904942179008057e+12
9.961610691215579960e-01 2.147478408754259521e+12
1.006122679812773590e+00 2.094687821339875732e+12
1.016183906610901300e+00 2.017832488947689209e+12
1.026345745677010202e+00 2.010045861335414551e+12
1.036609203133780355e+00 1.945673497971141357e+12
1.046975295165118336e+00 1.859848503256894775e+12
1.057445048116769204e+00 1.823293543812391113e+12
1.068019498597936989e+00 1.814710748536526367e+12
1.078699693583916597e+00 1.799921375916037354e+12
1.089486690519755552e+00 1.815729252381059082e+12
1.100381557424953138e+00 1.847322463087184082e+12
1.111385372999202481e+00 1.859794122852326416e+12
1.122499226729194666e+00 1.823940596492758301e+12
1.133724218996486455e+00 1.808312612267448730e+12
1.145061461186451135e+00 1.784688210412351562e+12
1.156512075798315831e+00 1.791058459874845215e+12
1.168077196556299047e+00 1.773139540346412842e+12
1.179757968521861988e+00 1.732890472567081787e+12
1.191555548207080761e+00 1.784916225976444336e+12
1.203471103689151889e+00 1.708383521553061523e+12
1.215505814726043354e+00 1.671761053540368652e+12
1.227660872873303610e+00 1.642701012777389404e+12
1.239937481602036762e+00 1.652153731556445801e+12
1.252336856418057032e+00 1.641265951817085938e+12
1.264860224982237824e+00 1.618111447115706787e+12
1.277508827232060051e+00 1.582439446732481689e+12
1.290283915504380818e+00 1.579403584657109863e+12
1.303186754659424462e+00 1.550306387607388672e+12
1.316218622206019040e+00 1.532371033736286377e+12
1.329380808428079153e+00 1.582078662471081055e+12
1.342674616512359975e+00 1.669554621214120117e+12
1.356101362677483380e+00 1.669708292613341797e+12
1.369662376304258355e+00 1.637740482148652588e+12
1.383359000067300837e+00 1.608310309012377930e+12
1.397192590067974027e+00 1.619529653898083496e+12
1.411164515968653665e+00 1.620904050062085449e+12
1.425276161128340213e+00 1.623251278746818604e+12
1.439528922739623740e+00 1.589320954539494873e+12
1.453924211967019708e+00 1.569808086420542969e+12
1.468463454086690101e+00 1.554852598339558105e+12
1.483148088627556760e+00 1.520054161844959229e+12
1.497979569513832487e+00 1.493217231416456299e+12
1.512959365208970564e+00 1.453205434932673096e+12
1.528088958861060442e+00 1.423817948290399170e+12
1.543369848449671178e+00 1.390259153526975098e+12
1.558803546934167894e+00 1.367235949845353271e+12
1.574391582403509737e+00 1.324523029810268311e+12
1.590135498227544852e+00 1.297990142073732422e+12
1.606036853209820148e+00 1.257162005038783936e+12
1.622097221741918505e+00 1.226312007706182373e+12
1.638318193959337421e+00 1.181839439479075684e+12
1.654701375898931071e+00 1.148625223551719482e+12
1.671248389657920441e+00 1.116063916771820312e+12
1.687960873554499530e+00 1.096802080354977661e+12
1.704840482290044701e+00 1.089911864359073364e+12
1.721888887112944966e+00 1.101295724254438721e+12
1.739107775984074289e+00 1.098388225424694702e+12
1.756498853743915012e+00 1.104398666841554443e+12
1.774063842281354608e+00 1.111622934784364502e+12
1.791804480704168201e+00 1.107319997718696777e+12
1.809722525511209934e+00 1.102796086332532715e+12
1.827819750766321860e+00 1.083768316211189697e+12
1.846097948273984990e+00 1.082731014483595703e+12
1.864558927756724938e+00 1.078499916948663696e+12
1.883204517034292147e+00 1.041849737234582397e+12
1.902036562204635128e+00 1.012991216332082397e+12
1.921056927826681582e+00 9.894242344244722900e+11
1.940267497104948502e+00 9.685882493261419678e+11
1.959670172075998140e+00 9.409782611874887695e+11
1.979266873796758031e+00 9.336397028116214600e+11
1.999059542534725509e+00 9.132477839446783447e+11
2.019050137960073155e+00 8.984637301011446533e+11
2.039240639339673589e+00 8.768191239259454346e+11
2.059633045733070489e+00 8.595405004586564941e+11
2.080229376190401158e+00 8.353126212705688477e+11
2.101031669952305059e+00 8.077936903370800781e+11
2.122041986651828083e+00 7.840334024961011963e+11
2.143262406518346097e+00 7.574770022828242188e+11
2.164695030583529967e+00 7.286192486960839844e+11
2.186341980889365377e+00 7.045443724716003418e+11
2.208205400698258991e+00 6.788495015407808838e+11
2.230287454705241146e+00 6.566072902080118408e+11
2.252590329252293522e+00 6.354599130516774902e+11
2.275116232544817318e+00 6.154996567821689453e+11
2.297867394870265034e+00 6.377135872980656738e+11
2.320846068818967822e+00 6.367937455996000977e+11
2.344054529507157536e+00 6.266610548234990234e+11
2.367495074802228761e+00 6.148113104049713135e+11
2.391170025550251044e+00 6.248734291835146484e+11
2.415081725805753532e+00 6.162428559275515137e+11
2.439232543063811764e+00 6.092745126373426514e+11
2.463624868494449949e+00 6.033218297910444336e+11
2.488261117179394244e+00 5.963269544071328125e+11
2.513143728351188155e+00 5.836723075403702393e+11
2.538275165634700237e+00 5.670008867010870361e+11
2.563657917291046751e+00 5.520843347854053955e+11
2.589294496463957262e+00 5.346286376839644165e+11
2.615187441428596937e+00 5.136965606884891357e+11
2.641339315842882840e+00 4.951920966278730469e+11
2.667752709001311562e+00 4.778134191569073486e+11
2.694430236091324815e+00 4.662891577086768188e+11
2.721374538452237868e+00 4.566501428651938477e+11
2.748588283836760127e+00 4.490424298467100220e+11
2.776074166675128296e+00 4.397321060879413452e+11
2.803834908341879206e+00 4.274907338177060547e+11
2.831873257425297830e+00 4.189080691338743896e+11
2.860191989999551154e+00 4.069918184483416138e+11
2.888793909899546541e+00 3.930056119091757812e+11
2.917681848998542549e+00 3.863096492360798950e+11
2.946858667488527761e+00 3.742624313093317261e+11
2.976327254163412928e+00 3.648348280340288086e+11
3.006090526705047061e+00 3.523535628650502930e+11
3.036151431972097470e+00 3.445209522196146240e+11
3.066512946291818587e+00 3.314485834121051025e+11
3.097178075754736692e+00 3.231859257853065186e+11
3.128149856512283833e+00 3.125087363603586426e+11
3.159431355077406689e+00 3.020272835297336426e+11
3.191025668628181045e+00 2.924759208440344849e+11
3.222935925314462935e+00 2.815803002687981567e+11
3.255165284567607564e+00 2.721281061187071838e+11
3.287716937413283524e+00 2.623997412269015198e+11
3.320594106787416067e+00 2.528146141962927856e+11
3.353800047855290511e+00 2.440476053404851990e+11
3.387338048333843332e+00 2.348965883504302368e+11
3.421211428817182210e+00 2.265799184841934204e+11
3.455423543105353712e+00 2.179001226816597595e+11
3.489977778536407005e+00 2.102476344145832214e+11
3.524877556321771355e+00 2.028421852322288513e+11
3.560126331884988726e+00 1.954672318989047852e+11
3.595727595203838334e+00 1.882032115140378723e+11
3.631684871155877570e+00 1.817301730117336731e+11
3.668001719867436616e+00 1.754072509050976562e+11
3.704681737066110259e+00 1.690381125492225952e+11
3.741728554436771326e+00 1.624261343430899963e+11
3.779145839981139510e+00 1.564262890278961792e+11
3.816937298380950860e+00 1.511706544202301331e+11
3.855106671364760818e+00 1.457471842907479553e+11
3.893657738078407426e+00 1.408381999322552795e+11
3.932594315459191581e+00 1.364487829297799530e+11
3.971920258613783616e+00 1.330341522518872528e+11
4.011639461199922430e+00 1.291439141013307190e+11
4.051755855811920881e+00 1.259054671748056641e+11
4.092273414370040108e+00 1.231754737615985565e+11
4.133196148513740731e+00 1.191791091528363190e+11
4.174528109998877135e+00 1.159284327644034424e+11
4.216273391098866341e+00 1.123649618322502136e+11
4.258436125009854578e+00 1.097821145074721527e+11
4.301020486259953479e+00 1.104434870575901489e+11
4.344030691122553023e+00 1.080556734905840759e+11
4.387470998033777825e+00 1.065686325394495697e+11
4.431345708014116092e+00 1.057446358577143250e+11
4.475659165094256764e+00 1.042108851542053986e+11
4.520415756745198799e+00 1.013455729232899170e+11
4.565619914312651240e+00 9.832082777604042053e+10
4.611276113455778258e+00 9.577328027953636169e+10
4.657388874590335348e+00 9.197497772290242004e+10
4.703962763336238417e+00 8.866508090264797974e+10
4.751002390969600420e+00 8.544044807787048340e+10
4.798512414879296806e+00 8.275770975199098206e+10
4.846497539028090884e+00 7.949962076673287964e+10
4.894962514418371491e+00 7.713451346082624817e+10
4.943912139562555375e+00 7.440703924999983215e+10
4.993351260958180937e+00 7.185539029742457581e+10
5.043284773567762613e+00 6.976434375567599487e+10
5.093717621303440524e+00 6.713398156181133270e+10
5.144654797516475142e+00 6.497069366117561340e+10
5.196101345491639378e+00 6.253951752294876862e+10
5.248062358946555150e+00 6.045304493823329926e+10
5.300542982536021519e+00 5.823155666335269165e+10
5.353548412361381459e+00 5.610594004115206146e+10
5.407083896484995655e+00 5.425040487507486725e+10
5.461154735449845532e+00 5.231862227820918274e+10
5.515766282804344556e+00 5.039476198488198853e+10
5.570923945632387131e+00 4.851611310167098236e+10
5.626633185088711464e+00 4.673780693223691559e+10
5.682899516939598605e+00 4.495361605217348480e+10
5.739728512108993819e+00 4.338049759395102692e+10
5.797125797230084032e+00 4.158153604787528992e+10
5.855097055202384659e+00 4.012312130955078125e+10
5.913648025754409510e+00 3.848435679500530243e+10
5.972784506011953987e+00 3.702596810808406830e+10
6.032512351072073287e+00 3.576011425766028595e+10
6.092837474582792900e+00 3.427566195768314362e+10
6.153765849328621584e+00 3.294062339657879639e+10
6.215303507821907658e+00 3.169213938705223846e+10
6.277456542900125669e+00 3.060671691109087372e+10
6.340231108329128062e+00 2.956399001679991913e+10
6.403633419412418704e+00 2.869748524790233994e+10
6.467669753606543281e+00 2.814661669971744919e+10
6.532346451142608146e+00 2.739961061105299759e+10
6.597669915654034156e+00 2.679436468856865692e+10
6.663646614810574853e+00 2.609398898286296082e+10
6.730283080958680664e+00 2.498783472161172485e+10
6.797585911768267763e+00 2.428545978346205521e+10
6.865561770885950210e+00 2.337246501361020279e+10
6.934217388594810849e+00 2.259667591576472473e+10
7.003559562480758949e+00 2.167944873954847717e+10
7.073595158105566050e+00 2.097214404893348312e+10
7.144331109686621772e+00 2.019612623964824295e+10
7.215774420783487741e+00 1.945847004428162003e+10
7.287932164991324235e+00 1.877653353339821625e+10
7.360811486641236634e+00 1.807722254215108109e+10
7.434419601507648245e+00 1.743062562608856583e+10
7.508763797522725270e+00 1.681883714621911240e+10
7.583851435497953375e+00 1.621812379161978149e+10
7.659689949852931612e+00 1.563572743973480797e+10
7.736286849351461825e+00 1.510331707596102715e+10
7.813649717844977083e+00 1.444806393314639091e+10
7.891786215023426365e+00 1.409420736004780769e+10
7.970704077173661695e+00 1.355039630074970818e+10
8.050411117945397876e+00 1.308239741606072807e+10
8.130915229124850541e+00 1.264577913683926010e+10
8.212224381416099561e+00 1.218210886032015228e+10
8.294346625230261338e+00 1.177796093494858170e+10
8.377290091482562318e+00 1.135908140612127113e+10
8.461062992397387461e+00 1.095637018894730949e+10
8.545673622321363183e+00 1.057081250036301804e+10
8.631130358544575998e+00 1.016514564937143326e+10
8.717441662130022806e+00 9.815878489426004410e+09
8.804616078751321240e+00 9.459232181599369049e+09
8.892662239538834612e+00 9.083363347113794327e+09
8.981588861934222123e+00 8.755604124069074631e+09
9.071404750553567098e+00 8.416952769496774673e+09
9.162118798059102787e+00 8.114124102537451744e+09
9.253739986039693832e+00 7.819027790516150475e+09
9.346277385900089385e+00 7.537748838164241791e+09
9.439740159759089977e+00 7.261118799691298485e+09
9.534137561356683221e+00 6.976230784943544388e+09
9.629478936970249592e+00 6.757812484899940491e+09
9.725773726339950187e+00 6.494790064511263847e+09
9.823031463603349778e+00 6.269380258687428474e+09
9.921261778239381712e+00 6.066444990229412079e+09
1.002047439602177548e+01 5.828018583374732971e+09
1.012067913998199487e+01 5.635589148645294189e+09
1.022188593138181290e+01 5.418678011752940178e+09
1.032410479069563181e+01 5.251212903822933197e+09
1.042734583860258724e+01 5.051032514740251541e+09
1.053161929698861421e+01 4.882649442896060944e+09
1.063693548995849980e+01 4.707270139250144958e+09
1.074330484485808412e+01 4.548557313054285049e+09
1.085073789330666472e+01 4.374360434283394814e+09
1.095924527223973222e+01 4.242122480315402508e+09
1.106883772496212970e+01 4.074340204822645187e+09
1.117952610221174936e+01 3.941127919007033825e+09
1.129132136323386781e+01 3.793963856084843636e+09
1.140423457686620701e+01 3.657929861999612331e+09
1.151827692263487002e+01 3.532360036627316475e+09
1.163345969186121920e+01 3.404188730049236298e+09
1.174979428877982990e+01 3.285768429241368294e+09
1.186729223166762992e+01 3.160795554446030617e+09
1.198596515398430462e+01 3.037156295342635155e+09
1.210582480552414708e+01 2.931400640622955322e+09
1.222688305357938887e+01 2.821721317817479134e+09
1.234915188411518194e+01 2.722303006008835793e+09
1.247264340295633467e+01 2.623270169875481606e+09
1.259736983698589619e+01 2.519516166902938366e+09
1.272334353535575424e+01 2.429424875715852261e+09
1.285057697070931226e+01 2.341301371669330120e+09
1.297908274041640553e+01 2.259847858195996284e+09
1.310887356782057012e+01 2.172512378719961166e+09
1.323996230349877479e+01 2.096393569585282803e+09
1.337236192653376321e+01 2.019071908047468901e+09
1.350608554579910248e+01 1.945870512102358580e+09
1.364114640125709244e+01 1.865979322090520620e+09
1.377755786526966197e+01 1.804285517450300694e+09
1.391533344392236238e+01 1.730352229755863905e+09
1.405448677836158211e+01 1.666444119602319241e+09
1.419503164614519974e+01 1.619120755866721392e+09
1.433698196260665192e+01 1.546731782529857159e+09
1.448035178223271835e+01 1.493684425832870007e+09
1.462515530005504516e+01 1.443856881793797016e+09
1.477140685305559664e+01 1.379792630651630402e+09
1.491912092158615089e+01 1.334928384362135172e+09
1.506831213080201159e+01 1.281185161580767155e+09
1.521899525211003024e+01 1.235058329121541500e+09
1.537118520463113214e+01 1.190731656427059650e+09
1.552489705667744246e+01 1.143148250206004143e+09
1.568014602724421813e+01 1.103075230348298788e+09
1.583694748751665848e+01 1.059939515358196855e+09
1.599531696239182388e+01 1.023461324555404067e+09
1.615527013201574391e+01 9.883654201033344269e+08
1.631682283333590178e+01 9.445462945221167803e+08
1.647999106166925998e+01 9.135126459380577803e+08
1.664479097228595350e+01 8.797939513268783092e+08
1.681123888200881211e+01 8.451411274161739349e+08
1.697935127082889650e+01 8.124072228337234259e+08
1.714914478353718863e+01 7.835113055166540146e+08
1.732063623137256059e+01 7.559910565458719730e+08
1.749384259368628847e+01 7.237096855084528923e+08
1.766878101962314673e+01 7.006985570776762962e+08
1.784546882981938509e+01 6.701928716563439369e+08
1.802392351811757720e+01 6.470356215045814514e+08
1.820416275329875333e+01 6.226914215779454708e+08
1.838620438083173880e+01 5.986943807024476528e+08
1.857006642464005353e+01 5.780998973461121321e+08
1.875576708888645427e+01 5.558387921315838099e+08
1.894332475977532226e+01 5.348575368005653620e+08
1.913275800737307719e+01 5.127176748559519053e+08
1.969740769490774923e+01 4.567972954495556951e+08
2.068227807965313403e+01 3.702305718024054766e+08
2.171639198363579126e+01 3.053946820224657059e+08
2.280221158281758420e+01 2.520736534900248647e+08
2.394232216195846163e+01 2.087109429833130240e+08
2.513943827005638454e+01 1.722405293590781093e+08
2.639641018355920465e+01 1.425201140559145510e+08
2.771623069273716311e+01 1.178962329949083477e+08
2.910204222737402446e+01 9.753189516381919384e+07
3.055714433874272729e+01 8.076902854080289602e+07
3.208500155567985956e+01 6.669752148394368589e+07
3.368925163346385432e+01 5.534982283527711779e+07
3.537371421513704206e+01 4.563556476510281116e+07
3.714239992589390482e+01 3.753899470540385693e+07
3.899951992218858976e+01 3.081007166424552351e+07
4.094949591829801960e+01 2.532742727862228453e+07
4.299697071421292094e+01 2.080991415417979285e+07
4.514681924992356699e+01 1.708665802420199290e+07
4.740416021241974676e+01 1.403287939119914919e+07
4.977436822304073161e+01 1.153445453476669826e+07
5.226308663419276712e+01 9.509629356920175254e+06
5.487624096590241152e+01 7.774864283137714490e+06
5.762005301419753067e+01 6.417938943803079426e+06
6.050105566490740472e+01 5.255420271077277139e+06
6.352610844815276891e+01 4.311233032030930743e+06
6.670241387056040594e+01 3.554725997256661300e+06
7.003753456408843192e+01 2.909307096288379747e+06
7.353941129229284002e+01 2.392017991975182667e+06
7.721638185690748912e+01 1.955372377824640134e+06
8.107720094975286429e+01 1.610324821412550751e+06
8.513106099724051035e+01 1.322011338200570550e+06
8.938761404710253089e+01 1.077918855421711225e+06
9.385699474945765530e+01 8.870730762921574060e+05
