3.401114059005487245e-01 7.894137835699970703e+11
3.435125199595542300e-01 1.112282140726725098e+12
3.469476451591497201e-01 1.000709070674166138e+12
3.504171216107412334e-01 1.049688106803318604e+12
3.539212928268486436e-01 1.199383676906361572e+12
3.574605057551171750e-01 2.039015448595656250e+12
3.610351108126682584e-01 1.688938793517194092e+12
3.646454619207949999e-01 1.657794856235261475e+12
3.682919165400029282e-01 1.630586170632637451e+12
3.719748357054029064e-01 2.516231526789236816e+12
3.756945840624569266e-01 2.557080125149003906e+12
3.794515299030815081e-01 1.993368760430448242e+12
3.832460452021123065e-01 2.954879455095230957e+12
3.870785056541334312e-01 2.593581424362891113e+12
3.909492907106748016e-01 2.244904671652123535e+12
3.948587836177815391e-01 1.700604398218062988e+12
3.988073714539593917e-01 1.506721267160258301e+12
4.027954451684989667e-01 1.529503764365445312e+12
4.068233996201839342e-01 1.973754319957451416e+12
4.108916336163858096e-01 1.327080542558996338e+12
4.150005499525497021e-01 1.760447188312573975e+12
4.191505554520751908e-01 1.996029481505782715e+12
4.233420610065958822e-01 2.175964255054698486e+12
4.275754816166618122e-01 2.061758037950519287e+12
4.318512364328284114e-01 2.117114322440777100e+12
4.361697487971567533e-01 1.715903660079595215e+12
4.405314462851282475e-01 2.284522736030704102e+12
4.449367607479796094e-01 1.995543635447573242e+12
4.493861283554593800e-01 1.753079768104927734e+12
4.538799896390139921e-01 1.637228134348888184e+12
4.584187895354041031e-01 1.705598137676638672e+12
4.630029774307581336e-01 1.669149620611577148e+12
4.676330072050656761e-01 1.763888297251920410e+12
4.723093372771162701e-01 1.840036885126907715e+12
4.770324306498874289e-01 1.859506093264551514e+12
4.818027549563863032e-01 1.937177244370121094e+12
4.866207825059500891e-01 2.180741650584060303e+12
4.914869903310095656e-01 2.316355631660636230e+12
4.964018602343197584e-01 2.391005358991867188e+12
5.013658788366629482e-01 2.630283957504262207e+12
5.063795376250295188e-01 2.822081641142041016e+12
5.114433330012797541e-01 2.990706821389812500e+12
5.165577663312926893e-01 3.449659907794968750e+12
5.217233439946056262e-01 3.198467979023878418e+12
5.269405774345515825e-01 3.233291965642163574e+12
5.322099832088971194e-01 2.991151193124132812e+12
5.375320830409860973e-01 3.172264985325608887e+12
5.429074038713960215e-01 3.626781624657858398e+12
5.483364779101099762e-01 3.224864176964003906e+12
5.538198426892112503e-01 3.095633132112049316e+12
5.593580411161032107e-01 3.367278830210919922e+12
5.649516215272641917e-01 3.358422172627745117e+12
5.706011377425368458e-01 3.252112447585873047e+12
5.763071491199621699e-01 3.310593584648854004e+12
5.820702206111618704e-01 3.252833622603134766e+12
5.878909228172733981e-01 3.590595462679266602e+12
5.937698320454461998e-01 3.733157325257787109e+12
5.997075303659007428e-01 3.769748232253449219e+12
6.057046056695597480e-01 3.593481003597129883e+12
6.117616517262552955e-01 3.645913069535375977e+12
6.178792682435179096e-01 3.956847869264878418e+12
6.240580609259530620e-01 4.378516404461557617e+12
6.302986415352126448e-01 4.065362587703856445e+12
6.366016279505647413e-01 3.984507732912338379e+12
6.429676442300703565e-01 3.889906200014299316e+12
6.493973206723711034e-01 3.903553617897935547e+12
6.558912938790947278e-01 3.919367474942858887e+12
6.624502068178856895e-01 4.204878147831434082e+12
6.690747088860645730e-01 4.417279735714195312e+12
6.757654559749252110e-01 4.439816359890374023e+12
6.825231105346745153e-01 4.476278526343538086e+12
6.893483416400212338e-01 4.249865379918229492e+12
6.962418250564214039e-01 4.191079960192309570e+12
7.032042433069857212e-01 4.128370125351949219e+12
7.102362857400554841e-01 4.431211050158209961e+12
7.173386485974559967e-01 4.624583044908429688e+12
7.245120350834306500e-01 4.459150165974642578e+12
7.317571554342650053e-01 4.324979657753427246e+12
7.390747269886076554e-01 4.176295346516233398e+12
7.464654742584937441e-01 4.149548598072469238e+12
7.539301290010786971e-01 4.055583608166404785e+12
7.614694302910893775e-01 4.181579358720343750e+12
7.690841245940003290e-01 4.451810880285020508e+12
7.767749658399403234e-01 4.495600300427392578e+12
7.845427154983398710e-01 4.469534804770806641e+12
7.923881426533231354e-01 4.525064903763629883e+12
8.003120240798563545e-01 4.363676660605751953e+12
8.083151443206548770e-01 4.351970143834414062e+12
8.163982957638614701e-01 4.180532583978091797e+12
8.245622787215000082e-01 4.332368502698898926e+12
8.328079015087149761e-01 4.534827711455812500e+12
8.411359805238021181e-01 4.506806347561291016e+12
8.495473403290402237e-01 4.691731280749125000e+12
8.580428137323306004e-01 4.546946827354665039e+12
8.666232418696537820e-01 4.657760033433114258e+12
8.752894742883503554e-01 4.394553122500813477e+12
8.840423690312340099e-01 4.496577489765494141e+12
8.928827927215462479e-01 4.469009213535684570e+12
9.018116206487618580e-01 4.485101979552336914e+12
9.108297368552494833e-01 4.458807520055036133e+12
9.199380342238018260e-01 4.253572718154309082e+12
9.291374145660399320e-01 4.230854512653062012e+12
9.384287887117003235e-01 4.288940180358841309e+12
9.478130765988174167e-01 4.122635236982454590e+12
9.572912073648053299e-01 4.081606815992529297e+12
9.668641194384535176e-01 4.036393727052180176e+12
9.765327606328380039e-01 4.126232432753890625e+12
9.862980882391664261e-01 4.107612696621008301e+12
9.961610691215579960e-01 4.244946282294277344e+12
1.006122679812773590e+00 4.179519443889122070e+12
1.016183906610901300e+00 4.085932884841655762e+12
1.026345745677010202e+00 4.082098098375144531e+12
1.036609203133780355e+00 4.012723882360811035e+12
1.046975295165118336e+00 3.872294979298000000e+12
1.057445048116769204e+00 3.801132922632851074e+12
1.068019498597936989e+00 3.774124052218310059e+12
1.078699693583916597e+00 3.726532620962369629e+12
1.089486690519755552e+00 3.686695226337106445e+12
1.100381557424953138e+00 3.657079524497390137e+12
1.111385372999202481e+00 3.628750538398850098e+12
1.122499226729194666e+00 3.568106586186527832e+12
1.133724218996486455e+00 3.513647703277141602e+12
1.145061461186451135e+00 3.473012801361855469e+12
1.156512075798315831e+00 3.463031375636465820e+12
1.168077196556299047e+00 3.406834085122373047e+12
1.179757968521861988e+00 3.297492740783273926e+12
1.191555548207080761e+00 3.404351947457823730e+12
1.203471103689151889e+00 3.217902586787180176e+12
1.215505814726043354e+00 3.129326975867968750e+12
1.227660872873303610e+00 3.058395229595807129e+12
1.239937481602036762e+00 3.028275968814669922e+12
1.252336856418057032e+00 2.994518072735401367e+12
1.264860224982237824e+00 2.930361604652162109e+12
1.277508827232060051e+00 2.850116108564250488e+12
1.290283915504380818e+00 2.829444156019746094e+12
1.303186754659424462e+00 2.752806948142077637e+12
1.316218622206019040e+00 2.692059638800629883e+12
1.329380808428079153e+00 2.702993170692140625e+12
1.342674616512359975e+00 2.713481315848106934e+12
1.356101362677483380e+00 2.679360625005462402e+12
1.369662376304258355e+00 2.617875148214337891e+12
1.383359000067300837e+00 2.546145056681821289e+12
1.397192590067974027e+00 2.513702704248176758e+12
1.411164515968653665e+00 2.487103535651421875e+12
1.425276161128340213e+00 2.469284078571241211e+12
1.439528922739623740e+00 2.394667261759214355e+12
1.453924211967019708e+00 2.371545281556981934e+12
1.468463454086690101e+00 2.319096960770273926e+12
1.483148088627556760e+00 2.244701053603460938e+12
1.497979569513832487e+00 2.197377369924231445e+12
1.512959365208970564e+00 2.120661706385617920e+12
1.528088958861060442e+00 2.075831962230305664e+12
1.543369848449671178e+00 2.000901763838762939e+12
1.558803546934167894e+00 1.986031348703493652e+12
1.574391582403509737e+00 1.921752686563449463e+12
1.590135498227544852e+00 1.878483417686577881e+12
1.606036853209820148e+00 1.797152474405650391e+12
1.622097221741918505e+00 1.753299961234766602e+12
1.638318193959337421e+00 1.678018297427588623e+12
1.654701375898931071e+00 1.629144809229946777e+12
1.671248389657920441e+00 1.581469256628700928e+12
1.687960873554499530e+00 1.548834206641754883e+12
1.704840482290044701e+00 1.518895334710856689e+12
1.721888887112944966e+00 1.519077521847387451e+12
1.739107775984074289e+00 1.503512942160010498e+12
1.756498853743915012e+00 1.504788352380098145e+12
1.774063842281354608e+00 1.498953195675356445e+12
1.791804480704168201e+00 1.485023458251491455e+12
1.809722525511209934e+00 1.469193049822073730e+12
1.827819750766321860e+00 1.440422450591070557e+12
1.846097948273984990e+00 1.430714873484166748e+12
1.864558927756724938e+00 1.418207750486800049e+12
1.883204517034292147e+00 1.376872850173342773e+12
1.902036562204635128e+00 1.334933265649572754e+12
1.921056927826681582e+00 1.299866528523900146e+12
1.940267497104948502e+00 1.283582256271903564e+12
1.959670172075998140e+00 1.234908591170665283e+12
1.979266873796758031e+00 1.230588066978557373e+12
1.999059542534725509e+00 1.186247659403723389e+12
2.019050137960073155e+00 1.165569605034300293e+12
2.039240639339673589e+00 1.134211396923343994e+12
2.059633045733070489e+00 1.114670212211342529e+12
2.080229376190401158e+00 1.081540808762623657e+12
2.101031669952305059e+00 1.046116622658423096e+12
2.122041986651828083e+00 1.018005271871526123e+12
2.143262406518346097e+00 9.842304655388063965e+11
2.164695030583529967e+00 9.485519172995733643e+11
2.186341980889365377e+00 9.176147429294216309e+11
2.208205400698258991e+00 8.835208398294166260e+11
2.230287454705241146e+00 8.581110836789171143e+11
2.252590329252293522e+00 8.296878980571676025e+11
2.275116232544817318e+00 7.991472920194866943e+11
2.297867394870265034e+00 8.281194784151364746e+11
2.320846068818967822e+00 8.248761205198280029e+11
2.344054529507157536e+00 8.118856995712257080e+11
2.367495074802228761e+00 7.947828910879600830e+11
2.391170025550251044e+00 8.065829252606695557e+11
2.415081725805753532e+00 7.929990618484580078e+11
2.439232543063811764e+00 7.770058763069812012e+11
2.463624868494449949e+00 7.619015701687861328e+11
2.488261117179394244e+00 7.536005150520892334e+11
2.513143728351188155e+00 7.354156803270028076e+11
2.538275165634700237e+00 7.119484847616728516e+11
2.563657917291046751e+00 6.910489915831226807e+11
2.589294496463957262e+00 6.686523539836137695e+11
2.615187441428596937e+00 6.422136547905059814e+11
2.641339315842882840e+00 6.157086147872789307e+11
2.667752709001311562e+00 5.965113445925000000e+11
2.694430236091324815e+00 5.779509298591564941e+11
2.721374538452237868e+00 5.632746931722471924e+11
2.748588283836760127e+00 5.505935555305029297e+11
2.776074166675128296e+00 5.374425671551262207e+11
2.803834908341879206e+00 5.213340417932088623e+11
2.831873257425297830e+00 5.093129897238461304e+11
2.860191989999551154e+00 4.944665109645074463e+11
2.888793909899546541e+00 4.776896220880709229e+11
2.917681848998542549e+00 4.670376038155218506e+11
2.946858667488527761e+00 4.528153066117680054e+11
2.976327254163412928e+00 4.400666647515708008e+11
3.006090526705047061e+00 4.251362822541881104e+11
3.036151431972097470e+00 4.153634605122080078e+11
3.066512946291818587e+00 3.997416228898435059e+11
3.097178075754736692e+00 3.897988702875549927e+11
3.128149856512283833e+00 3.767804971085050659e+11
3.159431355077406689e+00 3.643510808732378540e+11
3.191025668628181045e+00 3.526632360970140991e+11
3.222935925314462935e+00 3.400093161609424438e+11
3.255165284567607564e+00 3.288081827198590698e+11
3.287716937413283524e+00 3.176824408469137573e+11
3.320594106787416067e+00 3.067035302061226807e+11
3.353800047855290511e+00 2.956301701720376587e+11
3.387338048333843332e+00 2.849419144014843140e+11
3.421211428817182210e+00 2.757311275488479614e+11
3.455423543105353712e+00 2.650216404017438965e+11
3.489977778536407005e+00 2.557306262513408508e+11
3.524877556321771355e+00 2.470489854649061890e+11
3.560126331884988726e+00 2.379496528614028625e+11
3.595727595203838334e+00 2.293441616025749817e+11
3.631684871155877570e+00 2.214380396492673340e+11
3.668001719867436616e+00 2.139642318378513184e+11
3.704681737066110259e+00 2.066837723447133179e+11
3.741728554436771326e+00 1.986221203024823914e+11
3.779145839981139510e+00 1.916189882430335999e+11
3.816937298380950860e+00 1.849861998067669373e+11
3.855106671364760818e+00 1.781957246144999695e+11
3.893657738078407426e+00 1.725664922717145081e+11
3.932594315459191581e+00 1.667064636086698303e+11
3.971920258613783616e+00 1.626232352731400146e+11
4.011639461199922430e+00 1.572286575323826904e+11
4.051755855811920881e+00 1.530801448924945374e+11
4.092273414370040108e+00 1.491672915129930420e+11
4.133196148513740731e+00 1.445397044492295532e+11
4.174528109998877135e+00 1.401165474939790344e+11
4.216273391098866341e+00 1.356150097844250946e+11
4.258436125009854578e+00 1.321748075171708832e+11
4.301020486259953479e+00 1.338234520412370911e+11
4.344030691122553023e+00 1.317166546491414185e+11
4.387470998033777825e+00 1.303637310293434753e+11
4.431345708014116092e+00 1.298964622358698578e+11
4.475659165094256764e+00 1.279212160479362183e+11
4.520415756745198799e+00 1.245435713594669037e+11
4.565619914312651240e+00 1.205184653071202240e+11
4.611276113455778258e+00 1.169844095343319855e+11
4.657388874590335348e+00 1.122702125148914948e+11
4.703962763336238417e+00 1.079596963170718231e+11
4.751002390969600420e+00 1.036783038271133881e+11
4.798512414879296806e+00 1.006507059266898041e+11
4.846497539028090884e+00 9.652753682197538757e+10
4.894962514418371491e+00 9.353198632505758667e+10
4.943912139562555375e+00 9.033942565357693481e+10
4.993351260958180937e+00 8.710484937851155090e+10
5.043284773567762613e+00 8.403871642758399963e+10
5.093717621303440524e+00 8.102745466717202759e+10
5.144654797516475142e+00 7.817623869864895630e+10
5.196101345491639378e+00 7.515841239955325317e+10
5.248062358946555150e+00 7.257639428980570984e+10
5.300542982536021519e+00 6.975920069710952759e+10
5.353548412361381459e+00 6.720454510089929199e+10
5.407083896484995655e+00 6.474900304634590912e+10
5.461154735449845532e+00 6.234670978716701508e+10
5.515766282804344556e+00 6.002117065997130585e+10
5.570923945632387131e+00 5.765089711511922455e+10
5.626633185088711464e+00 5.551842744051348114e+10
5.682899516939598605e+00 5.345614453893395233e+10
5.739728512108993819e+00 5.152794678374502563e+10
5.797125797230084032e+00 4.946581295818283844e+10
5.855097055202384659e+00 4.780062850273680878e+10
5.913648025754409510e+00 4.586137426327110291e+10
5.972784506011953987e+00 4.403738475793510437e+10
6.032512351072073287e+00 4.243866769656406403e+10
6.092837474582792900e+00 4.080540831316175842e+10
6.153765849328621584e+00 3.922239168262752533e+10
6.215303507821907658e+00 3.774402716002779388e+10
6.277456542900125669e+00 3.643239934897980499e+10
6.340231108329128062e+00 3.519797176900487518e+10
6.403633419412418704e+00 3.403509284853065872e+10
6.467669753606543281e+00 3.312087556863003540e+10
6.532346451142608146e+00 3.212643626888505554e+10
6.597669915654034156e+00 3.122854884420066071e+10
6.663646614810574853e+00 3.027994219886336517e+10
6.730283080958680664e+00 2.909139456066759109e+10
6.797585911768267763e+00 2.816960719684035492e+10
6.865561770885950210e+00 2.712085574949802017e+10
6.934217388594810849e+00 2.620990442013026428e+10
7.003559562480758949e+00 2.520633775170723343e+10
7.073595158105566050e+00 2.435241727792739105e+10
7.144331109686621772e+00 2.346638673369780350e+10
7.215774420783487741e+00 2.262900404618925095e+10
7.287932164991324235e+00 2.183363562859399033e+10
7.360811486641236634e+00 2.103626449536657333e+10
7.434419601507648245e+00 2.028479738732036209e+10
7.508763797522725270e+00 1.957312972184743118e+10
7.583851435497953375e+00 1.887769957002129745e+10
7.659689949852931612e+00 1.820421281185440063e+10
7.736286849351461825e+00 1.757706629882742691e+10
7.813649717844977083e+00 1.688181518682948875e+10
7.891786215023426365e+00 1.637635586455327225e+10
7.970704077173661695e+00 1.577789663569212341e+10
8.050411117945397876e+00 1.522500187441439438e+10
8.130915229124850541e+00 1.470032793192208481e+10
8.212224381416099561e+00 1.417022372298178482e+10
8.294346625230261338e+00 1.368433132765636253e+10
8.377290091482562318e+00 1.319961472727384949e+10
8.461062992397387461e+00 1.273260887317966652e+10
8.545673622321363183e+00 1.228084393934730530e+10
8.631130358544575998e+00 1.182850645726390457e+10
8.717441662130022806e+00 1.141656693049812698e+10
8.804616078751321240e+00 1.100567297490305710e+10
8.892662239538834612e+00 1.059271982715771103e+10
8.981588861934222123e+00 1.021598204257436752e+10
9.071404750553567098e+00 9.838025661714174271e+09
9.162118798059102787e+00 9.487419798864276886e+09
9.253739986039693832e+00 9.147250702269296646e+09
9.346277385900089385e+00 8.821055962190402985e+09
9.439740159759089977e+00 8.505509268869389534e+09
9.534137561356683221e+00 8.187042659773773193e+09
9.629478936970249592e+00 7.912856789217161179e+09
9.725773726339950187e+00 7.620431454452788353e+09
9.823031463603349778e+00 7.351450864406795502e+09
9.921261778239381712e+00 7.098373726792284012e+09
1.002047439602177548e+01 6.837449228804883957e+09
1.012067913998199487e+01 6.601014796948797226e+09
1.022188593138181290e+01 6.357491887104089737e+09
1.032410479069563181e+01 6.143749650472378731e+09
1.042734583860258724e+01 5.917474846047925949e+09
1.053161929698861421e+01 5.710801382648824692e+09
1.063693548995849980e+01 5.505866355205144882e+09
1.074330484485808412e+01 5.313949157179659843e+09
1.085073789330666472e+01 5.117235604505169868e+09
1.095924527223973222e+01 4.944332296232461929e+09
1.106883772496212970e+01 4.758898488037893295e+09
1.117952610221174936e+01 4.595013143616231918e+09
1.129132136323386781e+01 4.425112794497851372e+09
1.140423457686620701e+01 4.266798425209437370e+09
1.151827692263487002e+01 4.114965075979158401e+09
1.163345969186121920e+01 3.965481278010478497e+09
1.174979428877982990e+01 3.824150492282546043e+09
1.186729223166762992e+01 3.683483172605571270e+09
1.198596515398430462e+01 3.544508273643914223e+09
1.210582480552414708e+01 3.420602039944286346e+09
1.222688305357938887e+01 3.293059451596133709e+09
1.234915188411518194e+01 3.175032598446477890e+09
1.247264340295633467e+01 3.059889126053586960e+09
1.259736983698589619e+01 2.944943140506183624e+09
1.272334353535575424e+01 2.837954959055735111e+09
1.285057697070931226e+01 2.735190963391298294e+09
1.297908274041640553e+01 2.637500170086452961e+09
1.310887356782057012e+01 2.539226489157463551e+09
1.323996230349877479e+01 2.447188950221302032e+09
1.337236192653376321e+01 2.357681476463034153e+09
1.350608554579910248e+01 2.272342191559823990e+09
1.364114640125709244e+01 2.185967192060466766e+09
1.377755786526966197e+01 2.108178233208147049e+09
1.391533344392236238e+01 2.027531373613984346e+09
1.405448677836158211e+01 1.953304884558135509e+09
1.419503164614519974e+01 1.886987558718992710e+09
1.433698196260665192e+01 1.813891131680631399e+09
1.448035178223271835e+01 1.747987567869473457e+09
1.462515530005504516e+01 1.686305654677360535e+09
1.477140685305559664e+01 1.620161051860729933e+09
1.491912092158615089e+01 1.562745652346214056e+09
1.506831213080201159e+01 1.503690376848627329e+09
1.521899525211003024e+01 1.448881184932174921e+09
1.537118520463113214e+01 1.396631429755316973e+09
1.552489705667744246e+01 1.343997212498149872e+09
1.568014602724421813e+01 1.295252792812143564e+09
1.583694748751665848e+01 1.246678452365531206e+09
1.599531696239182388e+01 1.201286500151646137e+09
1.615527013201574391e+01 1.158477446888001204e+09
1.631682283333590178e+01 1.113537947741899729e+09
1.647999106166925998e+01 1.073361180066357017e+09
1.664479097228595350e+01 1.033983274052739620e+09
1.681123888200881211e+01 9.954420583394351006e+08
1.697935127082889650e+01 9.583110724724853039e+08
1.714914478353718863e+01 9.232023069015585184e+08
1.732063623137256059e+01 8.898450588491119146e+08
1.749384259368628847e+01 8.556276681390577555e+08
1.766878101962314673e+01 8.249508834480264187e+08
1.784546882981938509e+01 7.934307127540212870e+08
1.802392351811757720e+01 7.646907220839821100e+08
1.820416275329875333e+01 7.362716278146257401e+08
1.838620438083173880e+01 7.089185684285691977e+08
1.857006642464005353e+01 6.830701208759776354e+08
1.875576708888645427e+01 6.576602377992979288e+08
1.894332475977532226e+01 6.331288111373260021e+08
1.913275800737307719e+01 6.093786943415983915e+08
1.969740769490774923e+01 5.344554779976508617e+08
2.068227807965313403e+01 4.105865111699405909e+08
2.171639198363579126e+01 3.388971962243512273e+08
2.280221158281758420e+01 2.795606216692666411e+08
2.394232216195846163e+01 2.313539616850366592e+08
2.513943827005638454e+01 1.908447442561123371e+08
2.639641018355920465e+01 1.576699287483432591e+08
2.771623069273716311e+01 1.304072396993072331e+08
2.910204222737402446e+01 1.078905063527375758e+08
3.055714433874272729e+01 8.925951528996601701e+07
3.208500155567985956e+01 7.366309661540867388e+07
3.368925163346385432e+01 6.103550843288682401e+07
3.537371421513704206e+01 5.032062338091543317e+07
3.714239992589390482e+01 4.140454932635206729e+07
3.899951992218858976e+01 3.397461622495252639e+07
4.094949591829801960e+01 2.796852508121735975e+07
4.299697071421292094e+01 2.299087366361281276e+07
4.514681924992356699e+01 1.890145024219972640e+07
4.740416021241974676e+01 1.550972630334399827e+07
4.977436822304073161e+01 1.275703237262766436e+07
5.226308663419276712e+01 1.051112673526990041e+07
5.487624096590241152e+01 8.598750520685050637e+06
5.762005301419753067e+01 7.092629656674805097e+06
6.050105566490740472e+01 5.808444077900926583e+06
6.352610844815276891e+01 4.767501161301189102e+06
6.670241387056040594e+01 3.921743606655204669e+06
7.003753456408843192e+01 3.216179137076018378e+06
7.353941129229284002e+01 2.644763405784292612e+06
7.721638185690748912e+01 2.158259952971016057e+06
8.107720094975286429e+01 1.779546311321030837e+06
8.513106099724051035e+01 1.460084674020693172e+06
8.938761404710253089e+01 1.192205623191566207e+06
9.385699474945765530e+01 9.771921804936447879e+05
