3.401114059005487245e-01 2.794712591141105347e+11
3.435125199595542300e-01 2.170520586410272217e+11
3.469476451591497201e-01 2.465647321626564026e+11
3.504171216107412334e-01 2.532824784967431030e+11
3.539212928268486436e-01 2.439207128346445923e+11
3.574605057551171750e-01 2.234524909188782349e+11
3.610351108126682584e-01 2.054323910951234436e+11
3.646454619207949999e-01 1.717915634001984253e+11
3.682919165400029282e-01 1.538046509162716064e+11
3.719748357054029064e-01 1.534993565534038696e+11
3.756945840624569266e-01 1.689094849611882935e+11
3.794515299030815081e-01 1.929095387501267700e+11
3.832460452021123065e-01 1.823305208081153564e+11
3.870785056541334312e-01 1.908098711736162109e+11
3.909492907106748016e-01 1.770993400195931091e+11
3.948587836177815391e-01 1.535629802978650818e+11
3.988073714539593917e-01 1.236511276733643188e+11
4.027954451684989667e-01 1.227982459632645264e+11
4.068233996201839342e-01 1.028212844215188141e+11
4.108916336163858096e-01 6.345630395040341187e+10
4.150005499525497021e-01 7.661034786581761169e+10
4.191505554520751908e-01 6.553847290914658356e+10
4.233420610065958822e-01 5.978121361236869049e+10
4.275754816166618122e-01 5.963188727255288696e+10
4.318512364328284114e-01 5.204093266811966705e+10
4.361697487971567533e-01 5.459000218283946991e+10
4.405314462851282475e-01 7.405701997299504089e+10
4.449367607479796094e-01 7.790066825400199890e+10
4.493861283554593800e-01 8.393214581784391785e+10
4.538799896390139921e-01 8.551601906058012390e+10
4.584187895354041031e-01 8.105230077470446777e+10
4.630029774307581336e-01 9.008359753286541748e+10
4.676330072050656761e-01 8.651783883019847107e+10
4.723093372771162701e-01 8.046021194821588135e+10
4.770324306498874289e-01 6.266437349821195984e+10
4.818027549563863032e-01 5.268234103137999725e+10
4.866207825059500891e-01 4.323452125752205658e+10
4.914869903310095656e-01 5.398185235443994904e+10
4.964018602343197584e-01 4.804053017966044617e+10
5.013658788366629482e-01 3.378352581941082764e+10
5.063795376250295188e-01 2.446106184917423248e+10
5.114433330012797541e-01 2.014861758924585724e+10
5.165577663312926893e-01 1.796899506578318405e+10
5.217233439946056262e-01 2.086772734627853775e+10
5.269405774345515825e-01 1.926804886811916733e+10
5.322099832088971194e-01 1.830213836228451920e+10
5.375320830409860973e-01 1.737335832503423691e+10
5.429074038713960215e-01 1.552845808492243576e+10
5.483364779101099762e-01 1.235756832996716499e+10
5.538198426892112503e-01 1.138714159794212723e+10
5.593580411161032107e-01 1.073526008230359650e+10
5.649516215272641917e-01 9.900370701870292664e+09
5.706011377425368458e-01 8.275149517562324524e+09
5.763071491199621699e-01 5.979097223195919037e+09
5.820702206111618704e-01 4.165514425689399719e+09
5.878909228172733981e-01 1.134534081904439688e+09
5.937698320454461998e-01 2.950533682003522396e+09
5.997075303659007428e-01 6.517298072290330887e+09
6.057046056695597480e-01 9.976189916784069061e+09
6.117616517262552955e-01 1.213928954701009750e+10
6.178792682435179096e-01 1.563284551121442413e+10
6.240580609259530620e-01 1.912019382803038025e+10
6.302986415352126448e-01 2.225091538300774765e+10
6.366016279505647413e-01 2.529440621729975128e+10
6.429676442300703565e-01 2.809936956603066254e+10
6.493973206723711034e-01 2.976805583289944458e+10
6.558912938790947278e-01 3.026405778651074982e+10
6.624502068178856895e-01 3.481361675066102600e+10
6.690747088860645730e-01 3.834856805036732483e+10
6.757654559749252110e-01 4.183324421915392303e+10
6.825231105346745153e-01 4.477914452580853271e+10
6.893483416400212338e-01 4.530974614111153412e+10
6.962418250564214039e-01 4.372993170854609680e+10
7.032042433069857212e-01 4.488875189775082397e+10
7.102362857400554841e-01 4.868432697482757568e+10
7.173386485974559967e-01 5.213745016490129852e+10
7.245120350834306500e-01 5.535368351022355652e+10
7.317571554342650053e-01 5.675638118435306549e+10
7.390747269886076554e-01 5.242171849307913208e+10
7.464654742584937441e-01 4.971086248219430542e+10
7.539301290010786971e-01 5.199447755576906586e+10
7.614694302910893775e-01 4.256661838559660339e+10
7.690841245940003290e-01 9.754877178778366089e+09
7.767749658399403234e-01 5.176058907723455811e+10
7.845427154983398710e-01 6.845446689001472473e+10
7.923881426533231354e-01 6.890635434623106384e+10
8.003120240798563545e-01 7.204228367917518616e+10
8.083151443206548770e-01 8.531147156702218628e+10
8.163982957638614701e-01 9.261108928629679871e+10
8.245622787215000082e-01 1.016584973326524200e+11
8.328079015087149761e-01 1.069153703275113983e+11
8.411359805238021181e-01 1.119906298034331665e+11
8.495473403290402237e-01 1.166737922888904877e+11
8.580428137323306004e-01 1.166905538677131348e+11
8.666232418696537820e-01 1.087538592764985809e+11
8.752894742883503554e-01 1.144730092754710999e+11
8.840423690312340099e-01 1.260755401595614014e+11
8.928827927215462479e-01 1.308688924871010437e+11
9.018116206487618580e-01 1.379757687766053772e+11
9.108297368552494833e-01 1.438831588358674622e+11
9.199380342238018260e-01 1.462713631122191467e+11
9.291374145660399320e-01 1.360037384031951752e+11
9.384287887117003235e-01 1.419176121737700806e+11
9.478130765988174167e-01 1.469418655722019653e+11
9.572912073648053299e-01 1.495924476054344788e+11
9.668641194384535176e-01 1.528705863556218872e+11
9.765327606328380039e-01 1.578816717251261292e+11
9.862980882391664261e-01 1.662679304764203491e+11
9.961610691215579960e-01 1.718590138652818604e+11
1.006122679812773590e+00 1.731268111459479370e+11
1.016183906610901300e+00 1.861087641074795837e+11
1.026345745677010202e+00 1.957186657172597351e+11
1.036609203133780355e+00 2.030664591135538025e+11
1.046975295165118336e+00 2.069667658941047058e+11
1.057445048116769204e+00 2.098880073792206726e+11
1.068019498597936989e+00 2.162466677519501953e+11
1.078699693583916597e+00 2.217903200067856750e+11
1.089486690519755552e+00 2.194801409006982422e+11
1.100381557424953138e+00 2.039954796400123291e+11
1.111385372999202481e+00 1.977314144745579834e+11
1.122499226729194666e+00 2.007524337699499817e+11
1.133724218996486455e+00 1.951548811905687256e+11
1.145061461186451135e+00 2.029119392251636658e+11
1.156512075798315831e+00 2.057010442952247620e+11
1.168077196556299047e+00 2.087354763087773132e+11
1.179757968521861988e+00 2.071373735969479065e+11
1.191555548207080761e+00 2.254706672486745605e+11
1.203471103689151889e+00 2.392308178765691833e+11
1.215505814726043354e+00 2.512183978632644348e+11
1.227660872873303610e+00 2.608963989213498230e+11
1.239937481602036762e+00 2.688746825607268982e+11
1.252336856418057032e+00 2.752600352971359863e+11
1.264860224982237824e+00 2.785266216934717407e+11
1.277508827232060051e+00 2.783070693372977295e+11
1.290283915504380818e+00 2.774828889039136353e+11
1.303186754659424462e+00 2.766251670160135498e+11
1.316218622206019040e+00 2.724980440351635132e+11
1.329380808428079153e+00 2.319888383646306152e+11
1.342674616512359975e+00 1.676675486164064941e+11
1.356101362677483380e+00 1.489884480994426575e+11
1.369662376304258355e+00 1.478272944064965820e+11
1.383359000067300837e+00 1.546177793552785034e+11
1.397192590067974027e+00 1.480324219182970581e+11
1.411164515968653665e+00 1.380052126681861877e+11
1.425276161128340213e+00 1.299602959298367310e+11
1.439528922739623740e+00 1.355868511574226990e+11
1.453924211967019708e+00 1.512391263401382446e+11
1.468463454086690101e+00 1.501155835253886108e+11
1.483148088627556760e+00 1.579784806432213135e+11
1.497979569513832487e+00 1.680752983561614075e+11
1.512959365208970564e+00 1.808507637317752686e+11
1.528088958861060442e+00 1.938998004672127991e+11
1.543369848449671178e+00 2.067806825222681274e+11
1.558803546934167894e+00 2.235614803392416992e+11
1.574391582403509737e+00 2.414492771644036865e+11
1.590135498227544852e+00 2.548319812263862305e+11
1.606036853209820148e+00 2.637632890268508301e+11
1.622097221741918505e+00 2.767009405702691040e+11
1.638318193959337421e+00 2.827326978413712158e+11
1.654701375898931071e+00 2.862775216788690186e+11
1.671248389657920441e+00 2.909724578422135620e+11
1.687960873554499530e+00 2.892405106026082764e+11
1.704840482290044701e+00 2.750130667327802124e+11
1.721888887112944966e+00 2.473661067244832764e+11
1.739107775984074289e+00 2.325752263307997131e+11
1.756498853743915012e+00 2.177655714499682312e+11
1.774063842281354608e+00 1.944722849454924927e+11
1.791804480704168201e+00 1.817879944691287842e+11
1.809722525511209934e+00 1.655654231042483215e+11
1.827819750766321860e+00 1.629587482092502747e+11
1.846097948273984990e+00 1.476393633622095947e+11
1.864558927756724938e+00 1.373338081042518768e+11
1.883204517034292147e+00 1.504161097457008972e+11
1.902036562204635128e+00 1.575065453845602112e+11
1.921056927826681582e+00 1.588798931458973389e+11
1.940267497104948502e+00 1.536194113231085205e+11
1.959670172075998140e+00 1.530647762243245850e+11
1.979266873796758031e+00 1.501792834497794495e+11
1.999059542534725509e+00 1.465375191220003052e+11
2.019050137960073155e+00 1.504239308499739685e+11
2.039240639339673589e+00 1.571080930745035400e+11
2.059633045733070489e+00 1.653493774414305420e+11
2.080229376190401158e+00 1.731133879167236023e+11
2.101031669952305059e+00 1.847251574053366394e+11
2.122041986651828083e+00 1.927491102609464722e+11
2.143262406518346097e+00 2.002880980656493835e+11
2.164695030583529967e+00 2.052799183171279907e+11
2.186341980889365377e+00 2.051041485764687500e+11
2.208205400698258991e+00 2.049430477544364319e+11
2.230287454705241146e+00 2.033457290517622070e+11
2.252590329252293522e+00 2.013160928700465698e+11
2.275116232544817318e+00 1.972842663300491333e+11
2.297867394870265034e+00 1.835597363186727905e+11
2.320846068818967822e+00 1.725963953758727417e+11
2.344054529507157536e+00 1.656877336558213806e+11
2.367495074802228761e+00 1.577559413357112732e+11
2.391170025550251044e+00 1.486418603383438416e+11
2.415081725805753532e+00 1.346284963330048981e+11
2.439232543063811764e+00 1.218717787730552673e+11
2.463624868494449949e+00 1.121220152250089874e+11
2.488261117179394244e+00 1.040431838430072632e+11
2.513143728351188155e+00 9.139639580145848083e+10
2.538275165634700237e+00 8.649491905695266724e+10
2.563657917291046751e+00 8.281777461470233154e+10
2.589294496463957262e+00 8.172127949719197083e+10
2.615187441428596937e+00 8.484336662889825439e+10
2.641339315842882840e+00 8.458122521016525269e+10
2.667752709001311562e+00 8.260527424201817322e+10
2.694430236091324815e+00 7.648077918788633728e+10
2.721374538452237868e+00 7.415278391584104919e+10
2.748588283836760127e+00 7.222968845293206787e+10
2.776074166675128296e+00 6.791747115704360962e+10
2.803834908341879206e+00 6.849594258134033203e+10
2.831873257425297830e+00 6.570301832064231873e+10
2.860191989999551154e+00 6.539511632921711731e+10
2.888793909899546541e+00 6.642507549828617096e+10
2.917681848998542549e+00 6.139247864311411285e+10
2.946858667488527761e+00 6.371914104748301697e+10
2.976327254163412928e+00 6.255150435931173706e+10
3.006090526705047061e+00 6.404360301348313904e+10
3.036151431972097470e+00 6.337000314611294556e+10
3.066512946291818587e+00 6.614978171317409515e+10
3.097178075754736692e+00 6.544364807555950165e+10
3.128149856512283833e+00 6.662153445993382263e+10
3.159431355077406689e+00 6.727674857599790955e+10
3.191025668628181045e+00 6.780576976392741394e+10
3.222935925314462935e+00 6.887760397136834717e+10
3.255165284567607564e+00 7.065455096819332886e+10
3.287716937413283524e+00 7.048909296128257751e+10
3.320594106787416067e+00 7.141803767362632751e+10
3.353800047855290511e+00 7.046059317731060791e+10
3.387338048333843332e+00 7.031799056037165833e+10
3.421211428817182210e+00 7.040465771588693237e+10
3.455423543105353712e+00 7.083994861493333435e+10
3.489977778536407005e+00 6.964698152998297119e+10
3.524877556321771355e+00 6.897580074939234924e+10
3.560126331884988726e+00 6.915919667525236511e+10
3.595727595203838334e+00 6.863846932070742035e+10
3.631684871155877570e+00 6.819660943610394287e+10
3.668001719867436616e+00 6.728005749578858948e+10
3.704681737066110259e+00 6.762057486230419159e+10
3.741728554436771326e+00 6.702509827330960083e+10
3.779145839981139510e+00 6.660197929836016083e+10
3.816937298380950860e+00 6.531352535121113586e+10
3.855106671364760818e+00 6.471574976722865295e+10
3.893657738078407426e+00 6.344359316559793091e+10
3.932594315459191581e+00 6.179931446589710236e+10
3.971920258613783616e+00 5.906142208732321167e+10
4.011639461199922430e+00 5.605996258745426941e+10
4.051755855811920881e+00 5.330111054232223511e+10
4.092273414370040108e+00 4.927071140755661774e+10
4.133196148513740731e+00 4.758692127606047058e+10
4.174528109998877135e+00 4.536115411623774719e+10
4.216273391098866341e+00 4.155464239071984863e+10
4.258436125009854578e+00 3.728965638775597382e+10
4.301020486259953479e+00 3.450834301490961456e+10
4.344030691122553023e+00 3.236230635481608963e+10
4.387470998033777825e+00 3.110345099568507767e+10
4.431345708014116092e+00 2.940105477804570770e+10
4.475659165094256764e+00 2.816740469576048660e+10
4.520415756745198799e+00 2.717482030142256927e+10
4.565619914312651240e+00 2.635223459248048782e+10
4.611276113455778258e+00 2.634584091428253937e+10
4.657388874590335348e+00 2.612959157677015686e+10
4.703962763336238417e+00 2.556855862031489182e+10
4.751002390969600420e+00 2.477719743255069351e+10
4.798512414879296806e+00 2.405783017977311325e+10
4.846497539028090884e+00 2.345903020207233810e+10
4.894962514418371491e+00 2.269089020801438141e+10
4.943912139562555375e+00 2.185656194356890106e+10
4.993351260958180937e+00 2.159203416159396744e+10
5.043284773567762613e+00 2.068759138788569260e+10
5.093717621303440524e+00 2.048511252729314041e+10
5.144654797516475142e+00 1.970024750712377167e+10
5.196101345491639378e+00 1.921404098703858948e+10
5.248062358946555150e+00 1.891441944864793396e+10
5.300542982536021519e+00 1.809834133613692093e+10
5.353548412361381459e+00 1.774781207948238754e+10
5.407083896484995655e+00 1.697867013631075859e+10
5.461154735449845532e+00 1.677778249858670998e+10
5.515766282804344556e+00 1.626370022049750710e+10
5.570923945632387131e+00 1.557172284950214386e+10
5.626633185088711464e+00 1.536382120110017014e+10
5.682899516939598605e+00 1.476679233730086327e+10
5.739728512108993819e+00 1.430555694812923813e+10
5.797125797230084032e+00 1.399521067112426567e+10
5.855097055202384659e+00 1.339694979309731102e+10
5.913648025754409510e+00 1.327942922645722198e+10
5.972784506011953987e+00 1.308653886173751831e+10
6.032512351072073287e+00 1.264114159308983421e+10
6.092837474582792900e+00 1.280927902550629997e+10
6.153765849328621584e+00 1.276174586034815598e+10
6.215303507821907658e+00 1.249199070113576889e+10
6.277456542900125669e+00 1.222613835640990067e+10
6.340231108329128062e+00 1.179922896542233849e+10
6.403633419412418704e+00 1.095660463911176682e+10
6.467669753606543281e+00 9.815999169083206177e+09
6.532346451142608146e+00 9.142479767210485458e+09
6.597669915654034156e+00 8.237322860715148926e+09
6.663646614810574853e+00 7.955100286301296234e+09
6.730283080958680664e+00 8.165451145476619720e+09
6.797585911768267763e+00 7.675848568834988594e+09
6.865561770885950210e+00 7.540349779698509216e+09
6.934217388594810849e+00 7.480403829009757996e+09
7.003559562480758949e+00 7.458643948428813934e+09
7.073595158105566050e+00 7.055117979364885330e+09
7.144331109686621772e+00 6.972813732874875069e+09
7.215774420783487741e+00 6.868485723323261261e+09
7.287932164991324235e+00 6.660275983519982338e+09
7.360811486641236634e+00 6.409363195377859116e+09
7.434419601507648245e+00 6.221216830113608360e+09
7.508763797522725270e+00 6.097998130546756744e+09
7.583851435497953375e+00 5.784659110477035522e+09
7.659689949852931612e+00 5.743423002554151535e+09
7.736286849351461825e+00 5.458201592929916382e+09
7.813649717844977083e+00 5.516646363332255363e+09
7.891786215023426365e+00 4.965838554965552330e+09
7.970704077173661695e+00 5.014896893028962135e+09
8.050411117945397876e+00 4.835611498563704491e+09
8.130915229124850541e+00 4.686983103954004288e+09
8.212224381416099561e+00 4.553774935679462433e+09
8.294346625230261338e+00 4.386431177568621635e+09
8.377290091482562318e+00 4.273667090347882748e+09
8.461062992397387461e+00 4.190291403537418842e+09
8.545673622321363183e+00 4.091761497495300770e+09
8.631130358544575998e+00 4.048096454280646324e+09
8.717441662130022806e+00 3.885097608928009510e+09
8.804616078751321240e+00 3.781347569347349644e+09
8.892662239538834612e+00 3.771758464765210629e+09
8.981588861934222123e+00 3.590281008389291286e+09
9.071404750553567098e+00 3.552980964272796154e+09
9.162118798059102787e+00 3.486715306316870689e+09
9.253739986039693832e+00 3.344395284835427761e+09
9.346277385900089385e+00 3.311242680870900631e+09
9.439740159759089977e+00 3.162488896449844837e+09
9.534137561356683221e+00 3.153273675773070335e+09
9.629478936970249592e+00 2.976275466710453987e+09
9.725773726339950187e+00 2.949786421060417652e+09
9.823031463603349778e+00 2.869058637292793274e+09
9.921261778239381712e+00 2.705953159749422550e+09
1.002047439602177548e+01 2.675415581354335785e+09
1.012067913998199487e+01 2.565528741474203587e+09
1.022188593138181290e+01 2.505494288040479183e+09
1.032410479069563181e+01 2.376715794290381908e+09
1.042734583860258724e+01 2.280632845307552338e+09
1.053161929698861421e+01 2.226299102539960384e+09
1.063693548995849980e+01 2.153598071303507328e+09
1.074330484485808412e+01 2.074150920144637823e+09
1.085073789330666472e+01 2.018216372760845661e+09
1.095924527223973222e+01 1.886778960394617796e+09
1.106883772496212970e+01 1.827012200579774380e+09
1.117952610221174936e+01 1.762420482267009497e+09
1.129132136323386781e+01 1.699602868721197844e+09
1.140423457686620701e+01 1.656501271075914621e+09
1.151827692263487002e+01 1.572210562825711489e+09
1.163345969186121920e+01 1.520157092409870863e+09
1.174979428877982990e+01 1.414554174350090504e+09
1.186729223166762992e+01 1.383181068534429073e+09
1.198596515398430462e+01 1.353261007968889952e+09
1.210582480552414708e+01 1.279053428210399866e+09
1.222688305357938887e+01 1.249752829799928904e+09
1.234915188411518194e+01 1.197042190481721401e+09
1.247264340295633467e+01 1.119938212830526114e+09
1.259736983698589619e+01 1.089855649283334970e+09
1.272334353535575424e+01 1.060557042799524903e+09
1.285057697070931226e+01 1.016633969475241184e+09
1.297908274041640553e+01 9.609212507782881260e+08
1.310887356782057012e+01 9.503989206171658039e+08
1.323996230349877479e+01 8.883894051197113991e+08
1.337236192653376321e+01 8.672258010648765564e+08
1.350608554579910248e+01 8.189481167144854069e+08
1.364114640125709244e+01 8.078469745392020941e+08
1.377755786526966197e+01 7.612999156975928545e+08
1.391533344392236238e+01 7.468952834913617373e+08
1.405448677836158211e+01 7.162234053498586416e+08
1.419503164614519974e+01 6.681573224809213877e+08
1.433698196260665192e+01 6.584514304965627193e+08
1.448035178223271835e+01 6.233592751753407717e+08
1.462515530005504516e+01 6.000951943415646553e+08
1.477140685305559664e+01 5.945094778618974686e+08
1.491912092158615089e+01 5.450259935286448002e+08
1.506831213080201159e+01 5.428562800462412834e+08
1.521899525211003024e+01 5.248318199326933622e+08
1.537118520463113214e+01 4.974143073686916232e+08
1.552489705667744246e+01 4.794252523932326436e+08
1.568014602724421813e+01 4.637253405396444798e+08
1.583694748751665848e+01 4.510911295802794099e+08
1.599531696239182388e+01 4.290738933013902903e+08
1.615527013201574391e+01 4.084951567043228149e+08
1.631682283333590178e+01 4.036306603617013097e+08
1.647999106166925998e+01 3.796549441585002542e+08
1.664479097228595350e+01 3.623371750769789219e+08
1.681123888200881211e+01 3.627427252107322216e+08
1.697935127082889650e+01 3.525528599630630016e+08
1.714914478353718863e+01 3.246948287528762221e+08
1.732063623137256059e+01 3.104292288521338701e+08
1.749384259368628847e+01 3.094160502907918096e+08
1.766878101962314673e+01 2.893079015843229294e+08
1.784546882981938509e+01 2.854892977937937379e+08
1.802392351811757720e+01 2.762620451174773574e+08
1.820416275329875333e+01 2.618584460960099101e+08
1.838620438083173880e+01 2.561975618893896043e+08
1.857006642464005353e+01 2.333872762756243348e+08
1.875576708888645427e+01 2.341399939334326684e+08
1.894332475977532226e+01 2.262421798126994073e+08
1.913275800737307719e+01 2.215207498561623991e+08
1.969740769490774923e+01 1.936975938127995133e+08
2.068227807965313403e+01 1.606266408065931499e+08
2.171639198363579126e+01 1.334002942870487124e+08
2.280221158281758420e+01 1.124040613649901599e+08
2.394232216195846163e+01 9.284764846086794138e+07
2.513943827005638454e+01 7.680024048382042348e+07
2.639641018355920465e+01 6.432838953294078261e+07
2.771623069273716311e+01 5.323377969136646390e+07
2.910204222737402446e+01 4.443906937286358327e+07
3.055714433874272729e+01 3.592352149903035909e+07
3.208500155567985956e+01 3.075324456495336071e+07
3.368925163346385432e+01 2.474522656685319915e+07
3.537371421513704206e+01 2.020636321616569534e+07
3.714239992589390482e+01 1.697982466621407121e+07
3.899951992218858976e+01 1.423760424022350647e+07
4.094949591829801960e+01 1.149277836365095526e+07
4.299697071421292094e+01 9.615383800044657663e+06
4.514681924992356699e+01 8.005500688570057042e+06
4.740416021241974676e+01 6.673544936489242129e+06
4.977436822304073161e+01 5.488780510795406066e+06
5.226308663419276712e+01 4.557222140716796741e+06
5.487624096590241152e+01 3.801246839592463337e+06
5.762005301419753067e+01 3.137160247725792229e+06
6.050105566490740472e+01 2.643080470945870969e+06
6.352610844815276891e+01 2.143360951224731747e+06
6.670241387056040594e+01 1.809704228178086225e+06
7.003753456408843192e+01 1.515652082406966947e+06
7.353941129229284002e+01 1.225668172669260995e+06
7.721638185690748912e+01 1.035525257487030001e+06
8.107720094975286429e+01 8.443985023212076630e+05
8.513106099724051035e+01 7.019063809874686413e+05
8.938761404710253089e+01 6.136272658364389790e+05
9.385699474945765530e+01 4.931693976404677378e+05
