3.401114059005487245e-01 7.073556681462789917e+10
3.435125199595542300e-01 5.154886986429802704e+10
3.469476451591497201e-01 4.173968075375794220e+10
3.504171216107412334e-01 5.012191448017436981e+10
3.539212928268486436e-01 7.117596676325167847e+10
3.574605057551171750e-01 1.027587527509624786e+11
3.610351108126682584e-01 8.256117659571510315e+10
3.646454619207949999e-01 8.487544149383853149e+10
3.682919165400029282e-01 7.452859962580076599e+10
3.719748357054029064e-01 1.475140998179420166e+11
3.756945840624569266e-01 1.437971849887348022e+11
3.794515299030815081e-01 9.823608038654214478e+10
3.832460452021123065e-01 1.754544706954992676e+11
3.870785056541334312e-01 1.379754606671832275e+11
3.909492907106748016e-01 1.055112086645969238e+11
3.948587836177815391e-01 9.156005588296255493e+10
3.988073714539593917e-01 9.863614464381274414e+10
4.027954451684989667e-01 1.085328959284208374e+11
4.068233996201839342e-01 1.123783086238926392e+11
4.108916336163858096e-01 8.429460165949975586e+10
4.150005499525497021e-01 9.625005353146321106e+10
4.191505554520751908e-01 9.718685822884632874e+10
4.233420610065958822e-01 1.203244026233045654e+11
4.275754816166618122e-01 9.356734989773719788e+10
4.318512364328284114e-01 8.840523359706520081e+10
4.361697487971567533e-01 7.597753258911502075e+10
4.405314462851282475e-01 1.025564922915833282e+11
4.449367607479796094e-01 9.465678021796710205e+10
4.493861283554593800e-01 8.231020521982975769e+10
4.538799896390139921e-01 7.550985426235098267e+10
4.584187895354041031e-01 8.370601566660462952e+10
4.630029774307581336e-01 8.777777380520524597e+10
4.676330072050656761e-01 9.794516522525024414e+10
4.723093372771162701e-01 9.227497450376902771e+10
4.770324306498874289e-01 9.824965128576287842e+10
4.818027549563863032e-01 1.044375375405490417e+11
4.866207825059500891e-01 1.216041797764157257e+11
4.914869903310095656e-01 1.207081465833230286e+11
4.964018602343197584e-01 1.442964985988957520e+11
5.013658788366629482e-01 1.592629286568973999e+11
5.063795376250295188e-01 1.617942361831077881e+11
5.114433330012797541e-01 1.645615151669745483e+11
5.165577663312926893e-01 2.031720517124196472e+11
5.217233439946056262e-01 2.166812901564850159e+11
5.269405774345515825e-01 2.035410815333526001e+11
5.322099832088971194e-01 1.755441424713562012e+11
5.375320830409860973e-01 1.940136478196694946e+11
5.429074038713960215e-01 2.399161991306062927e+11
5.483364779101099762e-01 2.453916478086666870e+11
5.538198426892112503e-01 2.183516859196199951e+11
5.593580411161032107e-01 2.755229774234288330e+11
5.649516215272641917e-01 3.234560497611755981e+11
5.706011377425368458e-01 3.005842091744307251e+11
5.763071491199621699e-01 2.940778175925317993e+11
5.820702206111618704e-01 2.818348306797340698e+11
5.878909228172733981e-01 4.067552730196667480e+11
5.937698320454461998e-01 4.702558863063220215e+11
5.997075303659007428e-01 4.433693537091583252e+11
6.057046056695597480e-01 3.750863895935130005e+11
6.117616517262552955e-01 3.309418432350466309e+11
6.178792682435179096e-01 5.159736827923384399e+11
6.240580609259530620e-01 6.463812756598631592e+11
6.302986415352126448e-01 5.298875353511389771e+11
6.366016279505647413e-01 4.404446812410886230e+11
6.429676442300703565e-01 4.148024938380728149e+11
6.493973206723711034e-01 4.007579216567774048e+11
6.558912938790947278e-01 4.229425798109638672e+11
6.624502068178856895e-01 5.299396244613350220e+11
6.690747088860645730e-01 6.262209950228074951e+11
6.757654559749252110e-01 6.450391671769791260e+11
6.825231105346745153e-01 5.990739241419453125e+11
6.893483416400212338e-01 5.162721716840504150e+11
6.962418250564214039e-01 4.458895935087462158e+11
7.032042433069857212e-01 4.202255827789020386e+11
7.102362857400554841e-01 6.157807822899628906e+11
7.173386485974559967e-01 6.829696007948834229e+11
7.245120350834306500e-01 5.867840286582796631e+11
7.317571554342650053e-01 4.620740311328833618e+11
7.390747269886076554e-01 3.879542529417904663e+11
7.464654742584937441e-01 3.734972710952089844e+11
7.539301290010786971e-01 3.594813338382854004e+11
7.614694302910893775e-01 4.554424676613543701e+11
7.690841245940003290e-01 5.955927560731895752e+11
7.767749658399403234e-01 5.997722904690527344e+11
7.845427154983398710e-01 5.932425229450266113e+11
7.923881426533231354e-01 5.957320308751091309e+11
8.003120240798563545e-01 5.391796457895191040e+11
8.083151443206548770e-01 4.923392608913600464e+11
8.163982957638614701e-01 4.141112408947051392e+11
8.245622787215000082e-01 4.901082672855276489e+11
8.328079015087149761e-01 5.601011036063625488e+11
8.411359805238021181e-01 5.791574165094559326e+11
8.495473403290402237e-01 7.165634421067968750e+11
8.580428137323306004e-01 6.467702431638847656e+11
8.666232418696537820e-01 5.841066804058310547e+11
8.752894742883503554e-01 5.126157694597775269e+11
8.840423690312340099e-01 5.341871038808889160e+11
8.928827927215462479e-01 6.085947968732255859e+11
9.018116206487618580e-01 5.870347416006604004e+11
9.108297368552494833e-01 5.495550368937964478e+11
9.199380342238018260e-01 4.929584979853303833e+11
9.291374145660399320e-01 5.308480695982183228e+11
9.384287887117003235e-01 5.407457059360986938e+11
9.478130765988174167e-01 5.114626599234070435e+11
9.572912073648053299e-01 5.003383472914978638e+11
9.668641194384535176e-01 4.930097393299845581e+11
9.765327606328380039e-01 5.592075682322738037e+11
9.862980882391664261e-01 5.909061783999726562e+11
9.961610691215579960e-01 6.222199673907352295e+11
1.006122679812773590e+00 6.108566255814587402e+11
1.016183906610901300e+00 5.876944899375318604e+11
1.026345745677010202e+00 5.798168842165883789e+11
1.036609203133780355e+00 5.621890900472465820e+11
1.046975295165118336e+00 5.416079771685270996e+11
1.057445048116769204e+00 5.452139594010789185e+11
1.068019498597936989e+00 5.430640440961377563e+11
1.078699693583916597e+00 5.403684500100402222e+11
1.089486690519755552e+00 5.595521597722145996e+11
1.100381557424953138e+00 5.965801476975603027e+11
1.111385372999202481e+00 6.175615627397687988e+11
1.122499226729194666e+00 6.127572586347435303e+11
1.133724218996486455e+00 6.184841081813979492e+11
1.145061461186451135e+00 6.159164463132934570e+11
1.156512075798315831e+00 6.328009807898265381e+11
1.168077196556299047e+00 6.354596763929780273e+11
1.179757968521861988e+00 6.287062991525819092e+11
1.191555548207080761e+00 6.333990161285058594e+11
1.203471103689151889e+00 6.226601029661998291e+11
1.215505814726043354e+00 6.116884089427288818e+11
1.227660872873303610e+00 6.022370672697468262e+11
1.239937481602036762e+00 6.110786748038236084e+11
1.252336856418057032e+00 6.097359761449786377e+11
1.264860224982237824e+00 6.036738038408402100e+11
1.277508827232060051e+00 5.959137113214958496e+11
1.290283915504380818e+00 5.982525113552913818e+11
1.303186754659424462e+00 5.988352336476860352e+11
1.316218622206019040e+00 6.046680686370051270e+11
1.329380808428079153e+00 6.646988988880500488e+11
1.342674616512359975e+00 7.542067382967753906e+11
1.356101362677483380e+00 7.713601265583865967e+11
1.369662376304258355e+00 7.641754134529671631e+11
1.383359000067300837e+00 7.585568071924285889e+11
1.397192590067974027e+00 7.762334341949785156e+11
1.411164515968653665e+00 7.885650319246391602e+11
1.425276161128340213e+00 7.972510081566680908e+11
1.439528922739623740e+00 7.868082408870747070e+11
1.453924211967019708e+00 7.741307053555255127e+11
1.468463454086690101e+00 7.752902747794106445e+11
1.483148088627556760e+00 7.635146908513216553e+11
1.497979569513832487e+00 7.502317123032392578e+11
1.512959365208970564e+00 7.331925080597993164e+11
1.528088958861060442e+00 7.177612715081867676e+11
1.543369848449671178e+00 7.052437391052882080e+11
1.558803546934167894e+00 6.880180734977724609e+11
1.574391582403509737e+00 6.660148942733284912e+11
1.590135498227544852e+00 6.482762162342877197e+11
1.606036853209820148e+00 6.305951248867287598e+11
1.622097221741918505e+00 6.113557896395053711e+11
1.638318193959337421e+00 5.924494772225664062e+11
1.654701375898931071e+00 5.762581026061513672e+11
1.671248389657920441e+00 5.599169467633193359e+11
1.687960873554499530e+00 5.540446875334807129e+11
1.704840482290044701e+00 5.622713031692681885e+11
1.721888887112944966e+00 5.825327660318040771e+11
1.739107775984074289e+00 5.900069704254416504e+11
1.756498853743915012e+00 6.014104791138171387e+11
1.774063842281354608e+00 6.162910308939879150e+11
1.791804480704168201e+00 6.210830738676047363e+11
1.809722525511209934e+00 6.263202196428503418e+11
1.827819750766321860e+00 6.183831434932939453e+11
1.846097948273984990e+00 6.256408287000023193e+11
1.864558927756724938e+00 6.291600088638867188e+11
1.883204517034292147e+00 6.054165948844970703e+11
1.902036562204635128e+00 5.892670964958809814e+11
1.921056927826681582e+00 5.774529176285620117e+11
1.940267497104948502e+00 5.665081121386439209e+11
1.959670172075998140e+00 5.550055988501209717e+11
1.979266873796758031e+00 5.523087368329289551e+11
1.999059542534725509e+00 5.463616043676226807e+11
2.019050137960073155e+00 5.383686793857163086e+11
2.039240639339673589e+00 5.260437286026976318e+11
2.059633045733070489e+00 5.131415856506317749e+11
2.080229376190401158e+00 4.992413561554821167e+11
2.101031669952305059e+00 4.808965798604467163e+11
2.122041986651828083e+00 4.651444430988245850e+11
2.143262406518346097e+00 4.482549172331753540e+11
2.164695030583529967e+00 4.299873696973151855e+11
2.186341980889365377e+00 4.164277430121784668e+11
2.208205400698258991e+00 4.018253257186524048e+11
2.230287454705241146e+00 3.889424460666256104e+11
2.252590329252293522e+00 3.781604527112915649e+11
2.275116232544817318e+00 3.688887029780631104e+11
2.297867394870265034e+00 3.846560574689010010e+11
2.320846068818967822e+00 3.882252817900842896e+11
2.344054529507157536e+00 3.837678431242058716e+11
2.367495074802228761e+00 3.791098862588927612e+11
2.391170025550251044e+00 3.845996910573973389e+11
2.415081725805753532e+00 3.856456967048079834e+11
2.439232543063811764e+00 3.855314140097203369e+11
2.463624868494449949e+00 3.846124648127578735e+11
2.488261117179394244e+00 3.803784058839261475e+11
2.513143728351188155e+00 3.774896268914151001e+11
2.538275165634700237e+00 3.705199641066689453e+11
2.563657917291046751e+00 3.623279525243282471e+11
2.589294496463957262e+00 3.516221621944422607e+11
2.615187441428596937e+00 3.381516568938425903e+11
2.641339315842882840e+00 3.273008363040107422e+11
2.667752709001311562e+00 3.167107913089756470e+11
2.694430236091324815e+00 3.123661366897610474e+11
2.721374538452237868e+00 3.084052136620745850e+11
2.748588283836760127e+00 3.051057519975073242e+11
2.776074166675128296e+00 3.001136938487468872e+11
2.803834908341879206e+00 2.922051974217573242e+11
2.831873257425297830e+00 2.875920576312401123e+11
2.860191989999551154e+00 2.798956120799766846e+11
2.888793909899546541e+00 2.703401432783848877e+11
2.917681848998542549e+00 2.676886205522143860e+11
2.946858667488527761e+00 2.590252076459888611e+11
2.976327254163412928e+00 2.533904536545797729e+11
3.006090526705047061e+00 2.445533726187168274e+11
3.036151431972097470e+00 2.398381849444337769e+11
3.066512946291818587e+00 2.301766381641573181e+11
3.097178075754736692e+00 2.247021934095172119e+11
3.128149856512283833e+00 2.173008900171335144e+11
3.159431355077406689e+00 2.098722860652445679e+11
3.191025668628181045e+00 2.031802518743592529e+11
3.222935925314462935e+00 1.954369638857357178e+11
3.255165284567607564e+00 1.886066328542411804e+11
3.287716937413283524e+00 1.817894068376995239e+11
3.320594106787416067e+00 1.749866771354588318e+11
3.353800047855290511e+00 1.691266014149862671e+11
3.387338048333843332e+00 1.628288606174550781e+11
3.421211428817182210e+00 1.569898745224990540e+11
3.455423543105353712e+00 1.509846858258232727e+11
3.489977778536407005e+00 1.459566233542374573e+11
3.524877556321771355e+00 1.410139116567319641e+11
3.560126331884988726e+00 1.359121031152500000e+11
3.595727595203838334e+00 1.309215338908208466e+11
3.631684871155877570e+00 1.265735976532463226e+11
3.668001719867436616e+00 1.223106883761307831e+11
3.704681737066110259e+00 1.176728570502118378e+11
3.741728554436771326e+00 1.131618483944165649e+11
3.779145839981139510e+00 1.089637008866739044e+11
3.816937298380950860e+00 1.054825014429963379e+11
3.855106671364760818e+00 1.017487558198926239e+11
3.893657738078407426e+00 9.840081701209124756e+10
3.932594315459191581e+00 9.557900363183615112e+10
3.971920258613783616e+00 9.350307416634884644e+10
4.011639461199922430e+00 9.121516049868550110e+10
4.051755855811920881e+00 8.928792006777044678e+10
4.092273414370040108e+00 8.795110640479090881e+10
4.133196148513740731e+00 8.526146996262945557e+10
4.174528109998877135e+00 8.328833441492922974e+10
4.216273391098866341e+00 8.120537291885588074e+10
4.258436125009854578e+00 7.975078209116098022e+10
4.301020486259953479e+00 8.012157134860166931e+10
4.344030691122553023e+00 7.890880658323857117e+10
4.387470998033777825e+00 7.747107268012277222e+10
4.431345708014116092e+00 7.707395965507528687e+10
4.475659165094256764e+00 7.563573113512387085e+10
4.520415756745198799e+00 7.377327965858619690e+10
4.565619914312651240e+00 7.184730644630699158e+10
4.611276113455778258e+00 7.007199509334275818e+10
4.657388874590335348e+00 6.746395324097395325e+10
4.703962763336238417e+00 6.521232673637450409e+10
4.751002390969600420e+00 6.285261538040549469e+10
4.798512414879296806e+00 6.089862237075199890e+10
4.846497539028090884e+00 5.865132931944216919e+10
4.894962514418371491e+00 5.697927900262496948e+10
4.943912139562555375e+00 5.497056151041920471e+10
4.993351260958180937e+00 5.310353237314620972e+10
5.043284773567762613e+00 5.181944228534188080e+10
5.093717621303440524e+00 4.979437962055945587e+10
5.144654797516475142e+00 4.837080418180378723e+10
5.196101345491639378e+00 4.677079278690663910e+10
5.248062358946555150e+00 4.529914357887184906e+10
5.300542982536021519e+00 4.382449659438974762e+10
5.353548412361381459e+00 4.233055827426794434e+10
5.407083896484995655e+00 4.102856597077852631e+10
5.461154735449845532e+00 3.947560515302624512e+10
5.515766282804344556e+00 3.800292363911398315e+10
5.570923945632387131e+00 3.654210144366841125e+10
5.626633185088711464e+00 3.522821049480511475e+10
5.682899516939598605e+00 3.395968161653811646e+10
5.739728512108993819e+00 3.275201695129634476e+10
5.797125797230084032e+00 3.143674078719984818e+10
5.855097055202384659e+00 3.039818241447299194e+10
5.913648025754409510e+00 2.918249884648728943e+10
5.972784506011953987e+00 2.812083078754425812e+10
6.032512351072073287e+00 2.714277853793271637e+10
6.092837474582792900e+00 2.597901224117061234e+10
6.153765849328621584e+00 2.495070722340061951e+10
6.215303507821907658e+00 2.403198887791549683e+10
6.277456542900125669e+00 2.324854918781708145e+10
6.340231108329128062e+00 2.249884502353064346e+10
6.403633419412418704e+00 2.191825396717216110e+10
6.467669753606543281e+00 2.165511101552275085e+10
6.532346451142608146e+00 2.116971684783753204e+10
6.597669915654034156e+00 2.085168605879254913e+10
6.663646614810574853e+00 2.036877778617674255e+10
6.730283080958680664e+00 1.940912071422438812e+10
6.797585911768267763e+00 1.894515866295556641e+10
6.865561770885950210e+00 1.820617615894239426e+10
6.934217388594810849e+00 1.759212182531460190e+10
7.003559562480758949e+00 1.686986779079727173e+10
7.073595158105566050e+00 1.635111171004031754e+10
7.144331109686621772e+00 1.574346130713197136e+10
7.215774420783487741e+00 1.514075627474561119e+10
7.287932164991324235e+00 1.462441249005045700e+10
7.360811486641236634e+00 1.410957811276900101e+10
7.434419601507648245e+00 1.359986278455821037e+10
7.508763797522725270e+00 1.312382541438105202e+10
7.583851435497953375e+00 1.267591883713443565e+10
7.659689949852931612e+00 1.222415655566958809e+10
7.736286849351461825e+00 1.181445974930980301e+10
7.813649717844977083e+00 1.126896929357582474e+10
7.891786215023426365e+00 1.105884169704668427e+10
7.970704077173661695e+00 1.062312677785888672e+10
8.050411117945397876e+00 1.026313712708038712e+10
8.130915229124850541e+00 9.919497783885293961e+09
8.212224381416099561e+00 9.561991032676975250e+09
8.294346625230261338e+00 9.277218693993883133e+09
8.377290091482562318e+00 8.937504399245317459e+09
8.461062992397387461e+00 8.618057994487842560e+09
8.545673622321363183e+00 8.317013114854303360e+09
8.631130358544575998e+00 7.988689151070956230e+09
8.717441662130022806e+00 7.716296714942029953e+09
8.804616078751321240e+00 7.414059115352650642e+09
8.892662239538834612e+00 7.111813738400159836e+09
8.981588861934222123e+00 6.862530174243224144e+09
9.071404750553567098e+00 6.577222754731217384e+09
9.162118798059102787e+00 6.334699237268328667e+09
9.253739986039693832e+00 6.114459213968609810e+09
9.346277385900089385e+00 5.878957508970976830e+09
9.439740159759089977e+00 5.662565764347755432e+09
9.534137561356683221e+00 5.430254477015966415e+09
9.629478936970249592e+00 5.272498122307241440e+09
9.725773726339950187e+00 5.061869112727462769e+09
9.823031463603349778e+00 4.878387367390160561e+09
9.921261778239381712e+00 4.728219432915791512e+09
1.002047439602177548e+01 4.538773033885375977e+09
1.012067913998199487e+01 4.398893100450970650e+09
1.022188593138181290e+01 4.222093680975431919e+09
1.032410479069563181e+01 4.097917274787667274e+09
1.042734583860258724e+01 3.940720110239004135e+09
1.053161929698861421e+01 3.814062089440382481e+09
1.063693548995849980e+01 3.678962435069397449e+09
1.074330484485808412e+01 3.559623963621215820e+09
1.085073789330666472e+01 3.420799834654075146e+09
1.095924527223973222e+01 3.326112703184780598e+09
1.106883772496212970e+01 3.206944915886994839e+09
1.117952610221174936e+01 3.094703026478854179e+09
1.129132136323386781e+01 2.980473746537251472e+09
1.140423457686620701e+01 2.879763102803321838e+09
1.151827692263487002e+01 2.785797564266379356e+09
1.163345969186121920e+01 2.680986288418526173e+09
1.174979428877982990e+01 2.592206365320409298e+09
1.186729223166762992e+01 2.500032944656847000e+09
1.198596515398430462e+01 2.397307225487706661e+09
1.210582480552414708e+01 2.320755739282228947e+09
1.222688305357938887e+01 2.229962521989950657e+09
1.234915188411518194e+01 2.149139986440531731e+09
1.247264340295633467e+01 2.085691432420264959e+09
1.259736983698589619e+01 1.999807474753187895e+09
1.272334353535575424e+01 1.928785114801117420e+09
1.285057697070931226e+01 1.856050128783767939e+09
1.297908274041640553e+01 1.797954341490951777e+09
1.310887356782057012e+01 1.723706175732660055e+09
1.323996230349877479e+01 1.664447691596214294e+09
1.337236192653376321e+01 1.604002040131863117e+09
1.350608554579910248e+01 1.549344907886574268e+09
1.364114640125709244e+01 1.481678946920459986e+09
1.377755786526966197e+01 1.438119906075952768e+09
1.391533344392236238e+01 1.379632399033996344e+09
1.405448677836158211e+01 1.326681569484189510e+09
1.419503164614519974e+01 1.292868140820184231e+09
1.433698196260665192e+01 1.232896452566617489e+09
1.448035178223271835e+01 1.190452900056172848e+09
1.462515530005504516e+01 1.149898625710559368e+09
1.477140685305559664e+01 1.100237245144744635e+09
1.491912092158615089e+01 1.065409800946292758e+09
1.506831213080201159e+01 1.019158365105014086e+09
1.521899525211003024e+01 9.849327945040793419e+08
1.537118520463113214e+01 9.527084128024659157e+08
1.552489705667744246e+01 9.135545018487294912e+08
1.568014602724421813e+01 8.806566340144404173e+08
1.583694748751665848e+01 8.465799405071654320e+08
1.599531696239182388e+01 8.191941145315432549e+08
1.615527013201574391e+01 7.916310179698613882e+08
1.631682283333590178e+01 7.511740551421921253e+08
1.647999106166925998e+01 7.305971702177799940e+08
1.664479097228595350e+01 7.034093004657869339e+08
1.681123888200881211e+01 6.733014182929561138e+08
1.697935127082889650e+01 6.464678620609320402e+08
1.714914478353718863e+01 6.259812206280522346e+08
1.732063623137256059e+01 6.072579958666930199e+08
1.749384259368628847e+01 5.769287210154516697e+08
1.766878101962314673e+01 5.603926008214240074e+08
1.784546882981938509e+01 5.335951162727485895e+08
1.802392351811757720e+01 5.164581108450328112e+08
1.820416275329875333e+01 4.972266765326423049e+08
1.838620438083173880e+01 4.786204626316698790e+08
1.857006642464005353e+01 4.629559307346121669e+08
1.875576708888645427e+01 4.422048393593705297e+08
1.894332475977532226e+01 4.249745631075131893e+08
1.913275800737307719e+01 4.090151783256321549e+08
1.969740769490774923e+01 3.655082953373500109e+08
2.068227807965313403e+01 3.029188507965698838e+08
2.171639198363579126e+01 2.500624501856133938e+08
2.280221158281758420e+01 2.066886754069568515e+08
2.394232216195846163e+01 1.710651354282644987e+08
2.513943827005638454e+01 1.411877359702573717e+08
2.639641018355920465e+01 1.171836873453932405e+08
2.771623069273716311e+01 9.711418721922227740e+07
2.910204222737402446e+01 8.011872284201702476e+07
3.055714433874272729e+01 6.666798567579983920e+07
3.208500155567985956e+01 5.499183786005870253e+07
3.368925163346385432e+01 4.574562305389191210e+07
3.537371421513704206e+01 3.769161228982939571e+07
3.714239992589390482e+01 3.113554778840596229e+07
3.899951992218858976e+01 2.552840196350762248e+07
4.094949591829801960e+01 2.100661023638180271e+07
4.299697071421292094e+01 1.724882995750895143e+07
4.514681924992356699e+01 1.411467909701151587e+07
4.740416021241974676e+01 1.163020310048313998e+07
4.977436822304073161e+01 9.565818917008688673e+06
5.226308663419276712e+01 7.889875566000297666e+06
5.487624096590241152e+01 6.466145455024158582e+06
5.762005301419753067e+01 5.329960313150865026e+06
6.050105566490740472e+01 4.373963463655964471e+06
6.352610844815276891e+01 3.577807253379113041e+06
6.670241387056040594e+01 2.960049321853139438e+06
7.003753456408843192e+01 2.421794603945951443e+06
7.353941129229284002e+01 1.996117703375635203e+06
7.721638185690748912e+01 1.631133497405672679e+06
8.107720094975286429e+01 1.347542960997713963e+06
8.513106099724051035e+01 1.109851611381300492e+06
8.938761404710253089e+01 8.994523906586081721e+05
9.385699474945765530e+01 7.414883942710363772e+05
