3.401114059005487245e-01 8.471922563111726379e+10
3.435125199595542300e-01 6.431525726945281219e+10
3.469476451591497201e-01 5.173625817382797241e+10
3.504171216107412334e-01 6.118621107004559326e+10
3.539212928268486436e-01 8.692832311055105591e+10
3.574605057551171750e-01 1.302567601910221252e+11
3.610351108126682584e-01 1.036392083972981262e+11
3.646454619207949999e-01 1.060089097383290710e+11
3.682919165400029282e-01 9.378741640335418701e+10
3.719748357054029064e-01 1.827209334312470703e+11
3.756945840624569266e-01 1.786018471583062134e+11
3.794515299030815081e-01 1.230766997373308716e+11
3.832460452021123065e-01 2.184946164485760498e+11
3.870785056541334312e-01 1.690525261743423157e+11
3.909492907106748016e-01 1.301091151375865936e+11
3.948587836177815391e-01 1.212851664939890137e+11
3.988073714539593917e-01 1.261741886360355530e+11
4.027954451684989667e-01 1.446251226421803894e+11
4.068233996201839342e-01 1.452850835078273926e+11
4.108916336163858096e-01 1.024394899228130035e+11
4.150005499525497021e-01 1.234797577750287628e+11
4.191505554520751908e-01 1.221933359758026886e+11
4.233420610065958822e-01 1.409433109862279358e+11
4.275754816166618122e-01 1.152674118956366425e+11
4.318512364328284114e-01 1.061000425493093109e+11
4.361697487971567533e-01 8.878083949320745850e+10
4.405314462851282475e-01 1.217835777326765594e+11
4.449367607479796094e-01 1.108046099971637421e+11
4.493861283554593800e-01 9.441501463524069214e+10
4.538799896390139921e-01 8.498528048100781250e+10
4.584187895354041031e-01 9.240932451260124207e+10
4.630029774307581336e-01 9.348579058986999512e+10
4.676330072050656761e-01 1.051840313139786835e+11
4.723093372771162701e-01 9.888388443391680908e+10
4.770324306498874289e-01 9.915338259426135254e+10
4.818027549563863032e-01 1.038502915556556091e+11
4.866207825059500891e-01 1.262868497984546051e+11
4.914869903310095656e-01 1.314195623845659027e+11
4.964018602343197584e-01 1.524776241390491333e+11
5.013658788366629482e-01 1.654208546038924866e+11
5.063795376250295188e-01 1.711262590239104919e+11
5.114433330012797541e-01 1.762614126304766235e+11
5.165577663312926893e-01 2.114179339759938354e+11
5.217233439946056262e-01 2.290165721328346863e+11
5.269405774345515825e-01 2.117940970541011047e+11
5.322099832088971194e-01 1.777349908865980225e+11
5.375320830409860973e-01 1.964953863547001038e+11
5.429074038713960215e-01 2.470605828539487305e+11
5.483364779101099762e-01 2.387072334403540344e+11
5.538198426892112503e-01 2.091139068792136230e+11
5.593580411161032107e-01 2.654984875007085876e+11
5.649516215272641917e-01 3.055119081232551270e+11
5.706011377425368458e-01 2.811864985818356323e+11
5.763071491199621699e-01 2.755247971388114014e+11
5.820702206111618704e-01 2.638679095837775879e+11
5.878909228172733981e-01 3.806704108260634155e+11
5.937698320454461998e-01 4.381809860020983276e+11
5.997075303659007428e-01 4.142830842244596558e+11
6.057046056695597480e-01 3.509046750758203735e+11
6.117616517262552955e-01 3.169798602081662598e+11
6.178792682435179096e-01 4.856605174556279297e+11
6.240580609259530620e-01 6.112928146224509277e+11
6.302986415352126448e-01 4.991689156932404785e+11
6.366016279505647413e-01 4.197328014863342896e+11
6.429676442300703565e-01 3.999211385073742676e+11
6.493973206723711034e-01 3.870904697223538208e+11
6.558912938790947278e-01 4.051089007312977905e+11
6.624502068178856895e-01 5.027185409097844849e+11
6.690747088860645730e-01 5.904238850165113525e+11
6.757654559749252110e-01 6.060301576462652588e+11
6.825231105346745153e-01 5.656998739586561279e+11
6.893483416400212338e-01 4.883824649914926147e+11
6.962418250564214039e-01 4.322223906833094482e+11
7.032042433069857212e-01 4.093051108542512817e+11
7.102362857400554841e-01 5.894647343258723145e+11
7.173386485974559967e-01 6.543471768881905518e+11
7.245120350834306500e-01 5.610782613803006592e+11
7.317571554342650053e-01 4.487765235406740723e+11
7.390747269886076554e-01 3.849893874138610840e+11
7.464654742584937441e-01 3.766420537453204956e+11
7.539301290010786971e-01 3.633146872591149902e+11
7.614694302910893775e-01 4.478087802530226440e+11
7.690841245940003290e-01 5.784561634433659668e+11
7.767749658399403234e-01 5.774918434990428467e+11
7.845427154983398710e-01 5.724410162522093506e+11
7.923881426533231354e-01 5.842001065118811035e+11
8.003120240798563545e-01 5.312632019381817627e+11
8.083151443206548770e-01 4.961983330818637085e+11
8.163982957638614701e-01 4.161378078835392456e+11
8.245622787215000082e-01 4.852597908142664185e+11
8.328079015087149761e-01 5.560943739410769043e+11
8.411359805238021181e-01 5.703244153237749023e+11
8.495473403290402237e-01 6.982950624745799561e+11
8.580428137323306004e-01 6.390258571873652344e+11
8.666232418696537820e-01 5.887356498857199707e+11
8.752894742883503554e-01 5.179604964631727295e+11
8.840423690312340099e-01 5.392847138520397949e+11
8.928827927215462479e-01 5.995564564752338867e+11
9.018116206487618580e-01 5.848580131200599365e+11
9.108297368552494833e-01 5.532884892836813965e+11
9.199380342238018260e-01 4.936903520126588135e+11
9.291374145660399320e-01 5.342663050865997925e+11
9.384287887117003235e-01 5.470333043006076660e+11
9.478130765988174167e-01 5.156845161785650024e+11
9.572912073648053299e-01 5.058549621146397705e+11
9.668641194384535176e-01 4.992724419028179932e+11
9.765327606328380039e-01 5.630144663024702148e+11
9.862980882391664261e-01 5.928325239938787842e+11
9.961610691215579960e-01 6.247049638298939209e+11
1.006122679812773590e+00 6.159337239163669434e+11
1.016183906610901300e+00 5.936626933117950439e+11
1.026345745677010202e+00 5.856174602521721191e+11
1.036609203133780355e+00 5.689915062012131348e+11
1.046975295165118336e+00 5.465133894122020874e+11
1.057445048116769204e+00 5.505910480827200928e+11
1.068019498597936989e+00 5.484321995625543823e+11
1.078699693583916597e+00 5.443479548121677856e+11
1.089486690519755552e+00 5.650380885581563721e+11
1.100381557424953138e+00 6.024950388770416260e+11
1.111385372999202481e+00 6.241449527078297119e+11
1.122499226729194666e+00 6.199736670841514893e+11
1.133724218996486455e+00 6.278300953849561768e+11
1.145061461186451135e+00 6.262484558815908203e+11
1.156512075798315831e+00 6.454639965076593018e+11
1.168077196556299047e+00 6.481654741900867920e+11
1.179757968521861988e+00 6.397876976518905029e+11
1.191555548207080761e+00 6.448775209127429199e+11
1.203471103689151889e+00 6.322875621401544189e+11
1.215505814726043354e+00 6.201612856201451416e+11
1.227660872873303610e+00 6.093694652131569824e+11
1.239937481602036762e+00 6.182337350591439209e+11
1.252336856418057032e+00 6.159156693626926270e+11
1.264860224982237824e+00 6.088870470867584229e+11
1.277508827232060051e+00 5.993892546128516846e+11
1.290283915504380818e+00 6.029528856773944092e+11
1.303186754659424462e+00 6.036407605906325684e+11
1.316218622206019040e+00 6.102963642264931641e+11
1.329380808428079153e+00 6.740000842458292236e+11
1.342674616512359975e+00 7.661491526414627686e+11
1.356101362677483380e+00 7.847269413056539307e+11
1.369662376304258355e+00 7.788470928264252930e+11
1.383359000067300837e+00 7.730311851916911621e+11
1.397192590067974027e+00 7.902684537510737305e+11
1.411164515968653665e+00 8.024453996746882324e+11
1.425276161128340213e+00 8.114434282147916260e+11
1.439528922739623740e+00 8.006667605778415527e+11
1.453924211967019708e+00 7.881641267133438721e+11
1.468463454086690101e+00 7.891920430120462646e+11
1.483148088627556760e+00 7.772261313926044922e+11
1.497979569513832487e+00 7.642235420058945312e+11
1.512959365208970564e+00 7.466971727821076660e+11
1.528088958861060442e+00 7.313404314262624512e+11
1.543369848449671178e+00 7.185323616784541016e+11
1.558803546934167894e+00 7.011016473873839111e+11
1.574391582403509737e+00 6.783926527170732422e+11
1.590135498227544852e+00 6.603789045922177734e+11
1.606036853209820148e+00 6.413812826891326904e+11
1.622097221741918505e+00 6.212505886770389404e+11
1.638318193959337421e+00 6.010209487537844238e+11
1.654701375898931071e+00 5.838163910034661865e+11
1.671248389657920441e+00 5.662594121146605225e+11
1.687960873554499530e+00 5.601382690701770020e+11
1.704840482290044701e+00 5.689620041031563721e+11
1.721888887112944966e+00 5.904769608261145020e+11
1.739107775984074289e+00 5.978638630817059326e+11
1.756498853743915012e+00 6.094167057160612793e+11
1.774063842281354608e+00 6.242515133946846924e+11
1.791804480704168201e+00 6.288554181881976318e+11
1.809722525511209934e+00 6.339201292499997559e+11
1.827819750766321860e+00 6.259332403124182129e+11
1.846097948273984990e+00 6.328058449587519531e+11
1.864558927756724938e+00 6.357193703933653564e+11
1.883204517034292147e+00 6.123831548956417236e+11
1.902036562204635128e+00 5.964330410747645264e+11
1.921056927826681582e+00 5.847436123316964111e+11
1.940267497104948502e+00 5.735121389910230713e+11
1.959670172075998140e+00 5.616058292701030273e+11
1.979266873796758031e+00 5.588769271905516357e+11
1.999059542534725509e+00 5.523576405168482666e+11
2.019050137960073155e+00 5.442308789091154175e+11
2.039240639339673589e+00 5.319624726015108032e+11
2.059633045733070489e+00 5.193674107391477051e+11
2.080229376190401158e+00 5.054801689257034912e+11
2.101031669952305059e+00 4.872513808629976196e+11
2.122041986651828083e+00 4.715173713478457642e+11
2.143262406518346097e+00 4.545283217114574585e+11
2.164695030583529967e+00 4.359367016894876099e+11
2.186341980889365377e+00 4.220137004736572266e+11
2.208205400698258991e+00 4.069169602102913818e+11
2.230287454705241146e+00 3.935306564164774780e+11
2.252590329252293522e+00 3.823365521768750000e+11
2.275116232544817318e+00 3.727100973828302612e+11
2.297867394870265034e+00 3.892581908016148071e+11
2.320846068818967822e+00 3.931963521751124878e+11
2.344054529507157536e+00 3.887573750933106079e+11
2.367495074802228761e+00 3.838873455762817993e+11
2.391170025550251044e+00 3.895876717159692993e+11
2.415081725805753532e+00 3.902483870920576172e+11
2.439232543063811764e+00 3.894466563864328613e+11
2.463624868494449949e+00 3.880774758009420166e+11
2.488261117179394244e+00 3.836233502757732544e+11
2.513143728351188155e+00 3.801004487404736938e+11
2.538275165634700237e+00 3.726658808601098022e+11
2.563657917291046751e+00 3.641921179234562378e+11
2.589294496463957262e+00 3.534922614400216675e+11
2.615187441428596937e+00 3.401552239722633667e+11
2.641339315842882840e+00 3.293912060250264893e+11
2.667752709001311562e+00 3.188781457798424072e+11
2.694430236091324815e+00 3.142279300253325806e+11
2.721374538452237868e+00 3.098878118250078735e+11
2.748588283836760127e+00 3.062498133346807251e+11
2.776074166675128296e+00 3.010634509806110840e+11
2.803834908341879206e+00 2.930968254997169189e+11
2.831873257425297830e+00 2.882976594870034180e+11
2.860191989999551154e+00 2.806343997990113525e+11
2.888793909899546541e+00 2.711844228200710449e+11
2.917681848998542549e+00 2.682472752964659119e+11
2.946858667488527761e+00 2.596478349952041016e+11
2.976327254163412928e+00 2.539174023023953247e+11
3.006090526705047061e+00 2.451841531554911194e+11
3.036151431972097470e+00 2.403226623268529968e+11
3.066512946291818587e+00 2.308550374061834106e+11
3.097178075754736692e+00 2.252980713033687744e+11
3.128149856512283833e+00 2.179734423372060852e+11
3.159431355077406689e+00 2.106266210666799011e+11
3.191025668628181045e+00 2.039403528442144165e+11
3.222935925314462935e+00 1.963594475127956238e+11
3.255165284567607564e+00 1.895849011096081543e+11
3.287716937413283524e+00 1.828570075609060364e+11
3.320594106787416067e+00 1.761253489715538330e+11
3.353800047855290511e+00 1.702878593940599365e+11
3.387338048333843332e+00 1.640286085405162659e+11
3.421211428817182210e+00 1.582172004563117981e+11
3.455423543105353712e+00 1.522129283254627686e+11
3.489977778536407005e+00 1.471789309939792786e+11
3.524877556321771355e+00 1.422109189047698669e+11
3.560126331884988726e+00 1.370802597618700867e+11
3.595727595203838334e+00 1.320772436528754730e+11
3.631684871155877570e+00 1.276894499619109192e+11
3.668001719867436616e+00 1.233835138251303558e+11
3.704681737066110259e+00 1.187158946690357971e+11
3.741728554436771326e+00 1.141429180776691437e+11
3.779145839981139510e+00 1.098800377773301544e+11
3.816937298380950860e+00 1.063443465223105011e+11
3.855106671364760818e+00 1.025701886873455963e+11
3.893657738078407426e+00 9.916806507821682739e+10
3.932594315459191581e+00 9.632588165597113037e+10
3.971920258613783616e+00 9.424573679822186279e+10
4.011639461199922430e+00 9.193187689589953613e+10
4.051755855811920881e+00 8.998758850893342590e+10
4.092273414370040108e+00 8.862040414534895325e+10
4.133196148513740731e+00 8.589949689744851685e+10
4.174528109998877135e+00 8.390299089121311951e+10
4.216273391098866341e+00 8.182812288962739563e+10
4.258436125009854578e+00 8.034532069405790710e+10
4.301020486259953479e+00 8.093043287846929932e+10
4.344030691122553023e+00 7.973425264925994873e+10
4.387470998033777825e+00 7.838534561827444458e+10
4.431345708014116092e+00 7.796879144460858154e+10
4.475659165094256764e+00 7.660151280901243591e+10
4.520415756745198799e+00 7.470473251750793457e+10
4.565619914312651240e+00 7.275031701346343994e+10
4.611276113455778258e+00 7.097500429131472778e+10
4.657388874590335348e+00 6.826234257335572815e+10
4.703962763336238417e+00 6.598875625679531097e+10
4.751002390969600420e+00 6.356788152103305817e+10
4.798512414879296806e+00 6.158220272067053986e+10
4.846497539028090884e+00 5.925224574368630981e+10
4.894962514418371491e+00 5.755966505633383179e+10
4.943912139562555375e+00 5.550975722656893921e+10
4.993351260958180937e+00 5.361167431446422577e+10
5.043284773567762613e+00 5.230240065700905609e+10
5.093717621303440524e+00 5.023242306643358612e+10
5.144654797516475142e+00 4.879592195987345123e+10
5.196101345491639378e+00 4.714448834199583435e+10
5.248062358946555150e+00 4.566490755712905121e+10
5.300542982536021519e+00 4.416330470673012543e+10
5.353548412361381459e+00 4.261904321046368408e+10
5.407083896484995655e+00 4.128444065684365082e+10
5.461154735449845532e+00 3.973303489922238922e+10
5.515766282804344556e+00 3.823603537590520477e+10
5.570923945632387131e+00 3.676697766229503632e+10
5.626633185088711464e+00 3.545493502842582703e+10
5.682899516939598605e+00 3.416328424148391342e+10
5.739728512108993819e+00 3.295874686368447876e+10
5.797125797230084032e+00 3.162438499482923889e+10
5.855097055202384659e+00 3.056413056286138916e+10
5.913648025754409510e+00 2.934242151916064835e+10
5.972784506011953987e+00 2.826664561603768539e+10
6.032512351072073287e+00 2.727959511160170364e+10
6.092837474582792900e+00 2.611936720963626480e+10
6.153765849328621584e+00 2.508443566102142715e+10
6.215303507821907658e+00 2.416188388326887894e+10
6.277456542900125669e+00 2.337025625725924683e+10
6.340231108329128062e+00 2.261083559318595505e+10
6.403633419412418704e+00 2.201601674517388153e+10
6.467669753606543281e+00 2.172395978091385651e+10
6.532346451142608146e+00 2.122010372305775833e+10
6.597669915654034156e+00 2.087559187154883957e+10
6.663646614810574853e+00 2.037421126033916092e+10
6.730283080958680664e+00 1.943167676312392807e+10
6.797585911768267763e+00 1.895511025588383484e+10
6.865561770885950210e+00 1.821822523832618332e+10
6.934217388594810849e+00 1.760419544802029037e+10
7.003559562480758949e+00 1.688936808499189186e+10
7.073595158105566050e+00 1.636636339626616096e+10
7.144331109686621772e+00 1.576042684459744644e+10
7.215774420783487741e+00 1.516086407602791786e+10
7.287932164991324235e+00 1.464262368153874397e+10
7.360811486641236634e+00 1.412978268409059906e+10
7.434419601507648245e+00 1.361961519479784775e+10
7.508763797522725270e+00 1.314194859324511909e+10
7.583851435497953375e+00 1.269395386208960915e+10
7.659689949852931612e+00 1.224061823493359375e+10
7.736286849351461825e+00 1.183040945982260132e+10
7.813649717844977083e+00 1.129315548555031586e+10
7.891786215023426365e+00 1.107124662444101334e+10
7.970704077173661695e+00 1.063733650747933578e+10
8.050411117945397876e+00 1.027665385817019272e+10
8.130915229124850541e+00 9.929900506058319092e+09
8.212224381416099561e+00 9.572844365360639572e+09
8.294346625230261338e+00 9.284154022134298325e+09
8.377290091482562318e+00 8.944424073303623199e+09
8.461062992397387461e+00 8.625777462524959564e+09
8.545673622321363183e+00 8.323025011272778511e+09
8.631130358544575998e+00 7.996343049275311470e+09
8.717441662130022806e+00 7.723683683714477539e+09
8.804616078751321240e+00 7.422629559192530632e+09
8.892662239538834612e+00 7.122213370796145439e+09
8.981588861934222123e+00 6.872984698763551712e+09
9.071404750553567098e+00 6.590056747541194916e+09
9.162118798059102787e+00 6.347160580151552200e+09
9.253739986039693832e+00 6.126823598393454552e+09
9.346277385900089385e+00 5.891226164240668297e+09
9.439740159759089977e+00 5.675384021736343384e+09
9.534137561356683221e+00 5.444136136025530815e+09
9.629478936970249592e+00 5.283312302574092865e+09
9.725773726339950187e+00 5.073872141525736809e+09
9.823031463603349778e+00 4.889768480456606865e+09
9.921261778239381712e+00 4.738051877441583633e+09
1.002047439602177548e+01 4.549731875389318466e+09
1.012067913998199487e+01 4.407791182111382484e+09
1.022188593138181290e+01 4.232085480993562222e+09
1.032410479069563181e+01 4.105861631567307949e+09
1.042734583860258724e+01 3.949062012818668365e+09
1.053161929698861421e+01 3.821083856880519867e+09
1.063693548995849980e+01 3.685647148626523495e+09
1.074330484485808412e+01 3.565274948344469547e+09
1.085073789330666472e+01 3.426834186107766151e+09
1.095924527223973222e+01 3.330083454139622688e+09
1.106883772496212970e+01 3.210989060109395981e+09
1.117952610221174936e+01 3.098467480590200901e+09
1.129132136323386781e+01 2.983762703492758274e+09
1.140423457686620701e+01 2.882992658009461880e+09
1.151827692263487002e+01 2.788033347517723560e+09
1.163345969186121920e+01 2.683190482194995403e+09
1.174979428877982990e+01 2.594143341138105392e+09
1.186729223166762992e+01 2.501555292091139317e+09
1.198596515398430462e+01 2.399247757327444553e+09
1.210582480552414708e+01 2.322593805832041740e+09
1.222688305357938887e+01 2.231683401974413395e+09
1.234915188411518194e+01 2.150812479651505947e+09
1.247264340295633467e+01 2.086808655072430849e+09
1.259736983698589619e+01 2.001533499048029184e+09
1.272334353535575424e+01 1.930114688160547972e+09
1.285057697070931226e+01 1.857448271503865957e+09
1.297908274041640553e+01 1.798906419329622507e+09
1.310887356782057012e+01 1.724835338826696873e+09
1.323996230349877479e+01 1.665418511956447840e+09
1.337236192653376321e+01 1.604907864993118048e+09
1.350608554579910248e+01 1.550193524225250006e+09
1.364114640125709244e+01 1.483159579997010469e+09
1.377755786526966197e+01 1.438754303336892843e+09
1.391533344392236238e+01 1.380541331506923676e+09
1.405448677836158211e+01 1.327512405321408510e+09
1.419503164614519974e+01 1.293052483709672689e+09
1.433698196260665192e+01 1.233864625548799992e+09
1.448035178223271835e+01 1.191086292312416077e+09
1.462515530005504516e+01 1.150343073053781509e+09
1.477140685305559664e+01 1.100965272321196318e+09
1.491912092158615089e+01 1.065835656210003138e+09
1.506831213080201159e+01 1.019856502033805013e+09
1.521899525211003024e+01 9.853705074443814754e+08
1.537118520463113214e+01 9.530502583885862827e+08
1.552489705667744246e+01 9.142476404724733829e+08
1.568014602724421813e+01 8.811469802895461321e+08
1.583694748751665848e+01 8.470721039718953371e+08
1.599531696239182388e+01 8.193953243171076775e+08
1.615527013201574391e+01 7.917642709008167982e+08
1.631682283333590178e+01 7.518084112798531055e+08
1.647999106166925998e+01 7.308871366648849249e+08
1.664479097228595350e+01 7.036758041247714758e+08
1.681123888200881211e+01 6.738823516761190891e+08
1.697935127082889650e+01 6.471408416347099543e+08
1.714914478353718863e+01 6.264670864613611698e+08
1.732063623137256059e+01 6.074589878616113663e+08
1.749384259368628847e+01 5.772989580682376623e+08
1.766878101962314673e+01 5.605835078109025955e+08
1.784546882981938509e+01 5.341453714542890191e+08
1.802392351811757720e+01 5.168061195534432530e+08
1.820416275329875333e+01 4.976567738690394759e+08
1.838620438083173880e+01 4.790154796692653298e+08
1.857006642464005353e+01 4.632038779688398242e+08
1.875576708888645427e+01 4.426158248417589068e+08
1.894332475977532226e+01 4.253926453685900569e+08
1.913275800737307719e+01 4.095004724844868183e+08
1.969740769490774923e+01 3.658882701430155039e+08
2.068227807965313403e+01 3.032092256990066171e+08
2.171639198363579126e+01 2.503609416920955777e+08
2.280221158281758420e+01 2.069479164298912883e+08
2.394232216195846163e+01 1.712921213895826936e+08
2.513943827005638454e+01 1.413862438790259361e+08
2.639641018355920465e+01 1.173305404957346767e+08
2.771623069273716311e+01 9.721740599948091805e+07
2.910204222737402446e+01 8.021268497471934557e+07
3.055714433874272729e+01 6.672206430581286550e+07
3.208500155567985956e+01 5.503945603210201859e+07
3.368925163346385432e+01 4.576950220690359920e+07
3.537371421513704206e+01 3.772157314156262577e+07
3.714239992589390482e+01 3.116162494487993419e+07
3.899951992218858976e+01 2.555668068177273497e+07
4.094949591829801960e+01 2.103936521848962083e+07
4.299697071421292094e+01 1.728056996051126719e+07
4.514681924992356699e+01 1.414729582247788832e+07
4.740416021241974676e+01 1.165864558626115508e+07
4.977436822304073161e+01 9.590473544815650210e+06
5.226308663419276712e+01 7.910909749641300179e+06
5.487624096590241152e+01 6.486052823825928383e+06
5.762005301419753067e+01 5.346402975577960722e+06
6.050105566490740472e+01 4.388554300521953963e+06
6.352610844815276891e+01 3.591164204346794169e+06
6.670241387056040594e+01 2.970018618191700429e+06
7.003753456408843192e+01 2.430883535830610432e+06
7.353941129229284002e+01 2.004400889590319013e+06
7.721638185690748912e+01 1.637881666876963107e+06
8.107720094975286429e+01 1.353366329765162198e+06
8.513106099724051035e+01 1.114676108308208641e+06
8.938761404710253089e+01 9.035429445602747146e+05
9.385699474945765530e+01 7.447668391003197758e+05
