3.401114059005487245e-01 7.125706945761736631e+08
3.435125199595542300e-01 5.502243501666628122e+08
3.469476451591497201e-01 8.303792444443259239e+08
3.504171216107412334e-01 1.368249406128558159e+09
3.539212928268486436e-01 1.654256080893029213e+09
3.574605057551171750e-01 8.375514138770622015e+08
3.610351108126682584e-01 1.249987114301135778e+09
3.646454619207949999e-01 2.011239005753535509e+09
3.682919165400029282e-01 2.628377153467215061e+09
3.719748357054029064e-01 1.078600000300884008e+09
3.756945840624569266e-01 1.311453870251358032e+09
3.794515299030815081e-01 2.517107948621378899e+09
3.832460452021123065e-01 1.133670712414149284e+09
3.870785056541334312e-01 1.307108377288228273e+09
3.909492907106748016e-01 1.885458652944896936e+09
3.948587836177815391e-01 1.222159358872444391e+09
3.988073714539593917e-01 2.506719640291790962e+09
4.027954451684989667e-01 1.703278017317634583e+09
4.068233996201839342e-01 1.856136760528835535e+09
4.108916336163858096e-01 4.026530795638028145e+09
4.150005499525497021e-01 3.959971562698561192e+09
4.191505554520751908e-01 4.043598454685540676e+09
4.233420610065958822e-01 3.260035799686881542e+09
4.275754816166618122e-01 3.769463858903251648e+09
4.318512364328284114e-01 5.111997596271411896e+09
4.361697487971567533e-01 7.175225621324225426e+09
4.405314462851282475e-01 6.407981775850736618e+09
4.449367607479796094e-01 7.140359847164229393e+09
4.493861283554593800e-01 9.351472830353513718e+09
4.538799896390139921e-01 8.596232052502738953e+09
4.584187895354041031e-01 8.547396611669904709e+09
4.630029774307581336e-01 7.792090181148591995e+09
4.676330072050656761e-01 6.767933615798998833e+09
4.723093372771162701e-01 4.708514949584473610e+09
4.770324306498874289e-01 2.974504910432314873e+09
4.818027549563863032e-01 2.447265709239813805e+09
4.866207825059500891e-01 1.687771258165107965e+09
4.914869903310095656e-01 1.225840765074819326e+09
4.964018602343197584e-01 8.189889889180942774e+08
5.013658788366629482e-01 5.195541192781037092e+08
5.063795376250295188e-01 4.014260791002870202e+08
5.114433330012797541e-01 3.625666188653768897e+08
5.165577663312926893e-01 2.907862622726541162e+08
5.217233439946056262e-01 3.786502667440562248e+08
5.269405774345515825e-01 3.997379376248769760e+08
5.322099832088971194e-01 3.887499828281375170e+08
5.375320830409860973e-01 3.657771717992348671e+08
5.429074038713960215e-01 3.156303075577244163e+08
5.483364779101099762e-01 3.178229439727929831e+08
5.538198426892112503e-01 3.128955879183498621e+08
5.593580411161032107e-01 2.681690883667453527e+08
5.649516215272641917e-01 2.764094154664697647e+08
5.706011377425368458e-01 2.512759604264320433e+08
5.763071491199621699e-01 2.315002634023768306e+08
5.820702206111618704e-01 2.090938728306566179e+08
5.878909228172733981e-01 1.075882325877683312e+08
5.937698320454461998e-01 1.712786045145518482e+08
5.997075303659007428e-01 1.964024186510690749e+08
6.057046056695597480e-01 2.177025024174658358e+08
6.117616517262552955e-01 2.164751598991636634e+08
6.178792682435179096e-01 2.228481591746806800e+08
6.240580609259530620e-01 2.297750159986969829e+08
6.302986415352126448e-01 2.476838265219443440e+08
6.366016279505647413e-01 2.608410008510420620e+08
6.429676442300703565e-01 2.691395039409309626e+08
6.493973206723711034e-01 2.826878466041039228e+08
6.558912938790947278e-01 3.097824037215341926e+08
6.624502068178856895e-01 3.280587811981302500e+08
6.690747088860645730e-01 3.368138702938101292e+08
6.757654559749252110e-01 3.521087712673935890e+08
6.825231105346745153e-01 3.495683762878513932e+08
6.893483416400212338e-01 3.189376015170867443e+08
6.962418250564214039e-01 3.033935864261687994e+08
7.032042433069857212e-01 2.931212670907320380e+08
7.102362857400554841e-01 2.803388016871548295e+08
7.173386485974559967e-01 2.428054347410993278e+08
7.245120350834306500e-01 2.295410458064510226e+08
7.317571554342650053e-01 2.065303589154382348e+08
7.390747269886076554e-01 1.833810157541093230e+08
7.464654742584937441e-01 1.632997930721678734e+08
7.539301290010786971e-01 1.374398458610409498e+08
7.614694302910893775e-01 9.808569809466122091e+07
7.690841245940003290e-01 3.737014216226612031e+07
7.767749658399403234e-01 9.996693462702615559e+07
7.845427154983398710e-01 1.350816519184124470e+08
7.923881426533231354e-01 1.653642623777852356e+08
8.003120240798563545e-01 1.971123690517354012e+08
8.083151443206548770e-01 2.171324087419264615e+08
8.163982957638614701e-01 2.372684554563516080e+08
8.245622787215000082e-01 2.777630471638631821e+08
8.328079015087149761e-01 3.134193753921039104e+08
8.411359805238021181e-01 3.361111741961240768e+08
8.495473403290402237e-01 3.887159446617406011e+08
8.580428137323306004e-01 4.497684433690453768e+08
8.666232418696537820e-01 5.005653615136645436e+08
8.752894742883503554e-01 5.511428913606650829e+08
8.840423690312340099e-01 5.241092388086376190e+08
8.928827927215462479e-01 3.562938592633932829e+08
9.018116206487618580e-01 3.937944736375452280e+08
9.108297368552494833e-01 5.788709141585214138e+08
9.199380342238018260e-01 6.823574163996779919e+08
9.291374145660399320e-01 4.996016433822632432e+08
9.384287887117003235e-01 5.005510587647777796e+08
9.478130765988174167e-01 5.674370143770930767e+08
9.572912073648053299e-01 5.860895467398000956e+08
9.668641194384535176e-01 6.615176062354037762e+08
9.765327606328380039e-01 7.328048364643263817e+08
9.862980882391664261e-01 8.291924521034545898e+08
9.961610691215579960e-01 9.328019321524839401e+08
1.006122679812773590e+00 1.092898881557746172e+09
1.016183906610901300e+00 1.405155428659160137e+09
1.026345745677010202e+00 1.702486444038910151e+09
1.036609203133780355e+00 2.091048975315185308e+09
1.046975295165118336e+00 2.450724359402053833e+09
1.057445048116769204e+00 2.733761730900338173e+09
1.068019498597936989e+00 2.857668267031352043e+09
1.078699693583916597e+00 2.893801962616014004e+09
1.089486690519755552e+00 2.330701704292021275e+09
1.100381557424953138e+00 1.521841636168885231e+09
1.111385372999202481e+00 9.940000004467015266e+08
1.122499226729194666e+00 7.361790475289006233e+08
1.133724218996486455e+00 7.447359392812576294e+08
1.145061461186451135e+00 7.552995915433353186e+08
1.156512075798315831e+00 3.615031405440214276e+08
1.168077196556299047e+00 5.654809059299689531e+08
1.179757968521861988e+00 5.685748924683284760e+08
1.191555548207080761e+00 1.121680113707710028e+09
1.203471103689151889e+00 1.933180989668264866e+09
1.215505814726043354e+00 3.162532591680492401e+09
1.227660872873303610e+00 4.377590111223976135e+09
1.239937481602036762e+00 5.325574721733401299e+09
1.252336856418057032e+00 6.288104688178834915e+09
1.264860224982237824e+00 6.528759182098405838e+09
1.277508827232060051e+00 6.074792084923968315e+09
1.290283915504380818e+00 5.251351495550691605e+09
1.303186754659424462e+00 4.374204236083110809e+09
1.316218622206019040e+00 3.432275957314765453e+09
1.329380808428079153e+00 1.760377589085326910e+09
1.342674616512359975e+00 7.405226224228966236e+08
1.356101362677483380e+00 3.619013268875299096e+08
1.369662376304258355e+00 3.986830412463528514e+08
1.383359000067300837e+00 3.198904480489260554e+08
1.397192590067974027e+00 2.987560129329903722e+08
1.411164515968653665e+00 4.045794407917995453e+08
1.425276161128340213e+00 5.186983744129877090e+08
1.439528922739623740e+00 7.615015789750198126e+08
1.453924211967019708e+00 1.350775839858591318e+09
1.468463454086690101e+00 1.712459262324636698e+09
1.483148088627556760e+00 2.238084018301705837e+09
1.497979569513832487e+00 3.044968501275879383e+09
1.512959365208970564e+00 3.979053450080779552e+09
1.528088958861060442e+00 5.180117022772583961e+09
1.543369848449671178e+00 6.463152862152858734e+09
1.558803546934167894e+00 7.277584752283032417e+09
1.574391582403509737e+00 8.126925679859290123e+09
1.590135498227544852e+00 7.226227162167198181e+09
1.606036853209820148e+00 3.723890739736042500e+09
1.622097221741918505e+00 1.515225276077217102e+09
1.638318193959337421e+00 1.282603201399418116e+09
1.654701375898931071e+00 1.429211610730111599e+09
1.671248389657920441e+00 8.328114010755567551e+08
1.687960873554499530e+00 1.008737957532043695e+09
1.704840482290044701e+00 8.658686703025188446e+08
1.721888887112944966e+00 1.137846922019766092e+09
1.739107775984074289e+00 1.054691487056854963e+09
1.756498853743915012e+00 1.400625695939545155e+09
1.774063842281354608e+00 1.295698160741610050e+09
1.791804480704168201e+00 1.206077801904563189e+09
1.809722525511209934e+00 1.486540111338400364e+09
1.827819750766321860e+00 1.671273919436252356e+09
1.846097948273984990e+00 1.748639108969263554e+09
1.864558927756724938e+00 1.681176184180666924e+09
1.883204517034292147e+00 2.781171542263244152e+09
1.902036562204635128e+00 3.457257334099844933e+09
1.921056927826681582e+00 3.514333042574799538e+09
1.940267497104948502e+00 3.087599025771892071e+09
1.959670172075998140e+00 3.630914751913689613e+09
1.979266873796758031e+00 4.419716471665442467e+09
1.999059542534725509e+00 5.279277805146378517e+09
2.019050137960073155e+00 6.580504327750895500e+09
2.039240639339673589e+00 7.858795085386932373e+09
2.059633045733070489e+00 8.749273786526262283e+09
2.080229376190401158e+00 8.573303385434700966e+09
2.101031669952305059e+00 7.400886697573815346e+09
2.122041986651828083e+00 5.790561663998204231e+09
2.143262406518346097e+00 4.310996487333086967e+09
2.164695030583529967e+00 2.966643552754946709e+09
2.186341980889365377e+00 1.933409928495256662e+09
2.208205400698258991e+00 8.249137188623545170e+08
2.230287454705241146e+00 9.614364537359666824e+08
2.252590329252293522e+00 7.070522581295999289e+08
2.275116232544817318e+00 6.602742845342202187e+08
2.297867394870265034e+00 6.531906687003457546e+08
2.320846068818967822e+00 7.339856336873861551e+08
2.344054529507157536e+00 6.386351145503621101e+08
2.367495074802228761e+00 7.379310754615335464e+08
2.391170025550251044e+00 8.249683094859586954e+08
2.415081725805753532e+00 1.052567496332903266e+09
2.439232543063811764e+00 1.103763941844002008e+09
2.463624868494449949e+00 1.373211885347907305e+09
2.488261117179394244e+00 1.659961212273027420e+09
2.513143728351188155e+00 1.813854773631831169e+09
2.538275165634700237e+00 1.834183294449855089e+09
2.563657917291046751e+00 1.704513641361369133e+09
2.589294496463957262e+00 1.636585764946803093e+09
2.615187441428596937e+00 1.940409053598783731e+09
2.641339315842882840e+00 2.538423636032623768e+09
2.667752709001311562e+00 2.166162751985350609e+09
2.694430236091324815e+00 2.205135352928707600e+09
2.721374538452237868e+00 2.719164502772605419e+09
2.748588283836760127e+00 2.966584894776029587e+09
2.776074166675128296e+00 2.552882130640234470e+09
2.803834908341879206e+00 3.045906486964909554e+09
2.831873257425297830e+00 3.122199875418638229e+09
2.860191989999551154e+00 3.154826468142481804e+09
2.888793909899546541e+00 3.693978100018775463e+09
2.917681848998542549e+00 3.554722663772967339e+09
2.946858667488527761e+00 4.032699176140137196e+09
2.976327254163412928e+00 3.971770288965270519e+09
3.006090526705047061e+00 3.727350820360454082e+09
3.036151431972097470e+00 3.260518010885943890e+09
3.066512946291818587e+00 2.445258955558722019e+09
3.097178075754736692e+00 1.866700133495762110e+09
3.128149856512283833e+00 1.517282684390867710e+09
3.159431355077406689e+00 1.308178638948683739e+09
3.191025668628181045e+00 1.214434946443869352e+09
3.222935925314462935e+00 1.226780956515960217e+09
3.255165284567607564e+00 1.302985592133003235e+09
3.287716937413283524e+00 1.491783838908355474e+09
3.320594106787416067e+00 1.019780666737162709e+09
3.353800047855290511e+00 1.190043313768615723e+09
3.387338048333843332e+00 1.428847595978154421e+09
3.421211428817182210e+00 1.397955205355838537e+09
3.455423543105353712e+00 1.391153230714460850e+09
3.489977778536407005e+00 1.456193961880447149e+09
3.524877556321771355e+00 1.581940041318278551e+09
3.560126331884988726e+00 1.653333602524225950e+09
3.595727595203838334e+00 1.816089719067996740e+09
3.631684871155877570e+00 1.967234265853031397e+09
3.668001719867436616e+00 2.310358428960178375e+09
3.704681737066110259e+00 2.592558379846319199e+09
3.741728554436771326e+00 2.843753897816886425e+09
3.779145839981139510e+00 2.950931053548906803e+09
3.816937298380950860e+00 3.471716369004282475e+09
3.855106671364760818e+00 3.509589121367977619e+09
3.893657738078407426e+00 3.773373166309342384e+09
3.932594315459191581e+00 4.120808670883182049e+09
3.971920258613783616e+00 4.400007971454159737e+09
4.011639461199922430e+00 4.618795957476425171e+09
4.051755855811920881e+00 4.800280635069822311e+09
4.092273414370040108e+00 4.777726814900365829e+09
4.133196148513740731e+00 4.799763281335910797e+09
4.174528109998877135e+00 5.018059677330983162e+09
4.216273391098866341e+00 4.819949857642852783e+09
4.258436125009854578e+00 4.598765804083170891e+09
4.301020486259953479e+00 3.381548967162296772e+09
4.344030691122553023e+00 3.646990603216365814e+09
4.387470998033777825e+00 4.478166598555798531e+09
4.431345708014116092e+00 4.540769845759191513e+09
4.475659165094256764e+00 4.359553677992827415e+09
4.520415756745198799e+00 4.316390322295252800e+09
4.565619914312651240e+00 4.347113387532824516e+09
4.611276113455778258e+00 4.429089857908035278e+09
4.657388874590335348e+00 4.548206879862733841e+09
4.703962763336238417e+00 4.517321936521976471e+09
4.751002390969600420e+00 4.477403844680979729e+09
4.798512414879296806e+00 4.370507767395543098e+09
4.846497539028090884e+00 4.341745382187672615e+09
4.894962514418371491e+00 4.290232506070850849e+09
4.943912139562555375e+00 4.025038676626174927e+09
4.993351260958180937e+00 4.007632991512491226e+09
5.043284773567762613e+00 3.782986445176187038e+09
5.093717621303440524e+00 3.695564438947453976e+09
5.144654797516475142e+00 3.351749771860979080e+09
5.196101345491639378e+00 3.185831694982557774e+09
5.248062358946555150e+00 3.220090792072099209e+09
5.300542982536021519e+00 2.930112372548151970e+09
5.353548412361381459e+00 2.789494545248090744e+09
5.407083896484995655e+00 2.534669282461066723e+09
5.461154735449845532e+00 2.516802190712635994e+09
5.515766282804344556e+00 2.443995945106531620e+09
5.570923945632387131e+00 2.195745192902980328e+09
5.626633185088711464e+00 2.137641915417505980e+09
5.682899516939598605e+00 2.124442595449681044e+09
5.739728512108993819e+00 2.059957815579931021e+09
5.797125797230084032e+00 1.985376365075905085e+09
5.855097055202384659e+00 1.766551953035547733e+09
5.913648025754409510e+00 1.940505956414329052e+09
5.972784506011953987e+00 1.870876279638252258e+09
6.032512351072073287e+00 1.792169359427531481e+09
6.092837474582792900e+00 1.797009854688312054e+09
6.153765849328621584e+00 1.814908176039629459e+09
6.215303507821907658e+00 1.813908286663971186e+09
6.277456542900125669e+00 1.827891018870419979e+09
6.340231108329128062e+00 1.736271555934169769e+09
6.403633419412418704e+00 1.523095238590905905e+09
6.467669753606543281e+00 1.360921284647974253e+09
6.532346451142608146e+00 1.440540808726154327e+09
6.597669915654034156e+00 1.412890100827496290e+09
6.663646614810574853e+00 1.489979361499304056e+09
6.730283080958680664e+00 1.475539511813703537e+09
6.797585911768267763e+00 1.348988222207329750e+09
6.865561770885950210e+00 1.356107386183227062e+09
6.934217388594810849e+00 1.382902108609885931e+09
7.003559562480758949e+00 1.306950680028297424e+09
7.073595158105566050e+00 1.200869405748740435e+09
7.144331109686621772e+00 1.117314935582149029e+09
7.215774420783487741e+00 1.046380337477260828e+09
7.287932164991324235e+00 9.803179103913593292e+08
7.360811486641236634e+00 9.306751955726689100e+08
7.434419601507648245e+00 9.142255397655562162e+08
7.508763797522725270e+00 9.337265330853413343e+08
7.583851435497953375e+00 9.600545275240759850e+08
7.659689949852931612e+00 9.149715424447150230e+08
7.736286849351461825e+00 7.885074943322621584e+08
7.813649717844977083e+00 8.058511617343195677e+08
7.891786215023426365e+00 8.259289687114073038e+08
7.970704077173661695e+00 8.518229791497423649e+08
8.050411117945397876e+00 8.425918561277375221e+08
8.130915229124850541e+00 8.438361091885915995e+08
8.212224381416099561e+00 8.258696407021783590e+08
8.294346625230261338e+00 8.234032859014124870e+08
8.377290091482562318e+00 8.218321059975416660e+08
8.461062992397387461e+00 8.324404970413993597e+08
8.545673622321363183e+00 8.373575345835396051e+08
8.631130358544575998e+00 8.615685932445648909e+08
8.717441662130022806e+00 8.603623355499565601e+08
8.804616078751321240e+00 8.777679612294106483e+08
8.892662239538834612e+00 8.807503069615765810e+08
8.981588861934222123e+00 8.844012794885151386e+08
9.071404750553567098e+00 9.217876356794786453e+08
9.162118798059102787e+00 9.371023573696842194e+08
9.253739986039693832e+00 9.401585760074162483e+08
9.346277385900089385e+00 9.564231493647434711e+08
9.439740159759089977e+00 9.345870103186868429e+08
9.534137561356683221e+00 9.702091723789087534e+08
9.629478936970249592e+00 9.434340569514787197e+08
9.725773726339950187e+00 9.570627847611519098e+08
9.823031463603349778e+00 9.510708473871452808e+08
9.921261778239381712e+00 9.194846890078910589e+08
1.002047439602177548e+01 9.323034580861281157e+08
1.012067913998199487e+01 8.794170666240544319e+08
1.022188593138181290e+01 8.695375310461546183e+08
1.032410479069563181e+01 7.880876014917300940e+08
1.042734583860258724e+01 7.200201403117365837e+08
1.053161929698861421e+01 7.626099435129811764e+08
1.063693548995849980e+01 7.717510763703286648e+08
1.074330484485808412e+01 7.334640679237333536e+08
1.085073789330666472e+01 7.454897939050643444e+08
1.095924527223973222e+01 6.730124507115769386e+08
1.106883772496212970e+01 6.940611911525228024e+08
1.117952610221174936e+01 7.047284226027559042e+08
1.129132136323386781e+01 6.725921032082245350e+08
1.140423457686620701e+01 6.883895350959960222e+08
1.151827692263487002e+01 6.409532723938083649e+08
1.163345969186121920e+01 6.148412458163344860e+08
1.174979428877982990e+01 5.372631658527323008e+08
1.186729223166762992e+01 5.735472662585163116e+08
1.198596515398430462e+01 5.683824989789038897e+08
1.210582480552414708e+01 5.283512816613867879e+08
1.222688305357938887e+01 5.173673217263966203e+08
1.234915188411518194e+01 4.818623002486174703e+08
1.247264340295633467e+01 4.463605909091792703e+08
1.259736983698589619e+01 4.343068719943923354e+08
1.272334353535575424e+01 4.361646595540833473e+08
1.285057697070931226e+01 4.251831779538131952e+08
1.297908274041640553e+01 3.989552318158828020e+08
1.310887356782057012e+01 4.011417570093035102e+08
1.323996230349877479e+01 3.592211599097747803e+08
1.337236192653376321e+01 3.531675250920495987e+08
1.350608554579910248e+01 3.258738145136054158e+08
1.364114640125709244e+01 3.311188493142686486e+08
1.377755786526966197e+01 3.191197900083662271e+08
1.391533344392236238e+01 3.096716511076391935e+08
1.405448677836158211e+01 2.926481812474612594e+08
1.419503164614519974e+01 2.667116246619820297e+08
1.433698196260665192e+01 2.681622128217659593e+08
1.448035178223271835e+01 2.384068035371355116e+08
1.462515530005504516e+01 2.531305588449732065e+08
1.477140685305559664e+01 2.457204334861746430e+08
1.491912092158615089e+01 2.132146741425532699e+08
1.506831213080201159e+01 2.244318434684890509e+08
1.521899525211003024e+01 2.204447426924248338e+08
1.537118520463113214e+01 2.044374640391776264e+08
1.552489705667744246e+01 1.915092156810107231e+08
1.568014602724421813e+01 1.817428865554524660e+08
1.583694748751665848e+01 1.836798258759220839e+08
1.599531696239182388e+01 1.742803272466004193e+08
1.615527013201574391e+01 1.678590978183811009e+08
1.631682283333590178e+01 1.631694619773582518e+08
1.647999106166925998e+01 1.536543385844871700e+08
1.664479097228595350e+01 1.429869529579298794e+08
1.681123888200881211e+01 1.504987481478880346e+08
1.697935127082889650e+01 1.431223825747320354e+08
1.714914478353718863e+01 1.270334125640600622e+08
1.732063623137256059e+01 1.246580164966279417e+08
1.749384259368628847e+01 1.242744450099940449e+08
1.766878101962314673e+01 1.186640525687222034e+08
1.784546882981938509e+01 1.171853181133560240e+08
1.802392351811757720e+01 1.129636606186761409e+08
1.820416275329875333e+01 1.044123089765538722e+08
1.838620438083173880e+01 1.046872572695027888e+08
1.857006642464005353e+01 9.205438010153721273e+07
1.875576708888645427e+01 9.708581399790520966e+07
1.894332475977532226e+01 9.312054144936314225e+07
1.913275800737307719e+01 9.385588344577412307e+07
1.969740769490774923e+01 7.727622083567523956e+07
2.068227807965313403e+01 6.487353185865778476e+07
2.171639198363579126e+01 5.361277611603031307e+07
2.280221158281758420e+01 4.661355368590728939e+07
2.394232216195846163e+01 3.876295391323897243e+07
2.513943827005638454e+01 3.186210322263460234e+07
2.639641018355920465e+01 2.697588661197787523e+07
2.771623069273716311e+01 2.291521755626811460e+07
2.910204222737402446e+01 1.870538931012931466e+07
3.055714433874272729e+01 1.523505317415297776e+07
3.208500155567985956e+01 1.348845836263583414e+07
3.368925163346385432e+01 1.085231663875235245e+07
3.537371421513704206e+01 8.671523105594567955e+06
3.714239992589390482e+01 7.562917465242969804e+06
3.899951992218858976e+01 6.334903297188703902e+06
4.094949591829801960e+01 5.153876515088927001e+06
4.299697071421292094e+01 4.266621606229810044e+06
4.514681924992356699e+01 3.532789562515134457e+06
4.740416021241974676e+01 2.945379881057004444e+06
4.977436822304073161e+01 2.421201875581894536e+06
5.226308663419276712e+01 2.060395918797119986e+06
5.487624096590241152e+01 1.703865707261816133e+06
5.762005301419753067e+01 1.385988530944082653e+06
6.050105566490740472e+01 1.194627692205144092e+06
6.352610844815276891e+01 9.487769829951111460e+05
6.670241387056040594e+01 8.009384260432263836e+05
7.003753456408843192e+01 6.787159725175756030e+05
7.353941129229284002e+01 5.456125196847394109e+05
7.721638185690748912e+01 4.542528908633213141e+05
8.107720094975286429e+01 3.753687212880590814e+05
8.513106099724051035e+01 3.164431805288213072e+05
8.938761404710253089e+01 2.796454730998855666e+05
9.385699474945765530e+01 2.140476878324354184e+05
