3.401114059005487245e-01 3.007311357577456474e+09
3.435125199595542300e-01 2.697681337094613552e+09
3.469476451591497201e-01 2.926428480044595242e+09
3.504171216107412334e-01 3.198924604464387417e+09
3.539212928268486436e-01 3.244226949600679874e+09
3.574605057551171750e-01 3.113420004134337902e+09
3.610351108126682584e-01 3.211553894138702393e+09
3.646454619207949999e-01 3.181914247847156525e+09
3.682919165400029282e-01 2.910909524623429298e+09
3.719748357054029064e-01 3.057045323233375549e+09
3.756945840624569266e-01 3.523595727017664433e+09
3.794515299030815081e-01 4.259153491813130856e+09
3.832460452021123065e-01 4.194504221750728607e+09
3.870785056541334312e-01 4.817900989482246399e+09
3.909492907106748016e-01 4.785245410752833366e+09
3.948587836177815391e-01 4.128891388574126720e+09
3.988073714539593917e-01 4.052465398664183617e+09
4.027954451684989667e-01 3.424853174007438660e+09
4.068233996201839342e-01 3.425443973320821762e+09
4.108916336163858096e-01 3.820242363970165253e+09
4.150005499525497021e-01 5.150241712287418365e+09
4.191505554520751908e-01 5.236988660425719261e+09
4.233420610065958822e-01 5.327411589987944603e+09
4.275754816166618122e-01 5.282073323554986000e+09
4.318512364328284114e-01 4.643932717509599686e+09
4.361697487971567533e-01 4.612267155539226532e+09
4.405314462851282475e-01 5.115577680354989052e+09
4.449367607479796094e-01 5.056841265795220375e+09
4.493861283554593800e-01 5.135053942720948219e+09
4.538799896390139921e-01 4.956152283712162971e+09
4.584187895354041031e-01 4.497661522962605476e+09
4.630029774307581336e-01 4.062691708106193542e+09
4.676330072050656761e-01 3.579702978897461414e+09
4.723093372771162701e-01 3.049328936938092232e+09
4.770324306498874289e-01 2.636913387221565723e+09
4.818027549563863032e-01 2.238995891581200123e+09
4.866207825059500891e-01 1.553628556223741531e+09
4.914869903310095656e-01 1.698504838562352657e+09
4.964018602343197584e-01 1.553146701670519829e+09
5.013658788366629482e-01 1.360572511789361000e+09
5.063795376250295188e-01 1.222588623079396486e+09
5.114433330012797541e-01 1.139239344910827160e+09
5.165577663312926893e-01 1.030123149273164511e+09
5.217233439946056262e-01 9.645044118387305737e+08
5.269405774345515825e-01 8.881098972575945854e+08
5.322099832088971194e-01 8.334493606468353271e+08
5.375320830409860973e-01 7.902385485421251059e+08
5.429074038713960215e-01 7.263971418196704388e+08
5.483364779101099762e-01 6.849852420815457106e+08
5.538198426892112503e-01 6.481041248522419930e+08
5.593580411161032107e-01 5.981564124951238632e+08
5.649516215272641917e-01 5.612728766806373596e+08
5.706011377425368458e-01 5.108205721908989549e+08
5.763071491199621699e-01 4.739657484536463618e+08
5.820702206111618704e-01 4.256478336884020567e+08
5.878909228172733981e-01 3.238875014790240526e+08
5.937698320454461998e-01 3.441663868972866535e+08
5.997075303659007428e-01 3.693682955853037238e+08
6.057046056695597480e-01 3.776284341974961162e+08
6.117616517262552955e-01 3.684836831227623224e+08
6.178792682435179096e-01 3.577530038223469853e+08
6.240580609259530620e-01 3.466448354600576758e+08
6.302986415352126448e-01 3.378148565664788485e+08
6.366016279505647413e-01 3.316115546703689098e+08
6.429676442300703565e-01 3.200430925941748023e+08
6.493973206723711034e-01 3.011536090177788734e+08
6.558912938790947278e-01 2.645256941170125008e+08
6.624502068178856895e-01 3.005395539752480984e+08
6.690747088860645730e-01 3.004088320642715693e+08
6.757654559749252110e-01 2.928140561395053267e+08
6.825231105346745153e-01 2.707906690736472607e+08
6.893483416400212338e-01 2.236206038263401091e+08
6.962418250564214039e-01 1.817217032318859994e+08
7.032042433069857212e-01 1.635788085553679168e+08
7.102362857400554841e-01 1.510781959405697286e+08
7.173386485974559967e-01 1.214203330351700783e+08
7.245120350834306500e-01 1.090686337990195751e+08
7.317571554342650053e-01 1.001798290271786898e+08
7.390747269886076554e-01 9.451974148430565000e+07
7.464654742584937441e-01 9.078177233863902092e+07
7.539301290010786971e-01 8.264655147436603904e+07
7.614694302910893775e-01 7.047223277989000082e+07
7.690841245940003290e-01 5.472244698623947799e+07
7.767749658399403234e-01 6.347297261541304737e+07
7.845427154983398710e-01 6.685790833093453944e+07
7.923881426533231354e-01 6.853697029632942379e+07
8.003120240798563545e-01 6.817334121183605492e+07
8.083151443206548770e-01 6.438658893549738824e+07
8.163982957638614701e-01 5.815325004936484993e+07
8.245622787215000082e-01 6.192666803614498675e+07
8.328079015087149761e-01 6.341440865306949615e+07
8.411359805238021181e-01 5.826675494581439346e+07
8.495473403290402237e-01 6.333556096444225311e+07
8.580428137323306004e-01 6.820255566600376368e+07
8.666232418696537820e-01 6.949353797619572282e+07
8.752894742883503554e-01 6.560291890320615470e+07
8.840423690312340099e-01 4.872446372923620790e+07
8.928827927215462479e-01 1.481868194958928227e+07
9.018116206487618580e-01 1.556526699795315787e+07
9.108297368552494833e-01 3.145472657332706451e+07
9.199380342238018260e-01 5.251102746708606184e+07
9.291374145660399320e-01 3.162751722202278674e+07
9.384287887117003235e-01 2.789060042052137107e+07
9.478130765988174167e-01 3.049311103852583468e+07
9.572912073648053299e-01 2.838862162852661312e+07
9.668641194384535176e-01 3.885249925847306103e+07
9.765327606328380039e-01 4.268601564276600629e+07
9.862980882391664261e-01 4.476897637660957873e+07
9.961610691215579960e-01 4.760711085596612096e+07
1.006122679812773590e+00 4.982802746627704054e+07
1.016183906610901300e+00 6.461213153317178041e+07
1.026345745677010202e+00 7.931707990571358800e+07
1.036609203133780355e+00 1.179598830448676497e+08
1.046975295165118336e+00 2.098803613592156768e+08
1.057445048116769204e+00 3.005430636361904740e+08
1.068019498597936989e+00 3.332112185179253817e+08
1.078699693583916597e+00 3.351188831747995615e+08
1.089486690519755552e+00 2.202433758494443595e+08
1.100381557424953138e+00 9.872520810419151187e+07
1.111385372999202481e+00 3.205399841662713885e+07
1.122499226729194666e+00 1.086057693316789158e+07
1.133724218996486455e+00 1.436447726119885594e+07
1.145061461186451135e+00 1.520324889161055535e+07
1.156512075798315831e+00 2.526546107715023682e+06
1.168077196556299047e+00 6.160779636990920641e+06
1.179757968521861988e+00 6.312046104421955533e+06
1.191555548207080761e+00 1.456623017910615355e+07
1.203471103689151889e+00 5.277127380913370848e+07
1.215505814726043354e+00 1.496453102785519660e+08
1.227660872873303610e+00 3.160324918528754711e+08
1.239937481602036762e+00 5.311312320496546626e+08
1.252336856418057032e+00 7.889845271684385538e+08
1.264860224982237824e+00 9.875019300134594440e+08
1.277508827232060051e+00 7.546045793746588230e+08
1.290283915504380818e+00 4.505710525096872449e+08
1.303186754659424462e+00 2.811947651297798157e+08
1.316218622206019040e+00 1.504742936601128578e+08
1.329380808428079153e+00 4.582117018770530075e+07
1.342674616512359975e+00 7.228582596280419268e+06
1.356101362677483380e+00 8.410630811482911231e+05
1.369662376304258355e+00 1.246618343711135909e+06
1.383359000067300837e+00 6.678300885597955203e+05
1.397192590067974027e+00 6.231572911537939217e+05
1.411164515968653665e+00 1.447507638562501175e+06
1.425276161128340213e+00 2.783375052288196515e+06
1.439528922739623740e+00 7.132543336005812511e+06
1.453924211967019708e+00 2.422067480509573594e+07
1.468463454086690101e+00 1.889219019223115966e+07
1.483148088627556760e+00 2.209574054520425200e+07
1.497979569513832487e+00 3.935279258622778207e+07
1.512959365208970564e+00 4.609656524013528228e+07
1.528088958861060442e+00 1.046526832524416894e+08
1.543369848449671178e+00 2.134451507765283585e+08
1.558803546934167894e+00 3.777192571804935932e+08
1.574391582403509737e+00 6.860571516726243496e+08
1.590135498227544852e+00 7.421444859154123068e+08
1.606036853209820148e+00 2.636587536170222163e+08
1.622097221741918505e+00 4.695009440841579437e+07
1.638318193959337421e+00 2.238249691600085795e+07
1.654701375898931071e+00 2.252630117282870784e+07
1.671248389657920441e+00 1.062272942071918771e+07
1.687960873554499530e+00 1.280539282260812260e+07
1.704840482290044701e+00 6.204531341779525392e+06
1.721888887112944966e+00 1.270011211096956208e+07
1.739107775984074289e+00 1.208782313359168172e+07
1.756498853743915012e+00 2.023760872634191066e+07
1.774063842281354608e+00 1.841986694389176741e+07
1.791804480704168201e+00 1.241206661577767506e+07
1.809722525511209934e+00 1.470626623963678442e+07
1.827819750766321860e+00 1.414749539437593333e+07
1.846097948273984990e+00 1.556227594249061123e+07
1.864558927756724938e+00 1.245094132607646286e+07
1.883204517034292147e+00 3.844815807429576665e+07
1.902036562204635128e+00 3.281938442323261872e+07
1.921056927826681582e+00 1.719866958301417902e+07
1.940267497104948502e+00 1.120467287701226398e+07
1.959670172075998140e+00 2.182198605781338364e+07
1.979266873796758031e+00 3.424038234990241379e+07
1.999059542534725509e+00 7.314064788869413733e+07
2.019050137960073155e+00 9.213434167175912857e+07
2.039240639339673589e+00 1.650857732557249963e+08
2.059633045733070489e+00 2.801936416174026132e+08
2.080229376190401158e+00 3.761487805757347941e+08
2.101031669952305059e+00 3.658177185214115381e+08
2.122041986651828083e+00 2.746335843202574849e+08
2.143262406518346097e+00 1.625599831882539392e+08
2.164695030583529967e+00 7.225154029695025086e+07
2.186341980889365377e+00 3.370505677925013006e+07
2.208205400698258991e+00 5.091410016077821143e+06
2.230287454705241146e+00 5.991274327967740595e+06
2.252590329252293522e+00 1.762014325552067021e+06
2.275116232544817318e+00 1.506164326949600130e+06
2.297867394870265034e+00 1.344752068409056403e+06
2.320846068818967822e+00 2.279884475149756297e+06
2.344054529507157536e+00 1.399878557400542079e+06
2.367495074802228761e+00 2.293589504463706631e+06
2.391170025550251044e+00 4.167205055006419774e+06
2.415081725805753532e+00 8.451074943053925410e+06
2.439232543063811764e+00 1.281309530759678409e+07
2.463624868494449949e+00 2.500381002806146443e+07
2.488261117179394244e+00 3.449089190467845649e+07
2.513143728351188155e+00 3.241448355922104046e+07
2.538275165634700237e+00 1.708082547581144050e+07
2.563657917291046751e+00 9.370763492279859260e+06
2.589294496463957262e+00 6.135278310004778206e+06
2.615187441428596937e+00 9.415767586317408830e+06
2.641339315842882840e+00 3.370309940676681697e+07
2.667752709001311562e+00 7.031191840706905350e+06
2.694430236091324815e+00 1.468035493108457141e+07
2.721374538452237868e+00 2.617757554821887612e+07
2.748588283836760127e+00 1.950216147781550884e+07
2.776074166675128296e+00 1.086587831966597959e+07
2.803834908341879206e+00 1.993817055027229339e+07
2.831873257425297830e+00 2.433355782483394817e+07
2.860191989999551154e+00 2.745785888289763778e+07
2.888793909899546541e+00 4.368791681240051985e+07
2.917681848998542549e+00 4.929893841529643536e+07
2.946858667488527761e+00 6.971913026075941324e+07
2.976327254163412928e+00 7.630203789116245508e+07
3.006090526705047061e+00 3.769012428715200722e+07
3.036151431972097470e+00 8.799004904923611879e+07
3.066512946291818587e+00 8.468096685246013105e+07
3.097178075754736692e+00 5.266343784393093735e+07
3.128149856512283833e+00 4.559609574051193893e+07
3.159431355077406689e+00 2.449056339171898738e+07
3.191025668628181045e+00 1.344352153348649852e+07
3.222935925314462935e+00 1.181153048009800352e+07
3.255165284567607564e+00 1.384064828961248696e+07
3.287716937413283524e+00 3.098443490995960310e+07
3.320594106787416067e+00 7.542358901022155769e+06
3.353800047855290511e+00 1.766617789368314669e+07
3.387338048333843332e+00 2.179984680315914750e+07
3.421211428817182210e+00 2.204894529562123120e+07
3.455423543105353712e+00 2.290635627599976957e+07
3.489977778536407005e+00 3.030521278273544833e+07
3.524877556321771355e+00 4.986517393406326324e+07
3.560126331884988726e+00 6.711601882557095587e+07
3.595727595203838334e+00 6.907572140852774680e+07
3.631684871155877570e+00 9.930739437300874293e+07
3.668001719867436616e+00 1.731291481755467653e+08
3.704681737066110259e+00 2.006390241470670700e+08
3.741728554436771326e+00 2.298018216517145634e+08
3.779145839981139510e+00 2.256334984443521798e+08
3.816937298380950860e+00 3.990059241364981532e+08
3.855106671364760818e+00 2.818479731829330325e+08
3.893657738078407426e+00 3.609426181117486954e+08
3.932594315459191581e+00 4.736111050525477529e+08
3.971920258613783616e+00 5.372799460430247784e+08
4.011639461199922430e+00 5.856273807551615238e+08
4.051755855811920881e+00 5.943607026236735582e+08
4.092273414370040108e+00 5.263669361048655510e+08
4.133196148513740731e+00 4.900644816975851655e+08
4.174528109998877135e+00 5.650337382528125048e+08
4.216273391098866341e+00 6.484303624386298656e+08
4.258436125009854578e+00 8.827489725124722719e+08
4.301020486259953479e+00 2.432925425534672737e+08
4.344030691122553023e+00 5.727563807614634037e+08
4.387470998033777825e+00 9.023769439737051725e+08
4.431345708014116092e+00 7.971997008477483988e+08
4.475659165094256764e+00 7.508576114151186943e+08
4.520415756745198799e+00 7.864117570884927511e+08
4.565619914312651240e+00 1.022663314748862982e+09
4.611276113455778258e+00 1.164724210160340548e+09
4.657388874590335348e+00 1.142996399797259092e+09
4.703962763336238417e+00 1.353390049840645552e+09
4.751002390969600420e+00 1.465483434377344608e+09
4.798512414879296806e+00 1.215081200276410818e+09
4.846497539028090884e+00 1.287811715407531738e+09
4.894962514418371491e+00 1.173451905013557196e+09
4.943912139562555375e+00 9.335521358911557198e+08
4.993351260958180937e+00 9.472805813395559788e+08
5.043284773567762613e+00 8.021885745518022776e+08
5.093717621303440524e+00 6.880478930762757063e+08
5.144654797516475142e+00 5.237597863349664807e+08
5.196101345491639378e+00 4.382505129103356004e+08
5.248062358946555150e+00 4.607277246125247478e+08
5.300542982536021519e+00 3.630241342330859303e+08
5.353548412361381459e+00 2.807371704325873256e+08
5.407083896484995655e+00 2.357422852270770371e+08
5.461154735449845532e+00 1.967276562920117676e+08
5.515766282804344556e+00 2.066089416293446422e+08
5.570923945632387131e+00 1.301528350751240700e+08
5.626633185088711464e+00 1.175177932553305030e+08
5.682899516939598605e+00 1.178202263305656910e+08
5.739728512108993819e+00 8.614412027978920937e+07
5.797125797230084032e+00 1.135610220079636574e+08
5.855097055202384659e+00 8.465192925012642145e+07
5.913648025754409510e+00 8.745994795691759884e+07
5.972784506011953987e+00 9.611811196272738278e+07
6.032512351072073287e+00 9.401477707559201121e+07
6.092837474582792900e+00 8.170282608048529923e+07
6.153765849328621584e+00 6.857440264502422512e+07
6.215303507821907658e+00 9.578443591366150975e+07
6.277456542900125669e+00 1.251547609763239622e+08
6.340231108329128062e+00 1.207733528456285894e+08
6.403633419412418704e+00 8.429510398555366695e+07
6.467669753606543281e+00 7.175821961908400059e+07
6.532346451142608146e+00 7.994182111047022045e+07
6.597669915654034156e+00 7.492507091168095171e+07
6.663646614810574853e+00 8.954999389783258736e+07
6.730283080958680664e+00 1.092741805704713911e+08
6.797585911768267763e+00 9.760880421078254282e+07
6.865561770885950210e+00 1.058125392401260436e+08
6.934217388594810849e+00 1.270065090592755675e+08
7.003559562480758949e+00 1.279720520619947910e+08
7.073595158105566050e+00 1.174504706303862780e+08
7.144331109686621772e+00 1.093147700860499293e+08
7.215774420783487741e+00 1.114891997600391954e+08
7.287932164991324235e+00 9.435630683223888278e+07
7.360811486641236634e+00 7.888630909943661094e+07
7.434419601507648245e+00 8.037865018243108690e+07
7.508763797522725270e+00 9.119364879200384021e+07
7.583851435497953375e+00 1.136748257374574244e+08
7.659689949852931612e+00 9.607919120590972900e+07
7.736286849351461825e+00 6.894205822429147363e+07
7.813649717844977083e+00 9.038749087566407025e+07
7.891786215023426365e+00 9.046184650214603543e+07
7.970704077173661695e+00 1.108214926056805402e+08
8.050411117945397876e+00 9.780175971087391675e+07
8.130915229124850541e+00 1.209012624057506472e+08
8.212224381416099561e+00 1.204349884177068621e+08
8.294346625230261338e+00 1.452287439865961671e+08
8.377290091482562318e+00 1.378321917190275788e+08
8.461062992397387461e+00 1.676335077316201329e+08
8.545673622321363183e+00 1.741426112554193437e+08
8.631130358544575998e+00 1.696527171075112522e+08
8.717441662130022806e+00 1.883045372577292025e+08
8.804616078751321240e+00 1.502983996704878509e+08
8.892662239538834612e+00 1.658952533910626173e+08
8.981588861934222123e+00 1.483611264307080507e+08
9.071404750553567098e+00 1.668707628247463107e+08
9.162118798059102787e+00 1.461360367817229331e+08
9.253739986039693832e+00 1.540417234131204784e+08
9.346277385900089385e+00 1.277366993437114805e+08
9.439740159759089977e+00 1.727259753508908749e+08
9.534137561356683221e+00 1.364702631131894290e+08
9.629478936970249592e+00 1.711934274116980731e+08
9.725773726339950187e+00 1.555911143720776141e+08
9.823031463603349778e+00 2.118796078188363612e+08
9.921261778239381712e+00 1.766574177306909859e+08
1.002047439602177548e+01 2.363276867453178167e+08
1.012067913998199487e+01 1.757638859750648737e+08
1.022188593138181290e+01 2.168641516715409458e+08
1.032410479069563181e+01 1.006305961254417896e+08
1.042734583860258724e+01 6.899291639689370990e+07
1.053161929698861421e+01 8.694603838005985320e+07
1.063693548995849980e+01 9.855220044149483740e+07
1.074330484485808412e+01 5.873657558606906235e+07
1.085073789330666472e+01 8.377137737743927538e+07
1.095924527223973222e+01 9.474740499998302758e+07
1.106883772496212970e+01 1.327840247023964673e+08
1.117952610221174936e+01 1.439832621468077004e+08
1.129132136323386781e+01 1.437702125272758603e+08
1.140423457686620701e+01 1.648079234120125771e+08
1.151827692263487002e+01 1.184924853057329804e+08
1.163345969186121920e+01 1.601723073692738414e+08
1.174979428877982990e+01 8.477260166769433022e+07
1.186729223166762992e+01 1.386575904181052744e+08
1.198596515398430462e+01 9.807867810348004103e+07
1.210582480552414708e+01 9.601073434926766157e+07
1.222688305357938887e+01 1.017668439756729454e+08
1.234915188411518194e+01 8.737055257327792048e+07
1.247264340295633467e+01 1.017973892076085061e+08
1.259736983698589619e+01 8.635371086839659512e+07
1.272334353535575424e+01 8.494737867252115905e+07
1.285057697070931226e+01 8.322665501670525968e+07
1.297908274041640553e+01 8.304454110731235147e+07
1.310887356782057012e+01 8.398442687621490657e+07
1.323996230349877479e+01 8.457926561920812726e+07
1.337236192653376321e+01 7.030362043092411757e+07
1.350608554579910248e+01 8.468887114088615775e+07
1.364114640125709244e+01 8.681259378968472779e+07
1.377755786526966197e+01 7.191596227997882664e+07
1.391533344392236238e+01 9.594820069703003764e+07
1.405448677836158211e+01 7.427216155159299076e+07
1.419503164614519974e+01 7.171395840882934630e+07
1.433698196260665192e+01 7.772053623355174065e+07
1.448035178223271835e+01 6.159843564623096585e+07
1.462515530005504516e+01 7.896763780519284308e+07
1.477140685305559664e+01 7.338490833064797521e+07
1.491912092158615089e+01 6.794698346454532444e+07
1.506831213080201159e+01 6.967115735161083937e+07
1.521899525211003024e+01 6.939696303693750501e+07
1.537118520463113214e+01 6.466571901764504611e+07
1.552489705667744246e+01 5.711861309547422826e+07
1.568014602724421813e+01 5.089050625514585525e+07
1.583694748751665848e+01 4.467691963725149632e+07
1.599531696239182388e+01 4.624446019107525051e+07
1.615527013201574391e+01 5.211599404810205102e+07
1.631682283333590178e+01 5.157591628437730670e+07
1.647999106166925998e+01 5.446215778589569032e+07
1.664479097228595350e+01 4.854741710236621648e+07
1.681123888200881211e+01 5.019756888097497076e+07
1.697935127082889650e+01 5.085765057156000286e+07
1.714914478353718863e+01 4.352718462651404738e+07
1.732063623137256059e+01 4.587536415541496873e+07
1.749384259368628847e+01 4.451078317796146125e+07
1.766878101962314673e+01 4.544033409636477381e+07
1.784546882981938509e+01 4.599239195867450535e+07
1.802392351811757720e+01 4.114822628699969500e+07
1.820416275329875333e+01 3.629542619675002247e+07
1.838620438083173880e+01 4.058238479329777509e+07
1.857006642464005353e+01 3.528365868349345773e+07
1.875576708888645427e+01 3.773767220410475135e+07
1.894332475977532226e+01 3.544678202372780442e+07
1.913275800737307719e+01 3.500945740870565176e+07
1.969740769490774923e+01 2.659752677734174579e+07
2.068227807965313403e+01 2.376133486977007613e+07
2.171639198363579126e+01 1.948944883555283397e+07
2.280221158281758420e+01 1.757606051132107154e+07
2.394232216195846163e+01 1.480231225374744460e+07
2.513943827005638454e+01 1.220364817825527117e+07
2.639641018355920465e+01 9.992033691065214574e+06
2.771623069273716311e+01 8.730382476177295670e+06
2.910204222737402446e+01 6.892480660391897894e+06
3.055714433874272729e+01 5.602294172180064954e+06
3.208500155567985956e+01 5.149888941783295944e+06
3.368925163346385432e+01 4.090382237696197815e+06
3.537371421513704206e+01 3.176988095621258486e+06
3.714239992589390482e+01 2.929420290489554871e+06
3.899951992218858976e+01 2.417305025296845473e+06
4.094949591829801960e+01 2.096437965566060506e+06
4.299697071421292094e+01 1.680631235532854684e+06
4.514681924992356699e+01 1.410827463312917156e+06
4.740416021241974676e+01 1.151089656064657727e+06
4.977436822304073161e+01 9.643456865626085782e+05
5.226308663419276712e+01 8.387653047522719717e+05
5.487624096590241152e+01 7.031188875735058682e+05
5.762005301419753067e+01 5.603045704922106816e+05
6.050105566490740472e+01 5.076713026080987765e+05
6.352610844815276891e+01 3.947493560002294835e+05
6.670241387056040594e+01 3.337983004127141321e+05
7.003753456408843192e+01 2.902732043003060971e+05
7.353941129229284002e+01 2.329090793567363580e+05
7.721638185690748912e+01 1.948615614602094865e+05
8.107720094975286429e+01 1.630038953117291094e+05
8.513106099724051035e+01 1.360204083642514597e+05
8.938761404710253089e+01 1.222872321778607002e+05
9.385699474945765530e+01 9.417557479248628078e+04
