3.401114059005487245e-01 2.806147534081630111e+08
3.435125199595542300e-01 2.343886150422353148e+08
3.469476451591497201e-01 3.147993138204624653e+08
3.504171216107412334e-01 4.741133688162884116e+08
3.539212928268486436e-01 5.591289143216906786e+08
3.574605057551171750e-01 2.790085233259163499e+08
3.610351108126682584e-01 4.123221229434397817e+08
3.646454619207949999e-01 6.588731324362399578e+08
3.682919165400029282e-01 8.569059617404345274e+08
3.719748357054029064e-01 3.505493945054864883e+08
3.756945840624569266e-01 4.256076962694761753e+08
3.794515299030815081e-01 8.170869136476389170e+08
3.832460452021123065e-01 3.690463499931250215e+08
3.870785056541334312e-01 4.284214305447317362e+08
3.909492907106748016e-01 6.264695485891077518e+08
3.948587836177815391e-01 4.172909550597915649e+08
3.988073714539593917e-01 9.086517309014532566e+08
4.027954451684989667e-01 7.792977713164262772e+08
4.068233996201839342e-01 8.173746699211534262e+08
4.108916336163858096e-01 1.462376816224235058e+09
4.150005499525497021e-01 1.363874295234959364e+09
4.191505554520751908e-01 1.356531638329478264e+09
4.233420610065958822e-01 1.076628817677026749e+09
4.275754816166618122e-01 1.232183710561927557e+09
4.318512364328284114e-01 1.660207692466907978e+09
4.361697487971567533e-01 2.318470971249944687e+09
4.405314462851282475e-01 2.062131110977479696e+09
4.449367607479796094e-01 2.289873998540806770e+09
4.493861283554593800e-01 2.994648701479940414e+09
4.538799896390139921e-01 2.745938110451128960e+09
4.584187895354041031e-01 2.750754095416222095e+09
4.630029774307581336e-01 2.517156850022241592e+09
4.676330072050656761e-01 2.182643970027083397e+09
4.723093372771162701e-01 1.591281626855212450e+09
4.770324306498874289e-01 1.143855579699220896e+09
4.818027549563863032e-01 1.114236426227744341e+09
4.866207825059500891e-01 9.338586599430153370e+08
4.914869903310095656e-01 8.031063760487883091e+08
4.964018602343197584e-01 6.301415468195352554e+08
5.013658788366629482e-01 4.714354590993517637e+08
5.063795376250295188e-01 4.033448226097657084e+08
5.114433330012797541e-01 3.822579135833963156e+08
5.165577663312926893e-01 3.206248826724827290e+08
5.217233439946056262e-01 4.360278716033918262e+08
5.269405774345515825e-01 4.809840740361915231e+08
5.322099832088971194e-01 4.881737804890677929e+08
5.375320830409860973e-01 4.784105081740427017e+08
5.429074038713960215e-01 4.286020446856312156e+08
5.483364779101099762e-01 4.501521122770407200e+08
5.538198426892112503e-01 4.637150654434190392e+08
5.593580411161032107e-01 4.164275547521563768e+08
5.649516215272641917e-01 4.506918701886354089e+08
5.706011377425368458e-01 4.285924152952235341e+08
5.763071491199621699e-01 4.234461418173431158e+08
5.820702206111618704e-01 4.180595560088819265e+08
5.878909228172733981e-01 3.108466369791579843e+08
5.937698320454461998e-01 3.661410035564177036e+08
5.997075303659007428e-01 3.573360617810782194e+08
6.057046056695597480e-01 3.625254843856589794e+08
6.117616517262552955e-01 3.318130045420544147e+08
6.178792682435179096e-01 3.164015096537887454e+08
6.240580609259530620e-01 3.038343692200595737e+08
6.302986415352126448e-01 3.064482158283455372e+08
6.366016279505647413e-01 3.033432581885209084e+08
6.429676442300703565e-01 2.931143498279082775e+08
6.493973206723711034e-01 2.863560554022601247e+08
6.558912938790947278e-01 2.996095085648034215e+08
6.624502068178856895e-01 3.023710227288411856e+08
6.690747088860645730e-01 2.952947918043813705e+08
6.757654559749252110e-01 2.920876705918477178e+08
6.825231105346745153e-01 2.742204470557076335e+08
6.893483416400212338e-01 2.365844898586974740e+08
6.962418250564214039e-01 2.165316251871983111e+08
7.032042433069857212e-01 2.046583326278085709e+08
7.102362857400554841e-01 1.917470053727207780e+08
7.173386485974559967e-01 1.578299647596009374e+08
7.245120350834306500e-01 1.491249777874905169e+08
7.317571554342650053e-01 1.382924776305696666e+08
7.390747269886076554e-01 1.292362282068201900e+08
7.464654742584937441e-01 1.237301456830184907e+08
7.539301290010786971e-01 1.132214096985684633e+08
7.614694302910893775e-01 9.424891436730244756e+07
7.690841245940003290e-01 6.119838605050080270e+07
7.767749658399403234e-01 8.931710860531525314e+07
7.845427154983398710e-01 9.926248117518980801e+07
7.923881426533231354e-01 1.054755951210193187e+08
8.003120240798563545e-01 1.104343755306902528e+08
8.083151443206548770e-01 1.079942658639908582e+08
8.163982957638614701e-01 1.035099120216730535e+08
8.245622787215000082e-01 1.135129765950658470e+08
8.328079015087149761e-01 1.177047916461331844e+08
8.411359805238021181e-01 1.110995584334496111e+08
8.495473403290402237e-01 1.208569518003058285e+08
8.580428137323306004e-01 1.310698983759485930e+08
8.666232418696537820e-01 1.334137921706964225e+08
8.752894742883503554e-01 1.330334546674467325e+08
8.840423690312340099e-01 1.037233391862761974e+08
8.928827927215462479e-01 3.952559199660786986e+07
9.018116206487618580e-01 4.237083000396442413e+07
9.108297368552494833e-01 7.518687161082774401e+07
9.199380342238018260e-01 1.125647858195975721e+08
9.291374145660399320e-01 7.502114882319572568e+07
9.384287887117003235e-01 6.949541550039321184e+07
9.478130765988174167e-01 7.596516158509053290e+07
9.572912073648053299e-01 7.387068866775700450e+07
9.668641194384535176e-01 8.898079705815172195e+07
9.765327606328380039e-01 9.803049665588818491e+07
9.862980882391664261e-01 1.069443604263979048e+08
9.961610691215579960e-01 1.134912304154526740e+08
1.006122679812773590e+00 1.237671153572921753e+08
1.016183906610901300e+00 1.679438042577802241e+08
1.026345745677010202e+00 2.074853430179768801e+08
1.036609203133780355e+00 2.869994646056310534e+08
1.046975295165118336e+00 3.997739115659081340e+08
1.057445048116769204e+00 4.913422314092051983e+08
1.068019498597936989e+00 5.258335551908148527e+08
1.078699693583916597e+00 5.281759550767698884e+08
1.089486690519755552e+00 3.878963486735665798e+08
1.100381557424953138e+00 2.127983552855980098e+08
1.111385372999202481e+00 9.331762322241857648e+07
1.122499226729194666e+00 4.320398113579732925e+07
1.133724218996486455e+00 5.084692556035069376e+07
1.145061461186451135e+00 5.297831448134276271e+07
1.156512075798315831e+00 1.196848867057477497e+07
1.168077196556299047e+00 2.691364638853486627e+07
1.179757968521861988e+00 2.731361062942100316e+07
1.191555548207080761e+00 6.637750394043114781e+07
1.203471103689151889e+00 1.869476029617026150e+08
1.215505814726043354e+00 4.447178562233096957e+08
1.227660872873303610e+00 7.466883758375711441e+08
1.239937481602036762e+00 1.030457896907596588e+09
1.252336856418057032e+00 1.338913575447211742e+09
1.264860224982237824e+00 1.489352784078235149e+09
1.277508827232060051e+00 1.292539213924327850e+09
1.290283915504380818e+00 9.580134242068158388e+08
1.303186754659424462e+00 6.872188721160600185e+08
1.316218622206019040e+00 4.455669903713122010e+08
1.329380808428079153e+00 1.597951512746347487e+08
1.342674616512359975e+00 3.659282733622031659e+07
1.356101362677483380e+00 7.437591293862393126e+06
1.369662376304258355e+00 9.698477514333568513e+06
1.383359000067300837e+00 5.830691083053489216e+06
1.397192590067974027e+00 5.279251186393816955e+06
1.411164515968653665e+00 1.021532856063346192e+07
1.425276161128340213e+00 1.770114977552481741e+07
1.439528922739623740e+00 3.842600680229839683e+07
1.453924211967019708e+00 1.069606748445069343e+08
1.468463454086690101e+00 1.302256154399309605e+08
1.483148088627556760e+00 1.824606239193258882e+08
1.497979569513832487e+00 3.158942936238567233e+08
1.512959365208970564e+00 4.276177138264191747e+08
1.528088958861060442e+00 7.161792335671665668e+08
1.543369848449671178e+00 1.083311671050319910e+09
1.558803546934167894e+00 1.365324933802719831e+09
1.574391582403509737e+00 1.820437843948957443e+09
1.590135498227544852e+00 1.670530843624951363e+09
1.606036853209820148e+00 6.292688924803868532e+08
1.622097221741918505e+00 1.460893208481947184e+08
1.638318193959337421e+00 8.675535875697763264e+07
1.654701375898931071e+00 9.276530311000932753e+07
1.671248389657920441e+00 4.464400685469485819e+07
1.687960873554499530e+00 5.668122763473275304e+07
1.704840482290044701e+00 3.562959337358355522e+07
1.721888887112944966e+00 5.834861268128874898e+07
1.739107775984074289e+00 5.253093570122709870e+07
1.756498853743915012e+00 8.128409668969506025e+07
1.774063842281354608e+00 7.304304991320456564e+07
1.791804480704168201e+00 5.806643007759351283e+07
1.809722525511209934e+00 7.617607505911770463e+07
1.827819750766321860e+00 8.242430249188664556e+07
1.846097948273984990e+00 9.155989471960113943e+07
1.864558927756724938e+00 8.136232098745904863e+07
1.883204517034292147e+00 2.133293178605258167e+08
1.902036562204635128e+00 2.396627557015296221e+08
1.921056927826681582e+00 1.863256815277223289e+08
1.940267497104948502e+00 1.474719084515164196e+08
1.959670172075998140e+00 2.261914333420270681e+08
1.979266873796758031e+00 3.460965015748990178e+08
1.999059542534725509e+00 5.510829307136708498e+08
2.019050137960073155e+00 7.773383705592426062e+08
2.039240639339673589e+00 1.095491334282503843e+09
2.059633045733070489e+00 1.399289229893275499e+09
2.080229376190401158e+00 1.493383010792969465e+09
2.101031669952305059e+00 1.256562499135412693e+09
2.122041986651828083e+00 8.951093269178494215e+08
2.143262406518346097e+00 5.620508225259498358e+08
2.164695030583529967e+00 2.917651173461006880e+08
2.186341980889365377e+00 1.691707594384351373e+08
2.208205400698258991e+00 4.573272118846058846e+07
2.230287454705241146e+00 5.646297535617566854e+07
2.252590329252293522e+00 3.329730998168572411e+07
2.275116232544817318e+00 3.163188349518043175e+07
2.297867394870265034e+00 3.191211082401238382e+07
2.320846068818967822e+00 3.928845956063968688e+07
2.344054529507157536e+00 3.429262004229877144e+07
2.367495074802228761e+00 4.177637807384271175e+07
2.391170025550251044e+00 5.281536117597863823e+07
2.415081725805753532e+00 7.604372279440858960e+07
2.439232543063811764e+00 8.953492666209919751e+07
2.463624868494449949e+00 1.295042580602112114e+08
2.488261117179394244e+00 1.680446688504161537e+08
2.513143728351188155e+00 1.717598573531163931e+08
2.538275165634700237e+00 1.401002974373174608e+08
2.563657917291046751e+00 1.137856920387476981e+08
2.589294496463957262e+00 1.041175257563320696e+08
2.615187441428596937e+00 1.329380064122073501e+08
2.641339315842882840e+00 2.247018954628073573e+08
2.667752709001311562e+00 1.325292939181883931e+08
2.694430236091324815e+00 1.622616098453454375e+08
2.721374538452237868e+00 2.300267849964301288e+08
2.748588283836760127e+00 2.310088808155308962e+08
2.776074166675128296e+00 1.731199976479722857e+08
2.803834908341879206e+00 2.320063504914148748e+08
2.831873257425297830e+00 2.603954795544582009e+08
2.860191989999551154e+00 2.787448389447882771e+08
2.888793909899546541e+00 3.805542536932733059e+08
2.917681848998542549e+00 4.110262265476499200e+08
2.946858667488527761e+00 5.283093079629366398e+08
2.976327254163412928e+00 5.502368398807636499e+08
3.006090526705047061e+00 4.062620361834800243e+08
3.036151431972097470e+00 5.372876922507926226e+08
3.066512946291818587e+00 4.403590530409349799e+08
3.097178075754736692e+00 3.121865598231943250e+08
3.128149856512283833e+00 2.319729552677027285e+08
3.159431355077406689e+00 1.864459659702376425e+08
3.191025668628181045e+00 1.629286975772295594e+08
3.222935925314462935e+00 1.623329279649290740e+08
3.255165284567607564e+00 1.720306025593595505e+08
3.287716937413283524e+00 2.175706197524117231e+08
3.320594106787416067e+00 1.443645351823525131e+08
3.353800047855290511e+00 1.723372609842225313e+08
3.387338048333843332e+00 2.049461329379402101e+08
3.421211428817182210e+00 2.035638437953657508e+08
3.455423543105353712e+00 2.064330034945993125e+08
3.489977778536407005e+00 2.236452211011809409e+08
3.524877556321771355e+00 2.636531550070435703e+08
3.560126331884988726e+00 2.933742614324104786e+08
3.595727595203838334e+00 3.253554451080814004e+08
3.631684871155877570e+00 3.660710547177541852e+08
3.668001719867436616e+00 4.970672162722423673e+08
3.704681737066110259e+00 5.773662057883663177e+08
3.741728554436771326e+00 6.546745627086875439e+08
3.779145839981139510e+00 6.731360802747679949e+08
3.816937298380950860e+00 9.335437052921779156e+08
3.855106671364760818e+00 8.335993279140014648e+08
3.893657738078407426e+00 9.547316092671539783e+08
3.932594315459191581e+00 1.126938190500874043e+09
3.971920258613783616e+00 1.250158722426449537e+09
4.011639461199922430e+00 1.330585891360840082e+09
4.051755855811920881e+00 1.385031342599404573e+09
4.092273414370040108e+00 1.314407070764828444e+09
4.133196148513740731e+00 1.285186514500400305e+09
4.174528109998877135e+00 1.431845231471091986e+09
4.216273391098866341e+00 1.606332936754403353e+09
4.258436125009854578e+00 1.828452938179486513e+09
4.301020486259953479e+00 8.510631745621172190e+08
4.344030691122553023e+00 1.191442755662250042e+09
4.387470998033777825e+00 1.783632326324603796e+09
4.431345708014116092e+00 1.722814241741346121e+09
4.475659165094256764e+00 1.604934131498457432e+09
4.520415756745198799e+00 1.645350078190677881e+09
4.565619914312651240e+00 1.901216615010637760e+09
4.611276113455778258e+00 2.005601046839718819e+09
4.657388874590335348e+00 1.951865538038109541e+09
4.703962763336238417e+00 2.171467937271647930e+09
4.751002390969600420e+00 2.305600066319826126e+09
4.798512414879296806e+00 2.036954224685563803e+09
4.846497539028090884e+00 2.095905660396343708e+09
4.894962514418371491e+00 1.978357284108999252e+09
4.943912139562555375e+00 1.669156503128047943e+09
4.993351260958180937e+00 1.672753043642434120e+09
5.043284773567762613e+00 1.484317921611281157e+09
5.093717621303440524e+00 1.372436320591016293e+09
5.144654797516475142e+00 1.151260481574234962e+09
5.196101345491639378e+00 1.046642042277219892e+09
5.248062358946555150e+00 1.081889093697724581e+09
5.300542982536021519e+00 9.412104700854740143e+08
5.353548412361381459e+00 8.459801399036978483e+08
5.407083896484995655e+00 7.497926959432444572e+08
5.461154735449845532e+00 7.233540630374730825e+08
5.515766282804344556e+00 7.383230863505076170e+08
5.570923945632387131e+00 6.097686657489503622e+08
5.626633185088711464e+00 5.880818581192504168e+08
5.682899516939598605e+00 5.914399614734447002e+08
5.739728512108993819e+00 5.411122971225254536e+08
5.797125797230084032e+00 5.699451397182132006e+08
5.855097055202384659e+00 5.042168005903889537e+08
5.913648025754409510e+00 5.351765746516746283e+08
5.972784506011953987e+00 5.389226976187353134e+08
6.032512351072073287e+00 5.303056707618438005e+08
6.092837474582792900e+00 5.196430707629818916e+08
6.153765849328621584e+00 5.132400999488216043e+08
6.215303507821907658e+00 5.475992488181238174e+08
6.277456542900125669e+00 5.817154937117557526e+08
6.340231108329128062e+00 5.563532362355372906e+08
6.403633419412418704e+00 4.758030407118087411e+08
6.467669753606543281e+00 4.304549077073581815e+08
6.532346451142608146e+00 4.535114362057752609e+08
6.597669915654034156e+00 4.380074229161478281e+08
6.663646614810574853e+00 4.752960152633870244e+08
6.730283080958680664e+00 4.873025696676241755e+08
6.797585911768267763e+00 4.524671951427148581e+08
6.865561770885950210e+00 4.627467800406612754e+08
6.934217388594810849e+00 4.877770389407590032e+08
7.003559562480758949e+00 4.694952568209299445e+08
7.073595158105566050e+00 4.385168105353550315e+08
7.144331109686621772e+00 4.159129618515248895e+08
7.215774420783487741e+00 4.022907061938536167e+08
7.287932164991324235e+00 3.783406642941240072e+08
7.360811486641236634e+00 3.607413014028241038e+08
7.434419601507648245e+00 3.567387104531629086e+08
7.508763797522725270e+00 3.670016627456188798e+08
7.583851435497953375e+00 3.838099137321881056e+08
7.659689949852931612e+00 3.663555300753897429e+08
7.736286849351461825e+00 3.240160934610002637e+08
7.813649717844977083e+00 3.367276455840320587e+08
7.891786215023426365e+00 3.425950749001971483e+08
7.970704077173661695e+00 3.579834332283203602e+08
8.050411117945397876e+00 3.496186749592497945e+08
8.130915229124850541e+00 3.597714108758100867e+08
8.212224381416099561e+00 3.538583586056091785e+08
8.294346625230261338e+00 3.663544007531799674e+08
8.377290091482562318e+00 3.617575388240309954e+08
8.461062992397387461e+00 3.806478306161447167e+08
8.545673622321363183e+00 3.889207328751605153e+08
8.631130358544575998e+00 4.051026172662221789e+08
8.717441662130022806e+00 4.161162518673778176e+08
8.804616078751321240e+00 4.084478572474347353e+08
8.892662239538834612e+00 4.158978747174792886e+08
8.981588861934222123e+00 4.074286447897544503e+08
9.071404750553567098e+00 4.367465778624330759e+08
9.162118798059102787e+00 4.313440492525424361e+08
9.253739986039693832e+00 4.324612880657796860e+08
9.346277385900089385e+00 4.266230936405534744e+08
9.439740159759089977e+00 4.345812058375880122e+08
9.534137561356683221e+00 4.453359953644658923e+08
9.629478936970249592e+00 4.368001503460178375e+08
9.725773726339950187e+00 4.437684882951714396e+08
9.823031463603349778e+00 4.594109480102154016e+08
9.921261778239381712e+00 4.413830107154061198e+08
1.002047439602177548e+01 4.691297819491121769e+08
1.012067913998199487e+01 4.038358655434221625e+08
1.022188593138181290e+01 4.200473625155151486e+08
1.032410479069563181e+01 3.178060321669532061e+08
1.042734583860258724e+01 2.516754629258810878e+08
1.053161929698861421e+01 2.784253300349894762e+08
1.063693548995849980e+01 2.955676083370661139e+08
1.074330484485808412e+01 2.363112846032171845e+08
1.085073789330666472e+01 2.805644089755164981e+08
1.095924527223973222e+01 2.680609530553140938e+08
1.106883772496212970e+01 3.119038218127108216e+08
1.117952610221174936e+01 3.250807068953566551e+08
1.129132136323386781e+01 3.165562603476439118e+08
1.140423457686620701e+01 3.361251829544808865e+08
1.151827692263487002e+01 3.032978577033166289e+08
1.163345969186121920e+01 3.119329501684424877e+08
1.174979428877982990e+01 2.429224107008635104e+08
1.186729223166762992e+01 2.904518876412419677e+08
1.198596515398430462e+01 2.593228627896004617e+08
1.210582480552414708e+01 2.458274584981726110e+08
1.222688305357938887e+01 2.449291123285071254e+08
1.234915188411518194e+01 2.234090891103234291e+08
1.247264340295633467e+01 2.209704556421621442e+08
1.259736983698589619e+01 2.085649539082090855e+08
1.272334353535575424e+01 2.053754850402477682e+08
1.285057697070931226e+01 2.020894276854667962e+08
1.297908274041640553e+01 1.915044551066417992e+08
1.310887356782057012e+01 1.985018787709374130e+08
1.323996230349877479e+01 1.799546385668012500e+08
1.337236192653376321e+01 1.678293544227562845e+08
1.350608554579910248e+01 1.710510297524578869e+08
1.364114640125709244e+01 1.708484770927545130e+08
1.377755786526966197e+01 1.616119095010557473e+08
1.391533344392236238e+01 1.719420532520141900e+08
1.405448677836158211e+01 1.511583882980509698e+08
1.419503164614519974e+01 1.412178192288701236e+08
1.433698196260665192e+01 1.434542594155803621e+08
1.448035178223271835e+01 1.246421862069224417e+08
1.462515530005504516e+01 1.433642665379605293e+08
1.477140685305559664e+01 1.354109915219351053e+08
1.491912092158615089e+01 1.219323645057897419e+08
1.506831213080201159e+01 1.242907327139333338e+08
1.521899525211003024e+01 1.237395193113220781e+08
1.537118520463113214e+01 1.154963959941190481e+08
1.552489705667744246e+01 1.053524940525802374e+08
1.568014602724421813e+01 9.791809200148028135e+07
1.583694748751665848e+01 9.572412770859478414e+07
1.599531696239182388e+01 9.420661443578934669e+07
1.615527013201574391e+01 9.435300619065678120e+07
1.631682283333590178e+01 9.183868354283399880e+07
1.647999106166925998e+01 8.927511771776060760e+07
1.664479097228595350e+01 8.154214006688912213e+07
1.681123888200881211e+01 8.482777689106850326e+07
1.697935127082889650e+01 8.300633078907600045e+07
1.714914478353718863e+01 7.297011804308864474e+07
1.732063623137256059e+01 7.315559876593284309e+07
1.749384259368628847e+01 7.214465454408434033e+07
1.766878101962314673e+01 7.085632443276099861e+07
1.784546882981938509e+01 7.021325936861881614e+07
1.802392351811757720e+01 6.672092939959867299e+07
1.820416275329875333e+01 6.060770431678947061e+07
1.838620438083173880e+01 6.242461034016143531e+07
1.857006642464005353e+01 5.546783358899046481e+07
1.875576708888645427e+01 5.869883898447696120e+07
1.894332475977532226e+01 5.575480503228475899e+07
1.913275800737307719e+01 5.545278847416408360e+07
1.969740769490774923e+01 4.514310429542214423e+07
2.068227807965313403e+01 3.867932454782272130e+07
2.171639198363579126e+01 3.216745330987526104e+07
2.280221158281758420e+01 2.822368666777227446e+07
2.394232216195846163e+01 2.381096289136793837e+07
2.513943827005638454e+01 1.976803523417409509e+07
2.639641018355920465e+01 1.663308272561815195e+07
2.771623069273716311e+01 1.427041874899277836e+07
2.910204222737402446e+01 1.161529236592390947e+07
3.055714433874272729e+01 9.583889333730161190e+06
3.208500155567985956e+01 8.434854060149759054e+06
3.368925163346385432e+01 6.891452969273375347e+06
3.537371421513704206e+01 5.559734221194894984e+06
3.714239992589390482e+01 4.856002947327887639e+06
3.899951992218858976e+01 4.066059657420484349e+06
4.094949591829801960e+01 3.401487281062584370e+06
4.299697071421292094e+01 2.796748948048073798e+06
4.514681924992356699e+01 2.333994314745916054e+06
4.740416021241974676e+01 1.937471358972926857e+06
4.977436822304073161e+01 1.610281689291011309e+06
5.226308663419276712e+01 1.367916465601315489e+06
5.487624096590241152e+01 1.139560028944327962e+06
5.762005301419753067e+01 9.296154219955448061e+05
6.050105566490740472e+01 8.027024442209152039e+05
6.352610844815276891e+01 6.439774058641943848e+05
6.670241387056040594e+01 5.415855143241921905e+05
7.003753456408843192e+01 4.590072651454276638e+05
7.353941129229284002e+01 3.721099329141982016e+05
7.721638185690748912e+01 3.102493281054117251e+05
8.107720094975286429e+01 2.577318387548772153e+05
8.513106099724051035e+01 2.156559745900205162e+05
8.938761404710253089e+01 1.880083464068103640e+05
9.385699474945765530e+01 1.471695196168375551e+05
