3.401114059005487245e-01 6.170209170941847992e+10
3.435125199595542300e-01 1.916911940078277969e+10
3.469476451591497201e-01 1.522360403925300980e+10
3.504171216107412334e-01 2.326322836068825150e+10
3.539212928268486436e-01 4.281233511205991364e+10
3.574605057551171750e-01 1.846224466006321335e+10
3.610351108126682584e-01 3.105524877376630020e+10
3.646454619207949999e-01 2.818346631346663284e+10
3.682919165400029282e-01 1.775438399508379745e+10
3.719748357054029064e-01 1.272302070135582542e+10
3.756945840624569266e-01 1.605757497966333389e+10
3.794515299030815081e-01 2.947467574293421173e+10
3.832460452021123065e-01 2.052390704605709457e+10
3.870785056541334312e-01 1.653198762338425827e+10
3.909492907106748016e-01 1.929494944619488525e+10
3.948587836177815391e-01 5.043965099258127594e+10
3.988073714539593917e-01 7.551117045616304016e+10
4.027954451684989667e-01 9.927054869679608154e+10
4.068233996201839342e-01 8.373741045461163330e+10
4.108916336163858096e-01 6.381552294802596283e+10
4.150005499525497021e-01 6.256334428859110260e+10
4.191505554520751908e-01 3.277099309477844620e+10
4.233420610065958822e-01 1.369765232042787552e+10
4.275754816166618122e-01 3.771329789887282562e+10
4.318512364328284114e-01 4.615460368711063385e+10
4.361697487971567533e-01 4.786820142750276947e+10
4.405314462851282475e-01 6.017592304895407867e+10
4.449367607479796094e-01 5.945653882617308044e+10
4.493861283554593800e-01 7.603266597534199524e+10
4.538799896390139921e-01 8.859223756343823242e+10
4.584187895354041031e-01 8.481944148767996216e+10
4.630029774307581336e-01 9.292900529844096375e+10
4.676330072050656761e-01 8.520126148805592346e+10
4.723093372771162701e-01 8.062021183146394348e+10
4.770324306498874289e-01 6.538306436740296173e+10
4.818027549563863032e-01 5.766098193163143158e+10
4.866207825059500891e-01 5.177160019787030792e+10
4.914869903310095656e-01 6.782381854937471008e+10
4.964018602343197584e-01 6.533055693414657593e+10
5.013658788366629482e-01 4.674113789755274963e+10
5.063795376250295188e-01 4.619222439709909058e+10
5.114433330012797541e-01 4.139323343894715118e+10
5.165577663312926893e-01 4.342301404047273254e+10
5.217233439946056262e-01 5.098695305570166016e+10
5.269405774345515825e-01 4.603770890324396515e+10
5.322099832088971194e-01 4.605427328497740173e+10
5.375320830409860973e-01 4.355190092915145874e+10
5.429074038713960215e-01 5.785265032681552124e+10
5.483364779101099762e-01 4.168240300185871887e+10
5.538198426892112503e-01 4.232364570818654633e+10
5.593580411161032107e-01 4.766992610973787689e+10
5.649516215272641917e-01 4.966614235778981781e+10
5.706011377425368458e-01 5.074263234548207855e+10
5.763071491199621699e-01 4.758067346640562439e+10
5.820702206111618704e-01 5.010988873851778412e+10
5.878909228172733981e-01 4.388082951831324768e+10
5.937698320454461998e-01 5.411317578337461853e+10
5.997075303659007428e-01 6.273982875946775818e+10
6.057046056695597480e-01 6.851855352371272278e+10
6.117616517262552955e-01 6.832633439058885193e+10
6.178792682435179096e-01 7.413401557627162170e+10
6.240580609259530620e-01 8.202997481919537354e+10
6.302986415352126448e-01 8.469695359255558777e+10
6.366016279505647413e-01 8.883587959532456970e+10
6.429676442300703565e-01 9.479952308953266907e+10
6.493973206723711034e-01 9.587259325311381531e+10
6.558912938790947278e-01 9.755573076446322632e+10
6.624502068178856895e-01 1.032269632700751343e+11
6.690747088860645730e-01 1.084986214394913483e+11
6.757654559749252110e-01 1.134503037789852600e+11
6.825231105346745153e-01 1.185068848564342041e+11
6.893483416400212338e-01 1.236955030569758301e+11
6.962418250564214039e-01 1.284289819761235657e+11
7.032042433069857212e-01 1.334681829369995880e+11
7.102362857400554841e-01 1.401617129602875366e+11
7.173386485974559967e-01 1.468560688187985229e+11
7.245120350834306500e-01 1.528309981876973267e+11
7.317571554342650053e-01 1.585709905758593750e+11
7.390747269886076554e-01 1.640340767621015930e+11
7.464654742584937441e-01 1.696636293897927856e+11
7.539301290010786971e-01 1.791591810421733704e+11
7.614694302910893775e-01 1.911592027311451111e+11
7.690841245940003290e-01 1.916115048977115173e+11
7.767749658399403234e-01 2.084982564586900024e+11
7.845427154983398710e-01 2.099975005812815247e+11
7.923881426533231354e-01 2.120562505388021240e+11
8.003120240798563545e-01 2.177517550232162781e+11
8.083151443206548770e-01 2.298668326973025208e+11
8.163982957638614701e-01 2.379357432249430237e+11
8.245622787215000082e-01 2.409595096464909973e+11
8.328079015087149761e-01 2.462248766399495850e+11
8.411359805238021181e-01 2.503583535823541260e+11
8.495473403290402237e-01 2.568015958546695557e+11
8.580428137323306004e-01 2.703853227564738464e+11
8.666232418696537820e-01 2.855728400075276489e+11
8.752894742883503554e-01 2.946980573776616821e+11
8.840423690312340099e-01 3.010904803372300415e+11
8.928827927215462479e-01 3.060375219179393921e+11
9.018116206487618580e-01 3.107719913325165405e+11
9.108297368552494833e-01 3.180682410628578491e+11
9.199380342238018260e-01 3.225589247448034058e+11
9.291374145660399320e-01 3.348627014921175537e+11
9.384287887117003235e-01 3.459664972648096313e+11
9.478130765988174167e-01 3.536007237684058228e+11
9.572912073648053299e-01 3.629801271838253174e+11
9.668641194384535176e-01 3.722314716656597900e+11
9.765327606328380039e-01 3.808817902791311035e+11
9.862980882391664261e-01 3.871139866973662720e+11
9.961610691215579960e-01 3.964999707380509644e+11
1.006122679812773590e+00 4.048153541944241943e+11
1.016183906610901300e+00 4.099204659901209106e+11
1.026345745677010202e+00 4.153863181316821899e+11
1.036609203133780355e+00 4.191744493658074951e+11
1.046975295165118336e+00 4.255440973994455566e+11
1.057445048116769204e+00 4.330329497259849243e+11
1.068019498597936989e+00 4.386529024558407593e+11
1.078699693583916597e+00 4.397644340829106445e+11
1.089486690519755552e+00 4.469832864750009155e+11
1.100381557424953138e+00 4.576290277883662720e+11
1.111385372999202481e+00 4.621132603623462524e+11
1.122499226729194666e+00 4.690614160532271118e+11
1.133724218996486455e+00 4.780387945911895752e+11
1.145061461186451135e+00 4.853695478234784546e+11
1.156512075798315831e+00 4.883495525530503540e+11
1.168077196556299047e+00 4.933896383053994751e+11
1.179757968521861988e+00 5.011260574595540161e+11
1.191555548207080761e+00 5.034537321637687988e+11
1.203471103689151889e+00 5.057388263792426758e+11
1.215505814726043354e+00 5.076320119633759766e+11
1.227660872873303610e+00 5.083757782180319214e+11
1.239937481602036762e+00 5.120849197158156738e+11
1.252336856418057032e+00 5.134717919817385864e+11
1.264860224982237824e+00 5.112228345512446289e+11
1.277508827232060051e+00 5.100092692564902954e+11
1.290283915504380818e+00 5.134591826775454102e+11
1.303186754659424462e+00 5.164726285703258667e+11
1.316218622206019040e+00 5.200157400632055054e+11
1.329380808428079153e+00 5.233317625080567627e+11
1.342674616512359975e+00 5.194620120377131958e+11
1.356101362677483380e+00 5.181345256131979370e+11
1.369662376304258355e+00 5.197613503308791504e+11
1.383359000067300837e+00 5.214953253843681030e+11
1.397192590067974027e+00 5.183825249592745361e+11
1.411164515968653665e+00 5.153019060990652466e+11
1.425276161128340213e+00 5.125383016742935181e+11
1.439528922739623740e+00 5.130962824800115967e+11
1.453924211967019708e+00 5.141415164407100220e+11
1.468463454086690101e+00 5.121866906056397705e+11
1.483148088627556760e+00 5.119382427834356689e+11
1.497979569513832487e+00 5.120697038201406860e+11
1.512959365208970564e+00 5.123106874422262573e+11
1.528088958861060442e+00 5.125236158312193604e+11
1.543369848449671178e+00 5.119540185505059814e+11
1.558803546934167894e+00 5.118494425844672852e+11
1.574391582403509737e+00 5.113185801753455811e+11
1.590135498227544852e+00 5.096805070749993896e+11
1.606036853209820148e+00 5.072136258126885986e+11
1.622097221741918505e+00 5.037796992058181763e+11
1.638318193959337421e+00 4.993008696617963867e+11
1.654701375898931071e+00 4.942443037196974487e+11
1.671248389657920441e+00 4.883041152075567627e+11
1.687960873554499530e+00 4.835740850271594849e+11
1.704840482290044701e+00 4.796480154570692749e+11
1.721888887112944966e+00 4.750115648834602661e+11
1.739107775984074289e+00 4.693575694706292114e+11
1.756498853743915012e+00 4.632605449951638794e+11
1.774063842281354608e+00 4.559764391585326538e+11
1.791804480704168201e+00 4.495396075609331055e+11
1.809722525511209934e+00 4.424114833656301880e+11
1.827819750766321860e+00 4.372780588603754883e+11
1.846097948273984990e+00 4.291181221912933960e+11
1.864558927756724938e+00 4.219130168732130127e+11
1.883204517034292147e+00 4.192787325566857910e+11
1.902036562204635128e+00 4.153265562805006104e+11
1.921056927826681582e+00 4.106792822894558716e+11
1.940267497104948502e+00 4.056428575750512695e+11
1.959670172075998140e+00 4.006745503808709717e+11
1.979266873796758031e+00 3.944357129844025269e+11
1.999059542534725509e+00 3.876968797170838013e+11
2.019050137960073155e+00 3.819089018574287720e+11
2.039240639339673589e+00 3.770600812425035400e+11
2.059633045733070489e+00 3.725452585648346558e+11
2.080229376190401158e+00 3.681641502283972168e+11
2.101031669952305059e+00 3.645326757136857300e+11
2.122041986651828083e+00 3.604213899816299438e+11
2.143262406518346097e+00 3.561314783120532837e+11
2.164695030583529967e+00 3.515012399838822632e+11
2.186341980889365377e+00 3.459505779872319336e+11
2.208205400698258991e+00 3.402658552533516235e+11
2.230287454705241146e+00 3.341323400430274658e+11
2.252590329252293522e+00 3.280018179941830444e+11
2.275116232544817318e+00 3.218930621034977417e+11
2.297867394870265034e+00 3.158847609052828369e+11
2.320846068818967822e+00 3.097282812314769287e+11
2.344054529507157536e+00 3.031462561172531128e+11
2.367495074802228761e+00 2.968307502082207031e+11
2.391170025550251044e+00 2.899764425962669067e+11
2.415081725805753532e+00 2.822260340310708008e+11
2.439232543063811764e+00 2.752638377355724487e+11
2.463624868494449949e+00 2.687123299318197937e+11
2.488261117179394244e+00 2.623780935893016052e+11
2.513143728351188155e+00 2.555817349125010986e+11
2.538275165634700237e+00 2.497765428431064453e+11
2.563657917291046751e+00 2.441041133846881409e+11
2.589294496463957262e+00 2.389876270286894531e+11
2.615187441428596937e+00 2.342251740154137268e+11
2.641339315842882840e+00 2.292216235302781677e+11
2.667752709001311562e+00 2.251287695718138733e+11
2.694430236091324815e+00 2.201819536117651672e+11
2.721374538452237868e+00 2.147127227691471252e+11
2.748588283836760127e+00 2.091816471378868713e+11
2.776074166675128296e+00 2.038758785129552307e+11
2.803834908341879206e+00 1.991963055000290222e+11
2.831873257425297830e+00 1.943519917540036011e+11
2.860191989999551154e+00 1.901776206465722046e+11
2.888793909899546541e+00 1.859224609802514343e+11
2.917681848998542549e+00 1.811118971296951904e+11
2.946858667488527761e+00 1.769237675080729980e+11
2.976327254163412928e+00 1.727419320230780029e+11
3.006090526705047061e+00 1.686420440843139648e+11
3.036151431972097470e+00 1.646051599497324524e+11
3.066512946291818587e+00 1.610097893885261841e+11
3.097178075754736692e+00 1.569706433442166748e+11
3.128149856512283833e+00 1.533465160474262085e+11
3.159431355077406689e+00 1.497777198213591309e+11
3.191025668628181045e+00 1.462583725440056458e+11
3.222935925314462935e+00 1.429308196022113342e+11
3.255165284567607564e+00 1.397229358816876221e+11
3.287716937413283524e+00 1.364502999155533447e+11
3.320594106787416067e+00 1.333269497053338776e+11
3.353800047855290511e+00 1.300817540290387115e+11
3.387338048333843332e+00 1.270146836657565002e+11
3.421211428817182210e+00 1.239910032726354065e+11
3.455423543105353712e+00 1.210539347896621857e+11
3.489977778536407005e+00 1.179783978294609222e+11
3.524877556321771355e+00 1.149611266993344574e+11
3.560126331884988726e+00 1.120992269604889526e+11
3.595727595203838334e+00 1.092823241407508850e+11
3.631684871155877570e+00 1.064360480571948090e+11
3.668001719867436616e+00 1.036268841971080170e+11
3.704681737066110259e+00 1.010000455443957520e+11
3.741728554436771326e+00 9.832513309214601135e+10
3.779145839981139510e+00 9.569531691451380920e+10
3.816937298380950860e+00 9.301457625805860901e+10
3.855106671364760818e+00 9.050741547777902222e+10
3.893657738078407426e+00 8.796790307822962952e+10
3.932594315459191581e+00 8.549751705753033447e+10
3.971920258613783616e+00 8.301633969145733643e+10
4.011639461199922430e+00 8.058799694630442810e+10
4.051755855811920881e+00 7.818059524897621155e+10
4.092273414370040108e+00 7.572470615345059204e+10
4.133196148513740731e+00 7.353485321682801819e+10
4.174528109998877135e+00 7.131743627111923218e+10
4.216273391098866341e+00 6.915544508462135315e+10
4.258436125009854578e+00 6.692668344431941986e+10
4.301020486259953479e+00 6.522980736517056274e+10
4.344030691122553023e+00 6.361850532983248138e+10
4.387470998033777825e+00 6.213039971133727264e+10
4.431345708014116092e+00 6.067842263779347229e+10
4.475659165094256764e+00 5.887554376916137695e+10
4.520415756745198799e+00 5.724302664958842468e+10
4.565619914312651240e+00 5.559244218565057373e+10
4.611276113455778258e+00 5.391480352560907745e+10
4.657388874590335348e+00 5.184887380031158447e+10
4.703962763336238417e+00 5.031497288818586731e+10
4.751002390969600420e+00 4.857459514706308746e+10
4.798512414879296806e+00 4.697021429644523621e+10
4.846497539028090884e+00 4.557210401171823120e+10
4.894962514418371491e+00 4.420273042190555573e+10
4.943912139562555375e+00 4.285548159080282593e+10
4.993351260958180937e+00 4.138791976900143433e+10
5.043284773567762613e+00 4.014736842252241516e+10
5.093717621303440524e+00 3.877552553109056091e+10
5.144654797516475142e+00 3.748596719135541534e+10
5.196101345491639378e+00 3.624984687807923126e+10
5.248062358946555150e+00 3.506753312597433472e+10
5.300542982536021519e+00 3.387358629404224014e+10
5.353548412361381459e+00 3.271988342099689865e+10
5.407083896484995655e+00 3.166204882302067184e+10
5.461154735449845532e+00 3.064133175163237762e+10
5.515766282804344556e+00 2.964612280298265457e+10
5.570923945632387131e+00 2.867847299008631897e+10
5.626633185088711464e+00 2.774280275095843506e+10
5.682899516939598605e+00 2.683796341800549698e+10
5.739728512108993819e+00 2.596835470414383316e+10
5.797125797230084032e+00 2.513928207897750854e+10
5.855097055202384659e+00 2.432202651623698425e+10
5.913648025754409510e+00 2.354999624045998764e+10
5.972784506011953987e+00 2.279274824145922470e+10
6.032512351072073287e+00 2.204027697045485306e+10
6.092837474582792900e+00 2.136826299601890564e+10
6.153765849328621584e+00 2.068768382272922897e+10
6.215303507821907658e+00 2.003224153475304031e+10
6.277456542900125669e+00 1.936283079247383881e+10
6.340231108329128062e+00 1.872728008147541809e+10
6.403633419412418704e+00 1.808593570949884033e+10
6.467669753606543281e+00 1.742306879053546524e+10
6.532346451142608146e+00 1.681641245521534920e+10
6.597669915654034156e+00 1.622413906760607338e+10
6.663646614810574853e+00 1.563725521968642616e+10
6.730283080958680664e+00 1.514414764855670929e+10
6.797585911768267763e+00 1.463911399946825790e+10
6.865561770885950210e+00 1.415356235514434052e+10
6.934217388594810849e+00 1.367674578973773575e+10
7.003559562480758949e+00 1.323688077944315147e+10
7.073595158105566050e+00 1.278258696865380287e+10
7.144331109686621772e+00 1.235753199208234215e+10
7.215774420783487741e+00 1.195113422468333244e+10
7.287932164991324235e+00 1.154523615608734322e+10
7.360811486641236634e+00 1.116570898402095795e+10
7.434419601507648245e+00 1.078479310444744301e+10
7.508763797522725270e+00 1.041872827974789429e+10
7.583851435497953375e+00 1.007262586907964516e+10
7.659689949852931612e+00 9.722414586391563416e+09
7.736286849351461825e+00 9.398674238315570831e+09
7.813649717844977083e+00 9.092560043900657654e+09
7.891786215023426365e+00 8.760725949707450867e+09
7.970704077173661695e+00 8.467835148049211502e+09
8.050411117945397876e+00 8.171389702323380470e+09
8.130915229124850541e+00 7.891719417055154800e+09
8.212224381416099561e+00 7.620312455039173126e+09
8.294346625230261338e+00 7.351392248810018539e+09
8.377290091482562318e+00 7.093761358268547058e+09
8.461062992397387461e+00 6.850998381266065598e+09
8.545673622321363183e+00 6.614120905990873337e+09
8.631130358544575998e+00 6.387136902167771339e+09
8.717441662130022806e+00 6.163851168721364021e+09
8.804616078751321240e+00 5.957723064716639519e+09
8.892662239538834612e+00 5.757827550040368080e+09
8.981588861934222123e+00 5.554695498135223389e+09
9.071404750553567098e+00 5.370706697779241562e+09
9.162118798059102787e+00 5.183454005468050003e+09
9.253739986039693832e+00 5.000868169685655594e+09
9.346277385900089385e+00 4.830544897895442009e+09
9.439740159759089977e+00 4.666800793872307777e+09
9.534137561356683221e+00 4.507300885469170570e+09
9.629478936970249592e+00 4.341973659286847115e+09
9.725773726339950187e+00 4.190580657748738766e+09
9.823031463603349778e+00 4.046522105733754635e+09
9.921261778239381712e+00 3.901268726733850002e+09
1.002047439602177548e+01 3.765863647540765285e+09
1.012067913998199487e+01 3.629680004999757290e+09
1.022188593138181290e+01 3.505646325713004589e+09
1.032410479069563181e+01 3.376470939147996426e+09
1.042734583860258724e+01 3.260776634320512295e+09
1.053161929698861421e+01 3.143393489395660400e+09
1.063693548995849980e+01 3.029861765713183880e+09
1.074330484485808412e+01 2.920182690551716805e+09
1.085073789330666472e+01 2.818983579828898907e+09
1.095924527223973222e+01 2.715487116426554680e+09
1.106883772496212970e+01 2.619040905904202461e+09
1.117952610221174936e+01 2.522391465940302372e+09
1.129132136323386781e+01 2.432791305330639839e+09
1.140423457686620701e+01 2.345838436937405586e+09
1.151827692263487002e+01 2.261352611326899529e+09
1.163345969186121920e+01 2.178412901416395187e+09
1.174979428877982990e+01 2.100879281909157276e+09
1.186729223166762992e+01 2.024007645707488537e+09
1.198596515398430462e+01 1.952185300271073103e+09
1.210582480552414708e+01 1.883328684405197144e+09
1.222688305357938887e+01 1.815191136339771509e+09
1.234915188411518194e+01 1.750261722751605749e+09
1.247264340295633467e+01 1.684764112582981110e+09
1.259736983698589619e+01 1.625003186799526691e+09
1.272334353535575424e+01 1.565920758727406740e+09
1.285057697070931226e+01 1.509451027926364183e+09
1.297908274041640553e+01 1.454501722352581978e+09
1.310887356782057012e+01 1.401949699569123268e+09
1.323996230349877479e+01 1.350590409952477217e+09
1.337236192653376321e+01 1.301709009540805101e+09
1.350608554579910248e+01 1.254709753184674263e+09
1.364114640125709244e+01 1.209395213639037609e+09
1.377755786526966197e+01 1.164962167387668848e+09
1.391533344392236238e+01 1.122796083596504688e+09
1.405448677836158211e+01 1.080613718041022062e+09
1.419503164614519974e+01 1.042134157497240305e+09
1.433698196260665192e+01 1.004246416596308589e+09
1.448035178223271835e+01 9.678381772968556881e+08
1.462515530005504516e+01 9.313810815734430552e+08
1.477140685305559664e+01 8.978830515236192942e+08
1.491912092158615089e+01 8.642288987809258699e+08
1.506831213080201159e+01 8.335525688250540495e+08
1.521899525211003024e+01 8.016216191347239017e+08
1.537118520463113214e+01 7.728963906842344999e+08
1.552489705667744246e+01 7.446346704901552200e+08
1.568014602724421813e+01 7.179619427621461153e+08
1.583694748751665848e+01 6.907446611798374653e+08
1.599531696239182388e+01 6.660992700017999411e+08
1.615527013201574391e+01 6.407928608510553837e+08
1.631682283333590178e+01 6.183352776407204866e+08
1.647999106166925998e+01 5.951174425687553883e+08
1.664479097228595350e+01 5.732488714813805819e+08
1.681123888200881211e+01 5.512579351179261208e+08
1.697935127082889650e+01 5.318287607048915625e+08
1.714914478353718863e+01 5.115181777024810910e+08
1.732063623137256059e+01 4.924327563879560232e+08
1.749384259368628847e+01 4.740163881297214627e+08
1.766878101962314673e+01 4.564905625870921016e+08
1.784546882981938509e+01 4.402065410141250491e+08
1.802392351811757720e+01 4.239365879323841929e+08
1.820416275329875333e+01 4.082993610660607815e+08
1.838620438083173880e+01 3.930016401848468781e+08
1.857006642464005353e+01 3.784750173301597834e+08
1.875576708888645427e+01 3.640192269361222386e+08
1.894332475977532226e+01 3.511116956746877432e+08
1.913275800737307719e+01 3.382101083812376261e+08
1.969740769490774923e+01 3.025162364040256739e+08
2.068227807965313403e+01 2.510094787282253206e+08
2.171639198363579126e+01 2.083739366646718681e+08
2.280221158281758420e+01 1.728893982513327301e+08
2.394232216195846163e+01 1.432225248400640786e+08
2.513943827005638454e+01 1.186804943099511713e+08
2.639641018355920465e+01 9.840142269824834168e+07
2.771623069273716311e+01 8.131550691626964509e+07
2.910204222737402446e+01 6.733901174268540740e+07
3.055714433874272729e+01 5.569076692719729245e+07
3.208500155567985956e+01 4.607383390495273471e+07
3.368925163346385432e+01 3.809280216644306481e+07
3.537371421513704206e+01 3.151657244658393785e+07
3.714239992589390482e+01 2.607042583400988579e+07
3.899951992218858976e+01 2.156866257382826135e+07
4.094949591829801960e+01 1.781810211447784305e+07
4.299697071421292094e+01 1.473170861276315898e+07
4.514681924992356699e+01 1.217250495141835324e+07
4.740416021241974676e+01 1.005442513444464095e+07
4.977436822304073161e+01 8.297697976055061445e+06
5.226308663419276712e+01 6.857022810615903698e+06
5.487624096590241152e+01 5.661634272984950803e+06
5.762005301419753067e+01 4.673878074502877891e+06
6.050105566490740472e+01 3.861400690108519979e+06
6.352610844815276891e+01 3.186826355605958495e+06
6.670241387056040594e+01 2.631274563057444058e+06
7.003753456408843192e+01 2.172335062253908254e+06
7.353941129229284002e+01 1.792403045704825316e+06
7.721638185690748912e+01 1.480464084114847705e+06
8.107720094975286429e+01 1.219844648885126924e+06
8.513106099724051035e+01 1.006505652487330721e+06
8.938761404710253089e+01 8.318416024484984810e+05
9.385699474945765530e+01 6.858531075212897267e+05
