3.401114059005487245e-01 5.670176070234225464e+10
3.435125199595542300e-01 1.627777353008743858e+10
3.469476451591497201e-01 1.379248778492848969e+10
3.504171216107412334e-01 2.394796287453995132e+10
3.539212928268486436e-01 4.355501711552384186e+10
3.574605057551171750e-01 1.582483579581436157e+10
3.610351108126682584e-01 3.319631776755938339e+10
3.646454619207949999e-01 2.972098396351966095e+10
3.682919165400029282e-01 1.758650844628360367e+10
3.719748357054029064e-01 3.834391464415321350e+09
3.756945840624569266e-01 9.068951074841102600e+09
3.794515299030815081e-01 2.481461925223692322e+10
3.832460452021123065e-01 8.816764700328586578e+09
3.870785056541334312e-01 5.798363527857661247e+09
3.909492907106748016e-01 9.437354907625890732e+09
3.948587836177815391e-01 2.606541609332150269e+10
3.988073714539593917e-01 5.205778444313597870e+10
4.027954451684989667e-01 5.767313071537549591e+10
4.068233996201839342e-01 5.084980714582953644e+10
4.108916336163858096e-01 4.488881614571739960e+10
4.150005499525497021e-01 3.052098135442558289e+10
4.191505554520751908e-01 1.281397856263828278e+10
4.233420610065958822e-01 3.850916675853060722e+09
4.275754816166618122e-01 1.540519561321573830e+10
4.318512364328284114e-01 2.359441566940431595e+10
4.361697487971567533e-01 3.103066125768709946e+10
4.405314462851282475e-01 3.361336093308342743e+10
4.449367607479796094e-01 3.519633808327476501e+10
4.493861283554593800e-01 4.525968564349972534e+10
4.538799896390139921e-01 5.383450035799984741e+10
4.584187895354041031e-01 5.254837162532492828e+10
4.630029774307581336e-01 5.907175301889257050e+10
4.676330072050656761e-01 5.462059063449880219e+10
4.723093372771162701e-01 5.194155557473492432e+10
4.770324306498874289e-01 4.350844679531698608e+10
4.818027549563863032e-01 3.950982074481665039e+10
4.866207825059500891e-01 4.081221395664864349e+10
4.914869903310095656e-01 4.427165160269492340e+10
4.964018602343197584e-01 4.316603881796373749e+10
5.013658788366629482e-01 3.116455752132442474e+10
5.063795376250295188e-01 2.432829321403609467e+10
5.114433330012797541e-01 2.060241408196807861e+10
5.165577663312926893e-01 2.031733737134298325e+10
5.217233439946056262e-01 2.733429173573841095e+10
5.269405774345515825e-01 2.422641397523502731e+10
5.322099832088971194e-01 2.700813834883524323e+10
5.375320830409860973e-01 2.934798695193489075e+10
5.429074038713960215e-01 2.879926263419456482e+10
5.483364779101099762e-01 2.550765692451543427e+10
5.538198426892112503e-01 2.607801447125982285e+10
5.593580411161032107e-01 2.999237745085783005e+10
5.649516215272641917e-01 3.244291952124750900e+10
5.706011377425368458e-01 3.280061596403196716e+10
5.763071491199621699e-01 2.681577161119646072e+10
5.820702206111618704e-01 2.809277845701335526e+10
5.878909228172733981e-01 1.833686213613602066e+10
5.937698320454461998e-01 2.919799947608530426e+10
5.997075303659007428e-01 3.914478601375452423e+10
6.057046056695597480e-01 4.596246263384084320e+10
6.117616517262552955e-01 4.264103533496582794e+10
6.178792682435179096e-01 4.947860796668087769e+10
6.240580609259530620e-01 5.682814885515551758e+10
6.302986415352126448e-01 6.178790969954630280e+10
6.366016279505647413e-01 6.667723771728556824e+10
6.429676442300703565e-01 7.179741615903784180e+10
6.493973206723711034e-01 7.090098179741232300e+10
6.558912938790947278e-01 6.910040907083235168e+10
6.624502068178856895e-01 7.361536692102317810e+10
6.690747088860645730e-01 8.038354062106706238e+10
6.757654559749252110e-01 8.829161328752496338e+10
6.825231105346745153e-01 9.595275711455795288e+10
6.893483416400212338e-01 9.823986335922860718e+10
6.962418250564214039e-01 9.091999685292565918e+10
7.032042433069857212e-01 9.070603975640878296e+10
7.102362857400554841e-01 9.913402672225970459e+10
7.173386485974559967e-01 1.108446397354186401e+11
7.245120350834306500e-01 1.222728522190666504e+11
7.317571554342650053e-01 1.287641545148696899e+11
7.390747269886076554e-01 1.151529719351526489e+11
7.464654742584937441e-01 1.067773082089998627e+11
7.539301290010786971e-01 1.190138306557499847e+11
7.614694302910893775e-01 1.344017385699266357e+11
7.690841245940003290e-01 1.115886121777418518e+11
7.767749658399403234e-01 1.629381331401933594e+11
7.845427154983398710e-01 1.657513333475796814e+11
7.923881426533231354e-01 1.453683325739668884e+11
8.003120240798563545e-01 1.413556311556513672e+11
8.083151443206548770e-01 1.671639683610912476e+11
8.163982957638614701e-01 1.895720196105633850e+11
8.245622787215000082e-01 2.039224180872661438e+11
8.328079015087149761e-01 2.119651267238880310e+11
8.411359805238021181e-01 2.190818104881670837e+11
8.495473403290402237e-01 2.253480574626515198e+11
8.580428137323306004e-01 2.210050622260871582e+11
8.666232418696537820e-01 2.119810660847656555e+11
8.752894742883503554e-01 2.193273317046527710e+11
8.840423690312340099e-01 2.384037021342249756e+11
8.928827927215462479e-01 2.518258675657140808e+11
9.018116206487618580e-01 2.618796448501505432e+11
9.108297368552494833e-01 2.696632229715729675e+11
9.199380342238018260e-01 2.775195825968497925e+11
9.291374145660399320e-01 2.793210198506840820e+11
9.384287887117003235e-01 2.881386118562882080e+11
9.478130765988174167e-01 2.940670007267498779e+11
9.572912073648053299e-01 2.980525320976937256e+11
9.668641194384535176e-01 3.030725167020348511e+11
9.765327606328380039e-01 3.104318462263679199e+11
9.862980882391664261e-01 3.193263621061398315e+11
9.961610691215579960e-01 3.217510617033797607e+11
1.006122679812773590e+00 3.308665938191730957e+11
1.016183906610901300e+00 3.432697687738762817e+11
1.026345745677010202e+00 3.504065766356564941e+11
1.036609203133780355e+00 3.582733142572310791e+11
1.046975295165118336e+00 3.620801277670539551e+11
1.057445048116769204e+00 3.596392848447430420e+11
1.068019498597936989e+00 3.712007431483742676e+11
1.078699693583916597e+00 3.815342155079504395e+11
1.089486690519755552e+00 3.872385861430991821e+11
1.100381557424953138e+00 3.862323876280888672e+11
1.111385372999202481e+00 3.869017203048747559e+11
1.122499226729194666e+00 3.929719569626831055e+11
1.133724218996486455e+00 3.938143026442687988e+11
1.145061461186451135e+00 4.010252061183845215e+11
1.156512075798315831e+00 4.044976120834708252e+11
1.168077196556299047e+00 4.090701523115133057e+11
1.179757968521861988e+00 4.091820238572017212e+11
1.191555548207080761e+00 4.188382602306784058e+11
1.203471103689151889e+00 4.261190399705324097e+11
1.215505814726043354e+00 4.345398380098106689e+11
1.227660872873303610e+00 4.413697696652702637e+11
1.239937481602036762e+00 4.463346312784130249e+11
1.252336856418057032e+00 4.512038629811376953e+11
1.264860224982237824e+00 4.532173619219576416e+11
1.277508827232060051e+00 4.547551548597145996e+11
1.290283915504380818e+00 4.564325673128167725e+11
1.303186754659424462e+00 4.576205413379023438e+11
1.316218622206019040e+00 4.573152109306214600e+11
1.329380808428079153e+00 4.350919897286732178e+11
1.342674616512359975e+00 3.936785207990280762e+11
1.356101362677483380e+00 3.832980534734833374e+11
1.369662376304258355e+00 3.864007081625691528e+11
1.383359000067300837e+00 3.906114989857731323e+11
1.397192590067974027e+00 3.831094624351426392e+11
1.411164515968653665e+00 3.754995622067277222e+11
1.425276161128340213e+00 3.696393139454519043e+11
1.439528922739623740e+00 3.739714212853036499e+11
1.453924211967019708e+00 3.820216907053004150e+11
1.468463454086690101e+00 3.801695594315628052e+11
1.483148088627556760e+00 3.843484451759233398e+11
1.497979569513832487e+00 3.895124714581306152e+11
1.512959365208970564e+00 3.959707933483909912e+11
1.528088958861060442e+00 4.020414959804169312e+11
1.543369848449671178e+00 4.068254058476289673e+11
1.558803546934167894e+00 4.140904336704465332e+11
1.574391582403509737e+00 4.219183492980935669e+11
1.590135498227544852e+00 4.270645373850720215e+11
1.606036853209820148e+00 4.306930003483795776e+11
1.622097221741918505e+00 4.346262062199256592e+11
1.638318193959337421e+00 4.360952664256666260e+11
1.654701375898931071e+00 4.357332893431115723e+11
1.671248389657920441e+00 4.353408341105070190e+11
1.687960873554499530e+00 4.316764642930678101e+11
1.704840482290044701e+00 4.221615514187666016e+11
1.721888887112944966e+00 4.062683929945294800e+11
1.739107775984074289e+00 3.956820932287334595e+11
1.756498853743915012e+00 3.836437347095691528e+11
1.774063842281354608e+00 3.678513971142995605e+11
1.791804480704168201e+00 3.573945963703110962e+11
1.809722525511209934e+00 3.454999656274955444e+11
1.827819750766321860e+00 3.416336530120211182e+11
1.846097948273984990e+00 3.286657721094064941e+11
1.864558927756724938e+00 3.181315705883689575e+11
1.883204517034292147e+00 3.244363878443893433e+11
1.902036562204635128e+00 3.260478243123605347e+11
1.921056927826681582e+00 3.234758743182323608e+11
1.940267497104948502e+00 3.192102397902540283e+11
1.959670172075998140e+00 3.163519955156029053e+11
1.979266873796758031e+00 3.108313571135236816e+11
1.999059542534725509e+00 3.044360037822611084e+11
2.019050137960073155e+00 3.019572042585626221e+11
2.039240639339673589e+00 3.014885855346367188e+11
2.059633045733070489e+00 3.018336883986774902e+11
2.080229376190401158e+00 3.020099663703096924e+11
2.101031669952305059e+00 3.044203178680562744e+11
2.122041986651828083e+00 3.050508313634420166e+11
2.143262406518346097e+00 3.055888412891514893e+11
2.164695030583529967e+00 3.056968190597628784e+11
2.186341980889365377e+00 3.029545573688356323e+11
2.208205400698258991e+00 3.004095508622879639e+11
2.230287454705241146e+00 2.967867301361374512e+11
2.252590329252293522e+00 2.926016975743991699e+11
2.275116232544817318e+00 2.876150300793297729e+11
2.297867394870265034e+00 2.773408793288671265e+11
2.320846068818967822e+00 2.684468838213741150e+11
2.344054529507157536e+00 2.613427172782985840e+11
2.367495074802228761e+00 2.539902390997270508e+11
2.391170025550251044e+00 2.448973982556054077e+11
2.415081725805753532e+00 2.334753252686168823e+11
2.439232543063811764e+00 2.235983011507939453e+11
2.463624868494449949e+00 2.138464088738200378e+11
2.488261117179394244e+00 2.057822120028129883e+11
2.513143728351188155e+00 1.957522879842109680e+11
2.538275165634700237e+00 1.899023382812662048e+11
2.563657917291046751e+00 1.852948783944465332e+11
2.589294496463957262e+00 1.820021429071737976e+11
2.615187441428596937e+00 1.816036545753652039e+11
2.641339315842882840e+00 1.788480860631699829e+11
2.667752709001311562e+00 1.757067284355997925e+11
2.694430236091324815e+00 1.690900325473728638e+11
2.721374538452237868e+00 1.639323724118997192e+11
2.748588283836760127e+00 1.589420715680725708e+11
2.776074166675128296e+00 1.537484624827694397e+11
2.803834908341879206e+00 1.513166634975896301e+11
2.831873257425297830e+00 1.466032988004739075e+11
2.860191989999551154e+00 1.439272387515003967e+11
2.888793909899546541e+00 1.424659750108218689e+11
2.917681848998542549e+00 1.365487651031237335e+11
2.946858667488527761e+00 1.355613089841599579e+11
2.976327254163412928e+00 1.322265346852082062e+11
3.006090526705047061e+00 1.311519423249824524e+11
3.036151431972097470e+00 1.278370509197946930e+11
3.066512946291818587e+00 1.274435724410343170e+11
3.097178075754736692e+00 1.246896714043845367e+11
3.128149856512283833e+00 1.230304805038185730e+11
3.159431355077406689e+00 1.214134833987180786e+11
3.191025668628181045e+00 1.193888437174625397e+11
3.222935925314462935e+00 1.180351436042803955e+11
3.255165284567607564e+00 1.166313445282405396e+11
3.287716937413283524e+00 1.146460272022710876e+11
3.320594106787416067e+00 1.130760436819942474e+11
3.353800047855290511e+00 1.107003438419865112e+11
3.387338048333843332e+00 1.088317638309019012e+11
3.421211428817182210e+00 1.069269776107165985e+11
3.455423543105353712e+00 1.052435463571356354e+11
3.489977778536407005e+00 1.029030340577021179e+11
3.524877556321771355e+00 1.006847722217300568e+11
3.560126331884988726e+00 9.887694007863552856e+10
3.595727595203838334e+00 9.699995592240643311e+10
3.631684871155877570e+00 9.488938825606556702e+10
3.668001719867436616e+00 9.275929093944851685e+10
3.704681737066110259e+00 9.107744860870018005e+10
3.741728554436771326e+00 8.918747851964646912e+10
3.779145839981139510e+00 8.730828188635398865e+10
3.816937298380950860e+00 8.506132180749450684e+10
3.855106671364760818e+00 8.315455819949580383e+10
3.893657738078407426e+00 8.106762499860592651e+10
3.932594315459191581e+00 7.881364288085218811e+10
3.971920258613783616e+00 7.623724016640940857e+10
4.011639461199922430e+00 7.376770933840299988e+10
4.051755855811920881e+00 7.123247041500329590e+10
4.092273414370040108e+00 6.827905230462170410e+10
4.133196148513740731e+00 6.628855273329332733e+10
4.174528109998877135e+00 6.394207259559221649e+10
4.216273391098866341e+00 6.150117341209574890e+10
4.258436125009854578e+00 5.885168864025520325e+10
4.301020486259953479e+00 5.704496522730404663e+10
4.344030691122553023e+00 5.476790245051014709e+10
4.387470998033777825e+00 5.264738164760665894e+10
4.431345708014116092e+00 5.068890591139525604e+10
4.475659165094256764e+00 4.902660079208015442e+10
4.520415756745198799e+00 4.742959632924734497e+10
4.565619914312651240e+00 4.594441231200417328e+10
4.611276113455778258e+00 4.457854519290824890e+10
4.657388874590335348e+00 4.321901198631939697e+10
4.703962763336238417e+00 4.200679295156568909e+10
4.751002390969600420e+00 4.084917235351617432e+10
4.798512414879296806e+00 3.962710319362876129e+10
4.846497539028090884e+00 3.837565201696790314e+10
4.894962514418371491e+00 3.717589594542802429e+10
4.943912139562555375e+00 3.591880177307261658e+10
4.993351260958180937e+00 3.483129410605986023e+10
5.043284773567762613e+00 3.347586618703605652e+10
5.093717621303440524e+00 3.256863791822415161e+10
5.144654797516475142e+00 3.139580725800428391e+10
5.196101345491639378e+00 3.044512629596030426e+10
5.248062358946555150e+00 2.955568846330939865e+10
5.300542982536021519e+00 2.853634167030825806e+10
5.353548412361381459e+00 2.776695873231848526e+10
5.407083896484995655e+00 2.680690895219117737e+10
5.461154735449845532e+00 2.613689648666907501e+10
5.515766282804344556e+00 2.531025393578380585e+10
5.570923945632387131e+00 2.441087667122237778e+10
5.626633185088711464e+00 2.376304932142436981e+10
5.682899516939598605e+00 2.296505286610922241e+10
5.739728512108993819e+00 2.225149676741184998e+10
5.797125797230084032e+00 2.165376017586691284e+10
5.855097055202384659e+00 2.088162770875212479e+10
5.913648025754409510e+00 2.037522791590070343e+10
5.972784506011953987e+00 1.979243628169160461e+10
6.032512351072073287e+00 1.913521823036825943e+10
6.092837474582792900e+00 1.876951133604944611e+10
6.153765849328621584e+00 1.828661173088928604e+10
6.215303507821907658e+00 1.776017658088952255e+10
6.277456542900125669e+00 1.719944259345441818e+10
6.340231108329128062e+00 1.663438910161433983e+10
6.403633419412418704e+00 1.591667638053951073e+10
6.467669753606543281e+00 1.500322290790223694e+10
6.532346451142608146e+00 1.434247389621508026e+10
6.597669915654034156e+00 1.346514522933884239e+10
6.663646614810574853e+00 1.294805580626213074e+10
6.730283080958680664e+00 1.280361147450351715e+10
6.797585911768267763e+00 1.223034673487084961e+10
6.865561770885950210e+00 1.190409370135873795e+10
6.934217388594810849e+00 1.156483819678460121e+10
7.003559562480758949e+00 1.129577946016658401e+10
7.073595158105566050e+00 1.084344502630809212e+10
7.144331109686621772e+00 1.055585671596715546e+10
7.215774420783487741e+00 1.026993095493166542e+10
7.287932164991324235e+00 9.916825581558496475e+09
7.360811486641236634e+00 9.580638052446969986e+09
7.434419601507648245e+00 9.282012010052967072e+09
7.508763797522725270e+00 8.986997407339639664e+09
7.583851435497953375e+00 8.658306252583402634e+09
7.659689949852931612e+00 8.410031697639126778e+09
7.736286849351461825e+00 8.092912003102209091e+09
7.813649717844977083e+00 7.937459150091170311e+09
7.891786215023426365e+00 7.493108631593379974e+09
7.970704077173661695e+00 7.322130563896545410e+09
8.050411117945397876e+00 7.068608053300635338e+09
8.130915229124850541e+00 6.827879067795006752e+09
8.212224381416099561e+00 6.597420686231679916e+09
8.294346625230261338e+00 6.351405203147144318e+09
8.377290091482562318e+00 6.149782730541619301e+09
8.461062992397387461e+00 5.961553455217111588e+09
8.545673622321363183e+00 5.777356481975538254e+09
8.631130358544575998e+00 5.617564255665398598e+09
8.717441662130022806e+00 5.409850153527677536e+09
8.804616078751321240e+00 5.243981013068583488e+09
8.892662239538834612e+00 5.114973466468941689e+09
8.981588861934222123e+00 4.927720460908072472e+09
9.071404750553567098e+00 4.791352856308906555e+09
9.162118798059102787e+00 4.638711700907807350e+09
9.253739986039693832e+00 4.476647078754647255e+09
9.346277385900089385e+00 4.347657550687616348e+09
9.439740159759089977e+00 4.192355014447805405e+09
9.534137561356683221e+00 4.075407436743756771e+09
9.629478936970249592e+00 3.911094148883097172e+09
9.725773726339950187e+00 3.799613293256817818e+09
9.823031463603349778e+00 3.669761484031770706e+09
9.921261778239381712e+00 3.520913085633975983e+09
1.002047439602177548e+01 3.420570810514470100e+09
1.012067913998199487e+01 3.290285427751157761e+09
1.022188593138181290e+01 3.189846696670560360e+09
1.032410479069563181e+01 3.062607213429722309e+09
1.042734583860258724e+01 2.954608017966693878e+09
1.053161929698861421e+01 2.850937576082559586e+09
1.063693548995849980e+01 2.748421844268955708e+09
1.074330484485808412e+01 2.645463163408862114e+09
1.085073789330666472e+01 2.558308808680423260e+09
1.095924527223973222e+01 2.445944822100678444e+09
1.106883772496212970e+01 2.363922815687515259e+09
1.117952610221174936e+01 2.272178282453598022e+09
1.129132136323386781e+01 2.193041499310851097e+09
1.140423457686620701e+01 2.114011984341367483e+09
1.151827692263487002e+01 2.035396809471510172e+09
1.163345969186121920e+01 1.960918702209859133e+09
1.174979428877982990e+01 1.876820684530781031e+09
1.186729223166762992e+01 1.812866264771481276e+09
1.198596515398430462e+01 1.756791345928588629e+09
1.210582480552414708e+01 1.684800978690473318e+09
1.222688305357938887e+01 1.630544559902618647e+09
1.234915188411518194e+01 1.570823685771788836e+09
1.247264340295633467e+01 1.498296701179301262e+09
1.259736983698589619e+01 1.451841805431103468e+09
1.272334353535575424e+01 1.399062585340560675e+09
1.285057697070931226e+01 1.348078932784945011e+09
1.297908274041640553e+01 1.293117197489357471e+09
1.310887356782057012e+01 1.256231372445918083e+09
1.323996230349877479e+01 1.198909576679861069e+09
1.337236192653376321e+01 1.161668546769244432e+09
1.350608554579910248e+01 1.111521866488924742e+09
1.364114640125709244e+01 1.079024867702003241e+09
1.377755786526966197e+01 1.032795969178856492e+09
1.391533344392236238e+01 1.000974187598402619e+09
1.405448677836158211e+01 9.639114786692926884e+08
1.419503164614519974e+01 9.189117450816183090e+08
1.433698196260665192e+01 8.938991432112934589e+08
1.448035178223271835e+01 8.573916039859957695e+08
1.462515530005504516e+01 8.216210622748866081e+08
1.477140685305559664e+01 7.997628230446298122e+08
1.491912092158615089e+01 7.656438816836514473e+08
1.506831213080201159e+01 7.410188640630496740e+08
1.521899525211003024e+01 7.131632339068878889e+08
1.537118520463113214e+01 6.848154626453045607e+08
1.552489705667744246e+01 6.621411635937397480e+08
1.568014602724421813e+01 6.382374352162578106e+08
1.583694748751665848e+01 6.141536137730704546e+08
1.599531696239182388e+01 5.898036731130080223e+08
1.615527013201574391e+01 5.641782112375904322e+08
1.631682283333590178e+01 5.505657275601638556e+08
1.647999106166925998e+01 5.262923427324906588e+08
1.664479097228595350e+01 5.064089437185710669e+08
1.681123888200881211e+01 4.905624629125239253e+08
1.697935127082889650e+01 4.760557389795266986e+08
1.714914478353718863e+01 4.526003237003703713e+08
1.732063623137256059e+01 4.344149420310596824e+08
1.749384259368628847e+01 4.222367683384227753e+08
1.766878101962314673e+01 4.039374444041065574e+08
1.784546882981938509e+01 3.929543219361532927e+08
1.802392351811757720e+01 3.769142273004614711e+08
1.820416275329875333e+01 3.628044189373484254e+08
1.838620438083173880e+01 3.503757106825594902e+08
1.857006642464005353e+01 3.322470841501702666e+08
1.875576708888645427e+01 3.235084124657272100e+08
1.894332475977532226e+01 3.124454049848230481e+08
1.913275800737307719e+01 3.012687020167624950e+08
1.969740769490774923e+01 2.690980772912743092e+08
2.068227807965313403e+01 2.231635090660288930e+08
2.171639198363579126e+01 1.854876925563441217e+08
2.280221158281758420e+01 1.544997468089719117e+08
2.394232216195846163e+01 1.280267360465893000e+08
2.513943827005638454e+01 1.062078354826392829e+08
2.639641018355920465e+01 8.826812352060878277e+07
2.771623069273716311e+01 7.299226495285817981e+07
2.910204222737402446e+01 6.052627630604733527e+07
3.055714433874272729e+01 4.977943824136521667e+07
3.208500155567985956e+01 4.138724772307867557e+07
3.368925163346385432e+01 3.406127043936508149e+07
3.537371421513704206e+01 2.801685627474206686e+07
3.714239992589390482e+01 2.331295923046892881e+07
3.899951992218858976e+01 1.937630023092353716e+07
4.094949591829801960e+01 1.596801396581053175e+07
4.299697071421292094e+01 1.327680381321842410e+07
4.514681924992356699e+01 1.100700269141928852e+07
4.740416021241974676e+01 9.115098242677802220e+06
4.977436822304073161e+01 7.532271315928018652e+06
5.226308663419276712e+01 6.237371565451773815e+06
5.487624096590241152e+01 5.171322847567753866e+06
5.762005301419753067e+01 4.270353694935878739e+06
6.050105566490740472e+01 3.544770315385512076e+06
6.352610844815276891e+01 2.925047120084082708e+06
6.670241387056040594e+01 2.424485816059240606e+06
7.003753456408843192e+01 2.008777979207266821e+06
7.353941129229284002e+01 1.655203600601701997e+06
7.721638185690748912e+01 1.373357946524423780e+06
8.107720094975286429e+01 1.129521637473966694e+06
8.513106099724051035e+01 9.342939298459421843e+05
8.938761404710253089e+01 7.813369547720049741e+05
9.385699474945765530e+01 6.424924963510993402e+05
