3.401114059005487245e-01 3.593335124384365845e+11
3.435125199595542300e-01 2.790728892515164795e+11
3.469476451591497201e-01 3.167032278404615479e+11
3.504171216107412334e-01 3.281830625551253662e+11
3.539212928268486436e-01 3.169074837557004395e+11
3.574605057551171750e-01 2.890488615002092285e+11
3.610351108126682584e-01 2.631057096491435547e+11
3.646454619207949999e-01 2.145542581975948486e+11
3.682919165400029282e-01 1.949443731835003357e+11
3.719748357054029064e-01 1.933163509673772888e+11
3.756945840624569266e-01 2.107239427036838684e+11
3.794515299030815081e-01 2.386644542913102417e+11
3.832460452021123065e-01 2.230745314167398682e+11
3.870785056541334312e-01 2.277099227341104126e+11
3.909492907106748016e-01 2.083503631598081665e+11
3.948587836177815391e-01 1.764394931350982361e+11
3.988073714539593917e-01 1.372263819712834778e+11
4.027954451684989667e-01 1.339125317654723358e+11
4.068233996201839342e-01 1.045687524048440704e+11
4.108916336163858096e-01 5.657408304894261169e+10
4.150005499525497021e-01 5.605033263085144043e+10
4.191505554520751908e-01 3.175142821767484283e+10
4.233420610065958822e-01 2.092243147570026398e+10
4.275754816166618122e-01 3.289691551845302963e+10
4.318512364328284114e-01 3.780533857460147095e+10
4.361697487971567533e-01 4.383269615715281677e+10
4.405314462851282475e-01 6.352262634120867157e+10
4.449367607479796094e-01 6.774957858659574127e+10
4.493861283554593800e-01 6.734891522786576843e+10
4.538799896390139921e-01 7.015239478075506592e+10
4.584187895354041031e-01 6.710004395810731506e+10
4.630029774307581336e-01 7.366781983642294312e+10
4.676330072050656761e-01 6.582730901270334625e+10
4.723093372771162701e-01 6.078131999651258087e+10
4.770324306498874289e-01 4.920214983300424194e+10
4.818027549563863032e-01 3.993005066733944702e+10
4.866207825059500891e-01 3.273759026947282410e+10
4.914869903310095656e-01 4.277141857734821320e+10
4.964018602343197584e-01 4.079999167856147003e+10
5.013658788366629482e-01 2.832171217522304535e+10
5.063795376250295188e-01 2.073281281166271973e+10
5.114433330012797541e-01 1.715492102031916809e+10
5.165577663312926893e-01 1.662458832691971207e+10
5.217233439946056262e-01 2.124966913008202362e+10
5.269405774345515825e-01 1.859134830221470642e+10
5.322099832088971194e-01 1.864662791708706284e+10
5.375320830409860973e-01 1.985600676614697647e+10
5.429074038713960215e-01 1.977654892480214691e+10
5.483364779101099762e-01 1.407053159280438232e+10
5.538198426892112503e-01 1.316585390126231575e+10
5.593580411161032107e-01 1.508625832100206947e+10
5.649516215272641917e-01 1.554356897609419441e+10
5.706011377425368458e-01 1.478398185481808853e+10
5.763071491199621699e-01 1.028919935764203072e+10
5.820702206111618704e-01 9.760448610947341919e+09
5.878909228172733981e-01 3.994016672978617191e+09
5.937698320454461998e-01 8.997707296406949997e+09
5.997075303659007428e-01 1.522283276160004425e+10
6.057046056695597480e-01 1.990496327123413467e+10
6.117616517262552955e-01 1.789267660509700775e+10
6.178792682435179096e-01 2.227172984478907776e+10
6.240580609259530620e-01 2.693455448777508926e+10
6.302986415352126448e-01 3.027090357201863861e+10
6.366016279505647413e-01 3.392519542447861862e+10
6.429676442300703565e-01 3.812640213549256134e+10
6.493973206723711034e-01 3.601286249948102570e+10
6.558912938790947278e-01 3.199295406424840927e+10
6.624502068178856895e-01 3.445787765126238251e+10
6.690747088860645730e-01 3.987296090678320312e+10
6.757654559749252110e-01 4.692276084156916809e+10
6.825231105346745153e-01 5.395567583451699829e+10
6.893483416400212338e-01 5.356797068813211823e+10
6.962418250564214039e-01 4.162947702542948914e+10
7.032042433069857212e-01 3.956523137555616760e+10
7.102362857400554841e-01 4.633686013070018005e+10
7.173386485974559967e-01 5.715946453015956879e+10
7.245120350834306500e-01 6.837955544688790131e+10
7.317571554342650053e-01 7.287226751768522644e+10
7.390747269886076554e-01 5.376169464337197113e+10
7.464654742584937441e-01 4.237870009643264008e+10
7.539301290010786971e-01 5.111665536591965485e+10
7.614694302910893775e-01 6.126753971761136627e+10
7.690841245940003290e-01 3.567387122979380035e+10
7.767749658399403234e-01 8.576119265438943481e+10
7.845427154983398710e-01 9.247915338180810547e+10
7.923881426533231354e-01 6.843757305711225891e+10
8.003120240798563545e-01 6.167516893265599060e+10
8.083151443206548770e-01 8.461365496823199463e+10
8.163982957638614701e-01 1.105245824759220276e+11
8.245622787215000082e-01 1.280139161033824158e+11
8.328079015087149761e-01 1.367098396803444061e+11
8.411359805238021181e-01 1.434887362799784851e+11
8.495473403290402237e-01 1.484061750949405823e+11
8.580428137323306004e-01 1.312575059230515900e+11
8.666232418696537820e-01 1.103101288158284454e+11
8.752894742883503554e-01 1.187555468057695923e+11
8.840423690312340099e-01 1.417317868729987183e+11
8.928827927215462479e-01 1.574315558511290283e+11
9.018116206487618580e-01 1.703477338962626953e+11
9.108297368552494833e-01 1.799151670655267334e+11
9.199380342238018260e-01 1.858117233859393005e+11
9.291374145660399320e-01 1.797102315592741394e+11
9.384287887117003235e-01 1.850996088076313477e+11
9.478130765988174167e-01 1.872265071865605774e+11
9.572912073648053299e-01 1.854043167453177185e+11
9.668641194384535176e-01 1.854333552932759399e+11
9.765327606328380039e-01 1.909640109461173096e+11
9.862980882391664261e-01 2.042107758211408081e+11
9.961610691215579960e-01 2.151083060781521606e+11
1.006122679812773590e+00 2.206829346662377014e+11
1.016183906610901300e+00 2.353020901222448120e+11
1.026345745677010202e+00 2.459928026550411377e+11
1.036609203133780355e+00 2.541200453493847046e+11
1.046975295165118336e+00 2.475326820502471924e+11
1.057445048116769204e+00 2.331055588321698303e+11
1.068019498597936989e+00 2.493911432253115540e+11
1.078699693583916597e+00 2.652917897538255615e+11
1.089486690519755552e+00 2.707012117991195374e+11
1.100381557424953138e+00 2.625752017918181763e+11
1.111385372999202481e+00 2.587832115984431763e+11
1.122499226729194666e+00 2.629722792217510071e+11
1.133724218996486455e+00 2.590223101032345276e+11
1.145061461186451135e+00 2.665058530901331787e+11
1.156512075798315831e+00 2.695827462011891174e+11
1.168077196556299047e+00 2.723742740780256958e+11
1.179757968521861988e+00 2.674285636757088623e+11
1.191555548207080761e+00 2.823733316662631226e+11
1.203471103689151889e+00 2.949998061672014771e+11
1.215505814726043354e+00 3.073131392728537598e+11
1.227660872873303610e+00 3.176104500892281494e+11
1.239937481602036762e+00 3.258908543199086304e+11
1.252336856418057032e+00 3.327209475858521729e+11
1.264860224982237824e+00 3.366109606569281006e+11
1.277508827232060051e+00 3.379608409743198853e+11
1.290283915504380818e+00 3.385439373913650513e+11
1.303186754659424462e+00 3.382163746514073486e+11
1.316218622206019040e+00 3.348284349980243530e+11
1.329380808428079153e+00 2.990452891610388794e+11
1.342674616512359975e+00 2.394967866810583496e+11
1.356101362677483380e+00 2.232367007098587952e+11
1.369662376304258355e+00 2.241110535520484924e+11
1.383359000067300837e+00 2.310021683731644287e+11
1.397192590067974027e+00 2.232765038665323486e+11
1.411164515968653665e+00 2.138323453160647583e+11
1.425276161128340213e+00 2.066060588497456665e+11
1.439528922739623740e+00 2.126874180912447205e+11
1.453924211967019708e+00 2.264603091862091370e+11
1.468463454086690101e+00 2.253419695657332764e+11
1.483148088627556760e+00 2.326009458108973999e+11
1.497979569513832487e+00 2.415535760876154175e+11
1.512959365208970564e+00 2.525752003530892639e+11
1.528088958861060442e+00 2.634387905875119324e+11
1.543369848449671178e+00 2.733266153831823730e+11
1.558803546934167894e+00 2.866278330487103882e+11
1.574391582403509737e+00 3.007283776569367676e+11
1.590135498227544852e+00 3.110254524020056763e+11
1.606036853209820148e+00 3.185667161310768433e+11
1.622097221741918505e+00 3.282578083406699219e+11
1.638318193959337421e+00 3.333300193228854370e+11
1.654701375898931071e+00 3.357896516434193115e+11
1.671248389657920441e+00 3.393320195045292358e+11
1.687960873554499530e+00 3.371618350887003174e+11
1.704840482290044701e+00 3.246244836636525879e+11
1.721888887112944966e+00 3.014809765317521973e+11
1.739107775984074289e+00 2.882360707387565918e+11
1.756498853743915012e+00 2.740503204370588684e+11
1.774063842281354608e+00 2.536604514112418213e+11
1.791804480704168201e+00 2.419360558831361389e+11
1.809722525511209934e+00 2.275352913928649597e+11
1.827819750766321860e+00 2.247828059809201965e+11
1.846097948273984990e+00 2.095783257903673401e+11
1.864558927756724938e+00 1.987826905021732178e+11
1.883204517034292147e+00 2.103116481750272827e+11
1.902036562204635128e+00 2.162433636950985413e+11
1.921056927826681582e+00 2.162723094903362732e+11
1.940267497104948502e+00 2.120079557435692139e+11
1.959670172075998140e+00 2.108605654141760864e+11
1.979266873796758031e+00 2.070874747001973877e+11
1.999059542534725509e+00 2.021886282245332336e+11
2.019050137960073155e+00 2.037881904135797424e+11
2.039240639339673589e+00 2.079897717563870544e+11
2.059633045733070489e+00 2.135424841395005493e+11
2.080229376190401158e+00 2.185475840056991882e+11
2.101031669952305059e+00 2.264996347808655090e+11
2.122041986651828083e+00 2.316289700071627502e+11
2.143262406518346097e+00 2.364378808933703003e+11
2.164695030583529967e+00 2.398739285192071533e+11
2.186341980889365377e+00 2.390962359551343384e+11
2.208205400698258991e+00 2.384652866595488281e+11
2.230287454705241146e+00 2.365072288613053284e+11
2.252590329252293522e+00 2.339255595109182129e+11
2.275116232544817318e+00 2.297725522287080994e+11
2.297867394870265034e+00 2.178782908423940125e+11
2.320846068818967822e+00 2.079268239714899597e+11
2.344054529507157536e+00 2.007008462490856628e+11
2.367495074802228761e+00 1.930668494666674194e+11
2.391170025550251044e+00 1.836800934824968872e+11
2.415081725805753532e+00 1.706067982032679443e+11
2.439232543063811764e+00 1.594274500889826050e+11
2.463624868494449949e+00 1.496366883763939514e+11
2.488261117179394244e+00 1.413626016256852112e+11
2.513143728351188155e+00 1.296923410545608673e+11
2.538275165634700237e+00 1.244985291667467194e+11
2.563657917291046751e+00 1.206047233294780731e+11
2.589294496463957262e+00 1.184714104721242981e+11
2.615187441428596937e+00 1.203928528970876160e+11
2.641339315842882840e+00 1.187478013588134460e+11
2.667752709001311562e+00 1.174466376858333893e+11
2.694430236091324815e+00 1.112232578716903229e+11
2.721374538452237868e+00 1.070703877458187256e+11
2.748588283836760127e+00 1.036486835847191010e+11
2.776074166675128296e+00 9.889437661968510437e+10
2.803834908341879206e+00 9.804962196662014771e+10
2.831873257425297830e+00 9.445075161443113708e+10
2.860191989999551154e+00 9.368357900704415894e+10
2.888793909899546541e+00 9.373965182306219482e+10
2.917681848998542549e+00 8.805632927139352417e+10
2.946858667488527761e+00 8.942601373371736145e+10
2.976327254163412928e+00 8.752981273401089478e+10
3.006090526705047061e+00 8.819322745995031738e+10
3.036151431972097470e+00 8.664095223545484924e+10
3.066512946291818587e+00 8.845596811903152466e+10
3.097178075754736692e+00 8.708068359861476135e+10
3.128149856512283833e+00 8.737099451798286438e+10
3.159431355077406689e+00 8.735551710070509338e+10
3.191025668628181045e+00 8.691564689753877258e+10
3.222935925314462935e+00 8.724859838481550598e+10
3.255165284567607564e+00 8.787376790089683533e+10
3.287716937413283524e+00 8.703078541851741028e+10
3.320594106787416067e+00 8.705082573337313843e+10
3.353800047855290511e+00 8.552885469574795532e+10
3.387338048333843332e+00 8.477551839483663940e+10
3.421211428817182210e+00 8.407887407763012695e+10
3.455423543105353712e+00 8.375899255270977783e+10
3.489977778536407005e+00 8.217093210692675781e+10
3.524877556321771355e+00 8.090250631710995483e+10
3.560126331884988726e+00 8.033155593994377136e+10
3.595727595203838334e+00 7.943647520680780029e+10
3.631684871155877570e+00 7.830144971152574158e+10
3.668001719867436616e+00 7.693883928120301819e+10
3.704681737066110259e+00 7.639199590400151062e+10
3.741728554436771326e+00 7.528458323241976929e+10
3.779145839981139510e+00 7.428416059834442139e+10
3.816937298380950860e+00 7.256712088654255676e+10
3.855106671364760818e+00 7.140693785120693970e+10
3.893657738078407426e+00 6.985937543232060242e+10
3.932594315459191581e+00 6.799039637057228851e+10
3.971920258613783616e+00 6.551789142254653931e+10
4.011639461199922430e+00 6.306914621380277252e+10
4.051755855811920881e+00 6.058267544544732666e+10
4.092273414370040108e+00 5.715946717451884460e+10
4.133196148513740731e+00 5.537335149583736420e+10
4.174528109998877135e+00 5.295648347214071655e+10
4.216273391098866341e+00 4.980473831682084656e+10
4.258436125009854578e+00 4.630772523274372101e+10
4.301020486259953479e+00 4.477715779361121368e+10
4.344030691122553023e+00 4.254259084923340607e+10
4.387470998033777825e+00 4.043999544355436707e+10
4.431345708014116092e+00 3.874182717142911530e+10
4.475659165094256764e+00 3.752338208017295837e+10
4.520415756745198799e+00 3.624630833976058197e+10
4.565619914312651240e+00 3.520952968560281372e+10
4.611276113455778258e+00 3.444875167787162781e+10
4.657388874590335348e+00 3.344171487910554123e+10
4.703962763336238417e+00 3.264894484980199432e+10
4.751002390969600420e+00 3.175470702690120697e+10
4.798512414879296806e+00 3.076023816644766235e+10
4.846497539028090884e+00 2.985151060635008621e+10
4.894962514418371491e+00 2.896949301971677017e+10
4.943912139562555375e+00 2.791480746187568665e+10
4.993351260958180937e+00 2.720988575391593552e+10
5.043284773567762613e+00 2.600390901798721695e+10
5.093717621303440524e+00 2.543141361610856628e+10
5.144654797516475142e+00 2.436898163857625198e+10
5.196101345491639378e+00 2.373237210237418747e+10
5.248062358946555150e+00 2.317203385288275528e+10
5.300542982536021519e+00 2.232079830561785889e+10
5.353548412361381459e+00 2.186548256968426895e+10
5.407083896484995655e+00 2.096979071529893112e+10
5.461154735449845532e+00 2.056613057608744049e+10
5.515766282804344556e+00 1.992311091627339554e+10
5.570923945632387131e+00 1.915009418891505051e+10
5.626633185088711464e+00 1.878828041571475983e+10
5.682899516939598605e+00 1.811812302122357941e+10
5.739728512108993819e+00 1.756407870281453323e+10
5.797125797230084032e+00 1.716634479561017227e+10
5.855097055202384659e+00 1.650921334747965050e+10
5.913648025754409510e+00 1.622168640881448746e+10
5.972784506011953987e+00 1.584837737537979507e+10
6.032512351072073287e+00 1.531747668443243980e+10
6.092837474582792900e+00 1.527401499553169823e+10
6.153765849328621584e+00 1.503051239417223167e+10
6.215303507821907658e+00 1.467011294533733749e+10
6.277456542900125669e+00 1.423873434669281197e+10
6.340231108329128062e+00 1.377206049274127960e+10
6.403633419412418704e+00 1.301928972861886024e+10
6.467669753606543281e+00 1.198398964830262947e+10
6.532346451142608146e+00 1.130993110513137817e+10
6.597669915654034156e+00 1.035861273181607819e+10
6.663646614810574853e+00 9.920378970124076843e+09
6.730283080958680664e+00 1.005927631863850594e+10
6.797585911768267763e+00 9.529119162034204483e+09
6.865561770885950210e+00 9.310837902470363617e+09
6.934217388594810849e+00 9.142004572936109543e+09
7.003559562480758949e+00 9.034349775560417175e+09
7.073595158105566050e+00 8.606556033022991180e+09
7.144331109686621772e+00 8.436100735254194260e+09
7.215774420783487741e+00 8.272731138145587921e+09
7.287932164991324235e+00 7.987822134913929939e+09
7.360811486641236634e+00 7.709554607547854424e+09
7.434419601507648245e+00 7.490944805102445602e+09
7.508763797522725270e+00 7.285691056197566986e+09
7.583851435497953375e+00 6.987084541550274849e+09
7.659689949852931612e+00 6.829424461624047279e+09
7.736286849351461825e+00 6.550652579204337120e+09
7.813649717844977083e+00 6.521954299052996635e+09
7.891786215023426365e+00 6.013784968745810509e+09
7.970704077173661695e+00 5.964428467266955376e+09
8.050411117945397876e+00 5.759828895351821899e+09
8.130915229124850541e+00 5.568607151059273720e+09
8.212224381416099561e+00 5.387431860242123604e+09
8.294346625230261338e+00 5.187037989464755058e+09
8.377290091482562318e+00 5.037557358311653137e+09
8.461062992397387461e+00 4.911462425810359955e+09
8.545673622321363183e+00 4.773026177223576546e+09
8.631130358544575998e+00 4.688377491032177925e+09
8.717441662130022806e+00 4.509414945155607224e+09
8.804616078751321240e+00 4.385530448106294632e+09
8.892662239538834612e+00 4.326074890208875656e+09
8.981588861934222123e+00 4.150707429319508553e+09
9.071404750553567098e+00 4.072961637962832928e+09
9.162118798059102787e+00 3.960175664862763405e+09
9.253739986039693832e+00 3.809870458126758575e+09
9.346277385900089385e+00 3.734333136699749470e+09
9.439740159759089977e+00 3.590846484118361950e+09
9.534137561356683221e+00 3.534324157084148884e+09
9.629478936970249592e+00 3.359731411635570049e+09
9.725773726339950187e+00 3.295783006820530891e+09
9.823031463603349778e+00 3.197798136137280464e+09
9.921261778239381712e+00 3.046562312470473766e+09
1.002047439602177548e+01 2.980426906809577942e+09
1.012067913998199487e+01 2.867476233431928635e+09
1.022188593138181290e+01 2.787867600909900665e+09
1.032410479069563181e+01 2.664178096403907776e+09
1.042734583860258724e+01 2.566586095025273800e+09
1.053161929698861421e+01 2.483988341016276836e+09
1.063693548995849980e+01 2.396023962508984566e+09
1.074330484485808412e+01 2.308280362835809231e+09
1.085073789330666472e+01 2.238054661498342991e+09
1.095924527223973222e+01 2.122397161457686663e+09
1.106883772496212970e+01 2.053449005008579254e+09
1.117952610221174936e+01 1.972034505142708063e+09
1.129132136323386781e+01 1.903194750699298620e+09
1.140423457686620701e+01 1.843274564883193254e+09
1.151827692263487002e+01 1.764133139593229532e+09
1.163345969186121920e+01 1.703227122269095898e+09
1.174979428877982990e+01 1.612018212537999153e+09
1.186729223166762992e+01 1.561864576844257116e+09
1.198596515398430462e+01 1.520117793293813467e+09
1.210582480552414708e+01 1.449547937775864124e+09
1.222688305357938887e+01 1.410632673962353945e+09
1.234915188411518194e+01 1.356610736288558483e+09
1.247264340295633467e+01 1.282681475832863569e+09
1.259736983698589619e+01 1.245258799286663771e+09
1.272334353535575424e+01 1.203209298681767702e+09
1.285057697070931226e+01 1.156253347767867804e+09
1.297908274041640553e+01 1.103864155861546993e+09
1.310887356782057012e+01 1.081414736485748291e+09
1.323996230349877479e+01 1.021014150885306954e+09
1.337236192653376321e+01 9.952364610724928379e+08
1.350608554579910248e+01 9.458828619829636812e+08
1.364114640125709244e+01 9.261606703379025459e+08
1.377755786526966197e+01 8.786331467837570906e+08
1.391533344392236238e+01 8.564650843601861000e+08
1.405448677836158211e+01 8.217480826161093712e+08
1.419503164614519974e+01 7.763354450241550207e+08
1.433698196260665192e+01 7.606029706124100685e+08
1.448035178223271835e+01 7.270026009516028166e+08
1.462515530005504516e+01 6.943290884953893423e+08
1.477140685305559664e+01 6.837500314827845097e+08
1.491912092158615089e+01 6.428724986231622696e+08
1.506831213080201159e+01 6.288845681624748707e+08
1.521899525211003024e+01 6.056300960946187973e+08
1.537118520463113214e+01 5.790181615039021969e+08
1.552489705667744246e+01 5.593910411527289152e+08
1.568014602724421813e+01 5.404002530582722425e+08
1.583694748751665848e+01 5.224259964772924781e+08
1.599531696239182388e+01 4.999736301400193572e+08
1.615527013201574391e+01 4.750226755596106648e+08
1.631682283333590178e+01 4.681674846368426085e+08
1.647999106166925998e+01 4.432991757128410339e+08
1.664479097228595350e+01 4.251616061934129596e+08
1.681123888200881211e+01 4.188376870500041246e+08
1.697935127082889650e+01 4.071662126351694465e+08
1.714914478353718863e+01 3.803846411976145506e+08
1.732063623137256059e+01 3.646287542094984651e+08
1.749384259368628847e+01 3.592811252742409706e+08
1.766878101962314673e+01 3.395264270011462569e+08
1.784546882981938509e+01 3.329049504430348277e+08
1.802392351811757720e+01 3.199798342217647433e+08
1.820416275329875333e+01 3.060004715962113142e+08
1.838620438083173880e+01 2.979500840951572061e+08
1.857006642464005353e+01 2.762924327675783634e+08
1.875576708888645427e+01 2.735424431499140263e+08
1.894332475977532226e+01 2.636371409614531994e+08
1.913275800737307719e+01 2.566189772852115631e+08
1.969740769490774923e+01 2.270085889745080769e+08
2.068227807965313403e+01 1.883450158526677787e+08
2.171639198363579126e+01 1.563322358850488663e+08
2.280221158281758420e+01 1.310676244218351841e+08
2.394232216195846163e+01 1.084944294077903777e+08
2.513943827005638454e+01 8.990497864429076016e+07
2.639641018355920465e+01 7.506749586952316761e+07
2.771623069273716311e+01 6.195251858251556754e+07
2.910204222737402446e+01 5.159384777579326928e+07
3.055714433874272729e+01 4.202522872839403898e+07
3.208500155567985956e+01 3.545315326365213096e+07
3.368925163346385432e+01 2.875886358087543398e+07
3.537371421513704206e+01 2.362981744319914281e+07
3.714239992589390482e+01 1.973260164209433645e+07
3.899951992218858976e+01 1.652417843550903909e+07
4.094949591829801960e+01 1.345383502425508760e+07
4.299697071421292094e+01 1.126983259427265450e+07
4.514681924992356699e+01 9.351959739821605384e+06
4.740416021241974676e+01 7.768736641565555707e+06
4.977436822304073161e+01 6.410137879513933323e+06
5.226308663419276712e+01 5.322234766608289443e+06
5.487624096590241152e+01 4.435434574922621250e+06
5.762005301419753067e+01 3.657672727947115432e+06
6.050105566490740472e+01 3.064196070986264851e+06
6.352610844815276891e+01 2.512150498288556933e+06
6.670241387056040594e+01 2.098728316726819146e+06
7.003753456408843192e+01 1.751566596877165139e+06
7.353941129229284002e+01 1.430437611317735165e+06
7.721638185690748912e+01 1.199221827852050541e+06
8.107720094975286429e+01 9.811536974377490114e+05
8.513106099724051035e+01 8.144856418571476825e+05
8.938761404710253089e+01 6.940665300885407487e+05
9.385699474945765530e+01 5.668665710819072556e+05
