3.401114059005487245e-01 4.554493496721479797e+10
3.435125199595542300e-01 1.539500835277265930e+10
3.469476451591497201e-01 1.344493423093632889e+10
3.504171216107412334e-01 2.124603989714187622e+10
3.539212928268486436e-01 3.634305238398689270e+10
3.574605057551171750e-01 1.581572150667539787e+10
3.610351108126682584e-01 2.936825249969563293e+10
3.646454619207949999e-01 2.567121164013062286e+10
3.682919165400029282e-01 1.534459263716883850e+10
3.719748357054029064e-01 6.173866668473730087e+09
3.756945840624569266e-01 9.883533685967559814e+09
3.794515299030815081e-01 2.161131365997744370e+10
3.832460452021123065e-01 9.300168440784063339e+09
3.870785056541334312e-01 7.423933200013740540e+09
3.909492907106748016e-01 9.661692012361322403e+09
3.948587836177815391e-01 2.132900863851750183e+10
3.988073714539593917e-01 4.310933055116077423e+10
4.027954451684989667e-01 4.886656517507286072e+10
4.068233996201839342e-01 4.431829201725500488e+10
4.108916336163858096e-01 3.968413712949542999e+10
4.150005499525497021e-01 2.809093110669896698e+10
4.191505554520751908e-01 1.340270420581325340e+10
4.233420610065958822e-01 6.636029821829642296e+09
4.275754816166618122e-01 1.485532633545682716e+10
4.318512364328284114e-01 2.121353373652443695e+10
4.361697487971567533e-01 2.649135229886914062e+10
4.405314462851282475e-01 2.873726595293727112e+10
4.449367607479796094e-01 2.964529145346597290e+10
4.493861283554593800e-01 3.684913342409293365e+10
4.538799896390139921e-01 4.466658103626300812e+10
4.584187895354041031e-01 4.330941087224510193e+10
4.630029774307581336e-01 4.863722621540597534e+10
4.676330072050656761e-01 4.459728771410012054e+10
4.723093372771162701e-01 4.194021448575664520e+10
4.770324306498874289e-01 3.555516802770325470e+10
4.818027549563863032e-01 3.163691971972943878e+10
4.866207825059500891e-01 3.189147631454740906e+10
4.914869903310095656e-01 3.475526960153135681e+10
4.964018602343197584e-01 3.356414549294244003e+10
5.013658788366629482e-01 2.342474702993221664e+10
5.063795376250295188e-01 1.769216384458283997e+10
5.114433330012797541e-01 1.460743305804989624e+10
5.165577663312926893e-01 1.420163715253341103e+10
5.217233439946056262e-01 1.927156129572992706e+10
5.269405774345515825e-01 1.639360868071689224e+10
5.322099832088971194e-01 1.837270370240207291e+10
5.375320830409860973e-01 2.000992332935383987e+10
5.429074038713960215e-01 1.962717304020261383e+10
5.483364779101099762e-01 1.636727329359086990e+10
5.538198426892112503e-01 1.631437970909394073e+10
5.593580411161032107e-01 1.902240387639355850e+10
5.649516215272641917e-01 2.036886309163092804e+10
5.706011377425368458e-01 2.024669658203658295e+10
5.763071491199621699e-01 1.512729901782197380e+10
5.820702206111618704e-01 1.543358917753540039e+10
5.878909228172733981e-01 7.798226396191096306e+09
5.937698320454461998e-01 1.537569236558484459e+10
5.997075303659007428e-01 2.310518042188588715e+10
6.057046056695597480e-01 2.843220366940970993e+10
6.117616517262552955e-01 2.538042578565361023e+10
6.178792682435179096e-01 3.064788225000575638e+10
6.240580609259530620e-01 3.613865059058493805e+10
6.302986415352126448e-01 3.987757648508305359e+10
6.366016279505647413e-01 4.373165520509246826e+10
6.429676442300703565e-01 4.799241121220207977e+10
6.493973206723711034e-01 4.616208844993788910e+10
6.558912938790947278e-01 4.327458770965374756e+10
6.624502068178856895e-01 4.619307897732372284e+10
6.690747088860645730e-01 5.180172037570240021e+10
6.757654559749252110e-01 5.869762952589340973e+10
6.825231105346745153e-01 6.539064109270321655e+10
6.893483416400212338e-01 6.603523542830424500e+10
6.962418250564214039e-01 5.634443919075009918e+10
7.032042433069857212e-01 5.502693934215980530e+10
7.102362857400554841e-01 6.240888045042028809e+10
7.173386485974559967e-01 7.317928772207890320e+10
7.245120350834306500e-01 8.382153069565779114e+10
7.317571554342650053e-01 8.862480728286376953e+10
7.390747269886076554e-01 7.186715218571569824e+10
7.464654742584937441e-01 6.165685339085604858e+10
7.539301290010786971e-01 7.233749443885791016e+10
7.614694302910893775e-01 8.568114657102110291e+10
7.690841245940003290e-01 6.080749899376604462e+10
7.767749658399403234e-01 1.116973287693374481e+11
7.845427154983398710e-01 1.139249863260212097e+11
7.923881426533231354e-01 9.089794165332540894e+10
8.003120240798563545e-01 8.501706140686093140e+10
8.083151443206548770e-01 1.095736421559019165e+11
8.163982957638614701e-01 1.331926531490390015e+11
8.245622787215000082e-01 1.474301360993413086e+11
8.328079015087149761e-01 1.549349059456562805e+11
8.411359805238021181e-01 1.611713268531679993e+11
8.495473403290402237e-01 1.661574060261234131e+11
8.580428137323306004e-01 1.562484117058912354e+11
8.666232418696537820e-01 1.421238375930278625e+11
8.752894742883503554e-01 1.486726673969836731e+11
8.840423690312340099e-01 1.689241945920854797e+11
8.928827927215462479e-01 1.826938781706169434e+11
9.018116206487618580e-01 1.926026523146181641e+11
9.108297368552494833e-01 1.998756754989920044e+11
9.199380342238018260e-01 2.071034145373158264e+11
9.291374145660399320e-01 2.054509611375172424e+11
9.384287887117003235e-01 2.126399507620639343e+11
9.478130765988174167e-01 2.168728446253328857e+11
9.572912073648053299e-01 2.182884366956689148e+11
9.668641194384535176e-01 2.211922731626416626e+11
9.765327606328380039e-01 2.276574798317250061e+11
9.862980882391664261e-01 2.368898371618456421e+11
9.961610691215579960e-01 2.383049445603888245e+11
1.006122679812773590e+00 2.473302800263654480e+11
1.016183906610901300e+00 2.604694554549472656e+11
1.026345745677010202e+00 2.671986729211477966e+11
1.036609203133780355e+00 2.751830522431662598e+11
1.046975295165118336e+00 2.760779328062859497e+11
1.057445048116769204e+00 2.680056745787391663e+11
1.068019498597936989e+00 2.815349433060822144e+11
1.078699693583916597e+00 2.944395113746040039e+11
1.089486690519755552e+00 3.004744286669584961e+11
1.100381557424953138e+00 2.968975759807763672e+11
1.111385372999202481e+00 2.958136057892566528e+11
1.122499226729194666e+00 3.013871049860767822e+11
1.133724218996486455e+00 3.004835208114366455e+11
1.145061461186451135e+00 3.084560052514218750e+11
1.156512075798315831e+00 3.114723511222435913e+11
1.168077196556299047e+00 3.152599789874851074e+11
1.179757968521861988e+00 3.143024790135189209e+11
1.191555548207080761e+00 3.256866042137848511e+11
1.203471103689151889e+00 3.340342435268711548e+11
1.215505814726043354e+00 3.440989500130792236e+11
1.227660872873303610e+00 3.523235730942102661e+11
1.239937481602036762e+00 3.579093086543837891e+11
1.252336856418057032e+00 3.633972422793429565e+11
1.264860224982237824e+00 3.661205406626733398e+11
1.277508827232060051e+00 3.677334803056476440e+11
1.290283915504380818e+00 3.691393325345834351e+11
1.303186754659424462e+00 3.702716686701014404e+11
1.316218622206019040e+00 3.696335740828510742e+11
1.329380808428079153e+00 3.421442018515474243e+11
1.342674616512359975e+00 2.919080891565090332e+11
1.356101362677483380e+00 2.783620640801572876e+11
1.369662376304258355e+00 2.812894450559799194e+11
1.383359000067300837e+00 2.877905875859687500e+11
1.397192590067974027e+00 2.797439138127508545e+11
1.411164515968653665e+00 2.708835747403208313e+11
1.425276161128340213e+00 2.642252233086058350e+11
1.439528922739623740e+00 2.701449719331971130e+11
1.453924211967019708e+00 2.821892659565802612e+11
1.468463454086690101e+00 2.811524532699069214e+11
1.483148088627556760e+00 2.876470544304345703e+11
1.497979569513832487e+00 2.955627782479993286e+11
1.512959365208970564e+00 3.050697909851090698e+11
1.528088958861060442e+00 3.145051900536864014e+11
1.543369848449671178e+00 3.225976929265635986e+11
1.558803546934167894e+00 3.334446952644847412e+11
1.574391582403509737e+00 3.444568562344862061e+11
1.590135498227544852e+00 3.521357881436896362e+11
1.606036853209820148e+00 3.574780033683683472e+11
1.622097221741918505e+00 3.637637043802991943e+11
1.638318193959337421e+00 3.665114387048435059e+11
1.654701375898931071e+00 3.671712171286046143e+11
1.671248389657920441e+00 3.681816089078730469e+11
1.687960873554499530e+00 3.655293169026884766e+11
1.704840482290044701e+00 3.555435091260774536e+11
1.721888887112944966e+00 3.372688326512084351e+11
1.739107775984074289e+00 3.255045065443251343e+11
1.756498853743915012e+00 3.125916811231441040e+11
1.774063842281354608e+00 2.944817387029494629e+11
1.791804480704168201e+00 2.834520283425868530e+11
1.809722525511209934e+00 2.701183077158250732e+11
1.827819750766321860e+00 2.671379828454209290e+11
1.846097948273984990e+00 2.524392165197091980e+11
1.864558927756724938e+00 2.414248840552724609e+11
1.883204517034292147e+00 2.516197748944114685e+11
1.902036562204635128e+00 2.564074765037492065e+11
1.921056927826681582e+00 2.557653946490506592e+11
1.940267497104948502e+00 2.515107918098297119e+11
1.959670172075998140e+00 2.496479525514644165e+11
1.979266873796758031e+00 2.452293353569705811e+11
1.999059542534725509e+00 2.396821924991871643e+11
2.019050137960073155e+00 2.398394433607339478e+11
2.039240639339673589e+00 2.425511428111138916e+11
2.059633045733070489e+00 2.465806464574998169e+11
2.080229376190401158e+00 2.500465468593981323e+11
2.101031669952305059e+00 2.559411593798995361e+11
2.122041986651828083e+00 2.593124885653657837e+11
2.143262406518346097e+00 2.622554148692721558e+11
2.164695030583529967e+00 2.640325863568890381e+11
2.186341980889365377e+00 2.622812575959401245e+11
2.208205400698258991e+00 2.605905387975877991e+11
2.230287454705241146e+00 2.577144764317576294e+11
2.252590329252293522e+00 2.543711149903724976e+11
2.275116232544817318e+00 2.498636867650120544e+11
2.297867394870265034e+00 2.391042164062898865e+11
2.320846068818967822e+00 2.299267444729165649e+11
2.344054529507157536e+00 2.229740181878770752e+11
2.367495074802228761e+00 2.155185323654344177e+11
2.391170025550251044e+00 2.062748020660010376e+11
2.415081725805753532e+00 1.939970867429571838e+11
2.439232543063811764e+00 1.834921167833590698e+11
2.463624868494449949e+00 1.734497644744596558e+11
2.488261117179394244e+00 1.650995799526144104e+11
2.513143728351188155e+00 1.538415947991785889e+11
2.538275165634700237e+00 1.483565975442463684e+11
2.563657917291046751e+00 1.441971153083063049e+11
2.589294496463957262e+00 1.415831563658044739e+11
2.615187441428596937e+00 1.427594654207456665e+11
2.641339315842882840e+00 1.406884547483703308e+11
2.667752709001311562e+00 1.391181048389878845e+11
2.694430236091324815e+00 1.327269171897513123e+11
2.721374538452237868e+00 1.278269441717219849e+11
2.748588283836760127e+00 1.235669083327612610e+11
2.776074166675128296e+00 1.185715517704513702e+11
2.803834908341879206e+00 1.170890165684224243e+11
2.831873257425297830e+00 1.130126182854384613e+11
2.860191989999551154e+00 1.116969850257724762e+11
2.888793909899546541e+00 1.112633592012149658e+11
2.917681848998542549e+00 1.052797847894147797e+11
2.946858667488527761e+00 1.058771020521192322e+11
2.976327254163412928e+00 1.034705279438452148e+11
3.006090526705047061e+00 1.035890259746909637e+11
3.036151431972097470e+00 1.013764891820548248e+11
3.066512946291818587e+00 1.025703424186413879e+11
3.097178075754736692e+00 1.007090578391151276e+11
3.128149856512283833e+00 1.003702405447135468e+11
3.159431355077406689e+00 9.988427934235182190e+10
3.191025668628181045e+00 9.890939987981907654e+10
3.222935925314462935e+00 9.877146070329380798e+10
3.255165284567607564e+00 9.873203208250155640e+10
3.287716937413283524e+00 9.753392240887930298e+10
3.320594106787416067e+00 9.704217079604644775e+10
3.353800047855290511e+00 9.519788495163223267e+10
3.387338048333843332e+00 9.404326326454907227e+10
3.421211428817182210e+00 9.289106982778027344e+10
3.455423543105353712e+00 9.204958804593655396e+10
3.489977778536407005e+00 9.017072932945838928e+10
3.524877556321771355e+00 8.852994694779742432e+10
3.560126331884988726e+00 8.746739636924270630e+10
3.595727595203838334e+00 8.622537892570570374e+10
3.631684871155877570e+00 8.469009324780033875e+10
3.668001719867436616e+00 8.301702172359352112e+10
3.704681737066110259e+00 8.198179682096545410e+10
3.741728554436771326e+00 8.051774505567857361e+10
3.779145839981139510e+00 7.911541820750767517e+10
3.816937298380950860e+00 7.716442736199761963e+10
3.855106671364760818e+00 7.568659954563107300e+10
3.893657738078407426e+00 7.389998911344038391e+10
3.932594315459191581e+00 7.190324805978683472e+10
3.971920258613783616e+00 6.944835094314010620e+10
4.011639461199922430e+00 6.704793624940264893e+10
4.051755855811920881e+00 6.457657373006320190e+10
4.092273414370040108e+00 6.139491736508532715e+10
4.133196148513740731e+00 5.953965603232450104e+10
4.174528109998877135e+00 5.716353860483065033e+10
4.216273391098866341e+00 5.442130286701286316e+10
4.258436125009854578e+00 5.136080496525431061e+10
4.301020486259953479e+00 4.979606104466181183e+10
4.344030691122553023e+00 4.753643729919777679e+10
4.387470998033777825e+00 4.542344382848889923e+10
4.431345708014116092e+00 4.363469314436539459e+10
4.475659165094256764e+00 4.225408784377525330e+10
4.520415756745198799e+00 4.084924206272979736e+10
4.565619914312651240e+00 3.964376105238500214e+10
4.611276113455778258e+00 3.858616120040133667e+10
4.657388874590335348e+00 3.737058528284169006e+10
4.703962763336238417e+00 3.643190920104183960e+10
4.751002390969600420e+00 3.545100145545906067e+10
4.798512414879296806e+00 3.432317856232500076e+10
4.846497539028090884e+00 3.328881936494850159e+10
4.894962514418371491e+00 3.228215724725554276e+10
4.943912139562555375e+00 3.111709290753862381e+10
4.993351260958180937e+00 3.023055085918593979e+10
5.043284773567762613e+00 2.892960505393935776e+10
5.093717621303440524e+00 2.819960382510759735e+10
5.144654797516475142e+00 2.708664494786087036e+10
5.196101345491639378e+00 2.633501159574363327e+10
5.248062358946555150e+00 2.564835391509683609e+10
5.300542982536021519e+00 2.473219483849445724e+10
5.353548412361381459e+00 2.416011403041383362e+10
5.407083896484995655e+00 2.323129255843750381e+10
5.461154735449845532e+00 2.272079037500058746e+10
5.515766282804344556e+00 2.200489946070774078e+10
5.570923945632387131e+00 2.119199520896943665e+10
5.626633185088711464e+00 2.072075576550075150e+10
5.682899516939598605e+00 2.000571671582274628e+10
5.739728512108993819e+00 1.938631559473409653e+10
5.797125797230084032e+00 1.892442565739629745e+10
5.855097055202384659e+00 1.821935478366249847e+10
5.913648025754409510e+00 1.785332486922729111e+10
5.972784506011953987e+00 1.739962781158542252e+10
6.032512351072073287e+00 1.681390538482966805e+10
6.092837474582792900e+00 1.665093101300274086e+10
6.153765849328621584e+00 1.631000615182077980e+10
6.215303507821907658e+00 1.589489359427127457e+10
6.277456542900125669e+00 1.539709991918801308e+10
6.340231108329128062e+00 1.489997368481986237e+10
6.403633419412418704e+00 1.416180359109608841e+10
6.467669753606543281e+00 1.316986955241625404e+10
6.532346451142608146e+00 1.249501057753946114e+10
6.597669915654034156e+00 1.155804336454333687e+10
6.663646614810574853e+00 1.105612739013492584e+10
6.730283080958680664e+00 1.111204461969460297e+10
6.797585911768267763e+00 1.056238912539106560e+10
6.865561770885950210e+00 1.029504874311558151e+10
6.934217388594810849e+00 1.006494656248748016e+10
7.003559562480758949e+00 9.907364599658924103e+09
7.073595158105566050e+00 9.463629838237236023e+09
7.144331109686621772e+00 9.247519891125457764e+09
7.215774420783487741e+00 9.043094581850566864e+09
7.287932164991324235e+00 8.728781040070379257e+09
7.360811486641236634e+00 8.432168480853343964e+09
7.434419601507648245e+00 8.187128612925492287e+09
7.508763797522725270e+00 7.939914502978198051e+09
7.583851435497953375e+00 7.641617108342507362e+09
7.659689949852931612e+00 7.434283756482483864e+09
7.736286849351461825e+00 7.150413917458998680e+09
7.813649717844977083e+00 7.074211153058854103e+09
7.891786215023426365e+00 6.592986822321843147e+09
7.970704077173661695e+00 6.486007863606474876e+09
8.050411117945397876e+00 6.266670317848690033e+09
8.130915229124850541e+00 6.052990107331092834e+09
8.212224381416099561e+00 5.851053060708698273e+09
8.294346625230261338e+00 5.631068460667790413e+09
8.377290091482562318e+00 5.462422182249300003e+09
8.461062992397387461e+00 5.310242962710755348e+09
8.545673622321363183e+00 5.153226683165288925e+09
8.631130358544575998e+00 5.042319839620468140e+09
8.717441662130022806e+00 4.851998883921093941e+09
8.804616078751321240e+00 4.715952908951870918e+09
8.892662239538834612e+00 4.628406258069692612e+09
8.981588861934222123e+00 4.450551315837878227e+09
9.071404750553567098e+00 4.353270475688891411e+09
9.162118798059102787e+00 4.224013765453243256e+09
9.253739986039693832e+00 4.069613900810078621e+09
9.346277385900089385e+00 3.972863631042463303e+09
9.439740159759089977e+00 3.827293964939918995e+09
9.534137561356683221e+00 3.747357527806541443e+09
9.629478936970249592e+00 3.574398203891464710e+09
9.725773726339950187e+00 3.493929230618778229e+09
9.823031463603349778e+00 3.384111653460081100e+09
9.921261778239381712e+00 3.235278958004693985e+09
1.002047439602177548e+01 3.154389993977049351e+09
1.012067913998199487e+01 3.035211015891791344e+09
1.022188593138181290e+01 2.946861023417134762e+09
1.032410479069563181e+01 2.822068960109359741e+09
1.042734583860258724e+01 2.722038500689705372e+09
1.053161929698861421e+01 2.629701395462132454e+09
1.063693548995849980e+01 2.535386725597607136e+09
1.074330484485808412e+01 2.441742832243359089e+09
1.085073789330666472e+01 2.364575904478746414e+09
1.095924527223973222e+01 2.250644147214695454e+09
1.106883772496212970e+01 2.176510512880382538e+09
1.117952610221174936e+01 2.089311908189337015e+09
1.129132136323386781e+01 2.017008413113440990e+09
1.140423457686620701e+01 1.949416341835263968e+09
1.151827692263487002e+01 1.871264288099066496e+09
1.163345969186121920e+01 1.804666339065107107e+09
1.174979428877982990e+01 1.717408966122391462e+09
1.186729223166762992e+01 1.660670620648900270e+09
1.198596515398430462e+01 1.613078650307662725e+09
1.210582480552414708e+01 1.541563455659245729e+09
1.222688305357938887e+01 1.497687475409863234e+09
1.234915188411518194e+01 1.442380767961877108e+09
1.247264340295633467e+01 1.368016490818163633e+09
1.259736983698589619e+01 1.328617988089890718e+09
1.272334353535575424e+01 1.279523503981961012e+09
1.285057697070931226e+01 1.231840025252395153e+09
1.297908274041640553e+01 1.178896622698176861e+09
1.310887356782057012e+01 1.151428066519017696e+09
1.323996230349877479e+01 1.090932859125029087e+09
1.337236192653376321e+01 1.062599530560786366e+09
1.350608554579910248e+01 1.011811838784265518e+09
1.364114640125709244e+01 9.873105238578237295e+08
1.377755786526966197e+01 9.400738996006346941e+08
1.391533344392236238e+01 9.132011282301360369e+08
1.405448677836158211e+01 8.775748964751470089e+08
1.419503164614519974e+01 8.327164686741728783e+08
1.433698196260665192e+01 8.140200245181041956e+08
1.448035178223271835e+01 7.793072890388007164e+08
1.462515530005504516e+01 7.436775520633189678e+08
1.477140685305559664e+01 7.301684374870864153e+08
1.491912092158615089e+01 6.929256365152254105e+08
1.506831213080201159e+01 6.742828093309309483e+08
1.521899525211003024e+01 6.482780405913631916e+08
1.537118520463113214e+01 6.214357467023566961e+08
1.552489705667744246e+01 6.002645707427114248e+08
1.568014602724421813e+01 5.795954359854236841e+08
1.583694748751665848e+01 5.591008181849697828e+08
1.599531696239182388e+01 5.365716894073415399e+08
1.615527013201574391e+01 5.107814319943807721e+08
1.631682283333590178e+01 5.012510975737882257e+08
1.647999106166925998e+01 4.765079403515756726e+08
1.664479097228595350e+01 4.578363875877323747e+08
1.681123888200881211e+01 4.478939875785386562e+08
1.697935127082889650e+01 4.350527064425615668e+08
1.714914478353718863e+01 4.091168238362044096e+08
1.732063623137256059e+01 3.925746971064449549e+08
1.749384259368628847e+01 3.846757605241813064e+08
1.766878101962314673e+01 3.654559230512088537e+08
1.784546882981938509e+01 3.572979655363842249e+08
1.802392351811757720e+01 3.427570932759204507e+08
1.820416275329875333e+01 3.290991320755828023e+08
1.838620438083173880e+01 3.190935250486686826e+08
1.857006642464005353e+01 2.987140437877089977e+08
1.875576708888645427e+01 2.937438896261450052e+08
1.894332475977532226e+01 2.833558549274922013e+08
1.913275800737307719e+01 2.747141095979825258e+08
1.969740769490774923e+01 2.441635727159633040e+08
2.068227807965313403e+01 2.026396390588414073e+08
2.171639198363579126e+01 1.681808340628027320e+08
2.280221158281758420e+01 1.406052037141448855e+08
2.394232216195846163e+01 1.165507038299874514e+08
2.513943827005638454e+01 9.662042150186194479e+07
2.639641018355920465e+01 8.053582712227991223e+07
2.771623069273716311e+01 6.649112923615495116e+07
2.910204222737402446e+01 5.525529678165493160e+07
3.055714433874272729e+01 4.519922252469193190e+07
3.208500155567985956e+01 3.785980735149046034e+07
3.368925163346385432e+01 3.089749075399627909e+07
3.537371421513704206e+01 2.543397948114406317e+07
3.714239992589390482e+01 2.118738832833882421e+07
3.899951992218858976e+01 1.770193575374253094e+07
4.094949591829801960e+01 1.450433223277381621e+07
4.299697071421292094e+01 1.211456985064549372e+07
4.514681924992356699e+01 1.005157916239989176e+07
4.740416021241974676e+01 8.328681101971304975e+06
4.977436822304073161e+01 6.883998265012416057e+06
5.226308663419276712e+01 5.716474414398413152e+06
5.487624096590241152e+01 4.750975705300553702e+06
5.762005301419753067e+01 3.922778895853732713e+06
6.050105566490740472e+01 3.271064927845542319e+06
6.352610844815276891e+01 2.694295337765824050e+06
6.670241387056040594e+01 2.239198971322098281e+06
7.003753456408843192e+01 1.863350789943909273e+06
7.353941129229284002e+01 1.529167016726671951e+06
7.721638185690748912e+01 1.275723931358178146e+06
8.107720094975286429e+01 1.047310090177090140e+06
8.513106099724051035e+01 8.673126593203709926e+05
8.938761404710253089e+01 7.328042816186329583e+05
9.385699474945765530e+01 6.002807453406157438e+05
