3.401114059005487245e-01 5.766550635022834473e+11
3.435125199595542300e-01 6.429774948076621094e+11
3.469476451591497201e-01 6.826592142633756104e+11
3.504171216107412334e-01 7.251721556941579590e+11
3.539212928268486436e-01 7.707698301902769775e+11
3.574605057551171750e-01 8.580951428916782227e+11
3.610351108126682584e-01 8.929200324413093262e+11
3.646454619207949999e-01 9.414435523623286133e+11
3.682919165400029282e-01 9.959442940004486084e+11
3.719748357054029064e-01 1.093293434345441284e+12
3.756945840624569266e-01 1.154560035197750977e+12
3.794515299030815081e-01 1.191461815331386963e+12
3.832460452021123065e-01 1.296393015338132324e+12
3.870785056541334312e-01 1.348275841911220459e+12
3.909492907106748016e-01 1.400733933150660400e+12
3.948587836177815391e-01 1.423863098917052002e+12
3.988073714539593917e-01 1.462040426608797852e+12
4.027954451684989667e-01 1.535604589477801025e+12
4.068233996201839342e-01 1.661704465516317383e+12
4.108916336163858096e-01 1.640079299922273438e+12
4.150005499525497021e-01 1.772554493437481445e+12
4.191505554520751908e-01 1.884970657267927246e+12
4.233420610065958822e-01 1.996180938699650879e+12
4.275754816166618122e-01 2.069880152580831787e+12
4.318512364328284114e-01 2.167215875963605225e+12
4.361697487971567533e-01 2.183999797044530029e+12
4.405314462851282475e-01 2.362519177745556641e+12
4.449367607479796094e-01 2.388964494985641602e+12
4.493861283554593800e-01 2.418098966524509766e+12
4.538799896390139921e-01 2.488035546756771973e+12
4.584187895354041031e-01 2.585356450033627930e+12
4.630029774307581336e-01 2.671301040208035645e+12
4.676330072050656761e-01 2.778228808013983887e+12
4.723093372771162701e-01 2.890553602239051270e+12
4.770324306498874289e-01 3.019348313179611328e+12
4.818027549563863032e-01 3.121055267494608887e+12
4.866207825059500891e-01 3.239343812479376465e+12
4.914869903310095656e-01 3.353813705189124512e+12
4.964018602343197584e-01 3.477066324131702637e+12
5.013658788366629482e-01 3.613534201954881348e+12
5.063795376250295188e-01 3.757044869259471191e+12
5.114433330012797541e-01 3.898707176815711426e+12
5.165577663312926893e-01 4.076081661879268066e+12
5.217233439946056262e-01 4.121661082518262695e+12
5.269405774345515825e-01 4.223757947351229980e+12
5.322099832088971194e-01 4.298899963550664062e+12
5.375320830409860973e-01 4.431103547997109375e+12
5.429074038713960215e-01 4.615119395303938477e+12
5.483364779101099762e-01 4.637948403957904297e+12
5.538198426892112503e-01 4.691336585738990234e+12
5.593580411161032107e-01 4.832415059172980469e+12
5.649516215272641917e-01 4.911292971237692383e+12
5.706011377425368458e-01 4.992353315507003906e+12
5.763071491199621699e-01 5.091657636380662109e+12
5.820702206111618704e-01 5.179019538026647461e+12
5.878909228172733981e-01 5.338740896867507812e+12
5.937698320454461998e-01 5.445294018110620117e+12
5.997075303659007428e-01 5.534904821433148438e+12
6.057046056695597480e-01 5.594932720689547852e+12
6.117616517262552955e-01 5.692884486092522461e+12
6.178792682435179096e-01 5.838719009450862305e+12
6.240580609259530620e-01 5.971919612843652344e+12
6.302986415352126448e-01 5.995367034570186523e+12
6.366016279505647413e-01 6.067992106525582031e+12
6.429676442300703565e-01 6.131676364630209961e+12
6.493973206723711034e-01 6.216673906329682617e+12
6.558912938790947278e-01 6.264723380682643555e+12
6.624502068178856895e-01 6.365692742160143555e+12
6.690747088860645730e-01 6.466763944118326172e+12
6.757654559749252110e-01 6.534428822391762695e+12
6.825231105346745153e-01 6.594720473065842773e+12
6.893483416400212338e-01 6.629765590716448242e+12
6.962418250564214039e-01 6.676622004230548828e+12
7.032042433069857212e-01 6.720769392085530273e+12
7.102362857400554841e-01 6.815830801392913086e+12
7.173386485974559967e-01 6.879528403460413086e+12
7.245120350834306500e-01 6.897379301504190430e+12
7.317571554342650053e-01 6.915379184687958008e+12
7.390747269886076554e-01 6.939673838611993164e+12
7.464654742584937441e-01 6.973786201197596680e+12
7.539301290010786971e-01 6.990914515133676758e+12
7.614694302910893775e-01 7.022027626526103516e+12
7.690841245940003290e-01 7.066158444700166992e+12
7.767749658399403234e-01 7.089787917307560547e+12
7.845427154983398710e-01 7.104086182905048828e+12
7.923881426533231354e-01 7.121752526553552734e+12
8.003120240798563545e-01 7.112130475817275391e+12
8.083151443206548770e-01 7.127716897574534180e+12
8.163982957638614701e-01 7.115018547023493164e+12
8.245622787215000082e-01 7.128407007773389648e+12
8.328079015087149761e-01 7.149242734143931641e+12
8.411359805238021181e-01 7.134834424420704102e+12
8.495473403290402237e-01 7.132523787646010742e+12
8.580428137323306004e-01 7.101928313735419922e+12
8.666232418696537820e-01 7.124940782277889648e+12
8.752894742883503554e-01 7.075979229677494141e+12
8.840423690312340099e-01 7.069255773836031250e+12
8.928827927215462479e-01 7.028264566164987305e+12
9.018116206487618580e-01 7.005736997067932617e+12
9.108297368552494833e-01 6.977930322589577148e+12
9.199380342238018260e-01 6.918577141748136719e+12
9.291374145660399320e-01 6.879849060100768555e+12
9.384287887117003235e-01 6.846906857153678711e+12
9.478130765988174167e-01 6.788388083350826172e+12
9.572912073648053299e-01 6.742432944607812500e+12
9.668641194384535176e-01 6.690295136966148438e+12
9.765327606328380039e-01 6.645381014717419922e+12
9.862980882391664261e-01 6.590707233586767578e+12
9.961610691215579960e-01 6.562411685880293945e+12
1.006122679812773590e+00 6.500918682335714844e+12
1.016183906610901300e+00 6.436763311935582031e+12
1.026345745677010202e+00 6.382266993280586914e+12
1.036609203133780355e+00 6.320981528422251953e+12
1.046975295165118336e+00 6.238209322200221680e+12
1.057445048116769204e+00 6.167499138915663086e+12
1.068019498597936989e+00 6.102231698269021484e+12
1.078699693583916597e+00 6.031543647590859375e+12
1.089486690519755552e+00 5.955665160537588867e+12
1.100381557424953138e+00 5.880785313465447266e+12
1.111385372999202481e+00 5.808857237714628906e+12
1.122499226729194666e+00 5.732910796916466797e+12
1.133724218996486455e+00 5.653960096834328125e+12
1.145061461186451135e+00 5.579181156607779297e+12
1.156512075798315831e+00 5.508575451519361328e+12
1.168077196556299047e+00 5.429817257713586914e+12
1.179757968521861988e+00 5.338373887407178711e+12
1.191555548207080761e+00 5.287157819056134766e+12
1.203471103689151889e+00 5.184084764533958984e+12
1.215505814726043354e+00 5.091572605377869141e+12
1.227660872873303610e+00 5.007641378862301758e+12
1.239937481602036762e+00 4.927900657994610352e+12
1.252336856418057032e+00 4.848357319950041992e+12
1.264860224982237824e+00 4.763136904148133789e+12
1.277508827232060051e+00 4.675702196959561523e+12
1.290283915504380818e+00 4.599584032033441406e+12
1.303186754659424462e+00 4.511385130313075195e+12
1.316218622206019040e+00 4.426394483880849609e+12
1.329380808428079153e+00 4.348725631171798340e+12
1.342674616512359975e+00 4.266023544567489258e+12
1.356101362677483380e+00 4.182833204473209473e+12
1.369662376304258355e+00 4.097528839101362793e+12
1.383359000067300837e+00 4.011519715716212402e+12
1.397192590067974027e+00 3.927885352130896973e+12
1.411164515968653665e+00 3.847983445548401855e+12
1.425276161128340213e+00 3.773596429568746094e+12
1.439528922739623740e+00 3.687180743605951172e+12
1.453924211967019708e+00 3.610484871798302734e+12
1.468463454086690101e+00 3.526533894010949219e+12
1.483148088627556760e+00 3.441213017797102539e+12
1.497979569513832487e+00 3.364231876530666016e+12
1.512959365208970564e+00 3.278719694603713867e+12
1.528088958861060442e+00 3.204225150910942871e+12
1.543369848449671178e+00 3.115415140838856445e+12
1.558803546934167894e+00 3.050237741132706543e+12
1.574391582403509737e+00 2.975161578054886719e+12
1.590135498227544852e+00 2.898877391060647949e+12
1.606036853209820148e+00 2.817713896408616699e+12
1.622097221741918505e+00 2.750435873722989746e+12
1.638318193959337421e+00 2.669408382781021484e+12
1.654701375898931071e+00 2.605491537455351074e+12
1.671248389657920441e+00 2.542168090709158691e+12
1.687960873554499530e+00 2.485296259429176758e+12
1.704840482290044701e+00 2.427868947916581543e+12
1.721888887112944966e+00 2.376043668344159668e+12
1.739107775984074289e+00 2.326401231017226562e+12
1.756498853743915012e+00 2.279101514365885742e+12
1.774063842281354608e+00 2.230578691645480957e+12
1.791804480704168201e+00 2.182216363419274658e+12
1.809722525511209934e+00 2.134639807477666748e+12
1.827819750766321860e+00 2.083642190753046387e+12
1.846097948273984990e+00 2.039274218326842529e+12
1.864558927756724938e+00 1.993318262782041260e+12
1.883204517034292147e+00 1.945593709478393311e+12
1.902036562204635128e+00 1.894706958785749023e+12
1.921056927826681582e+00 1.843553288671366455e+12
1.940267497104948502e+00 1.807579700520685547e+12
1.959670172075998140e+00 1.756393211261807617e+12
1.979266873796758031e+00 1.719994068257391602e+12
1.999059542534725509e+00 1.666779907259653564e+12
2.019050137960073155e+00 1.623687054195856689e+12
2.039240639339673589e+00 1.581394968195566650e+12
2.059633045733070489e+00 1.542742410259559814e+12
2.080229376190401158e+00 1.502009088027884277e+12
2.101031669952305059e+00 1.460443994658183105e+12
2.122041986651828083e+00 1.422422100137792969e+12
2.143262406518346097e+00 1.382491666424135742e+12
2.164695030583529967e+00 1.343635459333872559e+12
2.186341980889365377e+00 1.306609189460587158e+12
2.208205400698258991e+00 1.268766848646535400e+12
2.230287454705241146e+00 1.234957723071986084e+12
2.252590329252293522e+00 1.199731563437743164e+12
2.275116232544817318e+00 1.164925747555284424e+12
2.297867394870265034e+00 1.143832397724876953e+12
2.320846068818967822e+00 1.116847933939897217e+12
2.344054529507157536e+00 1.088152755017628174e+12
2.367495074802228761e+00 1.059405532799298096e+12
2.391170025550251044e+00 1.036478134691875122e+12
2.415081725805753532e+00 1.009419773518194824e+12
2.439232543063811764e+00 9.816716521457158203e+11
2.463624868494449949e+00 9.546572200796949463e+11
2.488261117179394244e+00 9.304491022704614258e+11
2.513143728351188155e+00 9.038811517224564209e+11
2.538275165634700237e+00 8.771027541613891602e+11
2.563657917291046751e+00 8.513159639513457031e+11
2.589294496463957262e+00 8.259544006955819092e+11
2.615187441428596937e+00 8.010756686290953369e+11
2.641339315842882840e+00 7.742609865200987549e+11
2.667752709001311562e+00 7.531781816205423584e+11
2.694430236091324815e+00 7.289364831476234131e+11
2.721374538452237868e+00 7.074774389372663574e+11
2.748588283836760127e+00 6.869329071027020264e+11
2.776074166675128296e+00 6.668008492342849121e+11
2.803834908341879206e+00 6.464632641432501221e+11
2.831873257425297830e+00 6.274365371919993896e+11
2.860191989999551154e+00 6.086656486094324951e+11
2.888793909899546541e+00 5.893788858001098633e+11
2.917681848998542549e+00 5.722412458692604980e+11
2.946858667488527761e+00 5.547230854204978027e+11
2.976327254163412928e+00 5.378752898061326904e+11
3.006090526705047061e+00 5.207875913421032715e+11
3.036151431972097470e+00 5.056275852663240356e+11
3.066512946291818587e+00 4.892184323659594727e+11
3.097178075754736692e+00 4.744469761249169312e+11
3.128149856512283833e+00 4.594332002593330078e+11
3.159431355077406689e+00 4.449252666683471680e+11
3.191025668628181045e+00 4.309100932444727783e+11
3.222935925314462935e+00 4.169541418257468872e+11
3.255165284567607564e+00 4.037399912531641235e+11
3.287716937413283524e+00 3.908253521649479980e+11
3.320594106787416067e+00 3.783173750269685059e+11
3.353800047855290511e+00 3.659422078604041748e+11
3.387338048333843332e+00 3.541163603235483398e+11
3.421211428817182210e+00 3.428538371041340332e+11
3.455423543105353712e+00 3.315903880058779297e+11
3.489977778536407005e+00 3.207623443446448364e+11
3.524877556321771355e+00 3.104626339266067505e+11
3.560126331884988726e+00 3.001907474263591919e+11
3.595727595203838334e+00 2.904094827691269531e+11
3.631684871155877570e+00 2.809580592982583008e+11
3.668001719867436616e+00 2.718575842363647766e+11
3.704681737066110259e+00 2.630033713834160461e+11
3.741728554436771326e+00 2.542938581649175720e+11
3.779145839981139510e+00 2.460092707371553040e+11
3.816937298380950860e+00 2.379154377585097656e+11
3.855106671364760818e+00 2.299945014124913635e+11
3.893657738078407426e+00 2.225927548257170715e+11
3.932594315459191581e+00 2.151639987060563660e+11
3.971920258613783616e+00 2.082901843024813538e+11
4.011639461199922430e+00 2.013760784335605469e+11
4.051755855811920881e+00 1.948403596816638489e+11
4.092273414370040108e+00 1.884799267064527893e+11
4.133196148513740731e+00 1.822956045322271729e+11
4.174528109998877135e+00 1.762413075284106140e+11
4.216273391098866341e+00 1.703861713608459473e+11
4.258436125009854578e+00 1.648420414660549316e+11
4.301020486259953479e+00 1.604875474405162659e+11
4.344030691122553023e+00 1.556327062885922241e+11
4.387470998033777825e+00 1.511424934058430176e+11
4.431345708014116092e+00 1.467175916645615845e+11
4.475659165094256764e+00 1.420767729340852661e+11
4.520415756745198799e+00 1.374094612516153412e+11
4.565619914312651240e+00 1.327350133692746887e+11
4.611276113455778258e+00 1.282264347503578644e+11
4.657388874590335348e+00 1.236829263898796234e+11
4.703962763336238417e+00 1.194046391032424011e+11
4.751002390969600420e+00 1.152212473851672668e+11
4.798512414879296806e+00 1.113265911743462219e+11
4.846497539028090884e+00 1.073897515212567902e+11
4.894962514418371491e+00 1.037720270998079071e+11
4.943912139562555375e+00 1.002045425544501190e+11
4.993351260958180937e+00 9.673334210455316162e+10
5.043284773567762613e+00 9.335555153167831421e+10
5.093717621303440524e+00 9.010396134366246033e+10
5.144654797516475142e+00 8.697377091940919495e+10
5.196101345491639378e+00 8.389308111730110168e+10
5.248062358946555150e+00 8.100014119333045959e+10
5.300542982536021519e+00 7.813684302448762512e+10
5.353548412361381459e+00 7.536795566319656372e+10
5.407083896484995655e+00 7.271583776347975159e+10
5.461154735449845532e+00 7.015338129962788391e+10
5.515766282804344556e+00 6.767810779999619293e+10
5.570923945632387131e+00 6.526226092654196167e+10
5.626633185088711464e+00 6.295053608088652039e+10
5.682899516939598605e+00 6.073103096137399292e+10
5.739728512108993819e+00 5.858517328626994324e+10
5.797125797230084032e+00 5.648528048325727081e+10
5.855097055202384659e+00 5.450772407805081940e+10
5.913648025754409510e+00 5.255609090232551575e+10
5.972784506011953987e+00 5.068977892000659943e+10
6.032512351072073287e+00 4.889291123922322845e+10
6.092837474582792900e+00 4.715844450928319550e+10
6.153765849328621584e+00 4.547693885028876495e+10
6.215303507821907658e+00 4.385713918450916290e+10
6.277456542900125669e+00 4.230207349606550598e+10
6.340231108329128062e+00 4.081181140854039764e+10
6.403633419412418704e+00 3.936371217545997620e+10
6.467669753606543281e+00 3.799366093230019379e+10
6.532346451142608146e+00 3.666246668090055084e+10
6.597669915654034156e+00 3.537740884910688019e+10
6.663646614810574853e+00 3.412963688416978455e+10
6.730283080958680664e+00 3.289786407444556046e+10
6.797585911768267763e+00 3.173659205875892639e+10
6.865561770885950210e+00 3.059563103583394623e+10
6.934217388594810849e+00 2.950718447663356018e+10
7.003559562480758949e+00 2.844460261581226349e+10
7.073595158105566050e+00 2.742943595140510941e+10
7.144331109686621772e+00 2.644350079579268646e+10
7.215774420783487741e+00 2.549549117374148560e+10
7.287932164991324235e+00 2.458101059931798935e+10
7.360811486641236634e+00 2.369623451315314484e+10
7.434419601507648245e+00 2.284387135304267502e+10
7.508763797522725270e+00 2.202218446981428909e+10
7.583851435497953375e+00 2.123044820562035751e+10
7.659689949852931612e+00 2.046426873073040771e+10
7.736286849351461825e+00 1.972693091519234085e+10
7.813649717844977083e+00 1.901018149512434006e+10
7.891786215023426365e+00 1.833003918886816025e+10
7.970704077173661695e+00 1.766643154441041183e+10
8.050411117945397876e+00 1.702667212906064796e+10
8.130915229124850541e+00 1.641162639249160576e+10
8.212224381416099561e+00 1.581762155414999008e+10
8.294346625230261338e+00 1.524483928600613594e+10
8.377290091482562318e+00 1.469076659994048500e+10
8.461062992397387461e+00 1.415677423563336563e+10
8.545673622321363183e+00 1.364252077246325874e+10
8.631130358544575998e+00 1.314396471318328476e+10
8.717441662130022806e+00 1.266651092090653801e+10
8.804616078751321240e+00 1.220410476884229660e+10
8.892662239538834612e+00 1.175794994804433060e+10
8.981588861934222123e+00 1.132911741796868134e+10
9.071404750553567098e+00 1.091440271140137291e+10
9.162118798059102787e+00 1.051548365980835152e+10
9.253739986039693832e+00 1.013090717592265892e+10
9.346277385900089385e+00 9.759957865356357574e+09
9.439740159759089977e+00 9.403253649886867523e+09
9.534137561356683221e+00 9.057736041675098419e+09
9.629478936970249592e+00 8.726502835717735291e+09
9.725773726339950187e+00 8.406069422846929550e+09
9.823031463603349778e+00 8.097242661902023315e+09
9.921261778239381712e+00 7.800516935534542084e+09
1.002047439602177548e+01 7.513233644187268257e+09
1.012067913998199487e+01 7.237366039606552124e+09
1.022188593138181290e+01 6.970834432357768059e+09
1.032410479069563181e+01 6.714185546690307617e+09
1.042734583860258724e+01 6.466836868394134521e+09
1.053161929698861421e+01 6.228312423287179947e+09
1.063693548995849980e+01 5.998240828551721573e+09
1.074330484485808412e+01 5.776921525793021202e+09
1.085073789330666472e+01 5.563128678379889488e+09
1.095924527223973222e+01 5.358036508131685257e+09
1.106883772496212970e+01 5.159478957789593697e+09
1.117952610221174936e+01 4.968532950223303795e+09
1.129132136323386781e+01 4.784342943313129425e+09
1.140423457686620701e+01 4.607018005409809113e+09
1.151827692263487002e+01 4.436020658736186981e+09
1.163345969186121920e+01 4.271330923136335373e+09
1.174979428877982990e+01 4.112883755432008266e+09
1.186729223166762992e+01 3.960035338969194412e+09
1.198596515398430462e+01 3.812347793306751728e+09
1.210582480552414708e+01 3.671013604377860546e+09
1.222688305357938887e+01 3.534015231602712154e+09
1.234915188411518194e+01 3.402416893188770294e+09
1.247264340295633467e+01 3.275735934316250801e+09
1.259736983698589619e+01 3.153299092861244202e+09
1.272334353535575424e+01 3.035654333199991703e+09
1.285057697070931226e+01 2.922374797312481880e+09
1.297908274041640553e+01 2.813354953446550369e+09
1.310887356782057012e+01 2.708103384752908230e+09
1.323996230349877479e+01 2.606917072892925262e+09
1.337236192653376321e+01 2.509404989025081635e+09
1.350608554579910248e+01 2.415499137939468384e+09
1.364114640125709244e+01 2.324887434313188553e+09
1.377755786526966197e+01 2.237953297671019554e+09
1.391533344392236238e+01 2.153866629283032894e+09
1.405448677836158211e+01 2.073147012416081429e+09
1.419503164614519974e+01 1.995595748655954361e+09
1.433698196260665192e+01 1.920608319687069416e+09
1.448035178223271835e+01 1.848496488903849602e+09
1.462515530005504516e+01 1.779178942531294584e+09
1.477140685305559664e+01 1.712211717867180586e+09
1.491912092158615089e+01 1.647879868488779068e+09
1.506831213080201159e+01 1.585870826172169447e+09
1.521899525211003024e+01 1.526226801385405779e+09
1.537118520463113214e+01 1.468831874910877228e+09
1.552489705667744246e+01 1.413467289590437412e+09
1.568014602724421813e+01 1.360261789166640520e+09
1.583694748751665848e+01 1.308984535372130871e+09
1.599531696239182388e+01 1.259645726449841738e+09
1.615527013201574391e+01 1.212199634881414413e+09
1.631682283333590178e+01 1.166401196546752214e+09
1.647999106166925998e+01 1.122399785976421356e+09
1.664479097228595350e+01 1.080027855062192678e+09
1.681123888200881211e+01 1.039230892523632765e+09
1.697935127082889650e+01 9.999651805211473703e+08
1.714914478353718863e+01 9.621666191536170244e+08
1.732063623137256059e+01 9.258289130355262756e+08
1.749384259368628847e+01 8.907774309289501905e+08
1.766878101962314673e+01 8.570865982399746180e+08
1.784546882981938509e+01 8.246350482118604183e+08
1.802392351811757720e+01 7.934347089196025133e+08
1.820416275329875333e+01 7.633719225381014347e+08
1.838620438083173880e+01 7.344548972610076666e+08
1.857006642464005353e+01 7.066260517411457300e+08
1.875576708888645427e+01 6.798368788601847887e+08
1.894332475977532226e+01 6.540519028972855806e+08
1.913275800737307719e+01 6.292438451010744572e+08
1.969740769490774923e+01 5.591437946664285660e+08
2.068227807965313403e+01 4.537050765237730145e+08
2.171639198363579126e+01 3.749258127354756594e+08
2.280221158281758420e+01 3.097639172663435340e+08
2.394232216195846163e+01 2.559677198485063016e+08
2.513943827005638454e+01 2.112726233696258664e+08
2.639641018355920465e+01 1.744380382299877405e+08
2.771623069273716311e+01 1.442278934940823913e+08
2.910204222737402446e+01 1.190819220930737704e+08
3.055714433874272729e+01 9.842867002446757257e+07
3.208500155567985956e+01 8.117908376731434464e+07
3.368925163346385432e+01 6.706047340376835316e+07
3.537371421513704206e+01 5.530995654639816284e+07
3.714239992589390482e+01 4.560428891167512536e+07
3.899951992218858976e+01 3.755929286974958330e+07
4.094949591829801960e+01 3.097072472217755020e+07
4.299697071421292094e+01 2.550544947682791576e+07
4.514681924992356699e+01 2.101035848745911941e+07
4.740416021241974676e+01 1.728725391470526159e+07
4.977436822304073161e+01 1.424388844317816012e+07
5.226308663419276712e+01 1.173820890453699045e+07
5.487624096590241152e+01 9.659035911011306569e+06
5.762005301419753067e+01 7.962636465637684800e+06
6.050105566490740472e+01 6.547656538093138486e+06
6.352610844815276891e+01 5.389650000492870808e+06
6.670241387056040594e+01 4.437607038368606009e+06
7.003753456408843192e+01 3.650838781526198145e+06
7.353941129229284002e+01 3.007286931293502916e+06
7.721638185690748912e+01 2.472271312837764621e+06
8.107720094975286429e+01 2.035129476557424990e+06
8.513106099724051035e+01 1.676193870932093589e+06
8.938761404710253089e+01 1.375924477981186705e+06
9.385699474945765530e+01 1.130958302108983044e+06
