3.401114059005487245e-01 6.802701198549011230e+10
3.435125199595542300e-01 1.910144328358914948e+10
3.469476451591497201e-01 1.560768168024781036e+10
3.504171216107412334e-01 2.514353234649602509e+10
3.539212928268486436e-01 4.675391990865447998e+10
3.574605057551171750e-01 1.891100238825711060e+10
3.610351108126682584e-01 3.524345338343614197e+10
3.646454619207949999e-01 3.000715979226836014e+10
3.682919165400029282e-01 1.611436413066283798e+10
3.719748357054029064e-01 4.586041195757791519e+09
3.756945840624569266e-01 1.103915240075346375e+10
3.794515299030815081e-01 2.969554212156722641e+10
3.832460452021123065e-01 1.382835115915732956e+10
3.870785056541334312e-01 9.742695331134189606e+09
3.909492907106748016e-01 1.519826060861386490e+10
3.948587836177815391e-01 5.197997049012744904e+10
3.988073714539593917e-01 7.736925468674264526e+10
4.027954451684989667e-01 9.780677222815324402e+10
4.068233996201839342e-01 8.221705711739903259e+10
4.108916336163858096e-01 5.613353130627283478e+10
4.150005499525497021e-01 5.187758871071221924e+10
4.191505554520751908e-01 2.317393981310970688e+10
4.233420610065958822e-01 7.705490531863065720e+09
4.275754816166618122e-01 2.763553263480826187e+10
4.318512364328284114e-01 3.625262364533393097e+10
4.361697487971567533e-01 4.055016900592565918e+10
4.405314462851282475e-01 5.064309366232492065e+10
4.449367607479796094e-01 5.138244627898381042e+10
4.493861283554593800e-01 6.394802759565677643e+10
4.538799896390139921e-01 7.750518332161073303e+10
4.584187895354041031e-01 7.392608104280998230e+10
4.630029774307581336e-01 8.104323283672143555e+10
4.676330072050656761e-01 7.366039144387753296e+10
4.723093372771162701e-01 6.935584213805484009e+10
4.770324306498874289e-01 5.648119723051089478e+10
4.818027549563863032e-01 4.858585074669126892e+10
4.866207825059500891e-01 4.223539756767542267e+10
4.914869903310095656e-01 5.404252236081288910e+10
4.964018602343197584e-01 5.415044403412419891e+10
5.013658788366629482e-01 3.819717868318031311e+10
5.063795376250295188e-01 2.907295664732792282e+10
5.114433330012797541e-01 2.391138487557782745e+10
5.165577663312926893e-01 2.374167969784226990e+10
5.217233439946056262e-01 3.170191450569678497e+10
5.269405774345515825e-01 2.724827522452678680e+10
5.322099832088971194e-01 3.058032765110338593e+10
5.375320830409860973e-01 3.297775261476997375e+10
5.429074038713960215e-01 3.202917342475414276e+10
5.483364779101099762e-01 2.812702239899253464e+10
5.538198426892112503e-01 2.865486194772261047e+10
5.593580411161032107e-01 3.344394003385959625e+10
5.649516215272641917e-01 3.618306325447003937e+10
5.706011377425368458e-01 3.636787635607173920e+10
5.763071491199621699e-01 2.833820585561281586e+10
5.820702206111618704e-01 2.946842932730482101e+10
5.878909228172733981e-01 1.616320309962454605e+10
5.937698320454461998e-01 2.971898457157164001e+10
5.997075303659007428e-01 4.240065569091452026e+10
6.057046056695597480e-01 5.048982380629450989e+10
6.117616517262552955e-01 4.537464248368328094e+10
6.178792682435179096e-01 5.338944508659997559e+10
6.240580609259530620e-01 6.186967361725105286e+10
6.302986415352126448e-01 6.728327430108277893e+10
6.366016279505647413e-01 7.238034240287295532e+10
6.429676442300703565e-01 7.779060613281484985e+10
6.493973206723711034e-01 7.575985584989355469e+10
6.558912938790947278e-01 7.277497904814630127e+10
6.624502068178856895e-01 7.799933757962838745e+10
6.690747088860645730e-01 8.560836140807392883e+10
6.757654559749252110e-01 9.407722494870738220e+10
6.825231105346745153e-01 1.021156648047882538e+11
6.893483416400212338e-01 1.042488906501621399e+11
6.962418250564214039e-01 9.508361944222360229e+10
7.032042433069857212e-01 9.422752766040647888e+10
7.102362857400554841e-01 1.041290455437292633e+11
7.173386485974559967e-01 1.177082597463579254e+11
7.245120350834306500e-01 1.303759843826243286e+11
7.317571554342650053e-01 1.368310689931948242e+11
7.390747269886076554e-01 1.186513174205593567e+11
7.464654742584937441e-01 1.070066197183984985e+11
7.539301290010786971e-01 1.223478537958702240e+11
7.614694302910893775e-01 1.421799764356300964e+11
7.690841245940003290e-01 1.089366373493299103e+11
7.767749658399403234e-01 1.761792404289936218e+11
7.845427154983398710e-01 1.755104660572260132e+11
7.923881426533231354e-01 1.468921933364496765e+11
8.003120240798563545e-01 1.401385410110543213e+11
8.083151443206548770e-01 1.724374722475098877e+11
8.163982957638614701e-01 1.995394454048469238e+11
8.245622787215000082e-01 2.147045211441543884e+11
8.328079015087149761e-01 2.226705050127818604e+11
8.411359805238021181e-01 2.292097554596627502e+11
8.495473403290402237e-01 2.354526566024071655e+11
8.580428137323306004e-01 2.296621770407613831e+11
8.666232418696537820e-01 2.181159620555104370e+11
8.752894742883503554e-01 2.256720898384247131e+11
8.840423690312340099e-01 2.483218543463478088e+11
8.928827927215462479e-01 2.632392559566983948e+11
9.018116206487618580e-01 2.732029738834906006e+11
9.108297368552494833e-01 2.810428868812385254e+11
9.199380342238018260e-01 2.892058546745808105e+11
9.291374145660399320e-01 2.903684692330902710e+11
9.384287887117003235e-01 3.003811090368065186e+11
9.478130765988174167e-01 3.063065991284307251e+11
9.572912073648053299e-01 3.098103880318028564e+11
9.668641194384535176e-01 3.147070377504043579e+11
9.765327606328380039e-01 3.229529510896187744e+11
9.862980882391664261e-01 3.322761311908848267e+11
9.961610691215579960e-01 3.330887945117816772e+11
1.006122679812773590e+00 3.437623588758918457e+11
1.016183906610901300e+00 3.576947530168435059e+11
1.026345745677010202e+00 3.639818571578490601e+11
1.036609203133780355e+00 3.722120003656263428e+11
1.046975295165118336e+00 3.755611530959433594e+11
1.057445048116769204e+00 3.700092247365441895e+11
1.068019498597936989e+00 3.834191917921899414e+11
1.078699693583916597e+00 3.949866577492736816e+11
1.089486690519755552e+00 4.016234844904763794e+11
1.100381557424953138e+00 3.993818977165645752e+11
1.111385372999202481e+00 3.982718208882026978e+11
1.122499226729194666e+00 4.051565563555368042e+11
1.133724218996486455e+00 4.061795776244548950e+11
1.145061461186451135e+00 4.150351816030300293e+11
1.156512075798315831e+00 4.177144008358257446e+11
1.168077196556299047e+00 4.222301105639982300e+11
1.179757968521861988e+00 4.224807144687025146e+11
1.191555548207080761e+00 4.334766251065172729e+11
1.203471103689151889e+00 4.405330177172059937e+11
1.215505814726043354e+00 4.501330147326389160e+11
1.227660872873303610e+00 4.575556572124222412e+11
1.239937481602036762e+00 4.633332466569088745e+11
1.252336856418057032e+00 4.683123929006942749e+11
1.264860224982237824e+00 4.693277677511820068e+11
1.277508827232060051e+00 4.697432734139608154e+11
1.290283915504380818e+00 4.714163648600862427e+11
1.303186754659424462e+00 4.724883150007301636e+11
1.316218622206019040e+00 4.719847071784943848e+11
1.329380808428079153e+00 4.433155108868220825e+11
1.342674616512359975e+00 3.870524893076411743e+11
1.356101362677483380e+00 3.718640408832309570e+11
1.369662376304258355e+00 3.759359136761325073e+11
1.383359000067300837e+00 3.821329358607250366e+11
1.397192590067974027e+00 3.713813110439807129e+11
1.411164515968653665e+00 3.604467621293110352e+11
1.425276161128340213e+00 3.521439002242670898e+11
1.439528922739623740e+00 3.582884036258215332e+11
1.453924211967019708e+00 3.702837719330684204e+11
1.468463454086690101e+00 3.681113083920332642e+11
1.483148088627556760e+00 3.744304903491405640e+11
1.497979569513832487e+00 3.822101124753588257e+11
1.512959365208970564e+00 3.916880385468956909e+11
1.528088958861060442e+00 4.009055419093907471e+11
1.543369848449671178e+00 4.083371672999131470e+11
1.558803546934167894e+00 4.188560191573125000e+11
1.574391582403509737e+00 4.297255939497500000e+11
1.590135498227544852e+00 4.369076846971805420e+11
1.606036853209820148e+00 4.418359483033072510e+11
1.622097221741918505e+00 4.470901834324786987e+11
1.638318193959337421e+00 4.489046432887711792e+11
1.654701375898931071e+00 4.484205482936147461e+11
1.671248389657920441e+00 4.478550660093430176e+11
1.687960873554499530e+00 4.437341034932399902e+11
1.704840482290044701e+00 4.324245224221256714e+11
1.721888887112944966e+00 4.127140332018300781e+11
1.739107775984074289e+00 3.992146683920407715e+11
1.756498853743915012e+00 3.839740074019476929e+11
1.774063842281354608e+00 3.634470707630009155e+11
1.791804480704168201e+00 3.503158717582517700e+11
1.809722525511209934e+00 3.350222559306372681e+11
1.827819750766321860e+00 3.309582615570845947e+11
1.846097948273984990e+00 3.139249170630594482e+11
1.864558927756724938e+00 3.004942091238150024e+11
1.883204517034292147e+00 3.111110869599130859e+11
1.902036562204635128e+00 3.154505138373839111e+11
1.921056927826681582e+00 3.135751208213089600e+11
1.940267497104948502e+00 3.086123932537160645e+11
1.959670172075998140e+00 3.059754666985814819e+11
1.979266873796758031e+00 3.001883778967716064e+11
1.999059542534725509e+00 2.931188871460781860e+11
2.019050137960073155e+00 2.919373556855184937e+11
2.039240639339673589e+00 2.936333488875965576e+11
2.059633045733070489e+00 2.965385235313931274e+11
2.080229376190401158e+00 2.989332962117776489e+11
2.101031669952305059e+00 3.041104021185791016e+11
2.122041986651828083e+00 3.066702366094277954e+11
2.143262406518346097e+00 3.089083193918629150e+11
2.164695030583529967e+00 3.102506706474060059e+11
2.186341980889365377e+00 3.077949662998581543e+11
2.208205400698258991e+00 3.054754509287739258e+11
2.230287454705241146e+00 3.017408165103760986e+11
2.252590329252293522e+00 2.974021731402708130e+11
2.275116232544817318e+00 2.919916945725585938e+11
2.297867394870265034e+00 2.797172046281448975e+11
2.320846068818967822e+00 2.694035131835268860e+11
2.344054529507157536e+00 2.613753436213672180e+11
2.367495074802228761e+00 2.528958862063040161e+11
2.391170025550251044e+00 2.421444964241919250e+11
2.415081725805753532e+00 2.282686081983320618e+11
2.439232543063811764e+00 2.163126130083078308e+11
2.463624868494449949e+00 2.045787499982948608e+11
2.488261117179394244e+00 1.950832356156943359e+11
2.513143728351188155e+00 1.825682520835251465e+11
2.538275165634700237e+00 1.760227399395913086e+11
2.563657917291046751e+00 1.711618592495405579e+11
2.589294496463957262e+00 1.678775576598018188e+11
2.615187441428596937e+00 1.688970298155021057e+11
2.641339315842882840e+00 1.663529533864454651e+11
2.667752709001311562e+00 1.642324588732751160e+11
2.694430236091324815e+00 1.568024335695390625e+11
2.721374538452237868e+00 1.509070244530694580e+11
2.748588283836760127e+00 1.456616121119485474e+11
2.776074166675128296e+00 1.399284046102588196e+11
2.803834908341879206e+00 1.378941902987086487e+11
2.831873257425297830e+00 1.330370921601721954e+11
2.860191989999551154e+00 1.311016586122809601e+11
2.888793909899546541e+00 1.303948127139615479e+11
2.917681848998542549e+00 1.235930204885183716e+11
2.946858667488527761e+00 1.238129267988574066e+11
2.976327254163412928e+00 1.207936662945996094e+11
3.006090526705047061e+00 1.206979025169911041e+11
3.036151431972097470e+00 1.177424471316925659e+11
3.066512946291818587e+00 1.187335655228750000e+11
3.097178075754736692e+00 1.163749730220521545e+11
3.128149856512283833e+00 1.156472040619325562e+11
3.159431355077406689e+00 1.148161520703522644e+11
3.191025668628181045e+00 1.133937565027243805e+11
3.222935925314462935e+00 1.129523911585929718e+11
3.255165284567607564e+00 1.124692217215807495e+11
3.287716937413283524e+00 1.109093349797530365e+11
3.320594106787416067e+00 1.100347857137212982e+11
3.353800047855290511e+00 1.078357402670016327e+11
3.387338048333843332e+00 1.063828417312285767e+11
3.421211428817182210e+00 1.048862438306545258e+11
3.455423543105353712e+00 1.037218807108074951e+11
3.489977778536407005e+00 1.015542146793396606e+11
3.524877556321771355e+00 9.958053146569499207e+10
3.560126331884988726e+00 9.815917105954000854e+10
3.595727595203838334e+00 9.661902365723771667e+10
3.631684871155877570e+00 9.471416505235853577e+10
3.668001719867436616e+00 9.273254229543038940e+10
3.704681737066110259e+00 9.136486493347007751e+10
3.741728554436771326e+00 8.962159718480111694e+10
3.779145839981139510e+00 8.790892906954727173e+10
3.816937298380950860e+00 8.566192472359695435e+10
3.855106671364760818e+00 8.389434775193547058e+10
3.893657738078407426e+00 8.182617857087754822e+10
3.932594315459191581e+00 7.955763263461273193e+10
3.971920258613783616e+00 7.683706179343020630e+10
4.011639461199922430e+00 7.421569391490367126e+10
4.051755855811920881e+00 7.149945221614863586e+10
4.092273414370040108e+00 6.812917527896510315e+10
4.133196148513740731e+00 6.607239537908958435e+10
4.174528109998877135e+00 6.349826279045661163e+10
4.216273391098866341e+00 6.070927754206812286e+10
4.258436125009854578e+00 5.759980707637979126e+10
4.301020486259953479e+00 5.582732064653279877e+10
4.344030691122553023e+00 5.333394813895667267e+10
4.387470998033777825e+00 5.104182054415815735e+10
4.431345708014116092e+00 4.903880746384835815e+10
4.475659165094256764e+00 4.741832501256964111e+10
4.520415756745198799e+00 4.579527251056777191e+10
4.565619914312651240e+00 4.439743324465731812e+10
4.611276113455778258e+00 4.308173618724554443e+10
4.657388874590335348e+00 4.167774317776305389e+10
4.703962763336238417e+00 4.058073378057651520e+10
4.751002390969600420e+00 3.947970500832320404e+10
4.798512414879296806e+00 3.823909199425729370e+10
4.846497539028090884e+00 3.703024800646099091e+10
4.894962514418371491e+00 3.588561364366237640e+10
4.943912139562555375e+00 3.458606277604194641e+10
4.993351260958180937e+00 3.354343118082105637e+10
5.043284773567762613e+00 3.209040778707097244e+10
5.093717621303440524e+00 3.123821408756311035e+10
5.144654797516475142e+00 2.999896065587643051e+10
5.196101345491639378e+00 2.913825131264943314e+10
5.248062358946555150e+00 2.833868880649861145e+10
5.300542982536021519e+00 2.732150198961253357e+10
5.353548412361381459e+00 2.664549295902422333e+10
5.407083896484995655e+00 2.563624075061206055e+10
5.461154735449845532e+00 2.506695459804793167e+10
5.515766282804344556e+00 2.426884784831236267e+10
5.570923945632387131e+00 2.336347531662928009e+10
5.626633185088711464e+00 2.281728257628991699e+10
5.682899516939598605e+00 2.202953799496775055e+10
5.739728512108993819e+00 2.133816484442241669e+10
5.797125797230084032e+00 2.082755024970867157e+10
5.855097055202384659e+00 2.004077133848538208e+10
5.913648025754409510e+00 1.963088544597813034e+10
5.972784506011953987e+00 1.910734911119158554e+10
6.032512351072073287e+00 1.845766420321195984e+10
6.092837474582792900e+00 1.823458893883332062e+10
6.153765849328621584e+00 1.783161653295392990e+10
6.215303507821907658e+00 1.735977193443273926e+10
6.277456542900125669e+00 1.680333406742119217e+10
6.340231108329128062e+00 1.625419769039309311e+10
6.403633419412418704e+00 1.546517839550440216e+10
6.467669753606543281e+00 1.440676199535545349e+10
6.532346451142608146e+00 1.368743853202014160e+10
6.597669915654034156e+00 1.266637726688970184e+10
6.663646614810574853e+00 1.210718395894839478e+10
6.730283080958680664e+00 1.214480112108972168e+10
6.797585911768267763e+00 1.154049832181818581e+10
6.865561770885950210e+00 1.124849869712879562e+10
6.934217388594810849e+00 1.097113020238284683e+10
7.003559562480758949e+00 1.078283313466502380e+10
7.073595158105566050e+00 1.030801075429144096e+10
7.144331109686621772e+00 1.006701617604946899e+10
7.215774420783487741e+00 9.831854385641695023e+09
7.287932164991324235e+00 9.487384120157360077e+09
7.360811486641236634e+00 9.163984247381309509e+09
7.434419601507648245e+00 8.892908665490819931e+09
7.508763797522725270e+00 8.614205890443185806e+09
7.583851435497953375e+00 8.296953580116043091e+09
7.659689949852931612e+00 8.063832064508296967e+09
7.736286849351461825e+00 7.756235251001646042e+09
7.813649717844977083e+00 7.661768913178306580e+09
7.891786215023426365e+00 7.153248027476067543e+09
7.970704077173661695e+00 7.025891640244565964e+09
8.050411117945397876e+00 6.785112416709259987e+09
8.130915229124850541e+00 6.551103126389408112e+09
8.212224381416099561e+00 6.329265858795177460e+09
8.294346625230261338e+00 6.085419363116624832e+09
8.377290091482562318e+00 5.901759213126443863e+09
8.461062992397387461e+00 5.733587811462001801e+09
8.545673622321363183e+00 5.562410088571682930e+09
8.631130358544575998e+00 5.434235618297563553e+09
8.717441662130022806e+00 5.227910291909951210e+09
8.804616078751321240e+00 5.077547396400693893e+09
8.892662239538834612e+00 4.977928564771100044e+09
8.981588861934222123e+00 4.788344651450740814e+09
9.071404750553567098e+00 4.676784664949146271e+09
9.162118798059102787e+00 4.533977831384507179e+09
9.253739986039693832e+00 4.372266467790950775e+09
9.346277385900089385e+00 4.261232618043021202e+09
9.439740159759089977e+00 4.106598771650736809e+09
9.534137561356683221e+00 4.009308642190255165e+09
9.629478936970249592e+00 3.833112012620040894e+09
9.725773726339950187e+00 3.738715406527390957e+09
9.823031463603349778e+00 3.616152786450816631e+09
9.921261778239381712e+00 3.460987957745706558e+09
1.002047439602177548e+01 3.370893580764578819e+09
1.012067913998199487e+01 3.240460018803666592e+09
1.022188593138181290e+01 3.147115516053524017e+09
1.032410479069563181e+01 3.014572189058053017e+09
1.042734583860258724e+01 2.908083579178431034e+09
1.053161929698861421e+01 2.807175022491474152e+09
1.063693548995849980e+01 2.705826827880488396e+09
1.074330484485808412e+01 2.603605827056899548e+09
1.085073789330666472e+01 2.520488838079660892e+09
1.095924527223973222e+01 2.399944132540368557e+09
1.106883772496212970e+01 2.321990949775804043e+09
1.117952610221174936e+01 2.228041010850923061e+09
1.129132136323386781e+01 2.151033662334195137e+09
1.140423457686620701e+01 2.075766982354065180e+09
1.151827692263487002e+01 1.994736822749185324e+09
1.163345969186121920e+01 1.922663920991320372e+09
1.174979428877982990e+01 1.832560147550237417e+09
1.186729223166762992e+01 1.770783045294559002e+09
1.198596515398430462e+01 1.720164800643041134e+09
1.210582480552414708e+01 1.645142480007101536e+09
1.222688305357938887e+01 1.596182766598003864e+09
1.234915188411518194e+01 1.537402404893627882e+09
1.247264340295633467e+01 1.459178253778725624e+09
1.259736983698589619e+01 1.416944711623735666e+09
1.272334353535575424e+01 1.364682902960975170e+09
1.285057697070931226e+01 1.313785442447508574e+09
1.297908274041640553e+01 1.258316200524496078e+09
1.310887356782057012e+01 1.227356468273092985e+09
1.323996230349877479e+01 1.164108272418677568e+09
1.337236192653376321e+01 1.132814876691848278e+09
1.350608554579910248e+01 1.079516326624723673e+09
1.364114640125709244e+01 1.051898238108786583e+09
1.377755786526966197e+01 1.002963753194301367e+09
1.391533344392236238e+01 9.739156797648270130e+08
1.405448677836158211e+01 9.362698750269476175e+08
1.419503164614519974e+01 8.891964619426937103e+08
1.433698196260665192e+01 8.686954066405733824e+08
1.448035178223271835e+01 8.320917483106777668e+08
1.462515530005504516e+01 7.940637266523513794e+08
1.477140685305559664e+01 7.781940230191471577e+08
1.491912092158615089e+01 7.410301800243482590e+08
1.506831213080201159e+01 7.192932894238355160e+08
1.521899525211003024e+01 6.917990970947556496e+08
1.537118520463113214e+01 6.633513008704531193e+08
1.552489705667744246e+01 6.414980562825742960e+08
1.568014602724421813e+01 6.186114875926989317e+08
1.583694748751665848e+01 5.961593187091149092e+08
1.599531696239182388e+01 5.719636659047079086e+08
1.615527013201574391e+01 5.450255994896161556e+08
1.631682283333590178e+01 5.344290150155025721e+08
1.647999106166925998e+01 5.088651559598978758e+08
1.664479097228595350e+01 4.893517516022052169e+08
1.681123888200881211e+01 4.763954535810359716e+08
1.697935127082889650e+01 4.634325572006201744e+08
1.714914478353718863e+01 4.371294752945696115e+08
1.732063623137256059e+01 4.192058360836760998e+08
1.749384259368628847e+01 4.094726627218706608e+08
1.766878101962314673e+01 3.903394751903138757e+08
1.784546882981938509e+01 3.814194745490952730e+08
1.802392351811757720e+01 3.650913406963230371e+08
1.820416275329875333e+01 3.513093061944968700e+08
1.838620438083173880e+01 3.399851776852336526e+08
1.857006642464005353e+01 3.194380992877831459e+08
1.875576708888645427e+01 3.132733114081948996e+08
1.894332475977532226e+01 3.025838498556818962e+08
1.913275800737307719e+01 2.925645193180476427e+08
1.969740769490774923e+01 2.605046358275148273e+08
2.068227807965313403e+01 2.160581773344128132e+08
2.171639198363579126e+01 1.794277733262194693e+08
2.280221158281758420e+01 1.498093658581545353e+08
2.394232216195846163e+01 1.241679440379656851e+08
2.513943827005638454e+01 1.029520970619939417e+08
2.639641018355920465e+01 8.572939614029039443e+07
2.771623069273716311e+01 7.078421425851397216e+07
2.910204222737402446e+01 5.875773449830134213e+07
3.055714433874272729e+01 4.811131535931717604e+07
3.208500155567985956e+01 4.016619272855142504e+07
3.368925163346385432e+01 3.287097497354146838e+07
3.537371421513704206e+01 2.704095055006218702e+07
3.714239992589390482e+01 2.253656275664862618e+07
3.899951992218858976e+01 1.880213689717510343e+07
4.094949591829801960e+01 1.544294349636279233e+07
4.299697071421292094e+01 1.288330164711778797e+07
4.514681924992356699e+01 1.069679529427306354e+07
4.740416021241974676e+01 8.861183010163031518e+06
4.977436822304073161e+01 7.325103492665214464e+06
5.226308663419276712e+01 6.077640723923364654e+06
5.487624096590241152e+01 5.049255230899266899e+06
5.762005301419753067e+01 4.170820933789615054e+06
6.050105566490740472e+01 3.472759801615487318e+06
6.352610844815276891e+01 2.865437072290659416e+06
6.670241387056040594e+01 2.379700630440413486e+06
7.003753456408843192e+01 1.977688980505327461e+06
7.353941129229284002e+01 1.625931269563354552e+06
7.721638185690748912e+01 1.355522101561448770e+06
8.107720094975286429e+01 1.113217355544374092e+06
8.513106099724051035e+01 9.213829599763050210e+05
8.938761404710253089e+01 7.764143169218242401e+05
9.385699474945765530e+01 6.368274591514264466e+05
