3.401114059005487245e-01 1.255193636869161797e+10
3.435125199595542300e-01 1.996390707534283447e+10
3.469476451591497201e-01 2.038331533645423126e+10
3.504171216107412334e-01 2.188469979696564102e+10
3.539212928268486436e-01 2.057367774341369629e+10
3.574605057551171750e-01 3.835365382906066132e+10
3.610351108126682584e-01 2.984816715989539719e+10
3.646454619207949999e-01 3.185820915192883682e+10
3.682919165400029282e-01 3.397594572114676666e+10
3.719748357054029064e-01 6.272599042262765503e+10
3.756945840624569266e-01 6.369614966176870728e+10
3.794515299030815081e-01 4.631737262782725525e+10
3.832460452021123065e-01 7.528730193247067261e+10
3.870785056541334312e-01 7.808662758163713074e+10
3.909492907106748016e-01 6.938153561797912598e+10
3.948587836177815391e-01 4.610334185438684082e+10
3.988073714539593917e-01 4.646331818793359375e+10
4.027954451684989667e-01 5.259406308854342651e+10
4.068233996201839342e-01 6.026561069290838623e+10
4.108916336163858096e-01 5.564087680304980469e+10
4.150005499525497021e-01 6.646365356974687195e+10
4.191505554520751908e-01 7.638681012163537598e+10
4.233420610065958822e-01 1.179451781662719421e+11
4.275754816166618122e-01 9.389227677796739197e+10
4.318512364328284114e-01 1.034063333208031464e+11
4.361697487971567533e-01 1.058328082972947693e+11
4.405314462851282475e-01 1.247249751715084076e+11
4.449367607479796094e-01 1.341570534624217224e+11
4.493861283554593800e-01 1.426639588582245178e+11
4.538799896390139921e-01 1.482356319408072815e+11
4.584187895354041031e-01 1.641074311400116577e+11
4.630029774307581336e-01 1.842659173031743774e+11
4.676330072050656761e-01 1.958528329892073364e+11
4.723093372771162701e-01 1.983419304098275757e+11
4.770324306498874289e-01 2.279275402200801086e+11
4.818027549563863032e-01 2.455977118830239563e+11
4.866207825059500891e-01 2.519430233294028015e+11
4.914869903310095656e-01 2.400746476119649353e+11
4.964018602343197584e-01 2.769991402774660034e+11
5.013658788366629482e-01 3.089510503596740112e+11
5.063795376250295188e-01 3.194310509179695435e+11
5.114433330012797541e-01 3.226435395315144653e+11
5.165577663312926893e-01 3.852341318870483398e+11
5.217233439946056262e-01 3.833617670806640625e+11
5.269405774345515825e-01 4.055745049676844482e+11
5.322099832088971194e-01 4.106048099821646729e+11
5.375320830409860973e-01 4.465669067438599854e+11
5.429074038713960215e-01 4.948221195919138794e+11
5.483364779101099762e-01 5.388405762543489990e+11
5.538198426892112503e-01 5.422910391203291016e+11
5.593580411161032107e-01 6.018267678582266846e+11
5.649516215272641917e-01 6.883592039941718750e+11
5.706011377425368458e-01 6.912678961276688232e+11
5.763071491199621699e-01 6.973968562080671387e+11
5.820702206111618704e-01 6.956087734861466064e+11
5.878909228172733981e-01 8.294894131681937256e+11
5.937698320454461998e-01 9.134130054724667969e+11
5.997075303659007428e-01 9.052677159371000977e+11
6.057046056695597480e-01 8.522149418415059814e+11
6.117616517262552955e-01 7.946587224291374512e+11
6.178792682435179096e-01 9.883929118258165283e+11
6.240580609259530620e-01 1.113657949314798584e+12
6.302986415352126448e-01 1.041759114564710693e+12
6.366016279505647413e-01 9.589314198820950928e+11
6.429676442300703565e-01 9.222807168390710449e+11
6.493973206723711034e-01 9.215374352660357666e+11
6.558912938790947278e-01 9.708684748344711914e+11
6.624502068178856895e-01 1.107576690778321533e+12
6.690747088860645730e-01 1.220582915215272461e+12
6.757654559749252110e-01 1.258739032473035400e+12
6.825231105346745153e-01 1.223943819156481445e+12
6.893483416400212338e-01 1.156692496711716797e+12
6.962418250564214039e-01 1.064421954973572021e+12
7.032042433069857212e-01 1.038523908588434814e+12
7.102362857400554841e-01 1.236264463395390869e+12
7.173386485974559967e-01 1.318681284291574951e+12
7.245120350834306500e-01 1.261214754236194824e+12
7.317571554342650053e-01 1.138124964459374512e+12
7.390747269886076554e-01 1.044820226285265015e+12
7.464654742584937441e-01 1.014962557900518433e+12
7.539301290010786971e-01 1.009430598271489502e+12
7.614694302910893775e-01 1.142246651056959229e+12
7.690841245940003290e-01 1.311717188879398438e+12
7.767749658399403234e-01 1.350747549934268066e+12
7.845427154983398710e-01 1.360278491352406982e+12
7.923881426533231354e-01 1.349734397890694580e+12
8.003120240798563545e-01 1.295721000506779053e+12
8.083151443206548770e-01 1.224130590796527100e+12
8.163982957638614701e-01 1.160011061593405029e+12
8.245622787215000082e-01 1.256595052785359131e+12
8.328079015087149761e-01 1.325164931453052002e+12
8.411359805238021181e-01 1.367793342472954590e+12
8.495473403290402237e-01 1.530930486478052734e+12
8.580428137323306004e-01 1.454957433253799072e+12
8.666232418696537820e-01 1.368125212961267822e+12
8.752894742883503554e-01 1.305426403674647461e+12
8.840423690312340099e-01 1.319311741736750244e+12
8.928827927215462479e-01 1.424243158204262451e+12
9.018116206487618580e-01 1.401219300468724854e+12
9.108297368552494833e-01 1.351803619273957275e+12
9.199380342238018260e-01 1.315582231549443115e+12
9.291374145660399320e-01 1.342890734916813232e+12
9.384287887117003235e-01 1.350375258415049805e+12
9.478130765988174167e-01 1.330122663430696289e+12
9.572912073648053299e-01 1.316248393324307129e+12
9.668641194384535176e-01 1.304330942972975830e+12
9.765327606328380039e-01 1.379632667071407715e+12
9.862980882391664261e-01 1.423402610328816162e+12
9.961610691215579960e-01 1.464937180550535156e+12
1.006122679812773590e+00 1.448280550634181396e+12
1.016183906610901300e+00 1.421874211211678711e+12
1.026345745677010202e+00 1.419053017288884033e+12
1.036609203133780355e+00 1.391731441451731934e+12
1.046975295165118336e+00 1.368354376253663818e+12
1.057445048116769204e+00 1.358661003413407227e+12
1.068019498597936989e+00 1.356608922848697266e+12
1.078699693583916597e+00 1.354827046284945557e+12
1.089486690519755552e+00 1.369552359903966797e+12
1.100381557424953138e+00 1.398265322597350342e+12
1.111385372999202481e+00 1.412461336427945557e+12
1.122499226729194666e+00 1.403723432412533936e+12
1.133724218996486455e+00 1.399157000744604980e+12
1.145061461186451135e+00 1.390646970131878662e+12
1.156512075798315831e+00 1.388928022507767578e+12
1.168077196556299047e+00 1.383254276027913574e+12
1.179757968521861988e+00 1.378497050845401367e+12
1.191555548207080761e+00 1.384331651059744141e+12
1.203471103689151889e+00 1.365059186482413086e+12
1.215505814726043354e+00 1.351231243156411133e+12
1.227660872873303610e+00 1.339334055494092041e+12
1.239937481602036762e+00 1.342970382791327881e+12
1.252336856418057032e+00 1.338117618427612305e+12
1.264860224982237824e+00 1.327635158510698242e+12
1.277508827232060051e+00 1.312156546514975342e+12
1.290283915504380818e+00 1.306620053208996094e+12
1.303186754659424462e+00 1.295143613687347412e+12
1.316218622206019040e+00 1.288269332738610107e+12
1.329380808428079153e+00 1.313365877558219238e+12
1.342674616512359975e+00 1.359804861273189453e+12
1.356101362677483380e+00 1.357078479687457764e+12
1.369662376304258355e+00 1.342089807906007080e+12
1.383359000067300837e+00 1.329944156191879150e+12
1.397192590067974027e+00 1.332413037867572021e+12
1.411164515968653665e+00 1.329715256834293701e+12
1.425276161128340213e+00 1.323639254851876953e+12
1.439528922739623740e+00 1.306873931540525879e+12
1.453924211967019708e+00 1.289727067569860352e+12
1.468463454086690101e+00 1.280197329478389404e+12
1.483148088627556760e+00 1.262278992564771729e+12
1.497979569513832487e+00 1.242774220541943848e+12
1.512959365208970564e+00 1.221603690730446533e+12
1.528088958861060442e+00 1.201387924256738770e+12
1.543369848449671178e+00 1.183637716217138916e+12
1.558803546934167894e+00 1.162736899184729248e+12
1.574391582403509737e+00 1.139147810434382812e+12
1.590135498227544852e+00 1.116817811465967773e+12
1.606036853209820148e+00 1.096452560526462891e+12
1.622097221741918505e+00 1.073288341826172363e+12
1.638318193959337421e+00 1.049781304860505493e+12
1.654701375898931071e+00 1.027014978418027222e+12
1.671248389657920441e+00 1.005145877688206055e+12
1.687960873554499530e+00 9.896859075145197754e+11
1.704840482290044701e+00 9.819326634718151855e+11
1.721888887112944966e+00 9.811581822674714355e+11
1.739107775984074289e+00 9.736837735410776367e+11
1.756498853743915012e+00 9.694403798964401855e+11
1.774063842281354608e+00 9.665221597551198730e+11
1.791804480704168201e+00 9.577441392297921143e+11
1.809722525511209934e+00 9.489470524701269531e+11
1.827819750766321860e+00 9.327114881343116455e+11
1.846097948273984990e+00 9.253094146981619873e+11
1.864558927756724938e+00 9.163348385508226318e+11
1.883204517034292147e+00 8.911627450111469727e+11
1.902036562204635128e+00 8.706756061943897705e+11
1.921056927826681582e+00 8.526263101780703125e+11
1.940267497104948502e+00 8.352370820738062744e+11
1.959670172075998140e+00 8.171259057408789062e+11
1.979266873796758031e+00 8.046684421019533691e+11
1.999059542534725509e+00 7.906913355485255127e+11
2.019050137960073155e+00 7.762193786008846436e+11
2.039240639339673589e+00 7.590994763493852539e+11
2.059633045733070489e+00 7.419773940498421631e+11
2.080229376190401158e+00 7.248026226200031738e+11
2.101031669952305059e+00 7.049153402537911377e+11
2.122041986651828083e+00 6.867735962727960205e+11
2.143262406518346097e+00 6.678412411862176514e+11
2.164695030583529967e+00 6.480564803686682129e+11
2.186341980889365377e+00 6.306491800791986084e+11
2.208205400698258991e+00 6.126571954901308594e+11
2.230287454705241146e+00 5.954023734132100830e+11
2.252590329252293522e+00 5.796810546854586182e+11
2.275116232544817318e+00 5.648390487948214111e+11
2.297867394870265034e+00 5.638643342551213379e+11
2.320846068818967822e+00 5.565833470222136230e+11
2.344054529507157536e+00 5.456951488341087036e+11
2.367495074802228761e+00 5.346701649933781128e+11
2.391170025550251044e+00 5.308243174595689087e+11
2.415081725805753532e+00 5.230728628819881592e+11
2.439232543063811764e+00 5.154832327848444214e+11
2.463624868494449949e+00 5.089882339435457153e+11
2.488261117179394244e+00 4.993175578100037842e+11
2.513143728351188155e+00 4.898623029515650024e+11
2.538275165634700237e+00 4.781799100299157715e+11
2.563657917291046751e+00 4.660905437024855347e+11
2.589294496463957262e+00 4.529186674372352295e+11
2.615187441428596937e+00 4.382130802585440063e+11
2.641339315842882840e+00 4.250151958734519043e+11
2.667752709001311562e+00 4.124212749807839966e+11
2.694430236091324815e+00 4.036309582122624512e+11
2.721374538452237868e+00 3.953115523528878784e+11
2.748588283836760127e+00 3.875861416580587769e+11
2.776074166675128296e+00 3.788171660451591797e+11
2.803834908341879206e+00 3.685486692716927490e+11
2.831873257425297830e+00 3.604351708818370361e+11
2.860191989999551154e+00 3.505567198526439209e+11
2.888793909899546541e+00 3.395648911476892090e+11
2.917681848998542549e+00 3.329043828523137207e+11
2.946858667488527761e+00 3.228821837804338379e+11
2.976327254163412928e+00 3.147762715767089233e+11
3.006090526705047061e+00 3.046568661794673462e+11
3.036151431972097470e+00 2.974526883905380859e+11
3.066512946291818587e+00 2.871958533028443604e+11
3.097178075754736692e+00 2.796453656521835327e+11
3.128149856512283833e+00 2.709585646581594543e+11
3.159431355077406689e+00 2.623599715324698181e+11
3.191025668628181045e+00 2.544751695419244385e+11
3.222935925314462935e+00 2.458026687047493591e+11
3.255165284567607564e+00 2.380443828325192871e+11
3.287716937413283524e+00 2.301827836394062805e+11
3.320594106787416067e+00 2.225369653916544800e+11
3.353800047855290511e+00 2.154713572196222839e+11
3.387338048333843332e+00 2.082617457699519348e+11
3.421211428817182210e+00 2.014814611709744263e+11
3.455423543105353712e+00 1.947052745671368408e+11
3.489977778536407005e+00 1.884633777993088989e+11
3.524877556321771355e+00 1.824093655037388611e+11
3.560126331884988726e+00 1.764324761567263489e+11
3.595727595203838334e+00 1.705586028163187561e+11
3.631684871155877570e+00 1.651248439729702454e+11
3.668001719867436616e+00 1.598258150254181824e+11
3.704681737066110259e+00 1.544736181070839844e+11
3.741728554436771326e+00 1.492186951776783142e+11
3.779145839981139510e+00 1.442247182902252197e+11
3.816937298380950860e+00 1.396519029293117676e+11
3.855106671364760818e+00 1.350624743762101746e+11
3.893657738078407426e+00 1.307377101820685730e+11
3.932594315459191581e+00 1.267457338688241119e+11
3.971920258613783616e+00 1.232214860048031616e+11
4.011639461199922430e+00 1.196076705794176331e+11
4.051755855811920881e+00 1.162886125028647766e+11
4.092273414370040108e+00 1.133119000063620758e+11
4.133196148513740731e+00 1.097246770073115082e+11
4.174528109998877135e+00 1.065852812333138428e+11
4.216273391098866341e+00 1.033283344465062408e+11
4.258436125009854578e+00 1.005796418927212219e+11
4.301020486259953479e+00 9.844303080851239014e+10
4.344030691122553023e+00 9.562591772837133789e+10
4.387470998033777825e+00 9.292737737498141479e+10
4.431345708014116092e+00 9.086339660493211365e+10
4.475659165094256764e+00 8.846935335588697815e+10
4.520415756745198799e+00 8.581297939411210632e+10
4.565619914312651240e+00 8.319331091507699585e+10
4.611276113455778258e+00 8.072255308967218018e+10
4.657388874590335348e+00 7.803540304288670349e+10
4.703962763336238417e+00 7.542138073571513367e+10
4.751002390969600420e+00 7.296174467445848083e+10
4.798512414879296806e+00 7.069213047611863708e+10
4.846497539028090884e+00 6.828673012841474915e+10
4.894962514418371491e+00 6.616052657945648193e+10
4.943912139562555375e+00 6.397839467502737427e+10
4.993351260958180937e+00 6.190794192247035217e+10
5.043284773567762613e+00 6.005180756460041046e+10
5.093717621303440524e+00 5.797517939621318817e+10
5.144654797516475142e+00 5.609643734514837646e+10
5.196101345491639378e+00 5.423404359185902405e+10
5.248062358946555150e+00 5.247170875457036591e+10
5.300542982536021519e+00 5.074853878834106445e+10
5.353548412361381459e+00 4.904977843307213593e+10
5.407083896484995655e+00 4.750826112799902344e+10
5.461154735449845532e+00 4.585797854473777771e+10
5.515766282804344556e+00 4.429636720554325104e+10
5.570923945632387131e+00 4.274124650274548340e+10
5.626633185088711464e+00 4.126743784699914551e+10
5.682899516939598605e+00 3.983753710919075775e+10
5.739728512108993819e+00 3.847805877465842438e+10
5.797125797230084032e+00 3.705029971243437195e+10
5.855097055202384659e+00 3.579683079975441742e+10
5.913648025754409510e+00 3.446918540604133606e+10
5.972784506011953987e+00 3.326283497274885941e+10
6.032512351072073287e+00 3.212690908268188477e+10
6.092837474582792900e+00 3.089707270036406326e+10
6.153765849328621584e+00 2.977618602921129608e+10
6.215303507821907658e+00 2.871782497825658035e+10
6.277456542900125669e+00 2.774535968874410248e+10
6.340231108329128062e+00 2.682294054905508423e+10
6.403633419412418704e+00 2.600911713466297913e+10
6.467669753606543281e+00 2.538374174437425995e+10
6.532346451142608146e+00 2.465667599362203598e+10
6.597669915654034156e+00 2.403537480215642548e+10
6.663646614810574853e+00 2.333852009105072403e+10
6.730283080958680664e+00 2.238057715855110550e+10
6.797585911768267763e+00 2.173234015354298019e+10
6.865561770885950210e+00 2.093650925160874176e+10
6.934217388594810849e+00 2.022053878733990860e+10
7.003559562480758949e+00 1.943820989140782547e+10
7.073595158105566050e+00 1.879533914045135498e+10
7.144331109686621772e+00 1.811096296581957245e+10
7.215774420783487741e+00 1.745442919153475189e+10
7.287932164991324235e+00 1.684567145201955223e+10
7.360811486641236634e+00 1.624296466099992561e+10
7.434419601507648245e+00 1.566649905852928925e+10
7.508763797522725270e+00 1.511515746584638214e+10
7.583851435497953375e+00 1.458884517586885643e+10
7.659689949852931612e+00 1.406759383669788742e+10
7.736286849351461825e+00 1.358571935958210564e+10
7.813649717844977083e+00 1.302609851551945305e+10
7.891786215023426365e+00 1.266990566610130119e+10
7.970704077173661695e+00 1.219062521023523903e+10
8.050411117945397876e+00 1.176526177371615410e+10
8.130915229124850541e+00 1.137026329721107292e+10
8.212224381416099561e+00 1.095458391063922882e+10
8.294346625230261338e+00 1.059156393127526093e+10
8.377290091482562318e+00 1.021126665287038994e+10
8.461062992397387461e+00 9.845375881979257584e+09
8.545673622321363183e+00 9.502704135459848404e+09
8.631130358544575998e+00 9.143383127592185974e+09
8.717441662130022806e+00 8.820358365300399780e+09
8.804616078751321240e+00 8.496730210585870743e+09
8.892662239538834612e+00 8.172117062812865257e+09
8.981588861934222123e+00 7.875897513132027626e+09
9.071404750553567098e+00 7.575378545879970551e+09
9.162118798059102787e+00 7.301411946394448280e+09
9.253739986039693832e+00 7.032605784898876190e+09
9.346277385900089385e+00 6.779872590769627571e+09
9.439740159759089977e+00 6.531771104442816734e+09
9.534137561356683221e+00 6.283199367985484123e+09
9.629478936970249592e+00 6.076949136142863274e+09
9.725773726339950187e+00 5.845055849917173386e+09
9.823031463603349778e+00 5.636044504898913383e+09
9.921261778239381712e+00 5.447478192610818863e+09
1.002047439602177548e+01 5.236121004912984848e+09
1.012067913998199487e+01 5.063155070792752266e+09
1.022188593138181290e+01 4.870100786777338982e+09
1.032410479069563181e+01 4.707729768177274704e+09
1.042734583860258724e+01 4.533283648381293297e+09
1.053161929698861421e+01 4.376328829173048973e+09
1.063693548995849980e+01 4.217124102489355564e+09
1.074330484485808412e+01 4.071664828030943394e+09
1.085073789330666472e+01 3.918933724989144802e+09
1.095924527223973222e+01 3.794748354474638939e+09
1.106883772496212970e+01 3.654470669522956371e+09
1.117952610221174936e+01 3.522040687743853569e+09
1.129132136323386781e+01 3.394834477885016918e+09
1.140423457686620701e+01 3.273223949633798122e+09
1.151827692263487002e+01 3.159133843169546127e+09
1.163345969186121920e+01 3.042880987780630112e+09
1.174979428877982990e+01 2.934251463328388214e+09
1.186729223166762992e+01 2.829770985594815254e+09
1.198596515398430462e+01 2.720347477904369354e+09
1.210582480552414708e+01 2.622386947888761997e+09
1.222688305357938887e+01 2.524235634004613876e+09
1.234915188411518194e+01 2.434657811112795830e+09
1.247264340295633467e+01 2.347916834761909485e+09
1.259736983698589619e+01 2.256112331384215832e+09
1.272334353535575424e+01 2.175826393965029716e+09
1.285057697070931226e+01 2.094291781251677036e+09
1.297908274041640553e+01 2.021757272131031275e+09
1.310887356782057012e+01 1.944132676233364820e+09
1.323996230349877479e+01 1.874835222158077478e+09
1.337236192653376321e+01 1.805626335616134644e+09
1.350608554579910248e+01 1.739601244752978563e+09
1.364114640125709244e+01 1.668072248063115835e+09
1.377755786526966197e+01 1.614869333042576551e+09
1.391533344392236238e+01 1.551011770083503485e+09
1.405448677836158211e+01 1.492772971609689713e+09
1.419503164614519974e+01 1.445441652381333351e+09
1.433698196260665192e+01 1.383993962137799263e+09
1.448035178223271835e+01 1.334778924448422909e+09
1.462515530005504516e+01 1.287744457688878298e+09
1.477140685305559664e+01 1.237153331794146299e+09
1.491912092158615089e+01 1.193165592639820576e+09
1.506831213080201159e+01 1.146927022623768806e+09
1.521899525211003024e+01 1.105197408555447817e+09
1.537118520463113214e+01 1.065490251496688604e+09
1.552489705667744246e+01 1.022291417240917683e+09
1.568014602724421813e+01 9.863420876424386501e+08
1.583694748751665848e+01 9.484372533488552570e+08
1.599531696239182388e+01 9.162320073486908674e+08
1.615527013201574391e+01 8.828079586920351982e+08
1.631682283333590178e+01 8.444716610276859999e+08
1.647999106166925998e+01 8.166894477506220341e+08
1.664479097228595350e+01 7.857088982544347048e+08
1.681123888200881211e+01 7.532605257234821320e+08
1.697935127082889650e+01 7.247974106795580387e+08
1.714914478353718863e+01 6.991252620084873438e+08
1.732063623137256059e+01 6.755885924238083363e+08
1.749384259368628847e+01 6.473954737169218063e+08
1.766878101962314673e+01 6.248884335485156775e+08
1.784546882981938509e+01 5.981001099487202168e+08
1.802392351811757720e+01 5.777120943035632372e+08
1.820416275329875333e+01 5.557906361835798025e+08
1.838620438083173880e+01 5.349225451917736530e+08
1.857006642464005353e+01 5.153984773399510384e+08
1.875576708888645427e+01 4.941335451029363275e+08
1.894332475977532226e+01 4.759679530383417010e+08
1.913275800737307719e+01 4.575374597403620481e+08
1.969740769490774923e+01 4.087341270565203428e+08
2.068227807965313403e+01 3.381421987646642923e+08
2.171639198363579126e+01 2.793028604481116533e+08
2.280221158281758420e+01 2.311370394675804973e+08
2.394232216195846163e+01 1.910576193561210930e+08
2.513943827005638454e+01 1.579398020115327835e+08
2.639641018355920465e+01 1.308674422188338041e+08
2.771623069273716311e+01 1.082695384113927931e+08
2.910204222737402446e+01 8.937751751680342853e+07
3.055714433874272729e+01 7.409772430672268569e+07
3.208500155567985956e+01 6.118758251750028878e+07
3.368925163346385432e+01 5.069724818640212715e+07
3.537371421513704206e+01 4.178631509122429043e+07
3.714239992589390482e+01 3.449163385391425341e+07
3.899951992218858976e+01 2.840813194436432794e+07
4.094949591829801960e+01 2.336568200956320390e+07
4.299697071421292094e+01 1.922448784090387821e+07
4.514681924992356699e+01 1.578619786038761213e+07
4.740416021241974676e+01 1.301500155939767137e+07
4.977436822304073161e+01 1.071563898793700151e+07
5.226308663419276712e+01 8.840069736055910587e+06
5.487624096590241152e+01 7.260080927731396630e+06
5.762005301419753067e+01 5.987222673212421127e+06
6.050105566490740472e+01 4.920876549587193877e+06
6.352610844815276891e+01 4.046259973872307688e+06
6.670241387056040594e+01 3.345343472627076320e+06
7.003753456408843192e+01 2.744958064972744323e+06
7.353941129229284002e+01 2.256478155563085806e+06
7.721638185690748912e+01 1.855086361307430081e+06
8.107720094975286429e+01 1.527113979578268947e+06
8.513106099724051035e+01 1.256715841030920390e+06
8.938761404710253089e+01 1.028807540476793773e+06
9.385699474945765530e+01 8.487034514426301466e+05
