3.401114059005487245e-01 8.815430277926820374e+10
3.435125199595542300e-01 1.247892671550362701e+11
3.469476451591497201e-01 1.332699630578742218e+11
3.504171216107412334e-01 1.380657115727471924e+11
3.539212928268486436e-01 1.387755728027742310e+11
3.574605057551171750e-01 1.963468129906174011e+11
3.610351108126682584e-01 1.861969549904223938e+11
3.646454619207949999e-01 1.921826135611466064e+11
3.682919165400029282e-01 2.063285038799720154e+11
3.719748357054029064e-01 2.725812780446474609e+11
3.756945840624569266e-01 2.843164902457808838e+11
3.794515299030815081e-01 2.670670212262851562e+11
3.832460452021123065e-01 3.317589555001053467e+11
3.870785056541334312e-01 3.463658564929336548e+11
3.909492907106748016e-01 3.426549761831600952e+11
3.948587836177815391e-01 2.832920320779036255e+11
3.988073714539593917e-01 2.709652387367461548e+11
4.027954451684989667e-01 2.902461975653446045e+11
4.068233996201839342e-01 3.448333569512718506e+11
4.108916336163858096e-01 2.983529413085192871e+11
4.150005499525497021e-01 3.584593444884418945e+11
4.191505554520751908e-01 4.063311464420613403e+11
4.233420610065958822e-01 4.951135239736183472e+11
4.275754816166618122e-01 4.635297883729342041e+11
4.318512364328284114e-01 4.978131608207676392e+11
4.361697487971567533e-01 4.890423477220025635e+11
4.405314462851282475e-01 5.669852142019758301e+11
4.449367607479796094e-01 5.723094080983616943e+11
4.493861283554593800e-01 5.775612548945093994e+11
4.538799896390139921e-01 5.994144621516372070e+11
4.584187895354041031e-01 6.406857890046976318e+11
4.630029774307581336e-01 6.793142399919318848e+11
4.676330072050656761e-01 7.157498657755543213e+11
4.723093372771162701e-01 7.415484529242911377e+11
4.770324306498874289e-01 8.111397899708966064e+11
4.818027549563863032e-01 8.473051040485814209e+11
4.866207825059500891e-01 8.806675309960291748e+11
4.914869903310095656e-01 8.889155757114100342e+11
4.964018602343197584e-01 9.567695264119658203e+11
5.013658788366629482e-01 1.052877370041340576e+12
5.063795376250295188e-01 1.103500517349802002e+12
5.114433330012797541e-01 1.152049409362962158e+12
5.165577663312926893e-01 1.263598837316177979e+12
5.217233439946056262e-01 1.243793289600556641e+12
5.269405774345515825e-01 1.291815093504093994e+12
5.322099832088971194e-01 1.316168382027243408e+12
5.375320830409860973e-01 1.398104937854833008e+12
5.429074038713960215e-01 1.507399462013407715e+12
5.483364779101099762e-01 1.555044848308064941e+12
5.538198426892112503e-01 1.569595218199000244e+12
5.593580411161032107e-01 1.660348700917772217e+12
5.649516215272641917e-01 1.762863971101922363e+12
5.706011377425368458e-01 1.792437588681306152e+12
5.763071491199621699e-01 1.827497467274714355e+12
5.820702206111618704e-01 1.847545158463006592e+12
5.878909228172733981e-01 2.011851097138857422e+12
5.937698320454461998e-01 2.117909666035947510e+12
5.997075303659007428e-01 2.142831895219244629e+12
6.057046056695597480e-01 2.116801826082927734e+12
6.117616517262552955e-01 2.087006478027461426e+12
6.178792682435179096e-01 2.287760408013547852e+12
6.240580609259530620e-01 2.446003910965075195e+12
6.302986415352126448e-01 2.400179059206534668e+12
6.366016279505647413e-01 2.345453068122968750e+12
6.429676442300703565e-01 2.328758166099481445e+12
6.493973206723711034e-01 2.349203465151571777e+12
6.558912938790947278e-01 2.414929747679006836e+12
6.624502068178856895e-01 2.577437992961894531e+12
6.690747088860645730e-01 2.707971634117430176e+12
6.757654559749252110e-01 2.765461665855817871e+12
6.825231105346745153e-01 2.755453109114145508e+12
6.893483416400212338e-01 2.707172898893762207e+12
6.962418250564214039e-01 2.632098184577747070e+12
7.032042433069857212e-01 2.609441769422756836e+12
7.102362857400554841e-01 2.807356634450660156e+12
7.173386485974559967e-01 2.907177748314706543e+12
7.245120350834306500e-01 2.872756495427754883e+12
7.317571554342650053e-01 2.772990926910104980e+12
7.390747269886076554e-01 2.691748972523609863e+12
7.464654742584937441e-01 2.663399167787101074e+12
7.539301290010786971e-01 2.661211841381010742e+12
7.614694302910893775e-01 2.799725536736762695e+12
7.690841245940003290e-01 2.984164063838202148e+12
7.767749658399403234e-01 3.041913411072057129e+12
7.845427154983398710e-01 3.065188862690886719e+12
7.923881426533231354e-01 3.068871126644196777e+12
8.003120240798563545e-01 3.021257049612653320e+12
8.083151443206548770e-01 2.969828730313800293e+12
8.163982957638614701e-01 2.902104430653448242e+12
8.245622787215000082e-01 2.984515645087421875e+12
8.328079015087149761e-01 3.071567963441226562e+12
8.411359805238021181e-01 3.108090464979635742e+12
8.495473403290402237e-01 3.258010405464155762e+12
8.580428137323306004e-01 3.191140959088590332e+12
8.666232418696537820e-01 3.158077291694772461e+12
8.752894742883503554e-01 3.079165930816119141e+12
8.840423690312340099e-01 3.096977553041196777e+12
8.928827927215462479e-01 3.162901220267302246e+12
9.018116206487618580e-01 3.153943697038330566e+12
9.108297368552494833e-01 3.103842983543527344e+12
9.199380342238018260e-01 3.038679419917458008e+12
9.291374145660399320e-01 3.049793924186751465e+12
9.384287887117003235e-01 3.059960464700551758e+12
9.478130765988174167e-01 3.023890290528440430e+12
9.572912073648053299e-01 3.003644965957623535e+12
9.668641194384535176e-01 2.978371848452969238e+12
9.765327606328380039e-01 3.042612487049643555e+12
9.862980882391664261e-01 3.083860656368584961e+12
9.961610691215579960e-01 3.139599587141477539e+12
1.006122679812773590e+00 3.110941721397558105e+12
1.016183906610901300e+00 3.059677450686447266e+12
1.026345745677010202e+00 3.052446592179267578e+12
1.036609203133780355e+00 3.004450863378624023e+12
1.046975295165118336e+00 2.956733741851621094e+12
1.057445048116769204e+00 2.923821453388093262e+12
1.068019498597936989e+00 2.911758749252410645e+12
1.078699693583916597e+00 2.886062773667071289e+12
1.089486690519755552e+00 2.872804178020623535e+12
1.100381557424953138e+00 2.878027824927471191e+12
1.111385372999202481e+00 2.866820052087013672e+12
1.122499226729194666e+00 2.835713913437232910e+12
1.133724218996486455e+00 2.805776232845053223e+12
1.145061461186451135e+00 2.778934951196469238e+12
1.156512075798315831e+00 2.760065166847839355e+12
1.168077196556299047e+00 2.730329230222698730e+12
1.179757968521861988e+00 2.694236604418341309e+12
1.191555548207080761e+00 2.705078403450072266e+12
1.203471103689151889e+00 2.646663863481015137e+12
1.215505814726043354e+00 2.604828693621203125e+12
1.227660872873303610e+00 2.568331297235953125e+12
1.239937481602036762e+00 2.554157252793801758e+12
1.252336856418057032e+00 2.528236521896812012e+12
1.264860224982237824e+00 2.491608920228753418e+12
1.277508827232060051e+00 2.451542362940027832e+12
1.290283915504380818e+00 2.428850797168812500e+12
1.303186754659424462e+00 2.390082194381322266e+12
1.316218622206019040e+00 2.353787330124711914e+12
1.329380808428079153e+00 2.354773674364833496e+12
1.342674616512359975e+00 2.369353424633323242e+12
1.356101362677483380e+00 2.345591648140226562e+12
1.369662376304258355e+00 2.307179088984755371e+12
1.383359000067300837e+00 2.270652495791157715e+12
1.397192590067974027e+00 2.248858263479354492e+12
1.411164515968653665e+00 2.225333399337340820e+12
1.425276161128340213e+00 2.199194128305752441e+12
1.439528922739623740e+00 2.159661245875840332e+12
1.453924211967019708e+00 2.125014203358288818e+12
1.468463454086690101e+00 2.096455004603811279e+12
1.483148088627556760e+00 2.057258295061498779e+12
1.497979569513832487e+00 2.018383084323141113e+12
1.512959365208970564e+00 1.975579209272654785e+12
1.528088958861060442e+00 1.936452595702468018e+12
1.543369848449671178e+00 1.898884134196134521e+12
1.558803546934167894e+00 1.862537463478823730e+12
1.574391582403509737e+00 1.818187658845395264e+12
1.590135498227544852e+00 1.777853756582960693e+12
1.606036853209820148e+00 1.738822945566675049e+12
1.622097221741918505e+00 1.698165739820882324e+12
1.638318193959337421e+00 1.652565677168663086e+12
1.654701375898931071e+00 1.610810706872254883e+12
1.671248389657920441e+00 1.571513485228359375e+12
1.687960873554499530e+00 1.541311921654147705e+12
1.704840482290044701e+00 1.519059868175612061e+12
1.721888887112944966e+00 1.507144039656905518e+12
1.739107775984074289e+00 1.487213634777962402e+12
1.756498853743915012e+00 1.473115692816557617e+12
1.774063842281354608e+00 1.459118845247849609e+12
1.791804480704168201e+00 1.438389373947001221e+12
1.809722525511209934e+00 1.417949539371974609e+12
1.827819750766321860e+00 1.389479422566987305e+12
1.846097948273984990e+00 1.370462600149390381e+12
1.864558927756724938e+00 1.350070081570811279e+12
1.883204517034292147e+00 1.312840635797756104e+12
1.902036562204635128e+00 1.280898893863125244e+12
1.921056927826681582e+00 1.251509378738370117e+12
1.940267497104948502e+00 1.226888285409329346e+12
1.959670172075998140e+00 1.190601771357259033e+12
1.979266873796758031e+00 1.175208315934951904e+12
1.999059542534725509e+00 1.143400465265196533e+12
2.019050137960073155e+00 1.119587637666083740e+12
2.039240639339673589e+00 1.093066652967324951e+12
2.059633045733070489e+00 1.068395555127215820e+12
2.080229376190401158e+00 1.042446766533710327e+12
2.101031669952305059e+00 1.013848867867667358e+12
2.122041986651828083e+00 9.873044199443187256e+11
2.143262406518346097e+00 9.592968792635313721e+11
2.164695030583529967e+00 9.298866018960380859e+11
2.186341980889365377e+00 9.028232747310924072e+11
2.208205400698258991e+00 8.748857625333170166e+11
2.230287454705241146e+00 8.479539723006124268e+11
2.252590329252293522e+00 8.228309685410225830e+11
2.275116232544817318e+00 7.989517976617863770e+11
2.297867394870265034e+00 7.929295737974016113e+11
2.320846068818967822e+00 7.790784138313461914e+11
2.344054529507157536e+00 7.627725843434554443e+11
2.367495074802228761e+00 7.453020505312875977e+11
2.391170025550251044e+00 7.374363967439367676e+11
2.415081725805753532e+00 7.231772890171938477e+11
2.439232543063811764e+00 7.090021008307532959e+11
2.463624868494449949e+00 6.953143265347485352e+11
2.488261117179394244e+00 6.808143801869979248e+11
2.513143728351188155e+00 6.652437249098747559e+11
2.538275165634700237e+00 6.473996876570916748e+11
2.563657917291046751e+00 6.297952261195498047e+11
2.589294496463957262e+00 6.110721632214195557e+11
2.615187441428596937e+00 5.910251559023190918e+11
2.641339315842882840e+00 5.724182784716018066e+11
2.667752709001311562e+00 5.546777991834017334e+11
2.694430236091324815e+00 5.399061796456611938e+11
2.721374538452237868e+00 5.261986637456652222e+11
2.748588283836760127e+00 5.137198464071923828e+11
2.776074166675128296e+00 5.005521795082345581e+11
2.803834908341879206e+00 4.863382735769682007e+11
2.831873257425297830e+00 4.740828812293507080e+11
2.860191989999551154e+00 4.604563566139749146e+11
2.888793909899546541e+00 4.459892267305307007e+11
2.917681848998542549e+00 4.351196998535498657e+11
2.946858667488527761e+00 4.219687121935097656e+11
2.976327254163412928e+00 4.103070801714953613e+11
3.006090526705047061e+00 3.973159498071423340e+11
3.036151431972097470e+00 3.867295268098376465e+11
3.066512946291818587e+00 3.739165002532239380e+11
3.097178075754736692e+00 3.634766919652490234e+11
3.128149856512283833e+00 3.520848921629400635e+11
3.159431355077406689e+00 3.410069133654887695e+11
3.191025668628181045e+00 3.304667396543698730e+11
3.222935925314462935e+00 3.195220672090030518e+11
3.255165284567607564e+00 3.094412723674636230e+11
3.287716937413283524e+00 2.992915637138688965e+11
3.320594106787416067e+00 2.893943254226331787e+11
3.353800047855290511e+00 2.800435314004013672e+11
3.387338048333843332e+00 2.706140685665832825e+11
3.421211428817182210e+00 2.617314057329116211e+11
3.455423543105353712e+00 2.528287007049955139e+11
3.489977778536407005e+00 2.445204372402914124e+11
3.524877556321771355e+00 2.364146110823585815e+11
3.560126331884988726e+00 2.285183991036896667e+11
3.595727595203838334e+00 2.207414699895717773e+11
3.631684871155877570e+00 2.134873317615151978e+11
3.668001719867436616e+00 2.063797121162761536e+11
3.704681737066110259e+00 1.993750439904127197e+11
3.741728554436771326e+00 1.924021067601161194e+11
3.779145839981139510e+00 1.858139350911993103e+11
3.816937298380950860e+00 1.797017566270113831e+11
3.855106671364760818e+00 1.736043081261343079e+11
3.893657738078407426e+00 1.678690795439694519e+11
3.932594315459191581e+00 1.625180141697461548e+11
3.971920258613783616e+00 1.577260779127296143e+11
4.011639461199922430e+00 1.528129846196744995e+11
4.051755855811920881e+00 1.483132299345860291e+11
4.092273414370040108e+00 1.441232606946658936e+11
4.133196148513740731e+00 1.394023813123928528e+11
4.174528109998877135e+00 1.351533569642779999e+11
4.216273391098866341e+00 1.308227010134969940e+11
4.258436125009854578e+00 1.270339655833049316e+11
4.301020486259953479e+00 1.242635891360731964e+11
4.344030691122553023e+00 1.207920364158376923e+11
4.387470998033777825e+00 1.176428806898991241e+11
4.431345708014116092e+00 1.148091024510696106e+11
4.475659165094256764e+00 1.116590172354503326e+11
4.520415756745198799e+00 1.082060436524156799e+11
4.565619914312651240e+00 1.047078376795909119e+11
4.611276113455778258e+00 1.013678467426419067e+11
4.657388874590335348e+00 9.779782375640702820e+10
4.703962763336238417e+00 9.441414377602943420e+10
4.751002390969600420e+00 9.119175127231735229e+10
4.798512414879296806e+00 8.822158006368400574e+10
4.846497539028090884e+00 8.514448828996566772e+10
4.894962514418371491e+00 8.241017049911817932e+10
4.943912139562555375e+00 7.961882380813621521e+10
4.993351260958180937e+00 7.690531326488327026e+10
5.043284773567762613e+00 7.443585419387275696e+10
5.093717621303440524e+00 7.181751331497349548e+10
5.144654797516475142e+00 6.942332999892216492e+10
5.196101345491639378e+00 6.703088372742701721e+10
5.248062358946555150e+00 6.476291211909143066e+10
5.300542982536021519e+00 6.248609948330981445e+10
5.353548412361381459e+00 6.031160653884841156e+10
5.407083896484995655e+00 5.829130892383658600e+10
5.461154735449845532e+00 5.621203853790999603e+10
5.515766282804344556e+00 5.423673672327714539e+10
5.570923945632387131e+00 5.234132061998225403e+10
5.626633185088711464e+00 5.049202285505058289e+10
5.682899516939598605e+00 4.872675514853103638e+10
5.739728512108993819e+00 4.704451010328599548e+10
5.797125797230084032e+00 4.531991187990284729e+10
5.855097055202384659e+00 4.377034814120877075e+10
5.913648025754409510e+00 4.214679785448007202e+10
5.972784506011953987e+00 4.062636431531623840e+10
6.032512351072073287e+00 3.922228653975281525e+10
6.092837474582792900e+00 3.777114333247335815e+10
6.153765849328621584e+00 3.639815374939021301e+10
6.215303507821907658e+00 3.508588565534976959e+10
6.277456542900125669e+00 3.386969041720212936e+10
6.340231108329128062e+00 3.270996707177687454e+10
6.403633419412418704e+00 3.164032615682732391e+10
6.467669753606543281e+00 3.072089687098847961e+10
6.532346451142608146e+00 2.975099545232041550e+10
6.597669915654034156e+00 2.885876656021373749e+10
6.663646614810574853e+00 2.793995225314957428e+10
6.730283080958680664e+00 2.689235254443861389e+10
6.797585911768267763e+00 2.601088924284023285e+10
6.865561770885950210e+00 2.506526778787131119e+10
6.934217388594810849e+00 2.420593937277680588e+10
7.003559562480758949e+00 2.330027348751237106e+10
7.073595158105566050e+00 2.249762486527147675e+10
7.144331109686621772e+00 2.168524621144042969e+10
7.215774420783487741e+00 2.090982817058771133e+10
7.287932164991324235e+00 2.016921231571748734e+10
7.360811486641236634e+00 1.943748676729173279e+10
7.434419601507648245e+00 1.873876500795627975e+10
7.508763797522725270e+00 1.807553501188986588e+10
7.583851435497953375e+00 1.742734524738005447e+10
7.659689949852931612e+00 1.680212464835926247e+10
7.736286849351461825e+00 1.621401742384063721e+10
7.813649717844977083e+00 1.558642564719865799e+10
7.891786215023426365e+00 1.509007540661188889e+10
7.970704077173661695e+00 1.453773737535645485e+10
8.050411117945397876e+00 1.402145295629259109e+10
8.130915229124850541e+00 1.352964513841393471e+10
8.212224381416099561e+00 1.303806836996629333e+10
8.294346625230261338e+00 1.258064943539637375e+10
8.377290091482562318e+00 1.213025259018297005e+10
8.461062992397387461e+00 1.169630338868633461e+10
8.545673622321363183e+00 1.127656317388873100e+10
8.631130358544575998e+00 1.085960567696283150e+10
8.717441662130022806e+00 1.047407377679093361e+10
8.804616078751321240e+00 1.009432872581590462e+10
8.892662239538834612e+00 9.715037281652021408e+09
8.981588861934222123e+00 9.364003549081676483e+09
9.071404750553567098e+00 9.016091735251745224e+09
9.162118798059102787e+00 8.690319604314729691e+09
9.253739986039693832e+00 8.375294607943078041e+09
9.346277385900089385e+00 8.071869707837941170e+09
9.439740159759089977e+00 7.778334534253650665e+09
9.534137561356683221e+00 7.485278703490673065e+09
9.629478936970249592e+00 7.228098649534740448e+09
9.725773726339950187e+00 6.956645461427301407e+09
9.823031463603349778e+00 6.707964044398111343e+09
9.921261778239381712e+00 6.471606284778362274e+09
1.002047439602177548e+01 6.231035157797914505e+09
1.012067913998199487e+01 6.010785486535203934e+09
1.022188593138181290e+01 5.785614310879951477e+09
1.032410479069563181e+01 5.587415507092469215e+09
1.042734583860258724e+01 5.378106141994856834e+09
1.053161929698861421e+01 5.187987524597933769e+09
1.063693548995849980e+01 4.998998992950079918e+09
1.074330484485808412e+01 4.821386396941671371e+09
1.085073789330666472e+01 4.640944931536850929e+09
1.095924527223973222e+01 4.480646982938772202e+09
1.106883772496212970e+01 4.310563181517196655e+09
1.117952610221174936e+01 4.159835250314264297e+09
1.129132136323386781e+01 4.003851232032148838e+09
1.140423457686620701e+01 3.858061741871666908e+09
1.151827692263487002e+01 3.719803200877376556e+09
1.163345969186121920e+01 3.583059269435599327e+09
1.174979428877982990e+01 3.452869710737728596e+09
1.186729223166762992e+01 3.323281675018564224e+09
1.198596515398430462e+01 3.197523805952878952e+09
1.210582480552414708e+01 3.082066306473761559e+09
1.222688305357938887e+01 2.967030695596224308e+09
1.234915188411518194e+01 2.859549099203988552e+09
1.247264340295633467e+01 2.753375721950517178e+09
1.259736983698589619e+01 2.649064771507735729e+09
1.272334353535575424e+01 2.552283620968565464e+09
1.285057697070931226e+01 2.458015183398500443e+09
1.297908274041640553e+01 2.368624112104507446e+09
1.310887356782057012e+01 2.279764320271929741e+09
1.323996230349877479e+01 2.195906986459674835e+09
1.337236192653376321e+01 2.114157154836312532e+09
1.350608554579910248e+01 2.036973256267516375e+09
1.364114640125709244e+01 1.958544901855746746e+09
1.377755786526966197e+01 1.887533678588525534e+09
1.391533344392236238e+01 1.814852736849916935e+09
1.405448677836158211e+01 1.747313332998695850e+09
1.419503164614519974e+01 1.687550465218066931e+09
1.433698196260665192e+01 1.620047984008864403e+09
1.448035178223271835e+01 1.561111446785768986e+09
1.462515530005504516e+01 1.505395227380627394e+09
1.477140685305559664e+01 1.444435499290783644e+09
1.491912092158615089e+01 1.393131398548837185e+09
1.506831213080201159e+01 1.339312447323367119e+09
1.521899525211003024e+01 1.289967593608535290e+09
1.537118520463113214e+01 1.242572765501856327e+09
1.552489705667744246e+01 1.195087462068302631e+09
1.568014602724421813e+01 1.151274868888326883e+09
1.583694748751665848e+01 1.107263135796955585e+09
1.599531696239182388e+01 1.066359348653672218e+09
1.615527013201574391e+01 1.028045877714581609e+09
1.631682283333590178e+01 9.871047536338293552e+08
1.647999106166925998e+01 9.511783165351898670e+08
1.664479097228595350e+01 9.157718186779582500e+08
1.681123888200881211e+01 8.812713559758520126e+08
1.697935127082889650e+01 8.475368864122394323e+08
1.714914478353718863e+01 8.162607133577154875e+08
1.732063623137256059e+01 7.859413750768984556e+08
1.749384259368628847e+01 7.549028244503425360e+08
1.766878101962314673e+01 7.279979991537836790e+08
1.784546882981938509e+01 6.992048494438141584e+08
1.802392351811757720e+01 6.734299827770349979e+08
1.820416275329875333e+01 6.483051989574983120e+08
1.838620438083173880e+01 6.236099156277140379e+08
1.857006642464005353e+01 6.006799458946583271e+08
1.875576708888645427e+01 5.780753108653929234e+08
1.894332475977532226e+01 5.561529572530581951e+08
1.913275800737307719e+01 5.343491665831519961e+08
1.969740769490774923e+01 4.767967121296619773e+08
2.068227807965313403e+01 3.907780231838492751e+08
2.171639198363579126e+01 3.229533532535611391e+08
2.280221158281758420e+01 2.667592884168235362e+08
2.394232216195846163e+01 2.207359396900660992e+08
2.513943827005638454e+01 1.823446408373878002e+08
2.639641018355920465e+01 1.507394261217105687e+08
2.771623069273716311e+01 1.245707248692191541e+08
2.910204222737402446e+01 1.030302384085147530e+08
3.055714433874272729e+01 8.513663459868302941e+07
3.208500155567985956e+01 7.032251586802150309e+07
3.368925163346385432e+01 5.817034420975828171e+07
3.537371421513704206e+01 4.799627615987909585e+07
3.714239992589390482e+01 3.954904349257497489e+07
3.899951992218858976e+01 3.254377056804530695e+07
4.094949591829801960e+01 2.681228892668907344e+07
4.299697071421292094e+01 2.208836096387683228e+07
4.514681924992356699e+01 1.819258786551607400e+07
4.740416021241974676e+01 1.497206722800944746e+07
4.977436822304073161e+01 1.232977875710867718e+07
5.226308663419276712e+01 1.016509823046850786e+07
5.487624096590241152e+01 8.347496108599372208e+06
5.762005301419753067e+01 6.885131733784221113e+06
6.050105566490740472e+01 5.658105400074549951e+06
6.352610844815276891e+01 4.654120407613953575e+06
6.670241387056040594e+01 3.832973164784113877e+06
7.003753456408843192e+01 3.151503775728499983e+06
7.353941129229284002e+01 2.594236464307617862e+06
7.721638185690748912e+01 2.127332235278918874e+06
8.107720094975286429e+01 1.753664836987309391e+06
8.513106099724051035e+01 1.441640680222225143e+06
8.938761404710253089e+01 1.182864313982239692e+06
9.385699474945765530e+01 9.720045665727306623e+05
