3.401114059005487245e-01 1.425525295833541748e+12
3.435125199595542300e-01 1.811882984738786621e+12
3.469476451591497201e-01 1.722004177053549316e+12
3.504171216107412334e-01 1.809626181220882324e+12
3.539212928268486436e-01 2.023077798562853271e+12
3.574605057551171750e-01 2.913541501478109375e+12
3.610351108126682584e-01 2.604968162202500977e+12
3.646454619207949999e-01 2.605281196448545898e+12
3.682919165400029282e-01 2.615911868942182617e+12
3.719748357054029064e-01 3.540336543657120605e+12
3.756945840624569266e-01 3.623884252819322266e+12
3.794515299030815081e-01 3.119494362476312012e+12
3.832460452021123065e-01 4.105902153493787109e+12
3.870785056541334312e-01 3.791966232262401367e+12
3.909492907106748016e-01 3.493734413046646484e+12
3.948587836177815391e-01 3.011421594920453125e+12
3.988073714539593917e-01 2.844648779780553223e+12
4.027954451684989667e-01 2.913650341782322266e+12
4.068233996201839342e-01 3.473242108395893066e+12
4.108916336163858096e-01 2.775031927257914062e+12
4.150005499525497021e-01 3.306352135037000977e+12
4.191505554520751908e-01 3.629132512532250977e+12
4.233420610065958822e-01 3.794288745144155273e+12
4.275754816166618122e-01 3.812199529833528809e+12
4.318512364328284114e-01 3.930934496195260254e+12
4.361697487971567533e-01 3.501359307514307617e+12
4.405314462851282475e-01 4.211341581676733887e+12
4.449367607479796094e-01 3.873115154095966309e+12
4.493861283554593800e-01 3.606784223742792480e+12
4.538799896390139921e-01 3.514079921876949707e+12
4.584187895354041031e-01 3.621410100769718750e+12
4.630029774307581336e-01 3.602885694880522461e+12
4.676330072050656761e-01 3.758345617509373535e+12
4.723093372771162701e-01 3.917465790080216309e+12
4.770324306498874289e-01 3.963652871001080078e+12
4.818027549563863032e-01 4.090534825463395996e+12
4.866207825059500891e-01 4.469266440262122070e+12
4.914869903310095656e-01 4.732088484453439453e+12
4.964018602343197584e-01 4.841342662632458008e+12
5.013658788366629482e-01 5.099155766755640625e+12
5.063795376250295188e-01 5.373832191698809570e+12
5.114433330012797541e-01 5.628517359829122070e+12
5.165577663312926893e-01 6.158504577894791992e+12
5.217233439946056262e-01 5.986445339380234375e+12
5.269405774345515825e-01 6.050747498303327148e+12
5.322099832088971194e-01 5.842067174808417969e+12
5.375320830409860973e-01 6.056493699518211914e+12
5.429074038713960215e-01 6.576196854716273438e+12
5.483364779101099762e-01 6.071529774514509766e+12
5.538198426892112503e-01 5.940187808942444336e+12
5.593580411161032107e-01 6.271683492356208984e+12
5.649516215272641917e-01 6.159598221587178711e+12
5.706011377425368458e-01 6.096952490677057617e+12
5.763071491199621699e-01 6.219387087392312500e+12
5.820702206111618704e-01 6.227806187291015625e+12
5.878909228172733981e-01 6.498426131429019531e+12
5.937698320454461998e-01 6.599978696269141602e+12
5.997075303659007428e-01 6.706311344702149414e+12
6.057046056695597480e-01 6.647557416807741211e+12
6.117616517262552955e-01 6.870536596244633789e+12
6.178792682435179096e-01 7.055687959335282227e+12
6.240580609259530620e-01 7.389093595793406250e+12
6.302986415352126448e-01 7.174981970096365234e+12
6.366016279505647413e-01 7.280950288916785156e+12
6.429676442300703565e-01 7.283116399342176758e+12
6.493973206723711034e-01 7.366545754575412109e+12
6.558912938790947278e-01 7.321742936075802734e+12
6.624502068178856895e-01 7.489687090460570312e+12
6.690747088860645730e-01 7.641260567720047852e+12
6.757654559749252110e-01 7.647632438987077148e+12
6.825231105346745153e-01 7.778573251437312500e+12
6.893483416400212338e-01 7.670496767096048828e+12
6.962418250564214039e-01 7.769811889601776367e+12
7.032042433069857212e-01 7.799426575221538086e+12
7.102362857400554841e-01 7.926213469200066406e+12
7.173386485974559967e-01 8.058312399948797852e+12
7.245120350834306500e-01 7.971774632185177734e+12
7.317571554342650053e-01 8.010765863522833984e+12
7.390747269886076554e-01 7.994429926975987305e+12
7.464654742584937441e-01 8.056649595810886719e+12
7.539301290010786971e-01 7.984752028293483398e+12
7.614694302910893775e-01 7.977485581752276367e+12
7.690841245940003290e-01 8.044038972627943359e+12
7.767749658399403234e-01 8.045527704249205078e+12
7.845427154983398710e-01 8.015134054411623047e+12
7.923881426533231354e-01 8.084653340008692383e+12
8.003120240798563545e-01 7.986804743222505859e+12
8.083151443206548770e-01 8.048675513510052734e+12
8.163982957638614701e-01 7.957360444195046875e+12
8.245622787215000082e-01 8.024133940158173828e+12
8.328079015087149761e-01 8.136018978348673828e+12
8.411359805238021181e-01 8.052272751992464844e+12
8.495473403290402237e-01 8.057749148202715820e+12
8.580428137323306004e-01 7.975351862267256836e+12
8.666232418696537820e-01 8.131184172001650391e+12
8.752894742883503554e-01 7.921369352684582031e+12
8.840423690312340099e-01 7.994513268133819336e+12
8.928827927215462479e-01 7.847358854629909180e+12
9.018116206487618580e-01 7.854845608271262695e+12
9.108297368552494833e-01 7.856575173373011719e+12
9.199380342238018260e-01 7.694246295346336914e+12
9.291374145660399320e-01 7.622693153445980469e+12
9.384287887117003235e-01 7.620703773101695312e+12
9.478130765988174167e-01 7.461558306460206055e+12
9.572912073648053299e-01 7.400279747217053711e+12
9.668641194384535176e-01 7.335440006897618164e+12
9.765327606328380039e-01 7.309116291920762695e+12
9.862980882391664261e-01 7.193656111779934570e+12
9.961610691215579960e-01 7.218198671502103516e+12
1.006122679812773590e+00 7.121276196385860352e+12
1.016183906610901300e+00 7.031412947084710938e+12
1.026345745677010202e+00 6.976595830159949219e+12
1.036609203133780355e+00 6.906194012079712891e+12
1.046975295165118336e+00 6.751832820180221680e+12
1.057445048116769204e+00 6.656137323979224609e+12
1.068019498597936989e+00 6.576206729989440430e+12
1.078699693583916597e+00 6.489473986252826172e+12
1.089486690519755552e+00 6.393939071487264648e+12
1.100381557424953138e+00 6.285594775416724609e+12
1.111385372999202481e+00 6.201513651414028320e+12
1.122499226729194666e+00 6.109760427653445312e+12
1.133724218996486455e+00 6.009550404413874023e+12
1.145061461186451135e+00 5.926615240099230469e+12
1.156512075798315831e+00 5.868936843036342773e+12
1.168077196556299047e+00 5.770772891997345703e+12
1.179757968521861988e+00 5.614169176766643555e+12
1.191555548207080761e+00 5.643493880485157227e+12
1.203471103689151889e+00 5.433145843149994141e+12
1.215505814726043354e+00 5.305778632323591797e+12
1.227660872873303610e+00 5.196754810064377930e+12
1.239937481602036762e+00 5.100358079294958008e+12
1.252336856418057032e+00 5.014209410571739258e+12
1.264860224982237824e+00 4.910536858324424805e+12
1.277508827232060051e+00 4.793182685778104492e+12
1.290283915504380818e+00 4.716400805357625000e+12
1.303186754659424462e+00 4.598409880065374023e+12
1.316218622206019040e+00 4.496040557272379883e+12
1.329380808428079153e+00 4.418936029891751953e+12
1.342674616512359975e+00 4.321552837270062012e+12
1.356101362677483380e+00 4.228057675951896484e+12
1.369662376304258355e+00 4.126586525552000977e+12
1.383359000067300837e+00 4.011628289211443359e+12
1.397192590067974027e+00 3.910888126868656250e+12
1.411164515968653665e+00 3.827908452429914551e+12
1.425276161128340213e+00 3.767849591852214844e+12
1.439528922739623740e+00 3.648620300010875977e+12
1.453924211967019708e+00 3.581762635230315918e+12
1.468463454086690101e+00 3.468124641511041016e+12
1.483148088627556760e+00 3.352730960014645996e+12
1.497979569513832487e+00 3.275680763002835938e+12
1.512959365208970564e+00 3.156816738822925293e+12
1.528088958861060442e+00 3.084463901824215820e+12
1.543369848449671178e+00 2.952146255716736816e+12
1.558803546934167894e+00 2.914314267075988770e+12
1.574391582403509737e+00 2.829158991947269531e+12
1.590135498227544852e+00 2.751783942322493652e+12
1.606036853209820148e+00 2.630802669350477539e+12
1.622097221741918505e+00 2.564459536756508789e+12
1.638318193959337421e+00 2.459125756602568848e+12
1.654701375898931071e+00 2.395001565638317383e+12
1.671248389657920441e+00 2.327803186619744141e+12
1.687960873554499530e+00 2.276281308419676270e+12
1.704840482290044701e+00 2.215463883084774902e+12
1.721888887112944966e+00 2.176940099428005371e+12
1.739107775984074289e+00 2.138428983931594971e+12
1.756498853743915012e+00 2.110943077175158203e+12
1.774063842281354608e+00 2.070468338345158447e+12
1.791804480704168201e+00 2.033269426936393311e+12
1.809722525511209934e+00 1.995803399728514648e+12
1.827819750766321860e+00 1.946854649310047363e+12
1.846097948273984990e+00 1.917198670188468750e+12
1.864558927756724938e+00 1.877884752149429688e+12
1.883204517034292147e+00 1.839326732683846191e+12
1.902036562204635128e+00 1.783910648626810791e+12
1.921056927826681582e+00 1.729070585423618408e+12
1.940267497104948502e+00 1.708341744413775635e+12
1.959670172075998140e+00 1.654606059888457764e+12
1.979266873796758031e+00 1.629566131944089355e+12
1.999059542534725509e+00 1.567367931425863281e+12
2.019050137960073155e+00 1.529624832642137207e+12
2.039240639339673589e+00 1.488188199853660645e+12
2.059633045733070489e+00 1.458648660094863770e+12
2.080229376190401158e+00 1.417996601096552734e+12
2.101031669952305059e+00 1.373827293984212402e+12
2.122041986651828083e+00 1.340307190817920654e+12
2.143262406518346097e+00 1.299806862365987549e+12
2.164695030583529967e+00 1.260696275630572021e+12
2.186341980889365377e+00 1.225813535308668457e+12
2.208205400698258991e+00 1.186014459892909668e+12
2.230287454705241146e+00 1.158120447702168701e+12
2.252590329252293522e+00 1.123245789769376465e+12
2.275116232544817318e+00 1.086136734038785767e+12
2.297867394870265034e+00 1.096229570429533936e+12
2.320846068818967822e+00 1.081067345456822266e+12
2.344054529507157536e+00 1.057552239221592163e+12
2.367495074802228761e+00 1.032476137348378906e+12
2.391170025550251044e+00 1.027445728710984253e+12
2.415081725805753532e+00 1.001919536702738403e+12
2.439232543063811764e+00 9.762365830591455078e+11
2.463624868494449949e+00 9.473263182006427002e+11
2.488261117179394244e+00 9.299203576265395508e+11
2.513143728351188155e+00 9.029912848271132812e+11
2.538275165634700237e+00 8.725587487306381836e+11
2.563657917291046751e+00 8.462511539542214355e+11
2.589294496463957262e+00 8.224779350048176270e+11
2.615187441428596937e+00 7.962072913767967529e+11
2.641339315842882840e+00 7.617964683276357422e+11
2.667752709001311562e+00 7.450233322683253174e+11
2.694430236091324815e+00 7.168221866360610352e+11
2.721374538452237868e+00 6.941864063784119873e+11
2.748588283836760127e+00 6.744495105505854492e+11
2.776074166675128296e+00 6.562577971027630615e+11
2.803834908341879206e+00 6.354103415967763672e+11
2.831873257425297830e+00 6.172311279623220215e+11
2.860191989999551154e+00 5.995575779076055908e+11
2.888793909899546541e+00 5.794162789887298584e+11
2.917681848998542549e+00 5.630688371311162109e+11
2.946858667488527761e+00 5.463811976946810913e+11
2.976327254163412928e+00 5.292573923666859741e+11
3.006090526705047061e+00 5.118450264645538940e+11
3.036151431972097470e+00 4.991442806093580933e+11
3.066512946291818587e+00 4.812888149177640991e+11
3.097178075754736692e+00 4.679445836017635498e+11
3.128149856512283833e+00 4.528274752699595337e+11
3.159431355077406689e+00 4.384385325442031860e+11
3.191025668628181045e+00 4.244820096265085449e+11
3.222935925314462935e+00 4.103272559691671143e+11
3.255165284567607564e+00 3.971809648106807861e+11
3.287716937413283524e+00 3.847651623223681641e+11
3.320594106787416067e+00 3.726647462912337646e+11
3.353800047855290511e+00 3.595469055261290283e+11
3.387338048333843332e+00 3.479665482794428101e+11
3.421211428817182210e+00 3.375220544617868042e+11
3.455423543105353712e+00 3.256671541200933228e+11
3.489977778536407005e+00 3.148671776933035889e+11
3.524877556321771355e+00 3.051121434401762085e+11
3.560126331884988726e+00 2.943726808996133423e+11
3.595727595203838334e+00 2.847453338089099121e+11
3.631684871155877570e+00 2.754469600367065430e+11
3.668001719867436616e+00 2.667564909162132568e+11
3.704681737066110259e+00 2.581993936181896667e+11
3.741728554436771326e+00 2.494792732020124207e+11
3.779145839981139510e+00 2.416083620084670715e+11
3.816937298380950860e+00 2.335167266869862061e+11
3.855106671364760818e+00 2.252964732238590393e+11
3.893657738078407426e+00 2.188132739182775879e+11
3.932594315459191581e+00 2.109234885039627380e+11
3.971920258613783616e+00 2.049572648167373657e+11
4.011639461199922430e+00 1.978736555567045288e+11
4.051755855811920881e+00 1.919276465401526794e+11
4.092273414370040108e+00 1.859248783531735535e+11
4.133196148513740731e+00 1.801488666199931335e+11
4.174528109998877135e+00 1.741919292073869019e+11
4.216273391098866341e+00 1.684563526727495117e+11
4.258436125009854578e+00 1.633320465876516724e+11
4.301020486259953479e+00 1.627875205536137085e+11
4.344030691122553023e+00 1.591061816053338623e+11
4.387470998033777825e+00 1.563413958870711365e+11
4.431345708014116092e+00 1.538539394001167603e+11
4.475659165094256764e+00 1.501969240472991638e+11
4.520415756745198799e+00 1.457457439670538330e+11
4.565619914312651240e+00 1.407902838635184021e+11
4.611276113455778258e+00 1.362969384073430634e+11
4.657388874590335348e+00 1.310379049522779388e+11
4.703962763336238417e+00 1.262438268780023956e+11
4.751002390969600420e+00 1.213403709166891327e+11
4.798512414879296806e+00 1.175512263657214661e+11
4.846497539028090884e+00 1.129289659219099731e+11
4.894962514418371491e+00 1.092819602660423889e+11
4.943912139562555375e+00 1.054919117982211609e+11
4.993351260958180937e+00 1.017865076027078247e+11
5.043284773567762613e+00 9.802550109756642151e+10
5.093717621303440524e+00 9.457249510980192566e+10
5.144654797516475142e+00 9.119116141412925720e+10
5.196101345491639378e+00 8.779745539121870422e+10
5.248062358946555150e+00 8.474969304416110229e+10
5.300542982536021519e+00 8.157812284184178162e+10
5.353548412361381459e+00 7.860718797690180969e+10
5.407083896484995655e+00 7.573776090287124634e+10
5.461154735449845532e+00 7.298086983719869995e+10
5.515766282804344556e+00 7.032731681460632324e+10
5.570923945632387131e+00 6.761474065272950745e+10
5.626633185088711464e+00 6.521753948875377655e+10
5.682899516939598605e+00 6.279732828320596313e+10
5.739728512108993819e+00 6.053297793233122253e+10
5.797125797230084032e+00 5.823495768999028015e+10
5.855097055202384659e+00 5.626108818814813232e+10
5.913648025754409510e+00 5.413281582527378082e+10
5.972784506011953987e+00 5.215106884232606506e+10
6.032512351072073287e+00 5.025551846705342102e+10
6.092837474582792900e+00 4.847080056084680176e+10
6.153765849328621584e+00 4.668911361045102692e+10
6.215303507821907658e+00 4.498670459833368683e+10
6.277456542900125669e+00 4.339399877510469055e+10
6.340231108329128062e+00 4.186861576624024963e+10
6.403633419412418704e+00 4.037205781348973083e+10
6.467669753606543281e+00 3.899935274133287048e+10
6.532346451142608146e+00 3.765202617519242096e+10
6.597669915654034156e+00 3.635253211909055328e+10
6.663646614810574853e+00 3.509732053273675537e+10
6.730283080958680664e+00 3.381469603539558411e+10
6.797585911768267763e+00 3.263561774942571640e+10
6.865561770885950210e+00 3.146078233075150681e+10
6.934217388594810849e+00 3.035352946308682251e+10
7.003559562480758949e+00 2.926287933560110092e+10
7.073595158105566050e+00 2.823064772169425964e+10
7.144331109686621772e+00 2.722223486508836746e+10
7.215774420783487741e+00 2.625649274703601074e+10
7.287932164991324235e+00 2.532618273020836639e+10
7.360811486641236634e+00 2.442178550884056091e+10
7.434419601507648245e+00 2.355394933038220978e+10
7.508763797522725270e+00 2.271727054434013367e+10
7.583851435497953375e+00 2.191144382819773483e+10
7.659689949852931612e+00 2.113017707406154633e+10
7.736286849351461825e+00 2.037985387079354477e+10
7.813649717844977083e+00 1.964356734079785919e+10
7.891786215023426365e+00 1.895777929668756866e+10
7.970704077173661695e+00 1.827921491935588455e+10
8.050411117945397876e+00 1.762598525237259674e+10
8.130915229124850541e+00 1.699919455329770851e+10
8.212224381416099561e+00 1.639216869263941574e+10
8.294346625230261338e+00 1.580778472260742950e+10
8.377290091482562318e+00 1.524043753240358353e+10
8.461062992397387461e+00 1.469374632531366158e+10
8.545673622321363183e+00 1.416725632085832214e+10
8.631130358544575998e+00 1.365466626386130142e+10
8.717441662130022806e+00 1.316613476736834335e+10
8.804616078751321240e+00 1.269124551951258278e+10
8.892662239538834612e+00 1.223220724821687126e+10
8.981588861934222123e+00 1.179213020354440498e+10
9.071404750553567098e+00 1.136525379506789017e+10
9.162118798059102787e+00 1.095531851205629158e+10
9.253739986039693832e+00 1.055972021096115685e+10
9.346277385900089385e+00 1.017807175205758858e+10
9.439740159759089977e+00 9.811254673466838837e+09
9.534137561356683221e+00 9.454659932342229843e+09
9.629478936970249592e+00 9.114201132610128403e+09
9.725773726339950187e+00 8.783532457222532272e+09
9.823031463603349778e+00 8.464945125001806259e+09
9.921261778239381712e+00 8.159245771397086143e+09
1.002047439602177548e+01 7.862188936587385178e+09
1.012067913998199487e+01 7.577523029803830147e+09
1.022188593138181290e+01 7.301784345257784843e+09
1.032410479069563181e+01 7.036678362148920059e+09
1.042734583860258724e+01 6.780671068097949028e+09
1.053161929698861421e+01 6.533589407400818825e+09
1.063693548995849980e+01 6.295129237453418732e+09
1.074330484485808412e+01 6.065770552559590340e+09
1.085073789330666472e+01 5.843858959946512222e+09
1.095924527223973222e+01 5.631418075168236732e+09
1.106883772496212970e+01 5.424952916380723000e+09
1.117952610221174936e+01 5.226779895525465012e+09
1.129132136323386781e+01 5.035114373295177460e+09
1.140423457686620701e+01 4.850762714336103439e+09
1.151827692263487002e+01 4.672659116408009529e+09
1.163345969186121920e+01 4.501184257512361526e+09
1.174979428877982990e+01 4.336269626463513374e+09
1.186729223166762992e+01 4.176970007275705814e+09
1.198596515398430462e+01 4.022582774471154213e+09
1.210582480552414708e+01 3.875650564083660603e+09
1.222688305357938887e+01 3.732292559350021839e+09
1.234915188411518194e+01 3.594838255576555729e+09
1.247264340295633467e+01 3.462590190812864780e+09
1.259736983698589619e+01 3.334441906900918961e+09
1.272334353535575424e+01 3.211334604301281452e+09
1.285057697070931226e+01 3.092877960689460278e+09
1.297908274041640553e+01 2.978865475765599728e+09
1.310887356782057012e+01 2.868493782221005917e+09
1.323996230349877479e+01 2.762479847300155640e+09
1.337236192653376321e+01 2.660248559119252205e+09
1.350608554579910248e+01 2.561807768763405323e+09
1.364114640125709244e+01 2.466621071822530746e+09
1.377755786526966197e+01 2.375473298595542431e+09
1.391533344392236238e+01 2.287037002397272110e+09
1.405448677836158211e+01 2.202233059196879387e+09
1.419503164614519974e+01 2.120864273871230602e+09
1.433698196260665192e+01 2.041990228404874563e+09
1.448035178223271835e+01 1.966063015623943806e+09
1.462515530005504516e+01 1.893187009867899418e+09
1.477140685305559664e+01 1.822615873286178112e+09
1.491912092158615089e+01 1.754878210320559978e+09
1.506831213080201159e+01 1.689512521003160715e+09
1.521899525211003024e+01 1.626626628335024595e+09
1.537118520463113214e+01 1.566129069101514578e+09
1.552489705667744246e+01 1.507692176937251806e+09
1.568014602724421813e+01 1.451528574427417040e+09
1.583694748751665848e+01 1.397362070880037069e+09
1.599531696239182388e+01 1.345274030231076241e+09
1.615527013201574391e+01 1.295125845081544399e+09
1.631682283333590178e+01 1.246681270516190529e+09
1.647999106166925998e+01 1.200138682373126745e+09
1.664479097228595350e+01 1.155316878733159304e+09
1.681123888200881211e+01 1.112107671501967669e+09
1.697935127082889650e+01 1.070525619966461420e+09
1.714914478353718863e+01 1.030471007065428376e+09
1.732063623137256059e+01 9.919779660311737061e+08
1.749384259368628847e+01 9.547904093872553110e+08
1.766878101962314673e+01 9.190636526870166063e+08
1.784546882981938509e+01 8.846137470621623993e+08
1.802392351811757720e+01 8.515087415951334238e+08
1.820416275329875333e+01 8.195630556629124880e+08
1.838620438083173880e+01 7.888407325854388475e+08
1.857006642464005353e+01 7.592610081686792374e+08
1.875576708888645427e+01 7.307682295927873850e+08
1.894332475977532226e+01 7.033333682407227755e+08
1.913275800737307719e+01 6.769367904349080324e+08
1.969740769490774923e+01 5.917997591369355917e+08
2.068227807965313403e+01 4.486173484614905119e+08
2.171639198363579126e+01 3.705190562581990361e+08
2.280221158281758420e+01 3.059436818619470596e+08
2.394232216195846163e+01 2.528229071164711714e+08
2.513943827005638454e+01 2.084544195482197702e+08
2.639641018355920465e+01 1.720336559050402045e+08
2.771623069273716311e+01 1.424037148854936659e+08
2.910204222737402446e+01 1.175887485878192633e+08
3.055714433874272729e+01 9.733772977442693710e+07
3.208500155567985956e+01 8.020967690416574478e+07
3.368925163346385432e+01 6.634688272175826877e+07
3.537371421513704206e+01 5.468975376712853462e+07
3.714239992589390482e+01 4.505404006098310649e+07
3.899951992218858976e+01 3.703631167778600007e+07
4.094949591829801960e+01 3.053710778179223835e+07
4.299697071421292094e+01 2.510407640269464999e+07
4.514681924992356699e+01 2.065316421597323194e+07
4.740416021241974676e+01 1.695447052449615300e+07
4.977436822304073161e+01 1.395877719258804433e+07
5.226308663419276712e+01 1.149946149227079563e+07
5.487624096590241152e+01 9.441611602063415572e+06
5.762005301419753067e+01 7.784559148116004653e+06
6.050105566490740472e+01 6.384871638431593776e+06
6.352610844815276891e+01 5.249335068955510855e+06
6.670241387056040594e+01 4.318261433598889038e+06
7.003753456408843192e+01 3.547033068310021423e+06
7.353941129229284002e+01 2.919981018415391911e+06
7.721638185690748912e+01 2.394010099161851685e+06
8.107720094975286429e+01 1.970391650888706790e+06
8.513106099724051035e+01 1.621462909932893235e+06
8.938761404710253089e+01 1.326489467232454801e+06
9.385699474945765530e+01 1.088042521767651662e+06
