3.401114059005487245e-01 2.248511751767362976e+11
3.435125199595542300e-01 1.763179838243010864e+11
3.469476451591497201e-01 2.025090979132225952e+11
3.504171216107412334e-01 2.128995112107261963e+11
3.539212928268486436e-01 2.056659714582828064e+11
3.574605057551171750e-01 1.849505165156677246e+11
3.610351108126682584e-01 1.751332578640156860e+11
3.646454619207949999e-01 1.526898191590488281e+11
3.682919165400029282e-01 1.394768704235395203e+11
3.719748357054029064e-01 1.358725924969115601e+11
3.756945840624569266e-01 1.436672693609335632e+11
3.794515299030815081e-01 1.599804034768474121e+11
3.832460452021123065e-01 1.440561245453818970e+11
3.870785056541334312e-01 1.499109424681365662e+11
3.909492907106748016e-01 1.366670152629380798e+11
3.948587836177815391e-01 1.087093558623187256e+11
3.988073714539593917e-01 1.037770847107444153e+11
4.027954451684989667e-01 9.476798302326757812e+10
4.068233996201839342e-01 8.707071858355258179e+10
4.108916336163858096e-01 6.844293266978122711e+10
4.150005499525497021e-01 7.507569603686614990e+10
4.191505554520751908e-01 6.720204085000701141e+10
4.233420610065958822e-01 6.369022510336537933e+10
4.275754816166618122e-01 6.199929356973593140e+10
4.318512364328284114e-01 5.559550730181311798e+10
4.361697487971567533e-01 5.799878744892489624e+10
4.405314462851282475e-01 6.776277324012554932e+10
4.449367607479796094e-01 6.941372598304299927e+10
4.493861283554593800e-01 7.605307424347436523e+10
4.538799896390139921e-01 7.739635501426985168e+10
4.584187895354041031e-01 7.765858973703733826e+10
4.630029774307581336e-01 8.304326343792230225e+10
4.676330072050656761e-01 8.362065824301109314e+10
4.723093372771162701e-01 8.081882645794773865e+10
4.770324306498874289e-01 6.916887364007821655e+10
4.818027549563863032e-01 6.269757809753065491e+10
4.866207825059500891e-01 5.044746148497303772e+10
4.914869903310095656e-01 5.389349810531465912e+10
4.964018602343197584e-01 4.360707527830940247e+10
5.013658788366629482e-01 3.172468564060334396e+10
5.063795376250295188e-01 2.440030312833124542e+10
5.114433330012797541e-01 2.076917028131612396e+10
5.165577663312926893e-01 1.785044834396065521e+10
5.217233439946056262e-01 1.851837307250098801e+10
5.269405774345515825e-01 1.735067041547028732e+10
5.322099832088971194e-01 1.551607221868774986e+10
5.375320830409860973e-01 1.392646636487867737e+10
5.429074038713960215e-01 1.220240532742559052e+10
5.483364779101099762e-01 1.079097740302175522e+10
5.538198426892112503e-01 9.473022337597108841e+09
5.593580411161032107e-01 8.116708564994542122e+09
5.649516215272641917e-01 6.960131232178273201e+09
5.706011377425368458e-01 5.635198017200425148e+09
5.763071491199621699e-01 4.287108963238862038e+09
5.820702206111618704e-01 2.863483372705760956e+09
5.878909228172733981e-01 8.433110209164421558e+08
5.937698320454461998e-01 1.996243822668977022e+09
5.997075303659007428e-01 4.079154395978674889e+09
6.057046056695597480e-01 6.270356130629711151e+09
6.117616517262552955e-01 8.494067203131385803e+09
6.178792682435179096e-01 1.077275476489520264e+10
6.240580609259530620e-01 1.310471870840676498e+10
6.302986415352126448e-01 1.547828898073704910e+10
6.366016279505647413e-01 1.784232999228350830e+10
6.429676442300703565e-01 2.009138154613870621e+10
6.493973206723711034e-01 2.231309307711513901e+10
6.558912938790947278e-01 2.356583594478601837e+10
6.624502068178856895e-01 2.715167356045895386e+10
6.690747088860645730e-01 2.958839225548014832e+10
6.757654559749252110e-01 3.187319678692014694e+10
6.825231105346745153e-01 3.367763772938682175e+10
6.893483416400212338e-01 3.443632655288967896e+10
6.962418250564214039e-01 3.492788745784598541e+10
7.032042433069857212e-01 3.640294456262121582e+10
7.102362857400554841e-01 3.817673648700563049e+10
7.173386485974559967e-01 3.936886986940233612e+10
7.245120350834306500e-01 4.076191630827136230e+10
7.317571554342650053e-01 4.145315186317742157e+10
7.390747269886076554e-01 4.161442485538523865e+10
7.464654742584937441e-01 4.105576347261580658e+10
7.539301290010786971e-01 3.901443078419026947e+10
7.614694302910893775e-01 2.773304220152919388e+10
7.690841245940003290e-01 5.720163025476677895e+09
7.767749658399403234e-01 3.312576967393168640e+10
7.845427154983398710e-01 4.886621707211532593e+10
7.923881426533231354e-01 5.734013236826853180e+10
8.003120240798563545e-01 6.402683629372874451e+10
8.083151443206548770e-01 6.835336906197618103e+10
8.163982957638614701e-01 7.084282890056242371e+10
8.245622787215000082e-01 7.718344851929214478e+10
8.328079015087149761e-01 8.144174630993667603e+10
8.411359805238021181e-01 8.577012920249389648e+10
8.495473403290402237e-01 8.984219120353471375e+10
8.580428137323306004e-01 9.281971175811230469e+10
8.666232418696537820e-01 8.824687197446444702e+10
8.752894742883503554e-01 9.179967366987265015e+10
8.840423690312340099e-01 9.950995907100526428e+10
8.928827927215462479e-01 1.025823460990880585e+11
9.018116206487618580e-01 1.081000882951060486e+11
9.108297368552494833e-01 1.129144029600996094e+11
9.199380342238018260e-01 1.149186641377204590e+11
9.291374145660399320e-01 1.067737784734812012e+11
9.384287887117003235e-01 1.117610635889149017e+11
9.478130765988174167e-01 1.162610705577251434e+11
9.572912073648053299e-01 1.189375258332995453e+11
9.668641194384535176e-01 1.223722587983848572e+11
9.765327606328380039e-01 1.268464977964233551e+11
9.862980882391664261e-01 1.332513677289402924e+11
9.961610691215579960e-01 1.377247852476607056e+11
1.006122679812773590e+00 1.382742862304159851e+11
1.016183906610901300e+00 1.489469975441515198e+11
1.026345745677010202e+00 1.569363158609496155e+11
1.036609203133780355e+00 1.629267052140258484e+11
1.046975295165118336e+00 1.674865859343991394e+11
1.057445048116769204e+00 1.719801764197034302e+11
1.068019498597936989e+00 1.757435994383550720e+11
1.078699693583916597e+00 1.794049855186448364e+11
1.089486690519755552e+00 1.781389840282595825e+11
1.100381557424953138e+00 1.661546316761532288e+11
1.111385372999202481e+00 1.612710350666393433e+11
1.122499226729194666e+00 1.642603133008768005e+11
1.133724218996486455e+00 1.603692735198646851e+11
1.145061461186451135e+00 1.676674159051557922e+11
1.156512075798315831e+00 1.702870433873407593e+11
1.168077196556299047e+00 1.728992437140309143e+11
1.179757968521861988e+00 1.722440600478500671e+11
1.191555548207080761e+00 1.880963493964517212e+11
1.203471103689151889e+00 1.998610437675433350e+11
1.215505814726043354e+00 2.099532076188737793e+11
1.227660872873303610e+00 2.180320244393605347e+11
1.239937481602036762e+00 2.247449955520849915e+11
1.252336856418057032e+00 2.300943405808130798e+11
1.264860224982237824e+00 2.327593136762021179e+11
1.277508827232060051e+00 2.324874343192874756e+11
1.290283915504380818e+00 2.318874063662594604e+11
1.303186754659424462e+00 2.319956194525814209e+11
1.316218622206019040e+00 2.295890752325377502e+11
1.329380808428079153e+00 1.964961413635750427e+11
1.342674616512359975e+00 1.422025666532427368e+11
1.356101362677483380e+00 1.261614214890579681e+11
1.369662376304258355e+00 1.260416599600079956e+11
1.383359000067300837e+00 1.321619396152919312e+11
1.397192590067974027e+00 1.267838754117527313e+11
1.411164515968653665e+00 1.182784654640283051e+11
1.425276161128340213e+00 1.114890921816278229e+11
1.439528922739623740e+00 1.165770409883913727e+11
1.453924211967019708e+00 1.308492262600266571e+11
1.468463454086690101e+00 1.302859407089613495e+11
1.483148088627556760e+00 1.375515599498568420e+11
1.497979569513832487e+00 1.468182624036464233e+11
1.512959365208970564e+00 1.584296013329212036e+11
1.528088958861060442e+00 1.705257653714814758e+11
1.543369848449671178e+00 1.826038941748362732e+11
1.558803546934167894e+00 1.978891662902875366e+11
1.574391582403509737e+00 2.138182977151651001e+11
1.590135498227544852e+00 2.257519749173599243e+11
1.606036853209820148e+00 2.324597427997667236e+11
1.622097221741918505e+00 2.436080264203064575e+11
1.638318193959337421e+00 2.488212669690978699e+11
1.654701375898931071e+00 2.522591516418212280e+11
1.671248389657920441e+00 2.559013343173400574e+11
1.687960873554499530e+00 2.546404152942177734e+11
1.704840482290044701e+00 2.428997058431828918e+11
1.721888887112944966e+00 2.191964108217929688e+11
1.739107775984074289e+00 2.061582744837483215e+11
1.756498853743915012e+00 1.932489688498023071e+11
1.774063842281354608e+00 1.723895845227890015e+11
1.791804480704168201e+00 1.610229613369214172e+11
1.809722525511209934e+00 1.464869574647249451e+11
1.827819750766321860e+00 1.443780667076811523e+11
1.846097948273984990e+00 1.310365438296671600e+11
1.864558927756724938e+00 1.218259013045164032e+11
1.883204517034292147e+00 1.340083483543556213e+11
1.902036562204635128e+00 1.406754122825061646e+11
1.921056927826681582e+00 1.421679482276794739e+11
1.940267497104948502e+00 1.369208153247341156e+11
1.959670172075998140e+00 1.363264156207426758e+11
1.979266873796758031e+00 1.340834959070104065e+11
1.999059542534725509e+00 1.312862520577666931e+11
2.019050137960073155e+00 1.354335862375487366e+11
2.039240639339673589e+00 1.420932219293538818e+11
2.059633045733070489e+00 1.501375560983971558e+11
2.080229376190401158e+00 1.576548613712449341e+11
2.101031669952305059e+00 1.686102106519237061e+11
2.122041986651828083e+00 1.761132198440703735e+11
2.143262406518346097e+00 1.829950118248628845e+11
2.164695030583529967e+00 1.871425183709177246e+11
2.186341980889365377e+00 1.866743467525323181e+11
2.208205400698258991e+00 1.860649692867532959e+11
2.230287454705241146e+00 1.842913554696576843e+11
2.252590329252293522e+00 1.822945687788620911e+11
2.275116232544817318e+00 1.785064527828149719e+11
2.297867394870265034e+00 1.646540747839392090e+11
2.320846068818967822e+00 1.546813992860354614e+11
2.344054529507157536e+00 1.488719961985034790e+11
2.367495074802228761e+00 1.418130923168969421e+11
2.391170025550251044e+00 1.338208839260232849e+11
2.415081725805753532e+00 1.224899106143066101e+11
2.439232543063811764e+00 1.107101027844670410e+11
2.463624868494449949e+00 1.013163689554460602e+11
2.488261117179394244e+00 9.461991001435133362e+10
2.513143728351188155e+00 8.318323153492007446e+10
2.538275165634700237e+00 7.869825066881803894e+10
2.563657917291046751e+00 7.543385129693734741e+10
2.589294496463957262e+00 7.451400627043255615e+10
2.615187441428596937e+00 7.749851104062818909e+10
2.641339315842882840e+00 7.755630888288127136e+10
2.667752709001311562e+00 7.542651972674708557e+10
2.694430236091324815e+00 6.979277053529078674e+10
2.721374538452237868e+00 6.791062934352001953e+10
2.748588283836760127e+00 6.644537233384290314e+10
2.776074166675128296e+00 6.262121396493515778e+10
2.803834908341879206e+00 6.332070191958832550e+10
2.831873257425297830e+00 6.088008573961544800e+10
2.860191989999551154e+00 6.056368069832688141e+10
2.888793909899546541e+00 6.157905012320641327e+10
2.917681848998542549e+00 5.707034430072585297e+10
2.946858667488527761e+00 5.928023503846224213e+10
2.976327254163412928e+00 5.824769379692064667e+10
3.006090526705047061e+00 5.974412365970729828e+10
3.036151431972097470e+00 5.914137816416748047e+10
3.066512946291818587e+00 6.179757890746200562e+10
3.097178075754736692e+00 6.118859627842335510e+10
3.128149856512283833e+00 6.236966779005753326e+10
3.159431355077406689e+00 6.301702273999326324e+10
3.191025668628181045e+00 6.356633242164438629e+10
3.222935925314462935e+00 6.462859256807389069e+10
3.255165284567607564e+00 6.635653205759207153e+10
3.287716937413283524e+00 6.622667526685643005e+10
3.320594106787416067e+00 6.713664869978155518e+10
3.353800047855290511e+00 6.622332572335376740e+10
3.387338048333843332e+00 6.612968924412961578e+10
3.421211428817182210e+00 6.624932042173033142e+10
3.455423543105353712e+00 6.665105278913974762e+10
3.489977778536407005e+00 6.554713771513780212e+10
3.524877556321771355e+00 6.495207100176418304e+10
3.560126331884988726e+00 6.513848236680263519e+10
3.595727595203838334e+00 6.455532564991706848e+10
3.631684871155877570e+00 6.418069472681854248e+10
3.668001719867436616e+00 6.329410422677193451e+10
3.704681737066110259e+00 6.368208214610939789e+10
3.741728554436771326e+00 6.312229153712432861e+10
3.779145839981139510e+00 6.272105235513392639e+10
3.816937298380950860e+00 6.159517761377766418e+10
3.855106671364760818e+00 6.108141910327828979e+10
3.893657738078407426e+00 5.984357598236121368e+10
3.932594315459191581e+00 5.832309696876770782e+10
3.971920258613783616e+00 5.560880904835051727e+10
4.011639461199922430e+00 5.251502057015653229e+10
4.051755855811920881e+00 4.983807684702739716e+10
4.092273414370040108e+00 4.598481186852700806e+10
4.133196148513740731e+00 4.440483173000218964e+10
4.174528109998877135e+00 4.244588073373995972e+10
4.216273391098866341e+00 3.891746459895719910e+10
4.258436125009854578e+00 3.496596940778128052e+10
4.301020486259953479e+00 3.189921437677114868e+10
4.344030691122553023e+00 2.989247007513711929e+10
4.387470998033777825e+00 2.891143557674946213e+10
4.431345708014116092e+00 2.733691093764783859e+10
4.475659165094256764e+00 2.609767059295590210e+10
4.520415756745198799e+00 2.519910888954434967e+10
4.565619914312651240e+00 2.442656066620109940e+10
4.611276113455778258e+00 2.442847010931986237e+10
4.657388874590335348e+00 2.433418910014124680e+10
4.703962763336238417e+00 2.380166724914612961e+10
4.751002390969600420e+00 2.306579293266944122e+10
4.798512414879296806e+00 2.245694725346001434e+10
4.846497539028090884e+00 2.192475209874712372e+10
4.894962514418371491e+00 2.123744820553450012e+10
4.943912139562555375e+00 2.046972976482793427e+10
4.993351260958180937e+00 2.026701584827776718e+10
5.043284773567762613e+00 1.949134875893827057e+10
5.093717621303440524e+00 1.934445612432785416e+10
5.144654797516475142e+00 1.860757721425972748e+10
5.196101345491639378e+00 1.817887093574171066e+10
5.248062358946555150e+00 1.794983506830167770e+10
5.300542982536021519e+00 1.719814543964899445e+10
5.353548412361381459e+00 1.684379621169553947e+10
5.407083896484995655e+00 1.610981975754899979e+10
5.461154735449845532e+00 1.593751928936839867e+10
5.515766282804344556e+00 1.546145225397644043e+10
5.570923945632387131e+00 1.481029074988310623e+10
5.626633185088711464e+00 1.461511359067431831e+10
5.682899516939598605e+00 1.404944682577130318e+10
5.739728512108993819e+00 1.360901115793521500e+10
5.797125797230084032e+00 1.331290856671697617e+10
5.855097055202384659e+00 1.273868794482417679e+10
5.913648025754409510e+00 1.263693328820538712e+10
5.972784506011953987e+00 1.246606097246053123e+10
6.032512351072073287e+00 1.203849455329199028e+10
6.092837474582792900e+00 1.220264605810576057e+10
6.153765849328621584e+00 1.217031267963951874e+10
6.215303507821907658e+00 1.190460636714006996e+10
6.277456542900125669e+00 1.167574293560007858e+10
6.340231108329128062e+00 1.126588303230964088e+10
6.403633419412418704e+00 1.044638039484095573e+10
6.467669753606543281e+00 9.374922880444595337e+09
6.532346451142608146e+00 8.737762706046682358e+09
6.597669915654034156e+00 7.903105247275356293e+09
6.663646614810574853e+00 7.653443784227270126e+09
6.730283080958680664e+00 7.834008857532341003e+09
6.797585911768267763e+00 7.373394887842763901e+09
6.865561770885950210e+00 7.239945183895549774e+09
6.934217388594810849e+00 7.185057477177950859e+09
7.003559562480758949e+00 7.157500578307910919e+09
7.073595158105566050e+00 6.774131727164876938e+09
7.144331109686621772e+00 6.694718684769845963e+09
7.215774420783487741e+00 6.592662669064477921e+09
7.287932164991324235e+00 6.397900043540117264e+09
7.360811486641236634e+00 6.153412847134808540e+09
7.434419601507648245e+00 5.972976028156230927e+09
7.508763797522725270e+00 5.854976540843822479e+09
7.583851435497953375e+00 5.553883391560650826e+09
7.659689949852931612e+00 5.520386230346934319e+09
7.736286849351461825e+00 5.244667506253927231e+09
7.813649717844977083e+00 5.298495485233584404e+09
7.891786215023426365e+00 4.777943001910515785e+09
7.970704077173661695e+00 4.825106087340541840e+09
8.050411117945397876e+00 4.654148056005454063e+09
8.130915229124850541e+00 4.511230108396220207e+09
8.212224381416099561e+00 4.384747040852334976e+09
8.294346625230261338e+00 4.228799553677361488e+09
8.377290091482562318e+00 4.121920388218776703e+09
8.461062992397387461e+00 4.040543442131186485e+09
8.545673622321363183e+00 3.945986788114158630e+09
8.631130358544575998e+00 3.902678487171839237e+09
8.717441662130022806e+00 3.747780489919740200e+09
8.804616078751321240e+00 3.643497083864097118e+09
8.892662239538834612e+00 3.632242828186761379e+09
8.981588861934222123e+00 3.453894423791457653e+09
9.071404750553567098e+00 3.419462127811076164e+09
9.162118798059102787e+00 3.360563319111634254e+09
9.253739986039693832e+00 3.224185030177347660e+09
9.346277385900089385e+00 3.194763131979204655e+09
9.439740159759089977e+00 3.046608087997951031e+09
9.534137561356683221e+00 3.039944431463247299e+09
9.629478936970249592e+00 2.869967804498647213e+09
9.725773726339950187e+00 2.847478602609674454e+09
9.823031463603349778e+00 2.768993819857487679e+09
9.921261778239381712e+00 2.610774175904091835e+09
1.002047439602177548e+01 2.582712796432574272e+09
1.012067913998199487e+01 2.475415434764198780e+09
1.022188593138181290e+01 2.418044993511007309e+09
1.032410479069563181e+01 2.292485012601906776e+09
1.042734583860258724e+01 2.198545192639405251e+09
1.053161929698861421e+01 2.150499797283507347e+09
1.063693548995849980e+01 2.082516093538372517e+09
1.074330484485808412e+01 2.006605078591784954e+09
1.085073789330666472e+01 1.953022387354439020e+09
1.095924527223973222e+01 1.823700409239435911e+09
1.106883772496212970e+01 1.765590789679930925e+09
1.117952610221174936e+01 1.705284143308706284e+09
1.129132136323386781e+01 1.645177312323490143e+09
1.140423457686620701e+01 1.605370158402410507e+09
1.151827692263487002e+01 1.521995666259210348e+09
1.163345969186121920e+01 1.471719118428738594e+09
1.174979428877982990e+01 1.368438037397332191e+09
1.186729223166762992e+01 1.339695359193041801e+09
1.198596515398430462e+01 1.310668890452580214e+09
1.210582480552414708e+01 1.238423506019263029e+09
1.222688305357938887e+01 1.210244948639329910e+09
1.234915188411518194e+01 1.158683827272050858e+09
1.247264340295633467e+01 1.084564671628530741e+09
1.259736983698589619e+01 1.055014003743820310e+09
1.272334353535575424e+01 1.027359649715689659e+09
1.285057697070931226e+01 9.854119174167263508e+08
1.297908274041640553e+01 9.311047001613527536e+08
1.310887356782057012e+01 9.206153035038141012e+08
1.323996230349877479e+01 8.607170758435225487e+08
1.337236192653376321e+01 8.400664961475734711e+08
1.350608554579910248e+01 7.936517766996828318e+08
1.364114640125709244e+01 7.821434233649978638e+08
1.377755786526966197e+01 7.381671930679222345e+08
1.391533344392236238e+01 7.238301265769624710e+08
1.405448677836158211e+01 6.942699059760217667e+08
1.419503164614519974e+01 6.483994816876013279e+08
1.433698196260665192e+01 6.384897977114229202e+08
1.448035178223271835e+01 6.041009427280108929e+08
1.462515530005504516e+01 5.827186652511057854e+08
1.477140685305559664e+01 5.762778250677803755e+08
1.491912092158615089e+01 5.288831848043478131e+08
1.506831213080201159e+01 5.267455116687397957e+08
1.521899525211003024e+01 5.093840867082835436e+08
1.537118520463113214e+01 4.829609765188292265e+08
1.552489705667744246e+01 4.653064490623642206e+08
1.568014602724421813e+01 4.500014415599459410e+08
1.583694748751665848e+01 4.378783265780362487e+08
1.599531696239182388e+01 4.167427307337021232e+08
1.615527013201574391e+01 3.972931912037851214e+08
1.631682283333590178e+01 3.915828551920198798e+08
1.647999106166925998e+01 3.689703468447759151e+08
1.664479097228595350e+01 3.522006694015147090e+08
1.681123888200881211e+01 3.522697048776330352e+08
1.697935127082889650e+01 3.420477290673620701e+08
1.714914478353718863e+01 3.157295511836801767e+08
1.732063623137256059e+01 3.020796614205700755e+08
1.749384259368628847e+01 3.005130407057876587e+08
1.766878101962314673e+01 2.815429720016691089e+08
1.784546882981938509e+01 2.772884284259139895e+08
1.802392351811757720e+01 2.684944701314303279e+08
1.820416275329875333e+01 2.546406720048452318e+08
1.838620438083173880e+01 2.488352194014985561e+08
1.857006642464005353e+01 2.275431903215629756e+08
1.875576708888645427e+01 2.277094871116197705e+08
1.894332475977532226e+01 2.200541144601854384e+08
1.913275800737307719e+01 2.153185472941220701e+08
1.969740769490774923e+01 1.884035227108678818e+08
2.068227807965313403e+01 1.563550946167028248e+08
2.171639198363579126e+01 1.298778101255044639e+08
2.280221158281758420e+01 1.093965213060529232e+08
2.394232216195846163e+01 9.040150177047027647e+07
2.513943827005638454e+01 7.480474766486102343e+07
2.639641018355920465e+01 6.265079838524299860e+07
2.771623069273716311e+01 5.189798374398771673e+07
2.910204222737402446e+01 4.329767789569386095e+07
3.055714433874272729e+01 3.506803984373485297e+07
3.208500155567985956e+01 2.997981488886986673e+07
3.368925163346385432e+01 2.417368055893046781e+07
3.537371421513704206e+01 1.975181783793589845e+07
3.714239992589390482e+01 1.658737321980534121e+07
3.899951992218858976e+01 1.388694403934286721e+07
4.094949591829801960e+01 1.123414863036401011e+07
4.299697071421292094e+01 9.379866372716464102e+06
4.514681924992356699e+01 7.813050593581682071e+06
4.740416021241974676e+01 6.510419565960243344e+06
4.977436822304073161e+01 5.351038243589712307e+06
5.226308663419276712e+01 4.444728142213080078e+06
5.487624096590241152e+01 3.701567213473658543e+06
5.762005301419753067e+01 3.057193322777403519e+06
6.050105566490740472e+01 2.569766861389789730e+06
6.352610844815276891e+01 2.085800110033110017e+06
6.670241387056040594e+01 1.760450060022216756e+06
7.003753456408843192e+01 1.471312018552399473e+06
7.353941129229284002e+01 1.191229000357962213e+06
7.721638185690748912e+01 1.004022453464305378e+06
8.107720094975286429e+01 8.205676497863393743e+05
8.513106099724051035e+01 6.811913929018253693e+05
8.938761404710253089e+01 5.935929561032725032e+05
9.385699474945765530e+01 4.767113805824365700e+05
