3.401114059005487245e-01 5.529658956159441948e+09
3.435125199595542300e-01 4.915312696579897881e+09
3.469476451591497201e-01 5.577970555503196716e+09
3.504171216107412334e-01 6.178261899416839600e+09
3.539212928268486436e-01 6.406890288919252396e+09
3.574605057551171750e-01 6.369458777501108170e+09
3.610351108126682584e-01 6.500970095493561745e+09
3.646454619207949999e-01 6.388653237539353371e+09
3.682919165400029282e-01 5.737627580551805496e+09
3.719748357054029064e-01 6.247186943703196526e+09
3.756945840624569266e-01 7.596679148049902916e+09
3.794515299030815081e-01 9.490533727706657410e+09
3.832460452021123065e-01 9.883559079878562927e+09
3.870785056541334312e-01 1.170271617499534798e+10
3.909492907106748016e-01 1.187742635632906342e+10
3.948587836177815391e-01 1.116496704305247879e+10
3.988073714539593917e-01 9.226928026258499146e+09
4.027954451684989667e-01 7.467416510383160591e+09
4.068233996201839342e-01 7.268785357095081329e+09
4.108916336163858096e-01 7.682989746878523827e+09
4.150005499525497021e-01 1.260650276738028908e+10
4.191505554520751908e-01 1.338714352647088432e+10
4.233420610065958822e-01 1.361762415684507942e+10
4.275754816166618122e-01 1.341854629324173927e+10
4.318512364328284114e-01 1.079543012299754715e+10
4.361697487971567533e-01 1.029346016002732277e+10
4.405314462851282475e-01 1.276385424850561142e+10
4.449367607479796094e-01 1.272719700652573776e+10
4.493861283554593800e-01 1.260865452832195091e+10
4.538799896390139921e-01 1.224180991643166351e+10
4.584187895354041031e-01 1.078006952706932640e+10
4.630029774307581336e-01 9.369739041640869141e+09
4.676330072050656761e-01 7.886623218822735786e+09
4.723093372771162701e-01 6.120304020682977676e+09
4.770324306498874289e-01 4.610998845203664780e+09
4.818027549563863032e-01 3.381619951271662235e+09
4.866207825059500891e-01 1.944939584832382679e+09
4.914869903310095656e-01 2.251344631624327183e+09
4.964018602343197584e-01 2.017825996605905771e+09
5.013658788366629482e-01 1.763898470226668358e+09
5.063795376250295188e-01 1.600988871927028418e+09
5.114433330012797541e-01 1.494509752788863420e+09
5.165577663312926893e-01 1.365968945503334522e+09
5.217233439946056262e-01 1.271938580020605803e+09
5.269405774345515825e-01 1.171115809466870785e+09
5.322099832088971194e-01 1.085304701185085773e+09
5.375320830409860973e-01 1.011278928022662520e+09
5.429074038713960215e-01 9.214221296022146940e+08
5.483364779101099762e-01 8.502943769698842764e+08
5.538198426892112503e-01 7.817243432167453766e+08
5.593580411161032107e-01 7.072900588572365046e+08
5.649516215272641917e-01 6.430444415758681297e+08
5.706011377425368458e-01 5.733284655746264458e+08
5.763071491199621699e-01 5.172237058171428442e+08
5.820702206111618704e-01 4.667887371810014844e+08
5.878909228172733981e-01 4.119629986838974357e+08
5.937698320454461998e-01 3.944254271893865466e+08
5.997075303659007428e-01 3.958413628586782813e+08
6.057046056695597480e-01 4.074253025602493286e+08
6.117616517262552955e-01 4.104234210275446177e+08
6.178792682435179096e-01 4.059374901902433634e+08
6.240580609259530620e-01 3.964024991572431922e+08
6.302986415352126448e-01 3.835250411947504878e+08
6.366016279505647413e-01 3.680942618995369673e+08
6.429676442300703565e-01 3.487158412297709584e+08
6.493973206723711034e-01 3.219741252278922796e+08
6.558912938790947278e-01 2.588079659810327888e+08
6.624502068178856895e-01 3.016601436537061930e+08
6.690747088860645730e-01 2.998186367808514237e+08
6.757654559749252110e-01 2.909079558434304595e+08
6.825231105346745153e-01 2.768158916156107187e+08
6.893483416400212338e-01 2.471043217992713749e+08
6.962418250564214039e-01 2.147234275799520314e+08
7.032042433069857212e-01 1.969025383555679917e+08
7.102362857400554841e-01 1.825687462883837223e+08
7.173386485974559967e-01 1.527057948218531609e+08
7.245120350834306500e-01 1.372914231766645312e+08
7.317571554342650053e-01 1.243748156850153804e+08
7.390747269886076554e-01 1.141633094002847075e+08
7.464654742584937441e-01 1.054384777060817480e+08
7.539301290010786971e-01 9.332208789458607137e+07
7.614694302910893775e-01 7.610698598938074708e+07
7.690841245940003290e-01 5.031077320686352253e+07
7.767749658399403234e-01 6.968450700477537513e+07
7.845427154983398710e-01 7.629821187507557869e+07
7.923881426533231354e-01 8.124355378106476367e+07
8.003120240798563545e-01 8.435649649370226264e+07
8.083151443206548770e-01 8.383744617140567303e+07
8.163982957638614701e-01 8.161670452962587774e+07
8.245622787215000082e-01 8.870893453975573182e+07
8.328079015087149761e-01 9.494976849392560124e+07
8.411359805238021181e-01 9.321953956840957701e+07
8.495473403290402237e-01 1.063066003682264984e+08
8.580428137323306004e-01 1.215522300202049911e+08
8.666232418696537820e-01 1.335852923228026330e+08
8.752894742883503554e-01 1.385115918698339462e+08
8.840423690312340099e-01 1.155806658469503671e+08
8.928827927215462479e-01 4.719908679307395965e+07
9.018116206487618580e-01 5.190439091861757636e+07
9.108297368552494833e-01 1.027049269370710850e+08
9.199380342238018260e-01 1.510238618296789527e+08
9.291374145660399320e-01 9.717960871802073717e+07
9.384287887117003235e-01 9.231318864288437366e+07
9.478130765988174167e-01 1.039971165552911311e+08
9.572912073648053299e-01 1.018425989184192419e+08
9.668641194384535176e-01 1.295149288867724836e+08
9.765327606328380039e-01 1.457953009611266553e+08
9.862980882391664261e-01 1.628364999361615181e+08
9.961610691215579960e-01 1.790141420218903422e+08
1.006122679812773590e+00 2.025962849641747475e+08
1.016183906610901300e+00 2.861478641265950799e+08
1.026345745677010202e+00 3.689619509370541573e+08
1.036609203133780355e+00 5.282939195760058165e+08
1.046975295165118336e+00 7.692489373885105848e+08
1.057445048116769204e+00 9.729400324645305872e+08
1.068019498597936989e+00 1.040017217803661704e+09
1.078699693583916597e+00 1.028647094449658394e+09
1.089486690519755552e+00 6.954196303377866745e+08
1.100381557424953138e+00 3.399713700770040154e+08
1.111385372999202481e+00 1.412528410106770396e+08
1.122499226729194666e+00 6.500986818271736056e+07
1.133724218996486455e+00 7.541235379901176691e+07
1.145061461186451135e+00 7.802356169604617357e+07
1.156512075798315831e+00 1.721682842920090258e+07
1.168077196556299047e+00 3.952041789055389166e+07
1.179757968521861988e+00 4.011320180641112477e+07
1.191555548207080761e+00 9.823993113575965166e+07
1.203471103689151889e+00 2.760726474771927595e+08
1.215505814726043354e+00 6.684831879324697256e+08
1.227660872873303610e+00 1.215272890652739286e+09
1.239937481602036762e+00 1.779501934096616983e+09
1.252336856418057032e+00 2.433414108426318169e+09
1.264860224982237824e+00 2.695026249060739994e+09
1.277508827232060051e+00 2.229055208810277939e+09
1.290283915504380818e+00 1.545348480131549597e+09
1.303186754659424462e+00 1.047849323180909038e+09
1.316218622206019040e+00 6.445714811906400919e+08
1.329380808428079153e+00 2.263098925302274227e+08
1.342674616512359975e+00 4.887264580467265099e+07
1.356101362677483380e+00 8.929971707349890843e+06
1.369662376304258355e+00 1.206016392335877754e+07
1.383359000067300837e+00 6.889480623551485129e+06
1.397192590067974027e+00 6.123720029243094847e+06
1.411164515968653665e+00 1.253247248603942245e+07
1.425276161128340213e+00 2.188461056728244573e+07
1.439528922739623740e+00 4.880300202235189080e+07
1.453924211967019708e+00 1.384613221342003644e+08
1.468463454086690101e+00 1.574827524430276155e+08
1.483148088627556760e+00 2.167633808164707422e+08
1.497979569513832487e+00 3.689970317770676017e+08
1.512959365208970564e+00 4.852863506089723706e+08
1.528088958861060442e+00 8.485183649815043211e+08
1.543369848449671178e+00 1.327505989411592007e+09
1.558803546934167894e+00 1.765772205217757940e+09
1.574391582403509737e+00 2.382599249117813110e+09
1.590135498227544852e+00 2.173637166494163990e+09
1.606036853209820148e+00 8.193751710467081070e+08
1.622097221741918505e+00 1.908056297282435596e+08
1.638318193959337421e+00 1.111123672503313273e+08
1.654701375898931071e+00 1.177071408930518478e+08
1.671248389657920441e+00 5.391983586764883250e+07
1.687960873554499530e+00 6.785164358198693395e+07
1.704840482290044701e+00 4.044692233808853477e+07
1.721888887112944966e+00 7.011968564497882128e+07
1.739107775984074289e+00 6.306711694128865749e+07
1.756498853743915012e+00 1.002769561203518063e+08
1.774063842281354608e+00 8.758326601348429918e+07
1.791804480704168201e+00 6.555869073282469809e+07
1.809722525511209934e+00 8.463182362491029501e+07
1.827819750766321860e+00 8.945435738013292849e+07
1.846097948273984990e+00 9.782179734438346326e+07
1.864558927756724938e+00 8.157904258775936067e+07
1.883204517034292147e+00 2.358798806416774690e+08
1.902036562204635128e+00 2.588708179272718132e+08
1.921056927826681582e+00 1.861158153790902197e+08
1.940267497104948502e+00 1.355584900974406004e+08
1.959670172075998140e+00 2.209446350338951051e+08
1.979266873796758031e+00 3.471208695822430253e+08
1.999059542534725509e+00 5.806579456404223442e+08
2.019050137960073155e+00 8.159839379529258013e+08
2.039240639339673589e+00 1.200859951628595352e+09
2.059633045733070489e+00 1.598061412616083622e+09
2.080229376190401158e+00 1.755631784126556873e+09
2.101031669952305059e+00 1.506756679023358107e+09
2.122041986651828083e+00 1.073344968502353787e+09
2.143262406518346097e+00 6.552290232353137732e+08
2.164695030583529967e+00 3.226335963085971475e+08
2.186341980889365377e+00 1.643962422109117508e+08
2.208205400698258991e+00 2.863812010868157446e+07
2.230287454705241146e+00 3.656936738167276978e+07
2.252590329252293522e+00 1.335670512020287849e+07
2.275116232544817318e+00 1.114643223057401739e+07
2.297867394870265034e+00 9.918921941867729649e+06
2.320846068818967822e+00 1.557059354437766038e+07
2.344054529507157536e+00 9.725873990823177621e+06
2.367495074802228761e+00 1.413242986777029559e+07
2.391170025550251044e+00 2.261155051842378452e+07
2.415081725805753532e+00 4.181637359585820884e+07
2.439232543063811764e+00 5.456046466387969255e+07
2.463624868494449949e+00 9.530845015205247700e+07
2.488261117179394244e+00 1.311407562804450393e+08
2.513143728351188155e+00 1.291741766133778840e+08
2.538275165634700237e+00 8.664147041130174696e+07
2.563657917291046751e+00 5.768914813729558885e+07
2.589294496463957262e+00 4.585950088670484722e+07
2.615187441428596937e+00 6.730366231809055805e+07
2.641339315842882840e+00 1.617075996844879389e+08
2.667752709001311562e+00 5.849794479531986266e+07
2.694430236091324815e+00 8.674354435836116970e+07
2.721374538452237868e+00 1.444408808410864174e+08
2.748588283836760127e+00 1.314795609702336490e+08
2.776074166675128296e+00 7.705705811797021329e+07
2.803834908341879206e+00 1.244699721445776820e+08
2.831873257425297830e+00 1.487176876231382787e+08
2.860191989999551154e+00 1.600660340816570818e+08
2.888793909899546541e+00 2.506571412464632392e+08
2.917681848998542549e+00 2.767816639484075308e+08
2.946858667488527761e+00 3.856006873023378849e+08
2.976327254163412928e+00 4.020999844484584332e+08
3.006090526705047061e+00 2.347157680453485548e+08
3.036151431972097470e+00 3.987780218799338937e+08
3.066512946291818587e+00 3.207128121712857485e+08
3.097178075754736692e+00 1.958228191344664693e+08
3.128149856512283833e+00 1.361403079762567878e+08
3.159431355077406689e+00 8.420445137546394765e+07
3.191025668628181045e+00 5.536954969775769114e+07
3.222935925314462935e+00 5.236477255314968526e+07
3.255165284567607564e+00 5.984238517986584455e+07
3.287716937413283524e+00 1.067501689315291643e+08
3.320594106787416067e+00 2.864595547821212560e+07
3.353800047855290511e+00 5.796739876316435635e+07
3.387338048333843332e+00 8.023489852265274525e+07
3.421211428817182210e+00 7.687394627018657327e+07
3.455423543105353712e+00 7.557935474391238391e+07
3.489977778536407005e+00 9.220286337627458572e+07
3.524877556321771355e+00 1.363176498783684373e+08
3.560126331884988726e+00 1.696413179197904170e+08
3.595727595203838334e+00 1.902960735156845152e+08
3.631684871155877570e+00 2.411711825815323889e+08
3.668001719867436616e+00 3.910468211355894804e+08
3.704681737066110259e+00 4.673531215381244421e+08
3.741728554436771326e+00 5.437274466778901815e+08
3.779145839981139510e+00 5.522376941304663420e+08
3.816937298380950860e+00 8.532143443486030102e+08
3.855106671364760818e+00 7.038202727581824064e+08
3.893657738078407426e+00 8.460773973414429426e+08
3.932594315459191581e+00 1.052295534536224246e+09
3.971920258613783616e+00 1.191783428722843885e+09
4.011639461199922430e+00 1.287770008550059080e+09
4.051755855811920881e+00 1.336308135821329355e+09
4.092273414370040108e+00 1.230152366087535143e+09
4.133196148513740731e+00 1.186654894230170488e+09
4.174528109998877135e+00 1.347915442071810246e+09
4.216273391098866341e+00 1.538801251155737877e+09
4.258436125009854578e+00 1.814163840098248720e+09
4.301020486259953479e+00 6.651325957488512993e+08
4.344030691122553023e+00 1.126807232141164780e+09
4.387470998033777825e+00 1.777693919512890339e+09
4.431345708014116092e+00 1.674768160632332802e+09
4.475659165094256764e+00 1.557656288288940668e+09
4.520415756745198799e+00 1.600482427385550737e+09
4.565619914312651240e+00 1.904852515962395430e+09
4.611276113455778258e+00 2.038206088714182854e+09
4.657388874590335348e+00 1.985515546519976616e+09
4.703962763336238417e+00 2.239528458370411873e+09
4.751002390969600420e+00 2.375357425590227127e+09
4.798512414879296806e+00 2.063117231687833071e+09
4.846497539028090884e+00 2.137914994620873928e+09
4.894962514418371491e+00 1.994762278726702452e+09
4.943912139562555375e+00 1.636322457436125278e+09
4.993351260958180937e+00 1.655800443974014521e+09
5.043284773567762613e+00 1.432852352212844849e+09
5.093717621303440524e+00 1.290224322447722435e+09
5.144654797516475142e+00 1.024745847631582141e+09
5.196101345491639378e+00 8.950356780334707499e+08
5.248062358946555150e+00 9.403749656360179186e+08
5.300542982536021519e+00 7.700000983340990543e+08
5.353548412361381459e+00 6.431331827956032753e+08
5.407083896484995655e+00 5.384974302329214811e+08
5.461154735449845532e+00 4.960893395579084754e+08
5.515766282804344556e+00 5.150875535332289338e+08
5.570923945632387131e+00 3.601405797711446881e+08
5.626633185088711464e+00 3.336779458491240144e+08
5.682899516939598605e+00 3.339474369138110876e+08
5.739728512108993819e+00 2.688383037143901587e+08
5.797125797230084032e+00 3.187431948688111901e+08
5.855097055202384659e+00 2.458900031844228506e+08
5.913648025754409510e+00 2.668532374619836211e+08
5.972784506011953987e+00 2.801152531704136729e+08
6.032512351072073287e+00 2.715842070129727721e+08
6.092837474582792900e+00 2.503077146801898777e+08
6.153765849328621584e+00 2.178008025011760592e+08
6.215303507821907658e+00 2.771118685443497896e+08
6.277456542900125669e+00 3.312069654525475502e+08
6.340231108329128062e+00 3.161725896293098927e+08
6.403633419412418704e+00 2.304884898176640570e+08
6.467669753606543281e+00 1.905583338669809699e+08
6.532346451142608146e+00 2.151795612571869493e+08
6.597669915654034156e+00 2.007505409810130000e+08
6.663646614810574853e+00 2.389632431581670046e+08
6.730283080958680664e+00 2.671693334560384750e+08
6.797585911768267763e+00 2.359438786071850955e+08
6.865561770885950210e+00 2.516012872301698625e+08
6.934217388594810849e+00 2.867601993731549978e+08
7.003559562480758949e+00 2.799839602325547934e+08
7.073595158105566050e+00 2.499169829926528335e+08
7.144331109686621772e+00 2.308604928335658014e+08
7.215774420783487741e+00 2.228426746593719423e+08
7.287932164991324235e+00 1.974762527729914188e+08
7.360811486641236634e+00 1.717322921731219888e+08
7.434419601507648245e+00 1.718101826746838987e+08
7.508763797522725270e+00 1.931656152539179027e+08
7.583851435497953375e+00 2.263501173890517652e+08
7.659689949852931612e+00 1.969017732316125929e+08
7.736286849351461825e+00 1.411980874947413802e+08
7.813649717844977083e+00 1.767355237366299629e+08
7.891786215023426365e+00 1.853304560668850243e+08
7.970704077173661695e+00 2.163660210599830747e+08
8.050411117945397876e+00 1.979514664954970181e+08
8.130915229124850541e+00 2.214179072430143356e+08
8.212224381416099561e+00 2.187422764890345037e+08
8.294346625230261338e+00 2.472599031420325637e+08
8.377290091482562318e+00 2.433116463205691278e+08
8.461062992397387461e+00 2.798542711624599695e+08
8.545673622321363183e+00 2.940526140482835770e+08
8.631130358544575998e+00 3.038558123217443228e+08
8.717441662130022806e+00 3.277638484824875593e+08
8.804616078751321240e+00 2.977531232419120669e+08
8.892662239538834612e+00 3.175768904188883305e+08
8.981588861934222123e+00 3.003151091742092371e+08
9.071404750553567098e+00 3.401211379578430653e+08
9.162118798059102787e+00 3.204276397881411314e+08
9.253739986039693832e+00 3.267205265215475559e+08
9.346277385900089385e+00 3.062692638400156498e+08
9.439740159759089977e+00 3.469466795810090899e+08
9.534137561356683221e+00 3.381691331564282179e+08
9.629478936970249592e+00 3.508160371339778304e+08
9.725773726339950187e+00 3.528564645495383143e+08
9.823031463603349778e+00 4.006389054570091963e+08
9.921261778239381712e+00 3.666363971986935139e+08
1.002047439602177548e+01 4.255501225950513482e+08
1.012067913998199487e+01 3.360695579172790647e+08
1.022188593138181290e+01 3.786692277556273937e+08
1.032410479069563181e+01 2.190197677709413171e+08
1.042734583860258724e+01 1.364926601302016973e+08
1.053161929698861421e+01 1.754257866644680500e+08
1.063693548995849980e+01 2.011889685553596020e+08
1.074330484485808412e+01 1.201000298277466744e+08
1.085073789330666472e+01 1.825886147438147962e+08
1.095924527223973222e+01 1.856991641059342027e+08
1.106883772496212970e+01 2.534912717528401911e+08
1.117952610221174936e+01 2.729385666625677347e+08
1.129132136323386781e+01 2.675673889000108838e+08
1.140423457686620701e+01 2.992146881269342303e+08
1.151827692263487002e+01 2.466661664343729317e+08
1.163345969186121920e+01 2.796812148301696777e+08
1.174979428877982990e+01 1.769876512212682366e+08
1.186729223166762992e+01 2.527696962128084004e+08
1.198596515398430462e+01 2.028822796831310689e+08
1.210582480552414708e+01 1.920290153645546734e+08
1.222688305357938887e+01 1.970641839863826036e+08
1.234915188411518194e+01 1.718648102539565265e+08
1.247264340295633467e+01 1.811895084773507118e+08
1.259736983698589619e+01 1.631344667620341182e+08
1.272334353535575424e+01 1.590473932376401722e+08
1.285057697070931226e+01 1.579528675047968924e+08
1.297908274041640553e+01 1.500875315330007672e+08
1.310887356782057012e+01 1.592495291864452660e+08
1.323996230349877479e+01 1.453719131285485625e+08
1.337236192653376321e+01 1.270750576661933362e+08
1.350608554579910248e+01 1.409763150901477635e+08
1.364114640125709244e+01 1.428403083940565586e+08
1.377755786526966197e+01 1.274706531913016140e+08
1.391533344392236238e+01 1.513332820825442970e+08
1.405448677836158211e+01 1.229504628801199645e+08
1.419503164614519974e+01 1.151237160443337858e+08
1.433698196260665192e+01 1.217741635276492834e+08
1.448035178223271835e+01 9.773995527855487168e+07
1.462515530005504516e+01 1.241583168927137852e+08
1.477140685305559664e+01 1.153534888234283030e+08
1.491912092158615089e+01 1.026971065750679672e+08
1.506831213080201159e+01 1.061002543822877109e+08
1.521899525211003024e+01 1.063410178322322518e+08
1.537118520463113214e+01 9.836787128041276336e+07
1.552489705667744246e+01 8.635219191095799208e+07
1.568014602724421813e+01 7.838360949034459889e+07
1.583694748751665848e+01 7.265580982838064432e+07
1.599531696239182388e+01 7.407877666523301601e+07
1.615527013201574391e+01 7.873226304492431879e+07
1.631682283333590178e+01 7.675219452161347866e+07
1.647999106166925998e+01 7.704140480138991773e+07
1.664479097228595350e+01 6.844082558770291507e+07
1.681123888200881211e+01 7.266943504590243101e+07
1.697935127082889650e+01 7.249492709267480671e+07
1.714914478353718863e+01 6.075425548867192119e+07
1.732063623137256059e+01 6.311470697610396147e+07
1.749384259368628847e+01 6.221639524947452545e+07
1.766878101962314673e+01 6.209789351725529134e+07
1.784546882981938509e+01 6.228242010807839036e+07
1.802392351811757720e+01 5.772231843723981082e+07
1.820416275329875333e+01 5.074544849434387684e+07
1.838620438083173880e+01 5.479840496432415396e+07
1.857006642464005353e+01 4.708066716572996229e+07
1.875576708888645427e+01 5.142441736772422493e+07
1.894332475977532226e+01 4.824911880430211872e+07
1.913275800737307719e+01 4.826467775698909909e+07
1.969740769490774923e+01 3.666545682139439881e+07
2.068227807965313403e+01 3.197324641057734564e+07
2.171639198363579126e+01 2.623382904989567399e+07
2.280221158281758420e+01 2.352755772636124119e+07
2.394232216195846163e+01 1.969840068420374766e+07
2.513943827005638454e+01 1.616623120999256335e+07
2.639641018355920465e+01 1.342487941073428839e+07
2.771623069273716311e+01 1.162679383501566015e+07
2.910204222737402446e+01 9.229370113671088591e+06
3.055714433874272729e+01 7.468679147196527570e+06
3.208500155567985956e+01 6.850429436468872242e+06
3.368925163346385432e+01 5.417974605566717684e+06
3.537371421513704206e+01 4.176772638143719174e+06
3.714239992589390482e+01 3.837805662793883123e+06
3.899951992218858976e+01 3.180883393889062107e+06
4.094949591829801960e+01 2.713711196400252171e+06
4.299697071421292094e+01 2.165703619226878509e+06
4.514681924992356699e+01 1.821275079271497671e+06
4.740416021241974676e+01 1.481142029891774524e+06
4.977436822304073161e+01 1.232176410074292682e+06
5.226308663419276712e+01 1.075474654265786754e+06
5.487624096590241152e+01 8.986285479979538359e+05
5.762005301419753067e+01 7.062160548088679789e+05
6.050105566490740472e+01 6.473949604808265576e+05
6.352610844815276891e+01 4.929622666030904511e+05
6.670241387056040594e+01 4.197571425482050399e+05
7.003753456408843192e+01 3.667780654103613342e+05
7.353941129229284002e+01 2.894536841284459806e+05
7.721638185690748912e+01 2.427891513416161761e+05
8.107720094975286429e+01 2.031650774047333980e+05
8.513106099724051035e+01 1.690931764571466192e+05
8.938761404710253089e+01 1.562395399679407419e+05
9.385699474945765530e+01 1.163960203516362672e+05
