3.401114059005487245e-01 1.222460794741857719e+10
3.435125199595542300e-01 8.927633398403093338e+09
3.469476451591497201e-01 1.228852946624224091e+10
3.504171216107412334e-01 1.751014766897227478e+10
3.539212928268486436e-01 1.933434872439638901e+10
3.574605057551171750e-01 8.974083230195018768e+09
3.610351108126682584e-01 1.209930095009524345e+10
3.646454619207949999e-01 1.689908085774978828e+10
3.682919165400029282e-01 2.151142506313333130e+10
3.719748357054029064e-01 8.124853896003036499e+09
3.756945840624569266e-01 9.019449029185995102e+09
3.794515299030815081e-01 1.586389756946869469e+10
3.832460452021123065e-01 6.584063388630986214e+09
3.870785056541334312e-01 6.862470061782314301e+09
3.909492907106748016e-01 9.205293342575912476e+09
3.948587836177815391e-01 5.766346223708040237e+09
3.988073714539593917e-01 1.227372736126357460e+10
4.027954451684989667e-01 1.281975075774358368e+10
4.068233996201839342e-01 1.211791911509534073e+10
4.108916336163858096e-01 1.371378163144054985e+10
4.150005499525497021e-01 1.018915111721057892e+10
4.191505554520751908e-01 8.817242328668500900e+09
4.233420610065958822e-01 6.476077527487447739e+09
4.275754816166618122e-01 7.303215175699402809e+09
4.318512364328284114e-01 1.002569773357042122e+10
4.361697487971567533e-01 1.458169660658287621e+10
4.405314462851282475e-01 1.377687149176726151e+10
4.449367607479796094e-01 1.590939262215135002e+10
4.493861283554593800e-01 2.221393203918872833e+10
4.538799896390139921e-01 2.152847377177729034e+10
4.584187895354041031e-01 2.334586026479850388e+10
4.630029774307581336e-01 2.705694127695980072e+10
4.676330072050656761e-01 2.783295859765992355e+10
4.723093372771162701e-01 2.416357793277827454e+10
4.770324306498874289e-01 1.717655987174452400e+10
4.818027549563863032e-01 1.902593098849221420e+10
4.866207825059500891e-01 2.167927131741438293e+10
4.914869903310095656e-01 1.919221349044513702e+10
4.964018602343197584e-01 1.393559364232982254e+10
5.013658788366629482e-01 9.091002778857946396e+09
5.063795376250295188e-01 6.636917946800511360e+09
5.114433330012797541e-01 5.452269876205504417e+09
5.165577663312926893e-01 4.454562903474036217e+09
5.217233439946056262e-01 7.047677430323652267e+09
5.269405774345515825e-01 8.079870092294584274e+09
5.322099832088971194e-01 7.788834196932060242e+09
5.375320830409860973e-01 7.246321787256555557e+09
5.429074038713960215e-01 6.302770678445756912e+09
5.483364779101099762e-01 6.090506042339382172e+09
5.538198426892112503e-01 5.783694003041393280e+09
5.593580411161032107e-01 5.094786399442665100e+09
5.649516215272641917e-01 5.056517778471334457e+09
5.706011377425368458e-01 4.377068985414455414e+09
5.763071491199621699e-01 3.642092950105958939e+09
5.820702206111618704e-01 2.728034730369614124e+09
5.878909228172733981e-01 8.762916403066034317e+08
5.937698320454461998e-01 2.159061174777521133e+09
5.997075303659007428e-01 4.052753880052057266e+09
6.057046056695597480e-01 5.883714233575079918e+09
6.117616517262552955e-01 7.517146515238998413e+09
6.178792682435179096e-01 9.254112724637081146e+09
6.240580609259530620e-01 1.106675494473851395e+10
6.302986415352126448e-01 1.309447721549218559e+10
6.366016279505647413e-01 1.510985005344473839e+10
6.429676442300703565e-01 1.701964479421707535e+10
6.493973206723711034e-01 1.908799791586545944e+10
6.558912938790947278e-01 2.108524171980762482e+10
6.624502068178856895e-01 2.376098201876010132e+10
6.690747088860645730e-01 2.591018119395266724e+10
6.757654559749252110e-01 2.813811925963305664e+10
6.825231105346745153e-01 2.984744081688656616e+10
6.893483416400212338e-01 3.044478207292710876e+10
6.962418250564214039e-01 3.127732747325727844e+10
7.032042433069857212e-01 3.283081733403008270e+10
7.102362857400554841e-01 3.459668294180438995e+10
7.173386485974559967e-01 3.571904455409584045e+10
7.245120350834306500e-01 3.713726789976958466e+10
7.317571554342650053e-01 3.787335622309705353e+10
7.390747269886076554e-01 3.800682343585582733e+10
7.464654742584937441e-01 3.772597702603005981e+10
7.539301290010786971e-01 3.635063684669392395e+10
7.614694302910893775e-01 2.818765827286570740e+10
7.690841245940003290e-01 9.678567796142114639e+09
7.767749658399403234e-01 3.301269377534682846e+10
7.845427154983398710e-01 4.548268479808985138e+10
7.923881426533231354e-01 5.298473825886215973e+10
8.003120240798563545e-01 5.937787925833256531e+10
8.083151443206548770e-01 6.370759382745050812e+10
8.163982957638614701e-01 6.627482220653787231e+10
8.245622787215000082e-01 7.306426921151762390e+10
8.328079015087149761e-01 7.777266794613201904e+10
8.411359805238021181e-01 8.259602315851170349e+10
8.495473403290402237e-01 8.718881128539483643e+10
8.580428137323306004e-01 9.050866728634861755e+10
8.666232418696537820e-01 8.464564506681756592e+10
8.752894742883503554e-01 8.838629908293878174e+10
8.840423690312340099e-01 9.695724403402896118e+10
8.928827927215462479e-01 1.002831535437884369e+11
9.018116206487618580e-01 1.069409456179362640e+11
9.108297368552494833e-01 1.126440565741752014e+11
9.199380342238018260e-01 1.148015706234843750e+11
9.291374145660399320e-01 1.048425911309211273e+11
9.384287887117003235e-01 1.090291467363566742e+11
9.478130765988174167e-01 1.140442911115222931e+11
9.572912073648053299e-01 1.171895235825448761e+11
9.668641194384535176e-01 1.198928091475585632e+11
9.765327606328380039e-01 1.232408695182967682e+11
9.862980882391664261e-01 1.300058104369525299e+11
9.961610691215579960e-01 1.340182619840610046e+11
1.006122679812773590e+00 1.323545080084480133e+11
1.016183906610901300e+00 1.441995677576871033e+11
1.026345745677010202e+00 1.543369313921090088e+11
1.036609203133780355e+00 1.631525049251711121e+11
1.046975295165118336e+00 1.692859210958544922e+11
1.057445048116769204e+00 1.753184116583461304e+11
1.068019498597936989e+00 1.801160806417090759e+11
1.078699693583916597e+00 1.845210207555397949e+11
1.089486690519755552e+00 1.783603600609931030e+11
1.100381557424953138e+00 1.630747607621293640e+11
1.111385372999202481e+00 1.583451758867953491e+11
1.122499226729194666e+00 1.603804933809850464e+11
1.133724218996486455e+00 1.556188042516546326e+11
1.145061461186451135e+00 1.611851244398936768e+11
1.156512075798315831e+00 1.639197812832669983e+11
1.168077196556299047e+00 1.663997866247122192e+11
1.179757968521861988e+00 1.641915897496779480e+11
1.191555548207080761e+00 1.801503665919747925e+11
1.203471103689151889e+00 1.919054616292225952e+11
1.215505814726043354e+00 2.024960997104863586e+11
1.227660872873303610e+00 2.115065896117014160e+11
1.239937481602036762e+00 2.185961667081610718e+11
1.252336856418057032e+00 2.252270780795130310e+11
1.264860224982237824e+00 2.302038165364966125e+11
1.277508827232060051e+00 2.314509294911500244e+11
1.290283915504380818e+00 2.317621031242122803e+11
1.303186754659424462e+00 2.303205695935529785e+11
1.316218622206019040e+00 2.257530934742771912e+11
1.329380808428079153e+00 1.930081964241533813e+11
1.342674616512359975e+00 1.437741258405526123e+11
1.356101362677483380e+00 1.313341730305111542e+11
1.369662376304258355e+00 1.314946625970082855e+11
1.383359000067300837e+00 1.365086907259232941e+11
1.397192590067974027e+00 1.324152137253735809e+11
1.411164515968653665e+00 1.260964443147027740e+11
1.425276161128340213e+00 1.210892221885620575e+11
1.439528922739623740e+00 1.254892421013499908e+11
1.453924211967019708e+00 1.366124241353148651e+11
1.468463454086690101e+00 1.362569110529995880e+11
1.483148088627556760e+00 1.421892531934107971e+11
1.497979569513832487e+00 1.495331751724772644e+11
1.512959365208970564e+00 1.588838388641404724e+11
1.528088958861060442e+00 1.682665025704448547e+11
1.543369848449671178e+00 1.776812594052224731e+11
1.558803546934167894e+00 1.905736746516763611e+11
1.574391582403509737e+00 2.045018783883437500e+11
1.590135498227544852e+00 2.152736828025782166e+11
1.606036853209820148e+00 2.222957976232958069e+11
1.622097221741918505e+00 2.336447485414754028e+11
1.638318193959337421e+00 2.395428579338581543e+11
1.654701375898931071e+00 2.432498070388801270e+11
1.671248389657920441e+00 2.483942634937055664e+11
1.687960873554499530e+00 2.474026056444769897e+11
1.704840482290044701e+00 2.355132150044252319e+11
1.721888887112944966e+00 2.132255986968307800e+11
1.739107775984074289e+00 2.018989592571044922e+11
1.756498853743915012e+00 1.907030926216488037e+11
1.774063842281354608e+00 1.735403699816598816e+11
1.791804480704168201e+00 1.644351199040311584e+11
1.809722525511209934e+00 1.531722856915787964e+11
1.827819750766321860e+00 1.514781334826557617e+11
1.846097948273984990e+00 1.408672758871678467e+11
1.864558927756724938e+00 1.336397236153135986e+11
1.883204517034292147e+00 1.428438877599648132e+11
1.902036562204635128e+00 1.479138763292238770e+11
1.921056927826681582e+00 1.487836309366331787e+11
1.940267497104948502e+00 1.452814910938788452e+11
1.959670172075998140e+00 1.447794534874672852e+11
1.979266873796758031e+00 1.425497255566675415e+11
1.999059542534725509e+00 1.396931297410541687e+11
2.019050137960073155e+00 1.420629864523344421e+11
2.039240639339673589e+00 1.464697025862619324e+11
2.059633045733070489e+00 1.519929506413550415e+11
2.080229376190401158e+00 1.573664070488198242e+11
2.101031669952305059e+00 1.657193456916036072e+11
2.122041986651828083e+00 1.716256911828174133e+11
2.143262406518346097e+00 1.773156574238737793e+11
2.164695030583529967e+00 1.811752439569228210e+11
2.186341980889365377e+00 1.810494974779388123e+11
2.208205400698258991e+00 1.809878378644167175e+11
2.230287454705241146e+00 1.797654622178568115e+11
2.252590329252293522e+00 1.781104657718750305e+11
2.275116232544817318e+00 1.749252177603367920e+11
2.297867394870265034e+00 1.638615790538968506e+11
2.320846068818967822e+00 1.553463691439320679e+11
2.344054529507157536e+00 1.499247223405165100e+11
2.367495074802228761e+00 1.439622022287395630e+11
2.391170025550251044e+00 1.369729576118706665e+11
2.415081725805753532e+00 1.270251344684615784e+11
2.439232543063811764e+00 1.175175447445878906e+11
2.463624868494449949e+00 1.103971870955205688e+11
2.488261117179394244e+00 1.044661930475069122e+11
2.513143728351188155e+00 9.562284176390370178e+10
2.538275165634700237e+00 9.203574298156044006e+10
2.563657917291046751e+00 8.936322873988175964e+10
2.589294496463957262e+00 8.825706336500569153e+10
2.615187441428596937e+00 8.981987156541603088e+10
2.641339315842882840e+00 8.919294007430139160e+10
2.667752709001311562e+00 8.776360072495516968e+10
2.694430236091324815e+00 8.315126963697662354e+10
2.721374538452237868e+00 8.088530290810430908e+10
2.748588283836760127e+00 7.886774963866766357e+10
2.776074166675128296e+00 7.556894239173248291e+10
2.803834908341879206e+00 7.541969499991468811e+10
2.831873257425297830e+00 7.306044287161087036e+10
2.860191989999551154e+00 7.240428636987184143e+10
2.888793909899546541e+00 7.261436663874206543e+10
2.917681848998542549e+00 6.868995988148668671e+10
2.946858667488527761e+00 6.971093331609858704e+10
2.976327254163412928e+00 6.835566479703127289e+10
3.006090526705047061e+00 6.890555372590890503e+10
3.036151431972097470e+00 6.789969634417987823e+10
3.066512946291818587e+00 6.932335051075419617e+10
3.097178075754736692e+00 6.837126329949339294e+10
3.128149856512283833e+00 6.866474630554183960e+10
3.159431355077406689e+00 6.867120582990899658e+10
3.191025668628181045e+00 6.864811981009130859e+10
3.222935925314462935e+00 6.894012463146180725e+10
3.255165284567607564e+00 6.971242838923545837e+10
3.287716937413283524e+00 6.928059724321263123e+10
3.320594106787416067e+00 6.952584432867901611e+10
3.353800047855290511e+00 6.853978061267008972e+10
3.387338048333843332e+00 6.814098731683214569e+10
3.421211428817182210e+00 6.786085563526606750e+10
3.455423543105353712e+00 6.780132061848001862e+10
3.489977778536407005e+00 6.659063292655385590e+10
3.524877556321771355e+00 6.571208829764054871e+10
3.560126331884988726e+00 6.557019994177993774e+10
3.595727595203838334e+00 6.494913242475286102e+10
3.631684871155877570e+00 6.429454514022682953e+10
3.668001719867436616e+00 6.329333313978922272e+10
3.704681737066110259e+00 6.328234458133602905e+10
3.741728554436771326e+00 6.258776405291989899e+10
3.779145839981139510e+00 6.203049928204463196e+10
3.816937298380950860e+00 6.082642672362897491e+10
3.855106671364760818e+00 6.011677176643019867e+10
3.893657738078407426e+00 5.896690740347560883e+10
3.932594315459191581e+00 5.747070519724648285e+10
3.971920258613783616e+00 5.524454550695544434e+10
4.011639461199922430e+00 5.288299807212835693e+10
4.051755855811920881e+00 5.065692749998378754e+10
4.092273414370040108e+00 4.744497727745983887e+10
4.133196148513740731e+00 4.594902356374944305e+10
4.174528109998877135e+00 4.390737943920350647e+10
4.216273391098866341e+00 4.097421477935221863e+10
4.258436125009854578e+00 3.768616706711932373e+10
4.301020486259953479e+00 3.610243339680891418e+10
4.344030691122553023e+00 3.423039425274190140e+10
4.387470998033777825e+00 3.257728538324810028e+10
4.431345708014116092e+00 3.108132919405214691e+10
4.475659165094256764e+00 3.003691317519225693e+10
4.520415756745198799e+00 2.907263409142040253e+10
4.565619914312651240e+00 2.824225084083654404e+10
4.611276113455778258e+00 2.787997998100625610e+10
4.657388874590335348e+00 2.736792209349156570e+10
4.703962763336238417e+00 2.672865244658504486e+10
4.751002390969600420e+00 2.595140635243468094e+10
4.798512414879296806e+00 2.516696391903131104e+10
4.846497539028090884e+00 2.451090844326883316e+10
4.894962514418371491e+00 2.375723850160704041e+10
4.943912139562555375e+00 2.294086135949996567e+10
4.993351260958180937e+00 2.247025418197705460e+10
5.043284773567762613e+00 2.163230738172746658e+10
5.093717621303440524e+00 2.126049358899114990e+10
5.144654797516475142e+00 2.049320364777329254e+10
5.196101345491639378e+00 1.996336990843232346e+10
5.248062358946555150e+00 1.953994920884390640e+10
5.300542982536021519e+00 1.883246908781678772e+10
5.353548412361381459e+00 1.838613686353194427e+10
5.407083896484995655e+00 1.771682839624935913e+10
5.461154735449845532e+00 1.738736910025390244e+10
5.515766282804344556e+00 1.686127020561410713e+10
5.570923945632387131e+00 1.624174135817149925e+10
5.626633185088711464e+00 1.592544278578792572e+10
5.682899516939598605e+00 1.536353560690752983e+10
5.739728512108993819e+00 1.490573233205727959e+10
5.797125797230084032e+00 1.453803442067593765e+10
5.855097055202384659e+00 1.399824572030359650e+10
5.913648025754409510e+00 1.375763772531946754e+10
5.972784506011953987e+00 1.348355515237664223e+10
6.032512351072073287e+00 1.303528809301711464e+10
6.092837474582792900e+00 1.300303507350826073e+10
6.153765849328621584e+00 1.282971331384223557e+10
6.215303507821907658e+00 1.252247784699903870e+10
6.277456542900125669e+00 1.220369165438076973e+10
6.340231108329128062e+00 1.180641862109862328e+10
6.403633419412418704e+00 1.114204204702971077e+10
6.467669753606543281e+00 1.027324823404133034e+10
6.532346451142608146e+00 9.705986817100585938e+09
6.597669915654034156e+00 9.024355938836153030e+09
6.663646614810574853e+00 8.704472542462507248e+09
6.730283080958680664e+00 8.718414473427045822e+09
6.797585911768267763e+00 8.300756799005427361e+09
6.865561770885950210e+00 8.104623709034196854e+09
6.934217388594810849e+00 7.960449532643354416e+09
7.003559562480758949e+00 7.844791844840171814e+09
7.073595158105566050e+00 7.492461275106970787e+09
7.144331109686621772e+00 7.340415536333635330e+09
7.215774420783487741e+00 7.187558181158045769e+09
7.287932164991324235e+00 6.958751173777920723e+09
7.360811486641236634e+00 6.719358692822754860e+09
7.434419601507648245e+00 6.519703931900137901e+09
7.508763797522725270e+00 6.353356718176667213e+09
7.583851435497953375e+00 6.081284730194910049e+09
7.659689949852931612e+00 5.968076365174904823e+09
7.736286849351461825e+00 5.715836234224126816e+09
7.813649717844977083e+00 5.685089043647963524e+09
7.891786215023426365e+00 5.264828413865731239e+09
7.970704077173661695e+00 5.221286325337447166e+09
8.050411117945397876e+00 5.039611638269750595e+09
8.130915229124850541e+00 4.874970118689232826e+09
8.212224381416099561e+00 4.727161928449575424e+09
8.294346625230261338e+00 4.556408178699078560e+09
8.377290091482562318e+00 4.424781238492761612e+09
8.461062992397387461e+00 4.319546331345909119e+09
8.545673622321363183e+00 4.201475409771090508e+09
8.631130358544575998e+00 4.124291440071403027e+09
8.717441662130022806e+00 3.970584266487968922e+09
8.804616078751321240e+00 3.861364238449283600e+09
8.892662239538834612e+00 3.808693276652988434e+09
8.981588861934222123e+00 3.652565185317007065e+09
9.071404750553567098e+00 3.583289200027676105e+09
9.162118798059102787e+00 3.493667065517614841e+09
9.253739986039693832e+00 3.358991971229304790e+09
9.346277385900089385e+00 3.299088758362999439e+09
9.439740159759089977e+00 3.164558310071815968e+09
9.534137561356683221e+00 3.126826266112746716e+09
9.629478936970249592e+00 2.970971702266284466e+09
9.725773726339950187e+00 2.920940343138013363e+09
9.823031463603349778e+00 2.835774707577304363e+09
9.921261778239381712e+00 2.695874557985468388e+09
1.002047439602177548e+01 2.643914416233477116e+09
1.012067913998199487e+01 2.543720971214490414e+09
1.022188593138181290e+01 2.476943288379064560e+09
1.032410479069563181e+01 2.362134911843905449e+09
1.042734583860258724e+01 2.271030432949226856e+09
1.053161929698861421e+01 2.206612666390958786e+09
1.063693548995849980e+01 2.130401346755784512e+09
1.074330484485808412e+01 2.052488212439291000e+09
1.085073789330666472e+01 1.994109993419815063e+09
1.095924527223973222e+01 1.884578391156198740e+09
1.106883772496212970e+01 1.822865945459663153e+09
1.117952610221174936e+01 1.756661044641170025e+09
1.129132136323386781e+01 1.694594360270309687e+09
1.140423457686620701e+01 1.645481272407637358e+09
1.151827692263487002e+01 1.570959160430094481e+09
1.163345969186121920e+01 1.517995698110635042e+09
1.174979428877982990e+01 1.431673060525681734e+09
1.186729223166762992e+01 1.392670351405959606e+09
1.198596515398430462e+01 1.355565021344138384e+09
1.210582480552414708e+01 1.290097648101161242e+09
1.222688305357938887e+01 1.255600426478168964e+09
1.234915188411518194e+01 1.206988831904150009e+09
1.247264340295633467e+01 1.141348769594378233e+09
1.259736983698589619e+01 1.107613209085279703e+09
1.272334353535575424e+01 1.074138911442930460e+09
1.285057697070931226e+01 1.031577798629771590e+09
1.297908274041640553e+01 9.821170780885549784e+08
1.310887356782057012e+01 9.628653421482716799e+08
1.323996230349877479e+01 9.108844652633602619e+08
1.337236192653376321e+01 8.857059338350514174e+08
1.350608554579910248e+01 8.433407694597012997e+08
1.364114640125709244e+01 8.256004928237425089e+08
1.377755786526966197e+01 7.838379277849355936e+08
1.391533344392236238e+01 7.648751175720295906e+08
1.405448677836158211e+01 7.349047797836104631e+08
1.419503164614519974e+01 6.931979201607722044e+08
1.433698196260665192e+01 6.790756430392572880e+08
1.448035178223271835e+01 6.478382417593624592e+08
1.462515530005504516e+01 6.227872373221451044e+08
1.477140685305559664e+01 6.109933588866178989e+08
1.491912092158615089e+01 5.738093148515666723e+08
1.506831213080201159e+01 5.618412280248599052e+08
1.521899525211003024e+01 5.424497703485590219e+08
1.537118520463113214e+01 5.185638914873653650e+08
1.552489705667744246e+01 4.995989978232190013e+08
1.568014602724421813e+01 4.823069481404746175e+08
1.583694748751665848e+01 4.672921820421862602e+08
1.599531696239182388e+01 4.472657907208536863e+08
1.615527013201574391e+01 4.272679816376395226e+08
1.631682283333590178e+01 4.186520744782305360e+08
1.647999106166925998e+01 3.970292855414978862e+08
1.664479097228595350e+01 3.812251521136109233e+08
1.681123888200881211e+01 3.754529804248114228e+08
1.697935127082889650e+01 3.639082213092909455e+08
1.714914478353718863e+01 3.416567309745317698e+08
1.732063623137256059e+01 3.275601675753918290e+08
1.749384259368628847e+01 3.217559108072392941e+08
1.766878101962314673e+01 3.047674526277830005e+08
1.784546882981938509e+01 2.982970419052562118e+08
1.802392351811757720e+01 2.874193650938071609e+08
1.820416275329875333e+01 2.748065452867028117e+08
1.838620438083173880e+01 2.670099991326931119e+08
1.857006642464005353e+01 2.487109065530953705e+08
1.875576708888645427e+01 2.456613313778408766e+08
1.894332475977532226e+01 2.371012212469863892e+08
1.913275800737307719e+01 2.306178913441036046e+08
1.969740769490774923e+01 2.039644280496376455e+08
2.068227807965313403e+01 1.694151358472224176e+08
2.171639198363579126e+01 1.408190651630781889e+08
2.280221158281758420e+01 1.180914674035396874e+08
2.394232216195846163e+01 9.782451341676616669e+07
2.513943827005638454e+01 8.105639301729790866e+07
2.639641018355920465e+01 6.767777856494238973e+07
2.771623069273716311e+01 5.602425897782887518e+07
2.910204222737402446e+01 4.662889827787903696e+07
3.055714433874272729e+01 3.813674245390257984e+07
3.208500155567985956e+01 3.213892941171158850e+07
3.368925163346385432e+01 2.620671159801793471e+07
3.537371421513704206e+01 2.155483181158062443e+07
3.714239992589390482e+01 1.798080970090869814e+07
3.899951992218858976e+01 1.501016905083528906e+07
4.094949591829801960e+01 1.225542881034794077e+07
4.299697071421292094e+01 1.022604331017125770e+07
4.514681924992356699e+01 8.473201576537298039e+06
4.740416021241974676e+01 7.041122738916354254e+06
4.977436822304073161e+01 5.818751282633197494e+06
5.226308663419276712e+01 4.817266249030300416e+06
5.487624096590241152e+01 4.002400112948820926e+06
5.762005301419753067e+01 3.305261356328517664e+06
6.050105566490740472e+01 2.761561215417764150e+06
6.352610844815276891e+01 2.260894664755281992e+06
6.670241387056040594e+01 1.889539009896495147e+06
7.003753456408843192e+01 1.573331340921580326e+06
7.353941129229284002e+01 1.284860834840280470e+06
7.721638185690748912e+01 1.074736472154591465e+06
8.107720094975286429e+01 8.801010958075533854e+05
8.513106099724051035e+01 7.293665652280662907e+05
8.938761404710253089e+01 6.224093512023848016e+05
9.385699474945765530e+01 5.060258180936119752e+05
