3.401114059005487245e-01 6.621598344228393555e+09
3.435125199595542300e-01 9.123829208747243881e+09
3.469476451591497201e-01 9.232141997310001373e+09
3.504171216107412334e-01 1.037545494400001907e+10
3.539212928268486436e-01 1.030133963733382797e+10
3.574605057551171750e-01 1.836118746094006348e+10
3.610351108126682584e-01 1.396996665514378166e+10
3.646454619207949999e-01 1.556441120188151741e+10
3.682919165400029282e-01 1.635096692547085953e+10
3.719748357054029064e-01 3.194692019207442093e+10
3.756945840624569266e-01 3.209082411353784180e+10
3.794515299030815081e-01 2.216028257221327209e+10
3.832460452021123065e-01 3.827692639108499146e+10
3.870785056541334312e-01 3.886788777604432678e+10
3.909492907106748016e-01 3.359290116054705429e+10
3.948587836177815391e-01 2.251671166041586304e+10
3.988073714539593917e-01 2.456885690663980865e+10
4.027954451684989667e-01 2.846344673698245239e+10
4.068233996201839342e-01 3.140270339593114853e+10
4.108916336163858096e-01 3.082350615799975204e+10
4.150005499525497021e-01 3.448812400240140533e+10
4.191505554520751908e-01 3.900640334199130249e+10
4.233420610065958822e-01 6.475098825701999664e+10
4.275754816166618122e-01 4.869434141520870972e+10
4.318512364328284114e-01 5.417923749908062744e+10
4.361697487971567533e-01 5.756564124305799103e+10
4.405314462851282475e-01 6.671346616913829041e+10
4.449367607479796094e-01 7.439869669675665283e+10
4.493861283554593800e-01 7.939968892689006042e+10
4.538799896390139921e-01 8.391711859382563782e+10
4.584187895354041031e-01 9.422390409322796631e+10
4.630029774307581336e-01 1.083370639998592072e+11
4.676330072050656761e-01 1.152373017917664642e+11
4.723093372771162701e-01 1.160226578462667999e+11
4.770324306498874289e-01 1.359322593102570953e+11
4.818027549563863032e-01 1.487738794282679138e+11
4.866207825059500891e-01 1.517628718290516052e+11
4.914869903310095656e-01 1.403199570407290344e+11
4.964018602343197584e-01 1.682600859595215454e+11
5.013658788366629482e-01 1.899910437915677185e+11
5.063795376250295188e-01 1.884733348317997742e+11
5.114433330012797541e-01 1.854701051297068787e+11
5.165577663312926893e-01 2.290243371813563538e+11
5.217233439946056262e-01 2.321463509760839844e+11
5.269405774345515825e-01 2.475033390397244568e+11
5.322099832088971194e-01 2.492452990936254883e+11
5.375320830409860973e-01 2.749224041798406372e+11
5.429074038713960215e-01 3.080013117152615356e+11
5.483364779101099762e-01 3.471313391036538696e+11
5.538198426892112503e-01 3.469787125391918335e+11
5.593580411161032107e-01 3.929989521651854858e+11
5.649516215272641917e-01 4.598571887883955688e+11
5.706011377425368458e-01 4.578961520579445190e+11
5.763071491199621699e-01 4.597271119125863647e+11
5.820702206111618704e-01 4.562475365867894897e+11
5.878909228172733981e-01 5.689599690180700684e+11
5.937698320454461998e-01 6.371743729134260254e+11
5.997075303659007428e-01 6.240731017779136963e+11
6.057046056695597480e-01 5.740285547934238281e+11
6.117616517262552955e-01 5.247849216368427124e+11
6.178792682435179096e-01 6.935452074634041748e+11
6.240580609259530620e-01 7.982290530566674805e+11
6.302986415352126448e-01 7.286530553318695068e+11
6.366016279505647413e-01 6.544642012115783691e+11
6.429676442300703565e-01 6.233702369132061768e+11
6.493973206723711034e-01 6.218964131537272949e+11
6.558912938790947278e-01 6.601401730181124268e+11
6.624502068178856895e-01 7.723877216522770996e+11
6.690747088860645730e-01 8.679956432422629395e+11
6.757654559749252110e-01 8.987726044801053467e+11
6.825231105346745153e-01 8.653865649450656738e+11
6.893483416400212338e-01 8.051423469468514404e+11
6.962418250564214039e-01 7.269139778339467773e+11
7.032042433069857212e-01 7.088786973204504395e+11
7.102362857400554841e-01 8.825276604735683594e+11
7.173386485974559967e-01 9.507068960029583740e+11
7.245120350834306500e-01 8.943332044885845947e+11
7.317571554342650053e-01 7.867407148894149170e+11
7.390747269886076554e-01 7.109616170365529785e+11
7.464654742584937441e-01 6.880854828988312988e+11
7.539301290010786971e-01 6.853567892282127686e+11
7.614694302910893775e-01 7.968469031381346436e+11
7.690841245940003290e-01 9.364362072939709473e+11
7.767749658399403234e-01 9.647060936043439941e+11
7.845427154983398710e-01 9.689686876580159912e+11
7.923881426533231354e-01 9.574363590355107422e+11
8.003120240798563545e-01 9.138726487288110352e+11
8.083151443206548770e-01 8.554427630789658203e+11
8.163982957638614701e-01 8.071487120168203125e+11
8.245622787215000082e-01 8.891817736695205078e+11
8.328079015087149761e-01 9.452742838569744873e+11
8.411359805238021181e-01 9.803663133883912354e+11
8.495473403290402237e-01 1.119657062548794922e+12
8.580428137323306004e-01 1.051630943435594360e+12
8.666232418696537820e-01 9.794776772219929199e+11
8.752894742883503554e-01 9.293777131542644043e+11
8.840423690312340099e-01 9.454499700413339844e+11
8.928827927215462479e-01 1.040968287416505005e+12
9.018116206487618580e-01 1.016828153703212158e+12
9.108297368552494833e-01 9.766012337878801270e+11
9.199380342238018260e-01 9.486213003639822998e+11
9.291374145660399320e-01 9.765143368362293701e+11
9.384287887117003235e-01 9.842684979874912109e+11
9.478130765988174167e-01 9.712472156554193115e+11
9.572912073648053299e-01 9.618393867492366943e+11
9.668641194384535176e-01 9.556426726791885986e+11
9.765327606328380039e-01 1.019006177866467285e+12
9.862980882391664261e-01 1.053891971532051514e+12
9.961610691215579960e-01 1.083104604100553345e+12
1.006122679812773590e+00 1.073265933245858276e+12
1.016183906610901300e+00 1.055370536795183838e+12
1.026345745677010202e+00 1.052782242969688843e+12
1.036609203133780355e+00 1.035497651679757080e+12
1.046975295165118336e+00 1.021684797003380127e+12
1.057445048116769204e+00 1.018683708569985474e+12
1.068019498597936989e+00 1.019192770637715454e+12
1.078699693583916597e+00 1.020904380843188477e+12
1.089486690519755552e+00 1.035867251861631958e+12
1.100381557424953138e+00 1.063792369673236206e+12
1.111385372999202481e+00 1.079072051942481812e+12
1.122499226729194666e+00 1.074171061966653564e+12
1.133724218996486455e+00 1.073744036388998901e+12
1.145061461186451135e+00 1.070239190091507324e+12
1.156512075798315831e+00 1.071354267320238037e+12
1.168077196556299047e+00 1.070447122149816284e+12
1.179757968521861988e+00 1.069591435429786255e+12
1.191555548207080761e+00 1.073271899327027100e+12
1.203471103689151889e+00 1.063579753838649414e+12
1.215505814726043354e+00 1.055189137394769897e+12
1.227660872873303610e+00 1.048138938584773804e+12
1.239937481602036762e+00 1.053203243970250977e+12
1.252336856418057032e+00 1.051801875682322388e+12
1.264860224982237824e+00 1.045502066989036743e+12
1.277508827232060051e+00 1.035923621460088867e+12
1.290283915504380818e+00 1.033780662693047729e+12
1.303186754659424462e+00 1.027410220532063110e+12
1.316218622206019040e+00 1.025438884052820068e+12
1.329380808428079153e+00 1.050989731258591919e+12
1.342674616512359975e+00 1.095439555744796021e+12
1.356101362677483380e+00 1.096865522315928467e+12
1.369662376304258355e+00 1.086034604922660889e+12
1.383359000067300837e+00 1.078070211627354248e+12
1.397192590067974027e+00 1.082984196748555908e+12
1.411164515968653665e+00 1.083555727014844116e+12
1.425276161128340213e+00 1.081194472137383545e+12
1.439528922739623740e+00 1.069149386837703735e+12
1.453924211967019708e+00 1.056136153604930908e+12
1.468463454086690101e+00 1.050197724369786255e+12
1.483148088627556760e+00 1.036925258329294800e+12
1.497979569513832487e+00 1.022188051569477051e+12
1.512959365208970564e+00 1.006208703543774292e+12
1.528088958861060442e+00 9.906744794417437744e+11
1.543369848449671178e+00 9.772035284740764160e+11
1.558803546934167894e+00 9.608683748275046387e+11
1.574391582403509737e+00 9.422577493670189209e+11
1.590135498227544852e+00 9.251219566208226318e+11
1.606036853209820148e+00 9.091942852260224609e+11
1.622097221741918505e+00 8.912840269967946777e+11
1.638318193959337421e+00 8.734272489840781250e+11
1.654701375898931071e+00 8.562823916352208252e+11
1.671248389657920441e+00 8.394362862327635498e+11
1.687960873554499530e+00 8.278559971839097900e+11
1.704840482290044701e+00 8.232006789651785889e+11
1.721888887112944966e+00 8.245527657045792236e+11
1.739107775984074289e+00 8.200940345869937744e+11
1.756498853743915012e+00 8.181246474893608398e+11
1.774063842281354608e+00 8.176277234041689453e+11
1.791804480704168201e+00 8.118359709769312744e+11
1.809722525511209934e+00 8.060680858047933350e+11
1.827819750766321860e+00 7.932672046218862305e+11
1.846097948273984990e+00 7.886893808561993408e+11
1.864558927756724938e+00 7.826914213569370117e+11
1.883204517034292147e+00 7.612800267136412354e+11
1.902036562204635128e+00 7.441929072132716064e+11
1.921056927826681582e+00 7.294871157793112793e+11
1.940267497104948502e+00 7.155854690390499268e+11
1.959670172075998140e+00 7.014746975563468018e+11
1.979266873796758031e+00 6.918435432334759521e+11
1.999059542534725509e+00 6.808853764225441895e+11
2.019050137960073155e+00 6.689513629113745117e+11
2.039240639339673589e+00 6.545522475052188721e+11
2.059633045733070489e+00 6.398902219306257324e+11
2.080229376190401158e+00 6.251704206006505127e+11
2.101031669952305059e+00 6.081015295466596680e+11
2.122041986651828083e+00 5.926240392027944336e+11
2.143262406518346097e+00 5.766088261971119385e+11
2.164695030583529967e+00 5.599620205434824219e+11
2.186341980889365377e+00 5.455897195003272705e+11
2.208205400698258991e+00 5.307609148035736694e+11
2.230287454705241146e+00 5.166703628750068970e+11
2.252590329252293522e+00 5.038131172652349854e+11
2.275116232544817318e+00 4.917499836462249146e+11
2.297867394870265034e+00 4.913844672380605469e+11
2.320846068818967822e+00 4.856597505507775269e+11
2.344054529507157536e+00 4.765910980998918457e+11
2.367495074802228761e+00 4.676623021370064087e+11
2.391170025550251044e+00 4.641765876699741821e+11
2.415081725805753532e+00 4.584472832673040771e+11
2.439232543063811764e+00 4.530253436779162598e+11
2.463624868494449949e+00 4.477130298125671997e+11
2.488261117179394244e+00 4.396531728206384277e+11
2.513143728351188155e+00 4.322828280942224121e+11
2.538275165634700237e+00 4.229704565740229492e+11
2.563657917291046751e+00 4.127959794770748901e+11
2.589294496463957262e+00 4.014556241703942261e+11
2.615187441428596937e+00 3.885063649324638672e+11
2.641339315842882840e+00 3.769961825425339355e+11
2.667752709001311562e+00 3.661952507048571167e+11
2.694430236091324815e+00 3.592101934923199463e+11
2.721374538452237868e+00 3.524237805990663452e+11
2.748588283836760127e+00 3.460159768818438110e+11
2.776074166675128296e+00 3.385547384451423340e+11
2.803834908341879206e+00 3.295277030374017944e+11
2.831873257425297830e+00 3.226381067705024414e+11
2.860191989999551154e+00 3.139918459237671509e+11
2.888793909899546541e+00 3.041969369775933838e+11
2.917681848998542549e+00 2.987762347266983643e+11
2.946858667488527761e+00 2.897577167428806763e+11
2.976327254163412928e+00 2.827471759438860474e+11
3.006090526705047061e+00 2.736258130374448242e+11
3.036151431972097470e+00 2.674508201483895264e+11
3.066512946291818587e+00 2.581073923994854431e+11
3.097178075754736692e+00 2.514707452533651733e+11
3.128149856512283833e+00 2.436973693441641235e+11
3.159431355077406689e+00 2.359647830048752747e+11
3.191025668628181045e+00 2.289148210125233459e+11
3.222935925314462935e+00 2.210993754262207336e+11
3.255165284567607564e+00 2.141272126932835388e+11
3.287716937413283524e+00 2.070780779504983521e+11
3.320594106787416067e+00 2.002228160257345276e+11
3.353800047855290511e+00 1.939494951029544067e+11
3.387338048333843332e+00 1.875323682825668335e+11
3.421211428817182210e+00 1.814829175298307190e+11
3.455423543105353712e+00 1.754434127360094910e+11
3.489977778536407005e+00 1.699234344953463745e+11
3.524877556321771355e+00 1.645586693474723511e+11
3.560126331884988726e+00 1.592416536146130066e+11
3.595727595203838334e+00 1.540104713666184387e+11
3.631684871155877570e+00 1.491929912944974976e+11
3.668001719867436616e+00 1.444880778834151917e+11
3.704681737066110259e+00 1.396980852495770874e+11
3.741728554436771326e+00 1.350266104556862335e+11
3.779145839981139510e+00 1.305842958998127136e+11
3.816937298380950860e+00 1.265239658123974304e+11
3.855106671364760818e+00 1.224305134538414917e+11
3.893657738078407426e+00 1.185846168790996094e+11
3.932594315459191581e+00 1.150267443317796173e+11
3.971920258613783616e+00 1.118929011647239532e+11
4.011639461199922430e+00 1.086970500500000916e+11
4.051755855811920881e+00 1.057488916584073334e+11
4.092273414370040108e+00 1.031374060672713470e+11
4.133196148513740731e+00 9.994132556837191772e+10
4.174528109998877135e+00 9.714568353109390259e+10
4.216273391098866341e+00 9.424586221838745117e+10
4.258436125009854578e+00 9.181157079717868042e+10
4.301020486259953479e+00 8.987094738566575623e+10
4.344030691122553023e+00 8.743135136974948120e+10
4.387470998033777825e+00 8.486827261326516724e+10
4.431345708014116092e+00 8.301117342364761353e+10
4.475659165094256764e+00 8.072814079869734192e+10
4.520415756745198799e+00 7.834487776949981689e+10
4.565619914312651240e+00 7.601975882026365662e+10
4.611276113455778258e+00 7.379420958629853821e+10
4.657388874590335348e+00 7.144219530744317627e+10
4.703962763336238417e+00 6.910243318498364258e+10
4.751002390969600420e+00 6.685055959241788483e+10
4.798512414879296806e+00 6.481605000254709625e+10
4.846497539028090884e+00 6.265763350930451965e+10
4.894962514418371491e+00 6.071944886510968018e+10
4.943912139562555375e+00 5.875351749663126373e+10
4.993351260958180937e+00 5.682351382999839783e+10
5.043284773567762613e+00 5.517236742602388763e+10
5.093717621303440524e+00 5.327485724692743683e+10
5.144654797516475142e+00 5.162172004768611908e+10
5.196101345491639378e+00 4.991042077814286041e+10
5.248062358946555150e+00 4.834901038518391418e+10
5.300542982536021519e+00 4.680141429011568451e+10
5.353548412361381459e+00 4.527736522664427185e+10
5.407083896484995655e+00 4.388204253944508362e+10
5.461154735449845532e+00 4.234733157978005219e+10
5.515766282804344556e+00 4.090970350227300262e+10
5.570923945632387131e+00 3.948159011780381775e+10
5.626633185088711464e+00 3.811215117575456238e+10
5.682899516939598605e+00 3.681196482398424530e+10
5.739728512108993819e+00 3.554378016066149139e+10
5.797125797230084032e+00 3.424732489865554047e+10
5.855097055202384659e+00 3.311348620306857681e+10
5.913648025754409510e+00 3.188645627016846085e+10
5.972784506011953987e+00 3.077776198830159760e+10
6.032512351072073287e+00 2.973998083462733078e+10
6.092837474582792900e+00 2.859888872303184509e+10
6.153765849328621584e+00 2.756032155819729996e+10
6.215303507821907658e+00 2.658951810002320480e+10
6.277456542900125669e+00 2.569686392648430634e+10
6.340231108329128062e+00 2.485424275920578003e+10
6.403633419412418704e+00 2.411168594949804688e+10
6.467669753606543281e+00 2.356539757292849350e+10
6.532346451142608146e+00 2.291281027971747208e+10
6.597669915654034156e+00 2.237297793903765488e+10
6.663646614810574853e+00 2.173749236707513428e+10
6.730283080958680664e+00 2.082704645940490341e+10
6.797585911768267763e+00 2.024070374095795441e+10
6.865561770885950210e+00 1.949346006871404266e+10
6.934217388594810849e+00 1.882768172811396027e+10
7.003559562480758949e+00 1.809906311078579712e+10
7.073595158105566050e+00 1.750810279848892212e+10
7.144331109686621772e+00 1.687190872989130211e+10
7.215774420783487741e+00 1.625624520245791626e+10
7.287932164991324235e+00 1.569396787815081406e+10
7.360811486641236634e+00 1.514261529070648193e+10
7.434419601507648245e+00 1.460183943521040344e+10
7.508763797522725270e+00 1.409002783548291779e+10
7.583851435497953375e+00 1.360543387592309189e+10
7.659689949852931612e+00 1.312016140399958038e+10
7.736286849351461825e+00 1.267489433510885811e+10
7.813649717844977083e+00 1.214687995632740784e+10
7.891786215023426365e+00 1.182883850201312065e+10
7.970704077173661695e+00 1.138300049697988510e+10
8.050411117945397876e+00 1.098664216154214287e+10
8.130915229124850541e+00 1.061791446539286995e+10
8.212224381416099561e+00 1.023215137577147102e+10
8.294346625230261338e+00 9.900990171865543365e+09
8.377290091482562318e+00 9.543492660691720963e+09
8.461062992397387461e+00 9.201620685140356064e+09
8.545673622321363183e+00 8.882131100541688919e+09
8.631130358544575998e+00 8.545039974085119247e+09
8.717441662130022806e+00 8.243809101588579178e+09
8.804616078751321240e+00 7.937016392537126541e+09
8.892662239538834612e+00 7.632488801792411804e+09
8.981588861934222123e+00 7.358924905616308212e+09
9.071404750553567098e+00 7.074717244253732681e+09
9.162118798059102787e+00 6.817773804822542191e+09
9.253739986039693832e+00 6.570425839716140747e+09
9.346277385900089385e+00 6.330807884049908638e+09
9.439740159759089977e+00 6.100372859976165771e+09
9.534137561356683221e+00 5.865907062877857208e+09
9.629478936970249592e+00 5.677264714075179100e+09
9.725773726339950187e+00 5.459394230985957146e+09
9.823031463603349778e+00 5.262950161668039322e+09
9.921261778239381712e+00 5.087868315240035057e+09
1.002047439602177548e+01 4.891945336827943802e+09
1.012067913998199487e+01 4.732052897997662544e+09
1.022188593138181290e+01 4.550429324905998230e+09
1.032410479069563181e+01 4.400524727108642578e+09
1.042734583860258724e+01 4.236951477567426682e+09
1.053161929698861421e+01 4.092261261737731457e+09
1.063693548995849980e+01 3.943933209890408516e+09
1.074330484485808412e+01 3.809341631381185532e+09
1.085073789330666472e+01 3.666227348551663399e+09
1.095924527223973222e+01 3.551278403556693554e+09
1.106883772496212970e+01 3.423442367305558205e+09
1.117952610221174936e+01 3.298344665129877567e+09
1.129132136323386781e+01 3.178266510488333225e+09
1.140423457686620701e+01 3.067034084516563892e+09
1.151827692263487002e+01 2.961345301974683285e+09
1.163345969186121920e+01 2.851870736156155109e+09
1.174979428877982990e+01 2.750693494461879253e+09
1.186729223166762992e+01 2.654324835667643070e+09
1.198596515398430462e+01 2.550512457739084721e+09
1.210582480552414708e+01 2.461177377057954311e+09
1.222688305357938887e+01 2.367519261542428970e+09
1.234915188411518194e+01 2.283604823014159203e+09
1.247264340295633467e+01 2.205484276370527744e+09
1.259736983698589619e+01 2.119058840884576082e+09
1.272334353535575424e+01 2.043806299945275545e+09
1.285057697070931226e+01 1.966565782486072540e+09
1.297908274041640553e+01 1.900122286816764355e+09
1.310887356782057012e+01 1.826460087093549967e+09
1.323996230349877479e+01 1.761435982987886906e+09
1.337236192653376321e+01 1.696380809165385008e+09
1.350608554579910248e+01 1.635904611759329319e+09
1.364114640125709244e+01 1.568102562583175421e+09
1.377755786526966197e+01 1.518937295929138184e+09
1.391533344392236238e+01 1.459312248104038239e+09
1.405448677836158211e+01 1.404044897663374901e+09
1.419503164614519974e+01 1.360202950834653616e+09
1.433698196260665192e+01 1.302265775472448826e+09
1.448035178223271835e+01 1.255493958496450186e+09
1.462515530005504516e+01 1.211540041948826790e+09
1.477140685305559664e+01 1.163831880211434603e+09
1.491912092158615089e+01 1.122803187281010151e+09
1.506831213080201159e+01 1.078534606995991468e+09
1.521899525211003024e+01 1.040052822074894071e+09
1.537118520463113214e+01 1.003610279279887080e+09
1.552489705667744246e+01 9.628844194354398251e+08
1.568014602724421813e+01 9.290165695149912834e+08
1.583694748751665848e+01 8.933277423070523739e+08
1.599531696239182388e+01 8.630690300012389421e+08
1.615527013201574391e+01 8.320092297548316717e+08
1.631682283333590178e+01 7.947936632302285433e+08
1.647999106166925998e+01 7.693416177605447769e+08
1.664479097228595350e+01 7.402656278716734648e+08
1.681123888200881211e+01 7.096536850299179554e+08
1.697935127082889650e+01 6.826279096380318403e+08
1.714914478353718863e+01 6.591017397952967882e+08
1.732063623137256059e+01 6.373756075976552963e+08
1.749384259368628847e+01 6.097796137829433680e+08
1.766878101962314673e+01 5.889963657789570093e+08
1.784546882981938509e+01 5.634198763286359310e+08
1.802392351811757720e+01 5.444836179434254169e+08
1.820416275329875333e+01 5.240797172993548512e+08
1.838620438083173880e+01 5.045609140783543587e+08
1.857006642464005353e+01 4.862484179280087352e+08
1.875576708888645427e+01 4.656176366342475414e+08
1.894332475977532226e+01 4.483977417389043570e+08
1.913275800737307719e+01 4.314602269242125750e+08
1.969740769490774923e+01 3.853362997370432019e+08
2.068227807965313403e+01 3.193994265849584937e+08
2.171639198363579126e+01 2.638854514314988256e+08
2.280221158281758420e+01 2.184080810840054750e+08
2.394232216195846163e+01 1.805832865654327869e+08
2.513943827005638454e+01 1.492836008866927028e+08
2.639641018355920465e+01 1.237820720333768129e+08
2.771623069273716311e+01 1.024381254634874463e+08
2.910204222737402446e+01 8.454102228134839237e+07
3.055714433874272729e+01 7.014803465864466131e+07
3.208500155567985956e+01 5.792390561225128919e+07
3.368925163346385432e+01 4.802338923005761206e+07
3.537371421513704206e+01 3.958197980938045681e+07
3.714239992589390482e+01 3.269893392441530898e+07
3.899951992218858976e+01 2.691698515803452209e+07
4.094949591829801960e+01 2.214849549299318343e+07
4.299697071421292094e+01 1.822342930030212551e+07
4.514681924992356699e+01 1.495428863100928254e+07
4.740416021241974676e+01 1.233639198274258710e+07
4.977436822304073161e+01 1.015771325367148221e+07
5.226308663419276712e+01 8.381184328458591364e+06
5.487624096590241152e+01 6.885780771127738059e+06
5.762005301419753067e+01 5.676714704913017340e+06
6.050105566490740472e+01 4.667471104768769816e+06
6.352610844815276891e+01 3.834798427689526696e+06
6.670241387056040594e+01 3.171710544274274260e+06
7.003753456408843192e+01 2.603148335476137698e+06
7.353941129229284002e+01 2.141663658492618706e+06
7.721638185690748912e+01 1.759856559721424943e+06
8.107720094975286429e+01 1.449884395717367763e+06
8.513106099724051035e+01 1.194100780205459800e+06
8.938761404710253089e+01 9.768528469830977265e+05
9.385699474945765530e+01 8.056770151156286011e+05
