3.401114059005487245e-01 2.294220061291370869e+09
3.435125199595542300e-01 6.749375859914331436e+08
3.469476451591497201e-01 6.779247168137814999e+08
3.504171216107412334e-01 1.345857430738280773e+09
3.539212928268486436e-01 2.765668750484543324e+09
3.574605057551171750e-01 6.471796838979370594e+08
3.610351108126682584e-01 1.554985237295130253e+09
3.646454619207949999e-01 2.166147437894968033e+09
3.682919165400029282e-01 1.861620865118089437e+09
3.719748357054029064e-01 5.447982676895976067e+08
3.756945840624569266e-01 8.112366502206351757e+08
3.794515299030815081e-01 2.049956440217153072e+09
3.832460452021123065e-01 9.065678204888243675e+08
3.870785056541334312e-01 9.382505947436438799e+08
3.909492907106748016e-01 1.334697645008772135e+09
3.948587836177815391e-01 2.225347137345093250e+09
3.988073714539593917e-01 6.071294111149331093e+09
4.027954451684989667e-01 8.072590688156174660e+09
4.068233996201839342e-01 7.380579137699192047e+09
4.108916336163858096e-01 9.265109740808500290e+09
4.150005499525497021e-01 5.909972141913530350e+09
4.191505554520751908e-01 3.884775581483056068e+09
4.233420610065958822e-01 2.589556346465342045e+09
4.275754816166618122e-01 4.218034898970620632e+09
4.318512364328284114e-01 5.663816740884002686e+09
4.361697487971567533e-01 7.425330195479592323e+09
4.405314462851282475e-01 6.851964983217874527e+09
4.449367607479796094e-01 6.930200058439659119e+09
4.493861283554593800e-01 9.015631594287710190e+09
4.538799896390139921e-01 9.848680636655456543e+09
4.584187895354041031e-01 1.055011361451436234e+10
4.630029774307581336e-01 1.031920538442518616e+10
4.676330072050656761e-01 1.106305907990562439e+10
4.723093372771162701e-01 1.157622331329827118e+10
4.770324306498874289e-01 1.047040310319317245e+10
4.818027549563863032e-01 1.164881258908053589e+10
4.866207825059500891e-01 1.332869877162500763e+10
4.914869903310095656e-01 1.522844371538235855e+10
4.964018602343197584e-01 1.435837613812318611e+10
5.013658788366629482e-01 1.417668660954663467e+10
5.063795376250295188e-01 1.509501475973657417e+10
5.114433330012797541e-01 1.632841995456335068e+10
5.165577663312926893e-01 1.671952459424152184e+10
5.217233439946056262e-01 1.867713008602635574e+10
5.269405774345515825e-01 2.019554219150188446e+10
5.322099832088971194e-01 2.204405840618178177e+10
5.375320830409860973e-01 2.352228557449655533e+10
5.429074038713960215e-01 2.494151638757323837e+10
5.483364779101099762e-01 2.641203086236833191e+10
5.538198426892112503e-01 2.890436920487022018e+10
5.593580411161032107e-01 3.070006310784346008e+10
5.649516215272641917e-01 3.254423695850358963e+10
5.706011377425368458e-01 3.528489241409019470e+10
5.763071491199621699e-01 3.783249023755851746e+10
5.820702206111618704e-01 4.081370392065629578e+10
5.878909228172733981e-01 4.113506483162854004e+10
5.937698320454461998e-01 4.416395721954533386e+10
5.997075303659007428e-01 4.841187214053723907e+10
6.057046056695597480e-01 5.274260040372605896e+10
6.117616517262552955e-01 5.649759861993733978e+10
6.178792682435179096e-01 5.653938483015416718e+10
6.240580609259530620e-01 5.886456361514965820e+10
6.302986415352126448e-01 6.589298930664885712e+10
6.366016279505647413e-01 7.117256414686614990e+10
6.429676442300703565e-01 7.566530247972431946e+10
6.493973206723711034e-01 8.027974314520484924e+10
6.558912938790947278e-01 8.475108391792446899e+10
6.624502068178856895e-01 8.861126032439801025e+10
6.690747088860645730e-01 9.163822729166856384e+10
6.757654559749252110e-01 9.617394092026631165e+10
6.825231105346745153e-01 1.026369145592063141e+11
6.893483416400212338e-01 1.093625551402742310e+11
6.962418250564214039e-01 1.156879149140524445e+11
7.032042433069857212e-01 1.208501340078964844e+11
7.102362857400554841e-01 1.221684054249375610e+11
7.173386485974559967e-01 1.283948292649161987e+11
7.245120350834306500e-01 1.377433649875491333e+11
7.317571554342650053e-01 1.455861494391453552e+11
7.390747269886076554e-01 1.522230662176642456e+11
7.464654742584937441e-01 1.588344835924133911e+11
7.539301290010786971e-01 1.655170307512882385e+11
7.614694302910893775e-01 1.718018201911037598e+11
7.690841245940003290e-01 1.786124053814985962e+11
7.767749658399403234e-01 1.857030702183338013e+11
7.845427154983398710e-01 1.934523688920011292e+11
7.923881426533231354e-01 2.010909261729704590e+11
8.003120240798563545e-01 2.085676823024162598e+11
8.083151443206548770e-01 2.156882158190231934e+11
8.163982957638614701e-01 2.222069719856198730e+11
8.245622787215000082e-01 2.295318795281301575e+11
8.328079015087149761e-01 2.372751337338602600e+11
8.411359805238021181e-01 2.450637982657313843e+11
8.495473403290402237e-01 2.541394601534766235e+11
8.580428137323306004e-01 2.623759754415883179e+11
8.666232418696537820e-01 2.701696136083907776e+11
8.752894742883503554e-01 2.775275260971630249e+11
8.840423690312340099e-01 2.836434094277937622e+11
8.928827927215462479e-01 2.913286835792262573e+11
9.018116206487618580e-01 2.990073960787457886e+11
9.108297368552494833e-01 3.057701213835145874e+11
9.199380342238018260e-01 3.125719541795588989e+11
9.291374145660399320e-01 3.226905577527659912e+11
9.384287887117003235e-01 3.303541352165468750e+11
9.478130765988174167e-01 3.370306495922452393e+11
9.572912073648053299e-01 3.440792123129771729e+11
9.668641194384535176e-01 3.513885223614729004e+11
9.765327606328380039e-01 3.603091072332774658e+11
9.862980882391664261e-01 3.680108558389945679e+11
9.961610691215579960e-01 3.766196246727146606e+11
1.006122679812773590e+00 3.836416864284144897e+11
1.016183906610901300e+00 3.889458391957611694e+11
1.026345745677010202e+00 3.953951463332037354e+11
1.036609203133780355e+00 4.002095974538673096e+11
1.046975295165118336e+00 4.058302549005427856e+11
1.057445048116769204e+00 4.128956294095553589e+11
1.068019498597936989e+00 4.183501810026630859e+11
1.078699693583916597e+00 4.224304754415766602e+11
1.089486690519755552e+00 4.291270097893496704e+11
1.100381557424953138e+00 4.376496384686005859e+11
1.111385372999202481e+00 4.435484419604760132e+11
1.122499226729194666e+00 4.486897079147937012e+11
1.133724218996486455e+00 4.549029084183001099e+11
1.145061461186451135e+00 4.599278100716414185e+11
1.156512075798315831e+00 4.640711724097776489e+11
1.168077196556299047e+00 4.687279036391772461e+11
1.179757968521861988e+00 4.746557511996828613e+11
1.191555548207080761e+00 4.775461833177025757e+11
1.203471103689151889e+00 4.806644417667922363e+11
1.215505814726043354e+00 4.828579364221976929e+11
1.227660872873303610e+00 4.846325106995465698e+11
1.239937481602036762e+00 4.879682019956323242e+11
1.252336856418057032e+00 4.904277835753526001e+11
1.264860224982237824e+00 4.912113780027074585e+11
1.277508827232060051e+00 4.921286052778795776e+11
1.290283915504380818e+00 4.947610831503516235e+11
1.303186754659424462e+00 4.967425120486318970e+11
1.316218622206019040e+00 4.993237838077935181e+11
1.329380808428079153e+00 5.049808502262288208e+11
1.342674616512359975e+00 5.093851528639715576e+11
1.356101362677483380e+00 5.109796302302575684e+11
1.369662376304258355e+00 5.127932405479987183e+11
1.383359000067300837e+00 5.129244125156223145e+11
1.397192590067974027e+00 5.129266001553769531e+11
1.411164515968653665e+00 5.128066926706477661e+11
1.425276161128340213e+00 5.125603774282407837e+11
1.439528922739623740e+00 5.118982208298727417e+11
1.453924211967019708e+00 5.110134935991258545e+11
1.468463454086690101e+00 5.101211906809848022e+11
1.483148088627556760e+00 5.088061082362874756e+11
1.497979569513832487e+00 5.071739777851481323e+11
1.512959365208970564e+00 5.051436180005328369e+11
1.528088958861060442e+00 5.029975008213796997e+11
1.543369848449671178e+00 5.006198186290915527e+11
1.558803546934167894e+00 4.978144578986439209e+11
1.574391582403509737e+00 4.945579865906026611e+11
1.590135498227544852e+00 4.911749096974094238e+11
1.606036853209820148e+00 4.875307336784981079e+11
1.622097221741918505e+00 4.834076564494320679e+11
1.638318193959337421e+00 4.790649740944501953e+11
1.654701375898931071e+00 4.746468244749411011e+11
1.671248389657920441e+00 4.697783073351646729e+11
1.687960873554499530e+00 4.658256524772623291e+11
1.704840482290044701e+00 4.630437422960526733e+11
1.721888887112944966e+00 4.607839436896132812e+11
1.739107775984074289e+00 4.569683507250358276e+11
1.756498853743915012e+00 4.530045678419793701e+11
1.774063842281354608e+00 4.487804805737908936e+11
1.791804480704168201e+00 4.440838086909718628e+11
1.809722525511209934e+00 4.393478581950412598e+11
1.827819750766321860e+00 4.346867775084899292e+11
1.846097948273984990e+00 4.297861213255349731e+11
1.864558927756724938e+00 4.243584081008264771e+11
1.883204517034292147e+00 4.199190109026273804e+11
1.902036562204635128e+00 4.151372576384033203e+11
1.921056927826681582e+00 4.097461995878569946e+11
1.940267497104948502e+00 4.040263989497290039e+11
1.959670172075998140e+00 3.983470251540295410e+11
1.979266873796758031e+00 3.929725066800997314e+11
1.999059542534725509e+00 3.875743149260326538e+11
2.019050137960073155e+00 3.823229169391496582e+11
2.039240639339673589e+00 3.770015536753406982e+11
2.059633045733070489e+00 3.716632124015291748e+11
2.080229376190401158e+00 3.661340622598916016e+11
2.101031669952305059e+00 3.604068801070016479e+11
2.122041986651828083e+00 3.546158405574260254e+11
2.143262406518346097e+00 3.487137885319006958e+11
2.164695030583529967e+00 3.426679696727867432e+11
2.186341980889365377e+00 3.367319664629310303e+11
2.208205400698258991e+00 3.307131568945713501e+11
2.230287454705241146e+00 3.246918392807106934e+11
2.252590329252293522e+00 3.188114372351057129e+11
2.275116232544817318e+00 3.130273937791217651e+11
2.297867394870265034e+00 3.073851830644074707e+11
2.320846068818967822e+00 3.020043905897199707e+11
2.344054529507157536e+00 2.967038785397319336e+11
2.367495074802228761e+00 2.912378619145419312e+11
2.391170025550251044e+00 2.858408479475495605e+11
2.415081725805753532e+00 2.803399354765189209e+11
2.439232543063811764e+00 2.745922926075481873e+11
2.463624868494449949e+00 2.684234805449819641e+11
2.488261117179394244e+00 2.626019777825411682e+11
2.513143728351188155e+00 2.567544829853583679e+11
2.538275165634700237e+00 2.512063174533305054e+11
2.563657917291046751e+00 2.461634364969942322e+11
2.589294496463957262e+00 2.411885672334948730e+11
2.615187441428596937e+00 2.368380394789001770e+11
2.641339315842882840e+00 2.321176495985555725e+11
2.667752709001311562e+00 2.266827889145333557e+11
2.694430236091324815e+00 2.209144055780011597e+11
2.721374538452237868e+00 2.158896286090050964e+11
2.748588283836760127e+00 2.110565774353404846e+11
2.776074166675128296e+00 2.062922056211130981e+11
2.803834908341879206e+00 2.019451454849079895e+11
2.831873257425297830e+00 1.970795662379234924e+11
2.860191989999551154e+00 1.924703814917870178e+11
2.888793909899546541e+00 1.883740910374356079e+11
2.917681848998542549e+00 1.834813167906683960e+11
2.946858667488527761e+00 1.796013075788833618e+11
2.976327254163412928e+00 1.751686041465394287e+11
3.006090526705047061e+00 1.715100926180964050e+11
3.036151431972097470e+00 1.671366237680496216e+11
3.066512946291818587e+00 1.635418393692995300e+11
3.097178075754736692e+00 1.596211120747148438e+11
3.128149856512283833e+00 1.558462763825598145e+11
3.159431355077406689e+00 1.522013788548521423e+11
3.191025668628181045e+00 1.484610756896886597e+11
3.222935925314462935e+00 1.449265339013914490e+11
3.255165284567607564e+00 1.413186409777233276e+11
3.287716937413283524e+00 1.377763397834991150e+11
3.320594106787416067e+00 1.342910568346061554e+11
3.353800047855290511e+00 1.308202942267459869e+11
3.387338048333843332e+00 1.274289704692968445e+11
3.421211428817182210e+00 1.241030832619904327e+11
3.455423543105353712e+00 1.208178591900894165e+11
3.489977778536407005e+00 1.176262963140176392e+11
3.524877556321771355e+00 1.144951991256343079e+11
3.560126331884988726e+00 1.114123242158101196e+11
3.595727595203838334e+00 1.084127535301107788e+11
3.631684871155877570e+00 1.054617152187263947e+11
3.668001719867436616e+00 1.025786025468558655e+11
3.704681737066110259e+00 9.974641533857023621e+10
3.741728554436771326e+00 9.696319438874887085e+10
3.779145839981139510e+00 9.424034821565440369e+10
3.816937298380950860e+00 9.159926129711859131e+10
3.855106671364760818e+00 8.902033390954232788e+10
3.893657738078407426e+00 8.649484878206776428e+10
3.932594315459191581e+00 8.406718810471401978e+10
3.971920258613783616e+00 8.172378689369706726e+10
4.011639461199922430e+00 7.941980214013584900e+10
4.051755855811920881e+00 7.717276157580064392e+10
4.092273414370040108e+00 7.498717998538279724e+10
4.133196148513740731e+00 7.281523866325350952e+10
4.174528109998877135e+00 7.071056516545619202e+10
4.216273391098866341e+00 6.869496830041166687e+10
4.258436125009854578e+00 6.669523837644326019e+10
4.301020486259953479e+00 6.472416357975292206e+10
4.344030691122553023e+00 6.272186690142721558e+10
4.387470998033777825e+00 6.081164228257203674e+10
4.431345708014116092e+00 5.895711034492695618e+10
4.475659165094256764e+00 5.718860690646446228e+10
4.520415756745198799e+00 5.544028527656545258e+10
4.565619914312651240e+00 5.372419091479139709e+10
4.611276113455778258e+00 5.207828127313689423e+10
4.657388874590335348e+00 5.056206011407617188e+10
4.703962763336238417e+00 4.901814961722254181e+10
4.751002390969600420e+00 4.757113128764603424e+10
4.798512414879296806e+00 4.615133045115054321e+10
4.846497539028090884e+00 4.473651817445425415e+10
4.894962514418371491e+00 4.333811684722931671e+10
4.943912139562555375e+00 4.198981519936421204e+10
4.993351260958180937e+00 4.072079734934615326e+10
5.043284773567762613e+00 3.941474269631398773e+10
5.093717621303440524e+00 3.820733369193383789e+10
5.144654797516475142e+00 3.698224425337741089e+10
5.196101345491639378e+00 3.584480405643772125e+10
5.248062358946555150e+00 3.472927112155429840e+10
5.300542982536021519e+00 3.362722206564803696e+10
5.353548412361381459e+00 3.259808782866877365e+10
5.407083896484995655e+00 3.155107520017927170e+10
5.461154735449845532e+00 3.058459074887882614e+10
5.515766282804344556e+00 2.961008904345170593e+10
5.570923945632387131e+00 2.864599682073353577e+10
5.626633185088711464e+00 2.774709187518685913e+10
5.682899516939598605e+00 2.684621143453641510e+10
5.739728512108993819e+00 2.598471070367000580e+10
5.797125797230084032e+00 2.517177871901863098e+10
5.855097055202384659e+00 2.434029252192316437e+10
5.913648025754409510e+00 2.358091740386207199e+10
5.972784506011953987e+00 2.282643752630569839e+10
6.032512351072073287e+00 2.208460279716929245e+10
6.092837474582792900e+00 2.139001962765641022e+10
6.153765849328621584e+00 2.070870570444126511e+10
6.215303507821907658e+00 2.003294875777795410e+10
6.277456542900125669e+00 1.938667206601977158e+10
6.340231108329128062e+00 1.874515681490670776e+10
6.403633419412418704e+00 1.810372164165897369e+10
6.467669753606543281e+00 1.745205490470309448e+10
6.532346451142608146e+00 1.685090818790243912e+10
6.597669915654034156e+00 1.621354872526735306e+10
6.663646614810574853e+00 1.568025317817535019e+10
6.730283080958680664e+00 1.520877812782278633e+10
6.797585911768267763e+00 1.466371354385498810e+10
6.865561770885950210e+00 1.419414374856238365e+10
6.934217388594810849e+00 1.372892559417332458e+10
7.003559562480758949e+00 1.328518798122089005e+10
7.073595158105566050e+00 1.282759075361770058e+10
7.144331109686621772e+00 1.240995328525672531e+10
7.215774420783487741e+00 1.200597959571745872e+10
7.287932164991324235e+00 1.159585526879336166e+10
7.360811486641236634e+00 1.119494774727254677e+10
7.434419601507648245e+00 1.082360831452203369e+10
7.508763797522725270e+00 1.045984519991043663e+10
7.583851435497953375e+00 1.009452567681103516e+10
7.659689949852931612e+00 9.764304066504104614e+09
7.736286849351461825e+00 9.419096038206266403e+09
7.813649717844977083e+00 9.116539996035076141e+09
7.891786215023426365e+00 8.777746861438922882e+09
7.970704077173661695e+00 8.489042362805291176e+09
8.050411117945397876e+00 8.202053839805026054e+09
8.130915229124850541e+00 7.917059929790651321e+09
8.212224381416099561e+00 7.645710138226207733e+09
8.294346625230261338e+00 7.378440032556560516e+09
8.377290091482562318e+00 7.129155084242765427e+09
8.461062992397387461e+00 6.887716826666591644e+09
8.545673622321363183e+00 6.652496523546919823e+09
8.631130358544575998e+00 6.431903150813763618e+09
8.717441662130022806e+00 6.206178653020106316e+09
8.804616078751321240e+00 5.991064807844226837e+09
8.892662239538834612e+00 5.791153947773705482e+09
8.981588861934222123e+00 5.587745015840494156e+09
9.071404750553567098e+00 5.394717293799672127e+09
9.162118798059102787e+00 5.208882727170859337e+09
9.253739986039693832e+00 5.027013388145566940e+09
9.346277385900089385e+00 4.856287463198360443e+09
9.439740159759089977e+00 4.680207685915527344e+09
9.534137561356683221e+00 4.521758105421086311e+09
9.629478936970249592e+00 4.359971258758425713e+09
9.725773726339950187e+00 4.209989403674433708e+09
9.823031463603349778e+00 4.062647691421473026e+09
9.921261778239381712e+00 3.914849299127059937e+09
1.002047439602177548e+01 3.780212904059167385e+09
1.012067913998199487e+01 3.644656831270027161e+09
1.022188593138181290e+01 3.517922011891608238e+09
1.032410479069563181e+01 3.390919703502607822e+09
1.042734583860258724e+01 3.270160123600283146e+09
1.053161929698861421e+01 3.155842598621368408e+09
1.063693548995849980e+01 3.042660124413435459e+09
1.074330484485808412e+01 2.933363957090219975e+09
1.085073789330666472e+01 2.829296046445954800e+09
1.095924527223973222e+01 2.724708086378441334e+09
1.106883772496212970e+01 2.629054006838455677e+09
1.117952610221174936e+01 2.533634312937541962e+09
1.129132136323386781e+01 2.442821448981440544e+09
1.140423457686620701e+01 2.355074819964488029e+09
1.151827692263487002e+01 2.269876155685728073e+09
1.163345969186121920e+01 2.189798388586394787e+09
1.174979428877982990e+01 2.108553785432304859e+09
1.186729223166762992e+01 2.033290702394487143e+09
1.198596515398430462e+01 1.960352033907595396e+09
1.210582480552414708e+01 1.888222766846928835e+09
1.222688305357938887e+01 1.821392424998008966e+09
1.234915188411518194e+01 1.754769068604873180e+09
1.247264340295633467e+01 1.689001293499083519e+09
1.259736983698589619e+01 1.629512697545697212e+09
1.272334353535575424e+01 1.571147677851448536e+09
1.285057697070931226e+01 1.513454220516438246e+09
1.297908274041640553e+01 1.457087863717928171e+09
1.310887356782057012e+01 1.405793509940939665e+09
1.323996230349877479e+01 1.352621799401674747e+09
1.337236192653376321e+01 1.304576407914549351e+09
1.350608554579910248e+01 1.255807757276865244e+09
1.364114640125709244e+01 1.211820386146020412e+09
1.377755786526966197e+01 1.167079299163476229e+09
1.391533344392236238e+01 1.125067184142872810e+09
1.405448677836158211e+01 1.083957323720179558e+09
1.419503164614519974e+01 1.042288463122275472e+09
1.433698196260665192e+01 1.005402567177409768e+09
1.448035178223271835e+01 9.682759924493694305e+08
1.462515530005504516e+01 9.323759050070532560e+08
1.477140685305559664e+01 8.997527741717764139e+08
1.491912092158615089e+01 8.659696880098494291e+08
1.506831213080201159e+01 8.348444280153836012e+08
1.521899525211003024e+01 8.036784549960799217e+08
1.537118520463113214e+01 7.737741573098567724e+08
1.552489705667744246e+01 7.459200642275180817e+08
1.568014602724421813e+01 7.181759911810801029e+08
1.583694748751665848e+01 6.923957458218486309e+08
1.599531696239182388e+01 6.664274081826965809e+08
1.615527013201574391e+01 6.414450619547505379e+08
1.631682283333590178e+01 6.184918616377284527e+08
1.647999106166925998e+01 5.952534257899284363e+08
1.664479097228595350e+01 5.735921566774046421e+08
1.681123888200881211e+01 5.528748495205730200e+08
1.697935127082889650e+01 5.328007824431855679e+08
1.714914478353718863e+01 5.118042802161869407e+08
1.732063623137256059e+01 4.927097489133166075e+08
1.749384259368628847e+01 4.756474549080296159e+08
1.766878101962314673e+01 4.573972284597735405e+08
1.784546882981938509e+01 4.410047677813134193e+08
1.802392351811757720e+01 4.244821522956136465e+08
1.820416275329875333e+01 4.089227354285884500e+08
1.838620438083173880e+01 3.934644908026716709e+08
1.857006642464005353e+01 3.783474362256695032e+08
1.875576708888645427e+01 3.651972803505319357e+08
1.894332475977532226e+01 3.508554761742626429e+08
1.913275800737307719e+01 3.383571128956460953e+08
1.969740769490774923e+01 3.027058241207993627e+08
2.068227807965313403e+01 2.512497726708750129e+08
2.171639198363579126e+01 2.084527887978020608e+08
2.280221158281758420e+01 1.729501399493867159e+08
2.394232216195846163e+01 1.433547552924427986e+08
2.513943827005638454e+01 1.188385439066131264e+08
2.639641018355920465e+01 9.845919058505451679e+07
2.771623069273716311e+01 8.150335420542600751e+07
2.910204222737402446e+01 6.750344654720795155e+07
3.055714433874272729e+01 5.582441653613182902e+07
3.208500155567985956e+01 4.619096175185924768e+07
3.368925163346385432e+01 3.818137722111403197e+07
3.537371421513704206e+01 3.151471887855410576e+07
3.714239992589390482e+01 2.609549515006876364e+07
3.899951992218858976e+01 2.158351980191185325e+07
4.094949591829801960e+01 1.783958194935980067e+07
4.299697071421292094e+01 1.474354364760959707e+07
4.514681924992356699e+01 1.217382953633967414e+07
4.740416021241974676e+01 1.006680729141464271e+07
4.977436822304073161e+01 8.312495213212371804e+06
5.226308663419276712e+01 6.862078467920911498e+06
5.487624096590241152e+01 5.669354102836530656e+06
5.762005301419753067e+01 4.673847149077278562e+06
6.050105566490740472e+01 3.858694709767117165e+06
6.352610844815276891e+01 3.184764117030531168e+06
6.670241387056040594e+01 2.627902035590679385e+06
7.003753456408843192e+01 2.167409099723608699e+06
7.353941129229284002e+01 1.788342653372821631e+06
7.721638185690748912e+01 1.475590644636663143e+06
8.107720094975286429e+01 1.216208281403170433e+06
8.513106099724051035e+01 1.002869121846559108e+06
8.938761404710253089e+01 8.267758787640311057e+05
9.385699474945765530e+01 6.819660225402850192e+05
