3.401114059005487245e-01 1.362222785758065338e+11
3.435125199595542300e-01 1.943415855934330139e+11
3.469476451591497201e-01 1.730363401786404419e+11
3.504171216107412334e-01 1.847530259474014893e+11
3.539212928268486436e-01 2.000857436157305298e+11
3.574605057551171750e-01 4.082716406772342529e+11
3.610351108126682584e-01 3.026227768838192139e+11
3.646454619207949999e-01 3.029324024480321655e+11
3.682919165400029282e-01 2.941796692805661621e+11
3.719748357054029064e-01 5.629356296940062256e+11
3.756945840624569266e-01 5.664017861251282959e+11
3.794515299030815081e-01 3.832533566906310425e+11
3.832460452021123065e-01 6.730285932047283936e+11
3.870785056541334312e-01 5.844672216970319824e+11
3.909492907106748016e-01 4.735200837605699463e+11
3.948587836177815391e-01 3.022661247101870117e+11
3.988073714539593917e-01 2.717714264903580627e+11
4.027954451684989667e-01 2.878950351147725830e+11
4.068233996201839342e-01 3.614576915026170044e+11
4.108916336163858096e-01 2.429770867504714966e+11
4.150005499525497021e-01 3.290184218465292358e+11
4.191505554520751908e-01 3.735086700135574951e+11
4.233420610065958822e-01 4.907611994742639160e+11
4.275754816166618122e-01 4.031506106744265747e+11
4.318512364328284114e-01 4.141802468143320312e+11
4.361697487971567533e-01 3.428959684611446533e+11
4.405314462851282475e-01 4.687705139921043701e+11
4.449367607479796094e-01 4.231070302869561768e+11
4.493861283554593800e-01 3.900267112432182617e+11
4.538799896390139921e-01 3.690122277611250610e+11
4.584187895354041031e-01 3.984138034407028198e+11
4.630029774307581336e-01 4.158772628340203857e+11
4.676330072050656761e-01 4.494511619270860596e+11
4.723093372771162701e-01 4.463982677021942749e+11
4.770324306498874289e-01 4.824596482773931885e+11
4.818027549563863032e-01 5.098471766890371094e+11
4.866207825059500891e-01 5.653836309385858154e+11
4.914869903310095656e-01 5.586820575860751953e+11
4.964018602343197584e-01 6.182705302305759277e+11
5.013658788366629482e-01 7.055284906720649414e+11
5.063795376250295188e-01 7.536265100235173340e+11
5.114433330012797541e-01 7.889963290864775391e+11
5.165577663312926893e-01 9.426593427457519531e+11
5.217233439946056262e-01 8.907786414852396240e+11
5.269405774345515825e-01 8.938812182209063721e+11
5.322099832088971194e-01 8.413027256241328125e+11
5.375320830409860973e-01 9.217922491219155273e+11
5.429074038713960215e-01 1.074090335114172363e+12
5.483364779101099762e-01 1.045563368941796997e+12
5.538198426892112503e-01 1.004378637493140137e+12
5.593580411161032107e-01 1.126991610341473633e+12
5.649516215272641917e-01 1.253613072388517334e+12
5.706011377425368458e-01 1.224105883082572998e+12
5.763071491199621699e-01 1.224071027020242676e+12
5.820702206111618704e-01 1.190148130513000732e+12
5.878909228172733981e-01 1.439889022148700195e+12
5.937698320454461998e-01 1.586773748888850342e+12
5.997075303659007428e-01 1.567788396787822754e+12
6.057046056695597480e-01 1.434342758773633057e+12
6.117616517262552955e-01 1.332826199887732178e+12
6.178792682435179096e-01 1.661786585310826172e+12
6.240580609259530620e-01 1.942582836861896240e+12
6.302986415352126448e-01 1.740303027274443359e+12
6.366016279505647413e-01 1.572712166053323242e+12
6.429676442300703565e-01 1.486133686402442627e+12
6.493973206723711034e-01 1.462963717379082275e+12
6.558912938790947278e-01 1.520453772875611572e+12
6.624502068178856895e-01 1.773152230581654541e+12
6.690747088860645730e-01 1.960677237051018066e+12
6.757654559749252110e-01 2.003292309090213379e+12
6.825231105346745153e-01 1.931070390691634521e+12
6.893483416400212338e-01 1.762817348475940918e+12
6.962418250564214039e-01 1.596071267717142578e+12
7.032042433069857212e-01 1.510183156568801758e+12
7.102362857400554841e-01 1.852039556972250488e+12
7.173386485974559967e-01 2.004197735138345459e+12
7.245120350834306500e-01 1.859467655511186523e+12
7.317571554342650053e-01 1.622269528991865723e+12
7.390747269886076554e-01 1.420313747173723389e+12
7.464654742584937441e-01 1.345372891437466064e+12
7.539301290010786971e-01 1.303562914858529297e+12
7.614694302910893775e-01 1.513229206974716064e+12
7.690841245940003290e-01 1.821966201528115479e+12
7.767749658399403234e-01 1.873407676850156494e+12
7.845427154983398710e-01 1.869744997025421143e+12
7.923881426533231354e-01 1.862706591596808105e+12
8.003120240798563545e-01 1.720490297731784668e+12
8.083151443206548770e-01 1.589803983199143311e+12
8.163982957638614701e-01 1.422985026322546875e+12
8.245622787215000082e-01 1.594354050762950195e+12
8.328079015087149761e-01 1.741387700290943359e+12
8.411359805238021181e-01 1.781614109553174561e+12
8.495473403290402237e-01 2.062992531166147949e+12
8.580428137323306004e-01 1.912063784365386719e+12
8.666232418696537820e-01 1.775357533381940674e+12
8.752894742883503554e-01 1.611186222766550537e+12
8.840423690312340099e-01 1.632950990496792725e+12
8.928827927215462479e-01 1.769711336628010986e+12
9.018116206487618580e-01 1.748727165743850830e+12
9.108297368552494833e-01 1.655083545826141113e+12
9.199380342238018260e-01 1.532870519993435547e+12
9.291374145660399320e-01 1.561794608022520264e+12
9.384287887117003235e-01 1.581985060697695801e+12
9.478130765988174167e-01 1.504802567273273438e+12
9.572912073648053299e-01 1.469334421979296143e+12
9.668641194384535176e-01 1.427990341676653320e+12
9.765327606328380039e-01 1.564826434894998535e+12
9.862980882391664261e-01 1.641057368235567871e+12
9.961610691215579960e-01 1.748819711828224365e+12
1.006122679812773590e+00 1.697774108932151123e+12
1.016183906610901300e+00 1.631010330119397461e+12
1.026345745677010202e+00 1.620557515876215576e+12
1.036609203133780355e+00 1.562761807483429688e+12
1.046975295165118336e+00 1.487983509788336670e+12
1.057445048116769204e+00 1.458867605802804932e+12
1.068019498597936989e+00 1.451074800633935303e+12
1.078699693583916597e+00 1.442665257535107178e+12
1.089486690519755552e+00 1.466915446319002197e+12
1.100381557424953138e+00 1.502607594179481201e+12
1.111385372999202481e+00 1.523001678738812744e+12
1.122499226729194666e+00 1.493544244391060303e+12
1.133724218996486455e+00 1.483807425977303467e+12
1.145061461186451135e+00 1.463409584809727051e+12
1.156512075798315831e+00 1.472084834208912842e+12
1.168077196556299047e+00 1.460299290649744629e+12
1.179757968521861988e+00 1.430962108350000977e+12
1.191555548207080761e+00 1.473106093862178711e+12
1.203471103689151889e+00 1.412267333484862793e+12
1.215505814726043354e+00 1.383242937871689941e+12
1.227660872873303610e+00 1.361167160915072266e+12
1.239937481602036762e+00 1.373061664253345215e+12
1.252336856418057032e+00 1.367161005478956543e+12
1.264860224982237824e+00 1.350302244122037109e+12
1.277508827232060051e+00 1.320716461605590332e+12
1.290283915504380818e+00 1.320648913931138428e+12
1.303186754659424462e+00 1.299801243686855225e+12
1.316218622206019040e+00 1.289667151238801758e+12
1.329380808428079153e+00 1.345355644184436279e+12
1.342674616512359975e+00 1.440493182680130127e+12
1.356101362677483380e+00 1.445486773784896240e+12
1.369662376304258355e+00 1.420048216102076660e+12
1.383359000067300837e+00 1.397984251431310303e+12
1.397192590067974027e+00 1.413938971322000000e+12
1.411164515968653665e+00 1.419804246129816162e+12
1.425276161128340213e+00 1.425884254702142090e+12
1.439528922739623740e+00 1.398280815825406494e+12
1.453924211967019708e+00 1.380412879044872803e+12
1.468463454086690101e+00 1.370524108817987305e+12
1.483148088627556760e+00 1.341764415051292969e+12
1.497979569513832487e+00 1.318596890414179443e+12
1.512959365208970564e+00 1.284249718290364502e+12
1.528088958861060442e+00 1.257916369194239258e+12
1.543369848449671178e+00 1.230527087096942139e+12
1.558803546934167894e+00 1.208026206364900391e+12
1.574391582403509737e+00 1.171136358895410889e+12
1.590135498227544852e+00 1.146692849757912354e+12
1.606036853209820148e+00 1.111277827801834473e+12
1.622097221741918505e+00 1.083075433411775513e+12
1.638318193959337421e+00 1.045395085321050659e+12
1.654701375898931071e+00 1.016104237556899780e+12
1.671248389657920441e+00 9.875216417815270996e+11
1.687960873554499530e+00 9.720040913481431885e+11
1.704840482290044701e+00 9.692396303728646240e+11
1.721888887112944966e+00 9.832192661205268555e+11
1.739107775984074289e+00 9.835904576110257568e+11
1.756498853743915012e+00 9.915506382390310059e+11
1.774063842281354608e+00 1.001533635430120850e+12
1.791804480704168201e+00 9.998919049490050049e+11
1.809722525511209934e+00 9.981656776049975586e+11
1.827819750766321860e+00 9.816950570974138184e+11
1.846097948273984990e+00 9.833406383959700928e+11
1.864558927756724938e+00 9.815441336370936279e+11
1.883204517034292147e+00 9.470565327268148193e+11
1.902036562204635128e+00 9.208692700664906006e+11
1.921056927826681582e+00 8.996917652928681641e+11
1.940267497104948502e+00 8.805497171836621094e+11
1.959670172075998140e+00 8.569540646693804932e+11
1.979266873796758031e+00 8.497414106736782227e+11
1.999059542534725509e+00 8.341692578720501709e+11
2.019050137960073155e+00 8.211393372068605957e+11
2.039240639339673589e+00 8.016075022648695068e+11
2.059633045733070489e+00 7.849815328410893555e+11
2.080229376190401158e+00 7.631276115648398438e+11
2.101031669952305059e+00 7.373004282349404297e+11
2.122041986651828083e+00 7.150316154483851318e+11
2.143262406518346097e+00 6.903701453274925537e+11
2.164695030583529967e+00 6.635278820562955322e+11
2.186341980889365377e+00 6.416369268789459229e+11
2.208205400698258991e+00 6.182566224555976562e+11
2.230287454705241146e+00 5.978003187315549316e+11
2.252590329252293522e+00 5.789442359480798340e+11
2.275116232544817318e+00 5.615048188715975342e+11
2.297867394870265034e+00 5.834717514460751953e+11
2.320846068818967822e+00 5.839463822011343994e+11
2.344054529507157536e+00 5.752561812194967041e+11
2.367495074802228761e+00 5.647902349911298828e+11
2.391170025550251044e+00 5.745851177558197021e+11
2.415081725805753532e+00 5.687659855410463867e+11
2.439232543063811764e+00 5.626890259416295166e+11
2.463624868494449949e+00 5.587370764365134277e+11
2.488261117179394244e+00 5.524059859795447998e+11
2.513143728351188155e+00 5.426590728660701294e+11
2.538275165634700237e+00 5.272325824576844482e+11
2.563657917291046751e+00 5.134952560111543579e+11
2.589294496463957262e+00 4.970252309795415039e+11
2.615187441428596937e+00 4.773502291532888184e+11
2.641339315842882840e+00 4.603234836639100952e+11
2.667752709001311562e+00 4.442487618910324707e+11
2.694430236091324815e+00 4.348530633345579224e+11
2.721374538452237868e+00 4.267926956966560669e+11
2.748588283836760127e+00 4.202783555387382202e+11
2.776074166675128296e+00 4.120121557574726562e+11
2.803834908341879206e+00 4.007235285142420044e+11
2.831873257425297830e+00 3.931759833402325439e+11
2.860191989999551154e+00 3.820726701325465088e+11
2.888793909899546541e+00 3.688052490456403198e+11
2.917681848998542549e+00 3.631754882279488525e+11
2.946858667488527761e+00 3.517782090567817383e+11
2.976327254163412928e+00 3.432080345847840576e+11
3.006090526705047061e+00 3.313237579548805542e+11
3.036151431972097470e+00 3.242491140680405273e+11
3.066512946291818587e+00 3.116877522873726196e+11
3.097178075754736692e+00 3.040386146716624146e+11
3.128149856512283833e+00 2.939410686054854126e+11
3.159431355077406689e+00 2.839646056478849487e+11
3.191025668628181045e+00 2.749954881574211426e+11
3.222935925314462935e+00 2.645440352027886047e+11
3.255165284567607564e+00 2.555685024228868408e+11
3.287716937413283524e+00 2.462921516144064331e+11
3.320594106787416067e+00 2.371661617097288818e+11
3.353800047855290511e+00 2.289286527622614136e+11
3.387338048333843332e+00 2.202537807589896545e+11
3.421211428817182210e+00 2.123600670168174133e+11
3.455423543105353712e+00 2.041691632965720825e+11
3.489977778536407005e+00 1.969936905101151733e+11
3.524877556321771355e+00 1.900558884790961914e+11
3.560126331884988726e+00 1.831223254395918579e+11
3.595727595203838334e+00 1.762815778464677734e+11
3.631684871155877570e+00 1.702288115464804077e+11
3.668001719867436616e+00 1.643183510446171265e+11
3.704681737066110259e+00 1.582639374183480225e+11
3.741728554436771326e+00 1.520848992920715942e+11
3.779145839981139510e+00 1.464389508316716309e+11
3.816937298380950860e+00 1.415547038018070679e+11
3.855106671364760818e+00 1.364821401897264404e+11
3.893657738078407426e+00 1.318967705493232422e+11
3.932594315459191581e+00 1.278427381388697510e+11
3.971920258613783616e+00 1.247136252468565216e+11
4.011639461199922430e+00 1.211785638012537231e+11
4.051755855811920881e+00 1.182279723857498474e+11
4.092273414370040108e+00 1.158311109950799408e+11
4.133196148513740731e+00 1.120842956838246613e+11
4.174528109998877135e+00 1.091263600727200165e+11
4.216273391098866341e+00 1.058329526021541138e+11
4.258436125009854578e+00 1.035241148155429535e+11
4.301020486259953479e+00 1.041721205181086426e+11
4.344030691122553023e+00 1.018965054304484558e+11
4.387470998033777825e+00 1.004066446719441528e+11
4.431345708014116092e+00 9.962709147532797241e+10
4.475659165094256764e+00 9.828227394907611084e+10
4.520415756745198799e+00 9.565553884942810059e+10
4.565619914312651240e+00 9.277943250673490906e+10
4.611276113455778258e+00 9.046723461797578430e+10
4.657388874590335348e+00 8.693615805140873718e+10
4.703962763336238417e+00 8.380933302556422424e+10
4.751002390969600420e+00 8.078668534349838257e+10
4.798512414879296806e+00 7.830285668956373596e+10
4.846497539028090884e+00 7.524517437731327820e+10
4.894962514418371491e+00 7.301261440502372742e+10
4.943912139562555375e+00 7.046822980259030151e+10
4.993351260958180937e+00 6.809198089270687866e+10
5.043284773567762613e+00 6.616708398162351990e+10
5.093717621303440524e+00 6.361530100806305695e+10
5.144654797516475142e+00 6.156331665149826050e+10
5.196101345491639378e+00 5.931750713710302734e+10
5.248062358946555150e+00 5.740677884685572815e+10
5.300542982536021519e+00 5.533434588060746002e+10
5.353548412361381459e+00 5.334282666915114594e+10
5.407083896484995655e+00 5.160393710408374023e+10
5.461154735449845532e+00 4.975637894848957825e+10
5.515766282804344556e+00 4.791991968467331696e+10
5.570923945632387131e+00 4.610693302169880676e+10
5.626633185088711464e+00 4.445496317679106903e+10
5.682899516939598605e+00 4.277703623762720490e+10
5.739728512108993819e+00 4.131117214682130432e+10
5.797125797230084032e+00 3.958603935624964142e+10
5.855097055202384659e+00 3.820955793203398895e+10
5.913648025754409510e+00 3.660128097912680817e+10
5.972784506011953987e+00 3.521679866492752075e+10
6.032512351072073287e+00 3.398532021615938568e+10
6.092837474582792900e+00 3.255720571568543625e+10
6.153765849328621584e+00 3.128715273629164124e+10
6.215303507821907658e+00 3.011246130253188324e+10
6.277456542900125669e+00 2.910340141560561752e+10
6.340231108329128062e+00 2.812883646238448715e+10
6.403633419412418704e+00 2.733075316284466934e+10
6.467669753606543281e+00 2.685732233586103439e+10
6.532346451142608146e+00 2.618169199772189331e+10
6.597669915654034156e+00 2.565177915561636734e+10
6.663646614810574853e+00 2.501587507128595734e+10
6.730283080958680664e+00 2.391608635085123062e+10
6.797585911768267763e+00 2.327924021907823944e+10
6.865561770885950210e+00 2.240053999165755844e+10
6.934217388594810849e+00 2.165580165365059280e+10
7.003559562480758949e+00 2.076256987168210983e+10
7.073595158105566050e+00 2.009458798296400070e+10
7.144331109686621772e+00 1.934781173684446716e+10
7.215774420783487741e+00 1.863342659627196503e+10
7.287932164991324235e+00 1.798409890910063934e+10
7.360811486641236634e+00 1.731271939989989853e+10
7.434419601507648245e+00 1.669629814252503204e+10
7.508763797522725270e+00 1.611076322040393066e+10
7.583851435497953375e+00 1.553877174895830345e+10
7.659689949852931612e+00 1.498126676870864487e+10
7.736286849351461825e+00 1.447262653972317314e+10
7.813649717844977083e+00 1.382803429770828438e+10
7.891786215023426365e+00 1.351450408461248016e+10
7.970704077173661695e+00 1.298510230983996010e+10
8.050411117945397876e+00 1.253915698094389725e+10
8.130915229124850541e+00 1.212707587199713707e+10
8.212224381416099561e+00 1.168021612546487808e+10
8.294346625230261338e+00 1.130039393574974823e+10
8.377290091482562318e+00 1.089832962580061913e+10
8.461062992397387461e+00 1.051058265259697342e+10
8.545673622321363183e+00 1.014454571200734901e+10
8.631130358544575998e+00 9.750878079813348770e+09
8.717441662130022806e+00 9.415816699278623581e+09
8.804616078751321240e+00 9.071284042657962799e+09
8.892662239538834612e+00 8.707694081483219147e+09
8.981588861934222123e+00 8.391680828413170815e+09
9.071404750553567098e+00 8.062169717482503891e+09
9.162118798059102787e+00 7.771540911676968575e+09
9.253739986039693832e+00 7.486870115939678192e+09
9.346277385900089385e+00 7.217489119395279884e+09
9.439740159759089977e+00 6.950728217028527260e+09
9.534137561356683221e+00 6.675973525078017235e+09
9.629478936970249592e+00 6.470878909955951691e+09
9.725773726339950187e+00 6.216448815168387413e+09
9.823031463603349778e+00 6.000664811882754326e+09
9.921261778239381712e+00 5.810472745159190178e+09
1.002047439602177548e+01 5.577260832967906952e+09
1.012067913998199487e+01 5.397367777006409645e+09
1.022188593138181290e+01 5.187470527371549606e+09
1.032410479069563181e+01 5.029543700839292526e+09
1.042734583860258724e+01 4.837487961680687904e+09
1.053161929698861421e+01 4.677801061146592140e+09
1.063693548995849980e+01 4.509897436956827164e+09
1.074330484485808412e+01 4.359216125867056847e+09
1.085073789330666472e+01 4.191575573832450867e+09
1.095924527223973222e+01 4.069674157326828480e+09
1.106883772496212970e+01 3.909223159329380512e+09
1.117952610221174936e+01 3.779866045814200401e+09
1.129132136323386781e+01 3.640876959413140774e+09
1.140423457686620701e+01 3.510300837639452457e+09
1.151827692263487002e+01 3.390974619108452797e+09
1.163345969186121920e+01 3.267750001707053185e+09
1.174979428877982990e+01 3.155028839548657894e+09
1.186729223166762992e+01 3.036758258234201908e+09
1.198596515398430462e+01 2.916840205795938969e+09
1.210582480552414708e+01 2.814728706469501972e+09
1.222688305357938887e+01 2.709821337576545238e+09
1.234915188411518194e+01 2.614425518130452156e+09
1.247264340295633467e+01 2.520775620746285439e+09
1.259736983698589619e+01 2.419480511949696541e+09
1.272334353535575424e+01 2.333479803652751446e+09
1.285057697070931226e+01 2.248475615867716789e+09
1.297908274041640553e+01 2.171486926515425682e+09
1.310887356782057012e+01 2.086398114461868525e+09
1.323996230349877479e+01 2.014344374208482981e+09
1.337236192653376321e+01 1.940363774163941145e+09
1.350608554579910248e+01 1.869428406673343658e+09
1.364114640125709244e+01 1.790590591972727060e+09
1.377755786526966197e+01 1.734206122516216993e+09
1.391533344392236238e+01 1.662095013484224319e+09
1.405448677836158211e+01 1.600632853745858431e+09
1.419503164614519974e+01 1.557104036252458811e+09
1.433698196260665192e+01 1.485383098604834080e+09
1.448035178223271835e+01 1.435325857589578867e+09
1.462515530005504516e+01 1.387519137586360931e+09
1.477140685305559664e+01 1.326083785603969336e+09
1.491912092158615089e+01 1.283202638980763435e+09
1.506831213080201159e+01 1.231169766363276243e+09
1.521899525211003024e+01 1.187011328814982891e+09
1.537118520463113214e+01 1.144526561790165186e+09
1.552489705667744246e+01 1.097674925675242424e+09
1.568014602724421813e+01 1.059752225292318821e+09
1.583694748751665848e+01 1.018127818678244114e+09
1.599531696239182388e+01 9.843271025800470114e+08
1.615527013201574391e+01 9.502633724552628994e+08
1.631682283333590178e+01 9.066996344332736731e+08
1.647999106166925998e+01 8.782669949160851240e+08
1.664479097228595350e+01 8.454999444247283936e+08
1.681123888200881211e+01 8.109158636694449186e+08
1.697935127082889650e+01 7.795136670233951807e+08
1.714914478353718863e+01 7.520428705213142633e+08
1.732063623137256059e+01 7.266070106976398230e+08
1.749384259368628847e+01 6.949019184750860929e+08
1.766878101962314673e+01 6.732640372057143450e+08
1.784546882981938509e+01 6.428747794517967701e+08
1.802392351811757720e+01 6.212631276521856785e+08
1.820416275329875333e+01 5.974750139247980118e+08
1.838620438083173880e+01 5.745233843027482033e+08
1.857006642464005353e+01 5.549704964587963820e+08
1.875576708888645427e+01 5.329671361906518936e+08
1.894332475977532226e+01 5.129309144397991300e+08
1.913275800737307719e+01 4.915314084012640119e+08
1.969740769490774923e+01 4.387325316722552776e+08
2.068227807965313403e+01 3.579084027108099461e+08
2.171639198363579126e+01 2.951352475640838742e+08
2.280221158281758420e+01 2.437559346760439277e+08
2.394232216195846163e+01 2.017319233231452703e+08
2.513943827005638454e+01 1.665091112206249535e+08
2.639641018355920465e+01 1.378775619893235266e+08
2.771623069273716311e+01 1.140997766748634726e+08
2.910204222737402446e+01 9.432516568702888489e+07
3.055714433874272729e+01 7.820444165697646141e+07
3.208500155567985956e+01 6.456329427799221873e+07
3.368925163346385432e+01 5.361130017940970510e+07
3.537371421513704206e+01 4.418317254022270441e+07
3.714239992589390482e+01 3.635898225791843981e+07
3.899951992218858976e+01 2.985071909743906558e+07
4.094949591829801960e+01 2.452070185667715222e+07
4.299697071421292094e+01 2.013670609883504733e+07
4.514681924992356699e+01 1.651604903227348253e+07
4.740416021241974676e+01 1.357247100517585315e+07
4.977436822304073161e+01 1.115395458120501414e+07
5.226308663419276712e+01 9.196153921071801335e+06
5.487624096590241152e+01 7.518063100271777250e+06
5.762005301419753067e+01 6.205042521663484164e+06
6.050105566490740472e+01 5.081118976053252816e+06
6.352610844815276891e+01 4.167553491471600253e+06
6.670241387056040594e+01 3.440908823084586766e+06
7.003753456408843192e+01 2.813792279239935800e+06
7.353941129229284002e+01 2.311953593403066974e+06
7.721638185690748912e+01 1.891009989497475559e+06
8.107720094975286429e+01 1.557185954450617544e+06
8.513106099724051035e+01 1.278671802161060739e+06
8.938761404710253089e+01 1.041016672028517467e+06
9.385699474945765530e+01 8.579256707990719005e+05
