3.401114059005487245e-01 5.315133559356612396e+10
3.435125199595542300e-01 4.132883076631891632e+10
3.469476451591497201e-01 5.381381874681063843e+10
3.504171216107412334e-01 6.586604647833905029e+10
3.539212928268486436e-01 6.984749344419889832e+10
3.574605057551171750e-01 7.024816016731172180e+10
3.610351108126682584e-01 7.223452060653114319e+10
3.646454619207949999e-01 7.133085178261653137e+10
3.682919165400029282e-01 6.425822270975637817e+10
3.719748357054029064e-01 7.007463890562648010e+10
3.756945840624569266e-01 8.522039576356803894e+10
3.794515299030815081e-01 1.062888507932400970e+11
3.832460452021123065e-01 1.102344420316054382e+11
3.870785056541334312e-01 1.294816870685459290e+11
3.909492907106748016e-01 1.294872755167219391e+11
3.948587836177815391e-01 1.183909796663987427e+11
3.988073714539593917e-01 9.203135640781800842e+10
4.027954451684989667e-01 5.662612371740698242e+10
4.068233996201839342e-01 5.789117230466967010e+10
4.108916336163858096e-01 7.658259240484893799e+10
4.150005499525497021e-01 1.326563099490079346e+11
4.191505554520751908e-01 1.445606831942439270e+11
4.233420610065958822e-01 1.489718823372208862e+11
4.275754816166618122e-01 1.482601703911624451e+11
4.318512364328284114e-01 1.199279885643275299e+11
4.361697487971567533e-01 1.151619345188785400e+11
4.405314462851282475e-01 1.424510633351531677e+11
4.449367607479796094e-01 1.437493769468936768e+11
4.493861283554593800e-01 1.411842349522823181e+11
4.538799896390139921e-01 1.384979823573688354e+11
4.584187895354041031e-01 1.210663914839200897e+11
4.630029774307581336e-01 1.054412839584577484e+11
4.676330072050656761e-01 8.997659852847836304e+10
4.723093372771162701e-01 6.796442624808962250e+10
4.770324306498874289e-01 4.407542158055008698e+10
4.818027549563863032e-01 2.670520426919720078e+10
4.866207825059500891e-01 1.291738344407353020e+10
4.914869903310095656e-01 1.288608232795944595e+10
4.964018602343197584e-01 9.559737446316520691e+09
5.013658788366629482e-01 6.410320810036599159e+09
5.063795376250295188e-01 4.782924694796250343e+09
5.114433330012797541e-01 4.099625479342062473e+09
5.165577663312926893e-01 3.451973064564033985e+09
5.217233439946056262e-01 2.956713869916038036e+09
5.269405774345515825e-01 2.492878327235367298e+09
5.322099832088971194e-01 2.117044398206105947e+09
5.375320830409860973e-01 1.813703403841099977e+09
5.429074038713960215e-01 1.525628341719309568e+09
5.483364779101099762e-01 1.292057051003184557e+09
5.538198426892112503e-01 1.085740807484890699e+09
5.593580411161032107e-01 8.946694190244954824e+08
5.649516215272641917e-01 7.334663656288423538e+08
5.706011377425368458e-01 5.825226035566953421e+08
5.763071491199621699e-01 4.418510946323227882e+08
5.820702206111618704e-01 3.094183370405708551e+08
5.878909228172733981e-01 1.306813373365064710e+08
5.937698320454461998e-01 2.160826660113463402e+08
5.997075303659007428e-01 3.396321491804218888e+08
6.057046056695597480e-01 4.447260125310766101e+08
6.117616517262552955e-01 5.363650459672580361e+08
6.178792682435179096e-01 6.214968367071614265e+08
6.240580609259530620e-01 7.035721578549537659e+08
6.302986415352126448e-01 7.842461623349987268e+08
6.366016279505647413e-01 8.607256277362599373e+08
6.429676442300703565e-01 9.338839401935043335e+08
6.493973206723711034e-01 9.930499371153148413e+08
6.558912938790947278e-01 8.907890760737683773e+08
6.624502068178856895e-01 1.142421854401581764e+09
6.690747088860645730e-01 1.248414970559055328e+09
6.757654559749252110e-01 1.320518453882868290e+09
6.825231105346745153e-01 1.336013287581794739e+09
6.893483416400212338e-01 1.222950640321039200e+09
6.962418250564214039e-01 1.069528880555767536e+09
7.032042433069857212e-01 9.956683519568607807e+08
7.102362857400554841e-01 9.497819278254278898e+08
7.173386485974559967e-01 8.645615394421029091e+08
7.245120350834306500e-01 7.813623293139481544e+08
7.317571554342650053e-01 6.783607481133539677e+08
7.390747269886076554e-01 5.797309370103200674e+08
7.464654742584937441e-01 4.832037104998068810e+08
7.539301290010786971e-01 3.779160569604234695e+08
7.614694302910893775e-01 2.353120728318572342e+08
7.690841245940003290e-01 5.612410214609277993e+07
7.767749658399403234e-01 2.570309791017745137e+08
7.845427154983398710e-01 4.120270016428207159e+08
7.923881426533231354e-01 5.575041704560374022e+08
8.003120240798563545e-01 7.131400018866676092e+08
8.083151443206548770e-01 8.552823072339402437e+08
8.163982957638614701e-01 1.003089418520096302e+09
8.245622787215000082e-01 1.196932839578507900e+09
8.328079015087149761e-01 1.405737147022503138e+09
8.411359805238021181e-01 1.640443471633586645e+09
8.495473403290402237e-01 1.948056341854126453e+09
8.580428137323306004e-01 2.300849669156814098e+09
8.666232418696537820e-01 2.697379017702535152e+09
8.752894742883503554e-01 3.105378641799763680e+09
8.840423690312340099e-01 3.506643805643556595e+09
8.928827927215462479e-01 3.525621904112842083e+09
9.018116206487618580e-01 3.984686334504021645e+09
9.108297368552494833e-01 4.655442373934271812e+09
9.199380342238018260e-01 4.863286018353956223e+09
9.291374145660399320e-01 3.727033476728940964e+09
9.384287887117003235e-01 3.958972498398124218e+09
9.478130765988174167e-01 4.525038442721486092e+09
9.572912073648053299e-01 4.782567903193172455e+09
9.668641194384535176e-01 5.370276013763536453e+09
9.765327606328380039e-01 5.940379911343102455e+09
9.862980882391664261e-01 6.862875283673460007e+09
9.961610691215579960e-01 8.179370900693221092e+09
1.006122679812773590e+00 9.669775415464452744e+09
1.016183906610901300e+00 1.169841516252390862e+10
1.026345745677010202e+00 1.363205820399632454e+10
1.036609203133780355e+00 1.559901711821971321e+10
1.046975295165118336e+00 1.704831133315194702e+10
1.057445048116769204e+00 1.838504914301547241e+10
1.068019498597936989e+00 1.914172303579803085e+10
1.078699693583916597e+00 1.978680364734709549e+10
1.089486690519755552e+00 1.615551820481268692e+10
1.100381557424953138e+00 1.098600483830257034e+10
1.111385372999202481e+00 8.948668827957660675e+09
1.122499226729194666e+00 8.842295671113121033e+09
1.133724218996486455e+00 8.279215097421181679e+09
1.145061461186451135e+00 9.293096924723464966e+09
1.156512075798315831e+00 8.557610600968153954e+09
1.168077196556299047e+00 9.397850044969678879e+09
1.179757968521861988e+00 1.035787108067451096e+10
1.191555548207080761e+00 1.391588085274682045e+10
1.203471103689151889e+00 1.774684138407831955e+10
1.215505814726043354e+00 2.158021558842067719e+10
1.227660872873303610e+00 2.561470878100402069e+10
1.239937481602036762e+00 2.892465831552519989e+10
1.252336856418057032e+00 3.202273196867063904e+10
1.264860224982237824e+00 3.365944888475249481e+10
1.277508827232060051e+00 3.195909875388882065e+10
1.290283915504380818e+00 2.948299521962081146e+10
1.303186754659424462e+00 2.736065249551804352e+10
1.316218622206019040e+00 2.464498906062602234e+10
1.329380808428079153e+00 1.605319926047517204e+10
1.342674616512359975e+00 7.348430965527312279e+09
1.356101362677483380e+00 5.566849143645069122e+09
1.369662376304258355e+00 6.224363524966887474e+09
1.383359000067300837e+00 6.519648086278729439e+09
1.397192590067974027e+00 6.299918307033458710e+09
1.411164515968653665e+00 6.231447978709332466e+09
1.425276161128340213e+00 6.274395335209867477e+09
1.439528922739623740e+00 7.109309748518589973e+09
1.453924211967019708e+00 9.521075768553579330e+09
1.468463454086690101e+00 1.022589772017216682e+10
1.483148088627556760e+00 1.168894332177260971e+10
1.497979569513832487e+00 1.366036027542939186e+10
1.512959365208970564e+00 1.613710020174564171e+10
1.528088958861060442e+00 1.910405413782664108e+10
1.543369848449671178e+00 2.254600574978778458e+10
1.558803546934167894e+00 2.471336870405800247e+10
1.574391582403509737e+00 2.830513522295422363e+10
1.590135498227544852e+00 3.038491874349357986e+10
1.606036853209820148e+00 2.703925630643702316e+10
1.622097221741918505e+00 2.205562557829475784e+10
1.638318193959337421e+00 2.250799857152833939e+10
1.654701375898931071e+00 2.507879016864036179e+10
1.671248389657920441e+00 2.007007012157927322e+10
1.687960873554499530e+00 2.222590673242758179e+10
1.704840482290044701e+00 2.129031462486961365e+10
1.721888887112944966e+00 2.134457648671227264e+10
1.739107775984074289e+00 1.924372358367930984e+10
1.756498853743915012e+00 1.890079867985217667e+10
1.774063842281354608e+00 1.624116186615694427e+10
1.791804480704168201e+00 1.477555420462017632e+10
1.809722525511209934e+00 1.376908769360693741e+10
1.827819750766321860e+00 1.409838825776703072e+10
1.846097948273984990e+00 1.332684375914907074e+10
1.864558927756724938e+00 1.209280963211689949e+10
1.883204517034292147e+00 1.519517876448481560e+10
1.902036562204635128e+00 1.661920097436394691e+10
1.921056927826681582e+00 1.690722812676582336e+10
1.940267497104948502e+00 1.520412209734585571e+10
1.959670172075998140e+00 1.577319352877708435e+10
1.979266873796758031e+00 1.689375622941169357e+10
1.999059542534725509e+00 1.807224261760556793e+10
2.019050137960073155e+00 2.064869899068756485e+10
2.039240639339673589e+00 2.356436642690626144e+10
2.059633045733070489e+00 2.632952682956142426e+10
2.080229376190401158e+00 2.792844466370045853e+10
2.101031669952305059e+00 2.917460892904305267e+10
2.122041986651828083e+00 2.863909598780372238e+10
2.143262406518346097e+00 2.712351813647780228e+10
2.164695030583529967e+00 2.425459819537560272e+10
2.186341980889365377e+00 1.974498921256999207e+10
2.208205400698258991e+00 1.229900816043578911e+10
2.230287454705241146e+00 1.319569961231597137e+10
2.252590329252293522e+00 1.061157762227038002e+10
2.275116232544817318e+00 9.381860586967039108e+09
2.297867394870265034e+00 8.736714400850183487e+09
2.320846068818967822e+00 8.752150021459522247e+09
2.344054529507157536e+00 7.275709184769368172e+09
2.367495074802228761e+00 8.321993537565283775e+09
2.391170025550251044e+00 8.750532104918161392e+09
2.415081725805753532e+00 1.065824822715441895e+10
2.439232543063811764e+00 1.087282876541016960e+10
2.463624868494449949e+00 1.168627907996474266e+10
2.488261117179394244e+00 1.228555119858224869e+10
2.513143728351188155e+00 1.149937104409120369e+10
2.538275165634700237e+00 1.095970522200453758e+10
2.563657917291046751e+00 1.036851077775464058e+10
2.589294496463957262e+00 1.020347357799454689e+10
2.615187441428596937e+00 1.159250451070446205e+10
2.641339315842882840e+00 1.278285211877969360e+10
2.667752709001311562e+00 1.120112054445347977e+10
2.694430236091324815e+00 1.048041200106355286e+10
2.721374538452237868e+00 1.134013694841565895e+10
2.748588283836760127e+00 1.197055619652348900e+10
2.776074166675128296e+00 1.103003414643997192e+10
2.803834908341879206e+00 1.196642607768856812e+10
2.831873257425297830e+00 1.181549403742935371e+10
2.860191989999551154e+00 1.187022102384735298e+10
2.888793909899546541e+00 1.284855479198391724e+10
2.917681848998542549e+00 1.221237587846980858e+10
2.946858667488527761e+00 1.345453583562115479e+10
2.976327254163412928e+00 1.349494544449845695e+10
3.006090526705047061e+00 1.385217050201333046e+10
3.036151431972097470e+00 1.267739654684231758e+10
3.066512946291818587e+00 1.048237638812651825e+10
3.097178075754736692e+00 8.251344519883531570e+09
3.128149856512283833e+00 6.605884746838777542e+09
3.159431355077406689e+00 5.440329975883638382e+09
3.191025668628181045e+00 4.942491567911637306e+09
3.222935925314462935e+00 5.087433996550172806e+09
3.255165284567607564e+00 5.661652796710364342e+09
3.287716937413283524e+00 6.494856389076615334e+09
3.320594106787416067e+00 3.523404429672419071e+09
3.353800047855290511e+00 4.140600586130387306e+09
3.387338048333843332e+00 5.860852272721704483e+09
3.421211428817182210e+00 5.604405729137304306e+09
3.455423543105353712e+00 5.475284417030372620e+09
3.489977778536407005e+00 5.782318713714102745e+09
3.524877556321771355e+00 6.304455423883808136e+09
3.560126331884988726e+00 6.514853959572638512e+09
3.595727595203838334e+00 7.510231092110739708e+09
3.631684871155877570e+00 8.472539969519453049e+09
3.668001719867436616e+00 9.905198176791275024e+09
3.704681737066110259e+00 1.115684087174750900e+10
3.741728554436771326e+00 1.219166099459161377e+10
3.779145839981139510e+00 1.278111874470983887e+10
3.816937298380950860e+00 1.407482630565512657e+10
3.855106671364760818e+00 1.467214436454360771e+10
3.893657738078407426e+00 1.517906177869294167e+10
3.932594315459191581e+00 1.567208889765904808e+10
3.971920258613783616e+00 1.515432764943666649e+10
4.011639461199922430e+00 1.421541643635228157e+10
4.051755855811920881e+00 1.343553462464147377e+10
4.092273414370040108e+00 1.233388363197818184e+10
4.133196148513740731e+00 1.202643928950722122e+10
4.174528109998877135e+00 1.187708458490061378e+10
4.216273391098866341e+00 1.065520590152316666e+10
4.258436125009854578e+00 9.327183687043041229e+09
4.301020486259953479e+00 6.979974682712977409e+09
4.344030691122553023e+00 7.005009146654546738e+09
4.387470998033777825e+00 7.857497002954659462e+09
4.431345708014116092e+00 7.639328166929174423e+09
4.475659165094256764e+00 7.289113608209006310e+09
4.520415756745198799e+00 7.115867985191469193e+09
4.565619914312651240e+00 6.927264016678264618e+09
4.611276113455778258e+00 7.134598755297327995e+09
4.657388874590335348e+00 7.592366796554842949e+09
4.703962763336238417e+00 7.372106807376607895e+09
4.751002390969600420e+00 7.103710001433463097e+09
4.798512414879296806e+00 7.123237178166900635e+09
4.846497539028090884e+00 7.112734907779212952e+09
4.894962514418371491e+00 7.087289417735132217e+09
4.943912139562555375e+00 6.990513006006219864e+09
4.993351260958180937e+00 7.237516085109936714e+09
5.043284773567762613e+00 7.124150052637384415e+09
5.093717621303440524e+00 7.257380243783323288e+09
5.144654797516475142e+00 6.945136906840121269e+09
5.196101345491639378e+00 6.819725233691814423e+09
5.248062358946555150e+00 6.926820856429117203e+09
5.300542982536021519e+00 6.512897892812441826e+09
5.353548412361381459e+00 6.344850018010713577e+09
5.407083896484995655e+00 5.858986881010890961e+09
5.461154735449845532e+00 5.850518109664769173e+09
5.515766282804344556e+00 5.664768942019267082e+09
5.570923945632387131e+00 5.253828361920900345e+09
5.626633185088711464e+00 5.176961351525094032e+09
5.682899516939598605e+00 5.054245582937989235e+09
5.739728512108993819e+00 4.879040131616746902e+09
5.797125797230084032e+00 4.695096902031194687e+09
5.855097055202384659e+00 4.247207002271186829e+09
5.913648025754409510e+00 4.548404715051893234e+09
5.972784506011953987e+00 4.444065734743883133e+09
6.032512351072073287e+00 4.225614864600179195e+09
6.092837474582792900e+00 4.274134774447312832e+09
6.153765849328621584e+00 4.310968130996932983e+09
6.215303507821907658e+00 4.238880084723287582e+09
6.277456542900125669e+00 4.265941109439871311e+09
6.340231108329128062e+00 4.041129555119905472e+09
6.403633419412418704e+00 3.518951150740037918e+09
6.467669753606543281e+00 3.089154160272328377e+09
6.532346451142608146e+00 3.191755981294224262e+09
6.597669915654034156e+00 2.967902437124263763e+09
6.663646614810574853e+00 3.059029136340582371e+09
6.730283080958680664e+00 3.110309219741739273e+09
6.797585911768267763e+00 2.838850964730265617e+09
6.865561770885950210e+00 2.828209953153175354e+09
6.934217388594810849e+00 2.862770897773517609e+09
7.003559562480758949e+00 2.713128415525187016e+09
7.073595158105566050e+00 2.439373957910027027e+09
7.144331109686621772e+00 2.235328934241077900e+09
7.215774420783487741e+00 2.041151975526355028e+09
7.287932164991324235e+00 1.852098484148066998e+09
7.360811486641236634e+00 1.719266254526751041e+09
7.434419601507648245e+00 1.687271617313122511e+09
7.508763797522725270e+00 1.758824712179075718e+09
7.583851435497953375e+00 1.848660122021842241e+09
7.659689949852931612e+00 1.734741745622096062e+09
7.736286849351461825e+00 1.354834934635096550e+09
7.813649717844977083e+00 1.408454603022059917e+09
7.891786215023426365e+00 1.481734154178790092e+09
7.970704077173661695e+00 1.566399497850677967e+09
8.050411117945397876e+00 1.559523167163981915e+09
8.130915229124850541e+00 1.566814324211217165e+09
8.212224381416099561e+00 1.520399415866083622e+09
8.294346625230261338e+00 1.522122519107572556e+09
8.377290091482562318e+00 1.518587755081166029e+09
8.461062992397387461e+00 1.538847430766038418e+09
8.545673622321363183e+00 1.544352140472154140e+09
8.631130358544575998e+00 1.582733206731506824e+09
8.717441662130022806e+00 1.574574562635481358e+09
8.804616078751321240e+00 1.585598531701338530e+09
8.892662239538834612e+00 1.580445172403417110e+09
8.981588861934222123e+00 1.552966637115818977e+09
9.071404750553567098e+00 1.596973738099231005e+09
9.162118798059102787e+00 1.612775887816682816e+09
9.253739986039693832e+00 1.591517026598815441e+09
9.346277385900089385e+00 1.592494193616750240e+09
9.439740159759089977e+00 1.530652915315317154e+09
9.534137561356683221e+00 1.551441961754934072e+09
9.629478936970249592e+00 1.495354869205551386e+09
9.725773726339950187e+00 1.499233537367851257e+09
9.823031463603349778e+00 1.458186982918191910e+09
9.921261778239381712e+00 1.392210015519459963e+09
1.002047439602177548e+01 1.387950593001861811e+09
1.012067913998199487e+01 1.308295701576836109e+09
1.022188593138181290e+01 1.280116572538982630e+09
1.032410479069563181e+01 1.197502896167477369e+09
1.042734583860258724e+01 1.134145165737651110e+09
1.053161929698861421e+01 1.157337893962518692e+09
1.063693548995849980e+01 1.146315935691144466e+09
1.074330484485808412e+01 1.111453695757894278e+09
1.085073789330666472e+01 1.090018021154699326e+09
1.095924527223973222e+01 1.007124645000116229e+09
1.106883772496212970e+01 9.964884979964610338e+08
1.117952610221174936e+01 9.884514491294006109e+08
1.129132136323386781e+01 9.506191663595001698e+08
1.140423457686620701e+01 9.483066966921644211e+08
1.151827692263487002e+01 8.926625677232491970e+08
1.163345969186121920e+01 8.584909016106075048e+08
1.174979428877982990e+01 7.836110257865662575e+08
1.186729223166762992e+01 7.920012914417223930e+08
1.198596515398430462e+01 7.806570009845565557e+08
1.210582480552414708e+01 7.349187001521666050e+08
1.222688305357938887e+01 7.179973473844659328e+08
1.234915188411518194e+01 6.787639238887215853e+08
1.247264340295633467e+01 6.346883606838191748e+08
1.259736983698589619e+01 6.149757693586957455e+08
1.272334353535575424e+01 6.085801962067487240e+08
1.285057697070931226e+01 5.898711404811457396e+08
1.297908274041640553e+01 5.540871072118557692e+08
1.310887356782057012e+01 5.499390011709413528e+08
1.323996230349877479e+01 5.057181762605169415e+08
1.337236192653376321e+01 4.962515140596670508e+08
1.350608554579910248e+01 4.585623400396167636e+08
1.364114640125709244e+01 4.596958270230283737e+08
1.377755786526966197e+01 4.371012376334110498e+08
1.391533344392236238e+01 4.195243131665354371e+08
1.405448677836158211e+01 4.050797202294651270e+08
1.419503164614519974e+01 3.752105080153371096e+08
1.433698196260665192e+01 3.712738525462682843e+08
1.448035178223271835e+01 3.395958056511351466e+08
1.462515530005504516e+01 3.400463526278065443e+08
1.477140685305559664e+01 3.355547984506776333e+08
1.491912092158615089e+01 2.865157205319249034e+08
1.506831213080201159e+01 3.097289367691017389e+08
1.521899525211003024e+01 2.970529299017437696e+08
1.537118520463113214e+01 2.799220170303518772e+08
1.552489705667744246e+01 2.700364539505499005e+08
1.568014602724421813e+01 2.587793310543814301e+08
1.583694748751665848e+01 2.569770376807270646e+08
1.599531696239182388e+01 2.453123202636144459e+08
1.615527013201574391e+01 2.341122359964572191e+08
1.631682283333590178e+01 2.293379684759120047e+08
1.647999106166925998e+01 2.170878414768433869e+08
1.664479097228595350e+01 2.050975804227131903e+08
1.681123888200881211e+01 2.102775011525717974e+08
1.697935127082889650e+01 2.021050217999119759e+08
1.714914478353718863e+01 1.827012726078940332e+08
1.732063623137256059e+01 1.773167663014602959e+08
1.749384259368628847e+01 1.778539646779389083e+08
1.766878101962314673e+01 1.673155062384760082e+08
1.784546882981938509e+01 1.652966766318528354e+08
1.802392351811757720e+01 1.598310617402545512e+08
1.820416275329875333e+01 1.497034047331564426e+08
1.838620438083173880e+01 1.484306602973820567e+08
1.857006642464005353e+01 1.315575576002728194e+08
1.875576708888645427e+01 1.364633147351326346e+08
1.894332475977532226e+01 1.311010324978438318e+08
1.913275800737307719e+01 1.310232051933632791e+08
1.969740769490774923e+01 1.105800885198304206e+08
2.068227807965313403e+01 9.248907462411639094e+07
2.171639198363579126e+01 7.636979708527152240e+07
2.280221158281758420e+01 6.557308272687748820e+07
2.394232216195846163e+01 5.409514444365734607e+07
2.513943827005638454e+01 4.447183281397525221e+07
2.639641018355920465e+01 3.756842348235142976e+07
2.771623069273716311e+01 3.150099071189207956e+07
2.910204222737402446e+01 2.609642449397679418e+07
3.055714433874272729e+01 2.105763594450323656e+07
3.208500155567985956e+01 1.855281191250777245e+07
3.368925163346385432e+01 1.477028723378597572e+07
3.537371421513704206e+01 1.187710334703073464e+07
3.714239992589390482e+01 1.021660627001439035e+07
3.899951992218858976e+01 8.593405602945549414e+06
4.094949591829801960e+01 6.886074084898513742e+06
4.299697071421292094e+01 5.717368769992107525e+06
4.514681924992356699e+01 4.743062610821298324e+06
4.740416021241974676e+01 3.955487986340237316e+06
4.977436822304073161e+01 3.243234533554143272e+06
5.226308663419276712e+01 2.738994966092189774e+06
5.487624096590241152e+01 2.267519871412313543e+06
5.762005301419753067e+01 1.856789718809621641e+06
6.050105566490740472e+01 1.596389996794191422e+06
6.352610844815276891e+01 1.256784527890839381e+06
6.670241387056040594e+01 1.069433222859666450e+06
7.003753456408843192e+01 9.044725247386811534e+05
7.353941129229284002e+01 7.251796334829281550e+05
7.721638185690748912e+01 6.058729224077775143e+05
8.107720094975286429e+01 5.001588739936515340e+05
8.513106099724051035e+01 4.190651511016510776e+05
8.938761404710253089e+01 3.708339117708934355e+05
9.385699474945765530e+01 2.853828284904037719e+05
