3.401114059005487245e-01 1.611590049768152161e+11
3.435125199595542300e-01 1.266942051002240448e+11
3.469476451591497201e-01 1.650625822361330261e+11
3.504171216107412334e-01 1.966417362297751770e+11
3.539212928268486436e-01 1.909700864006701965e+11
3.574605057551171750e-01 1.685961395628017273e+11
3.610351108126682584e-01 1.806873588208759155e+11
3.646454619207949999e-01 1.786755436089223633e+11
3.682919165400029282e-01 1.715286508460039368e+11
3.719748357054029064e-01 1.588359093577139893e+11
3.756945840624569266e-01 1.660922915080562744e+11
3.794515299030815081e-01 1.960306633529695435e+11
3.832460452021123065e-01 1.555859986536605835e+11
3.870785056541334312e-01 1.739735347723007812e+11
3.909492907106748016e-01 1.744027795446023254e+11
3.948587836177815391e-01 1.329800108259025726e+11
3.988073714539593917e-01 1.659008056180120239e+11
4.027954451684989667e-01 1.190390353032231293e+11
4.068233996201839342e-01 1.274291327007618256e+11
4.108916336163858096e-01 1.754111196663692932e+11
4.150005499525497021e-01 1.877030191865084839e+11
4.191505554520751908e-01 1.768146636038591919e+11
4.233420610065958822e-01 1.674684663888671265e+11
4.275754816166618122e-01 1.568760996530697021e+11
4.318512364328284114e-01 1.405247618931935120e+11
4.361697487971567533e-01 1.521045557090400696e+11
4.405314462851282475e-01 1.495447747708099365e+11
4.449367607479796094e-01 1.517908858186371765e+11
4.493861283554593800e-01 1.542093095739000244e+11
4.538799896390139921e-01 1.470931507354992065e+11
4.584187895354041031e-01 1.438542280265700684e+11
4.630029774307581336e-01 1.406528748329607239e+11
4.676330072050656761e-01 1.325131502807323761e+11
4.723093372771162701e-01 1.239839046050177155e+11
4.770324306498874289e-01 1.070673558944197235e+11
4.818027549563863032e-01 7.894805011996697998e+10
4.866207825059500891e-01 4.945069575446514893e+10
4.914869903310095656e-01 4.244221363796182251e+10
4.964018602343197584e-01 3.161576023533327103e+10
5.013658788366629482e-01 2.187408419572530746e+10
5.063795376250295188e-01 1.706840702405132484e+10
5.114433330012797541e-01 1.545832799390808678e+10
5.165577663312926893e-01 1.326171597675477600e+10
5.217233439946056262e-01 1.216365449907744980e+10
5.269405774345515825e-01 1.058431972054075241e+10
5.322099832088971194e-01 9.404392987985731125e+09
5.375320830409860973e-01 8.390479192988065720e+09
5.429074038713960215e-01 7.231300435496841431e+09
5.483364779101099762e-01 6.365179673001497269e+09
5.538198426892112503e-01 5.541947290985404015e+09
5.593580411161032107e-01 4.639720461227750778e+09
5.649516215272641917e-01 3.935123042762878418e+09
5.706011377425368458e-01 3.198157067369389534e+09
5.763071491199621699e-01 2.468713476166764736e+09
5.820702206111618704e-01 1.709042920463849068e+09
5.878909228172733981e-01 5.371921763873193264e+08
5.937698320454461998e-01 1.185644306260791063e+09
5.997075303659007428e-01 2.157160960069928169e+09
6.057046056695597480e-01 3.048068887016666412e+09
6.117616517262552955e-01 3.854917556451155663e+09
6.178792682435179096e-01 4.707294280100128174e+09
6.240580609259530620e-01 5.570418534915504456e+09
6.302986415352126448e-01 6.508436166702779770e+09
6.366016279505647413e-01 7.504702828435396194e+09
6.429676442300703565e-01 8.490430031918920517e+09
6.493973206723711034e-01 9.557910560197578430e+09
6.558912938790947278e-01 1.044577499306465149e+10
6.624502068178856895e-01 1.214894999577951813e+10
6.690747088860645730e-01 1.358081303055684662e+10
6.757654559749252110e-01 1.503599217895896530e+10
6.825231105346745153e-01 1.600551902977120781e+10
6.893483416400212338e-01 1.585031525402436066e+10
6.962418250564214039e-01 1.532393148930054855e+10
7.032042433069857212e-01 1.570361169726738930e+10
7.102362857400554841e-01 1.646269027035236359e+10
7.173386485974559967e-01 1.681358896504562187e+10
7.245120350834306500e-01 1.700826476675973892e+10
7.317571554342650053e-01 1.660944228346986008e+10
7.390747269886076554e-01 1.593796103607949448e+10
7.464654742584937441e-01 1.505478242676058960e+10
7.539301290010786971e-01 1.369524672997418594e+10
7.614694302910893775e-01 9.633812699847526550e+09
7.690841245940003290e-01 2.389391910631232262e+09
7.767749658399403234e-01 1.172341804142883301e+10
7.845427154983398710e-01 1.784630530976414490e+10
7.923881426533231354e-01 2.240351224153044510e+10
8.003120240798563545e-01 2.689398337874080658e+10
8.083151443206548770e-01 3.058308247248180389e+10
8.163982957638614701e-01 3.336996551071457291e+10
8.245622787215000082e-01 3.854086282852954102e+10
8.328079015087149761e-01 4.282160313799242401e+10
8.411359805238021181e-01 4.743326553394932556e+10
8.495473403290402237e-01 5.192895769063658905e+10
8.580428137323306004e-01 5.501957678059295654e+10
8.666232418696537820e-01 4.879287276054592896e+10
8.752894742883503554e-01 5.199537642726957703e+10
8.840423690312340099e-01 5.985817076543170929e+10
8.928827927215462479e-01 6.357576646997067261e+10
9.018116206487618580e-01 6.987926762926075745e+10
9.108297368552494833e-01 7.556133198592674255e+10
9.199380342238018260e-01 7.747481024117736816e+10
9.291374145660399320e-01 6.736983043748201752e+10
9.384287887117003235e-01 7.051383822907925415e+10
9.478130765988174167e-01 7.516124357797787476e+10
9.572912073648053299e-01 7.780267866533569336e+10
9.668641194384535176e-01 8.012733675225930786e+10
9.765327606328380039e-01 8.267373885687768555e+10
9.862980882391664261e-01 8.858807280863584900e+10
9.961610691215579960e-01 9.154404087493411255e+10
1.006122679812773590e+00 8.682214639085534668e+10
1.016183906610901300e+00 9.847262510773211670e+10
1.026345745677010202e+00 1.091689058500893250e+11
1.036609203133780355e+00 1.185138155321085358e+11
1.046975295165118336e+00 1.243592013417708282e+11
1.057445048116769204e+00 1.300928462658224030e+11
1.068019498597936989e+00 1.342596996190775299e+11
1.078699693583916597e+00 1.380088965136224976e+11
1.089486690519755552e+00 1.299507107218211517e+11
1.100381557424953138e+00 1.138378212379856415e+11
1.111385372999202481e+00 1.082816591250554504e+11
1.122499226729194666e+00 1.093639361136066132e+11
1.133724218996486455e+00 1.042404881306410980e+11
1.145061461186451135e+00 1.091461908359334564e+11
1.156512075798315831e+00 1.115782310747898102e+11
1.168077196556299047e+00 1.123249668187567444e+11
1.179757968521861988e+00 1.090456637707389984e+11
1.191555548207080761e+00 1.253225488512802277e+11
1.203471103689151889e+00 1.369589175691149750e+11
1.215505814726043354e+00 1.475878946989938354e+11
1.227660872873303610e+00 1.571115420526611328e+11
1.239937481602036762e+00 1.633991095715205383e+11
1.252336856418057032e+00 1.701923295645095520e+11
1.264860224982237824e+00 1.765193935849140930e+11
1.277508827232060051e+00 1.772511128709828796e+11
1.290283915504380818e+00 1.766352228393122253e+11
1.303186754659424462e+00 1.745514123586728210e+11
1.316218622206019040e+00 1.693118010953113403e+11
1.329380808428079153e+00 1.368507403278695374e+11
1.342674616512359975e+00 8.997361433625660706e+10
1.356101362677483380e+00 7.946650495984115601e+10
1.369662376304258355e+00 8.074732713772294617e+10
1.383359000067300837e+00 8.494085450464988708e+10
1.397192590067974027e+00 8.188223184145237732e+10
1.411164515968653665e+00 7.704867810108787537e+10
1.425276161128340213e+00 7.341583449224893188e+10
1.439528922739623740e+00 7.702784591614428711e+10
1.453924211967019708e+00 8.729915887661914062e+10
1.468463454086690101e+00 8.765460214859851074e+10
1.483148088627556760e+00 9.316787968096195984e+10
1.497979569513832487e+00 9.989707153880140686e+10
1.512959365208970564e+00 1.084423250245914612e+11
1.528088958861060442e+00 1.174193218330155792e+11
1.543369848449671178e+00 1.267461124127035980e+11
1.558803546934167894e+00 1.380598534722855530e+11
1.574391582403509737e+00 1.508202156086070862e+11
1.590135498227544852e+00 1.614227344154543762e+11
1.606036853209820148e+00 1.680504511862602844e+11
1.622097221741918505e+00 1.786211702993851929e+11
1.638318193959337421e+00 1.851193208255929260e+11
1.654701375898931071e+00 1.912003260323222961e+11
1.671248389657920441e+00 1.969375871353294373e+11
1.687960873554499530e+00 1.961594108486578674e+11
1.704840482290044701e+00 1.837642506224222107e+11
1.721888887112944966e+00 1.609230125938756409e+11
1.739107775984074289e+00 1.488884393154238586e+11
1.756498853743915012e+00 1.382217998642526550e+11
1.774063842281354608e+00 1.222796253219521790e+11
1.791804480704168201e+00 1.140910411560625610e+11
1.809722525511209934e+00 1.042745614500381317e+11
1.827819750766321860e+00 1.032720699341677094e+11
1.846097948273984990e+00 9.489410368509773254e+10
1.864558927756724938e+00 8.877622984081512451e+10
1.883204517034292147e+00 9.775566966529647827e+10
1.902036562204635128e+00 1.028502064119746857e+11
1.921056927826681582e+00 1.042577474025993500e+11
1.940267497104948502e+00 9.982169044984417725e+10
1.959670172075998140e+00 9.939039801278656006e+10
1.979266873796758031e+00 9.864873879764270020e+10
1.999059542534725509e+00 9.764621818069438171e+10
2.019050137960073155e+00 1.017106984098044891e+11
2.039240639339673589e+00 1.074410582290059814e+11
2.059633045733070489e+00 1.140540676714916534e+11
2.080229376190401158e+00 1.200153337698184814e+11
2.101031669952305059e+00 1.282896337076262054e+11
2.122041986651828083e+00 1.337990743595881042e+11
2.143262406518346097e+00 1.389690103237599182e+11
2.164695030583529967e+00 1.419343321868706055e+11
2.186341980889365377e+00 1.414561259223930664e+11
2.208205400698258991e+00 1.406441157507485657e+11
2.230287454705241146e+00 1.392304560211599121e+11
2.252590329252293522e+00 1.376698960861889343e+11
2.275116232544817318e+00 1.345594210016398926e+11
2.297867394870265034e+00 1.225089931193295135e+11
2.320846068818967822e+00 1.151071276436053162e+11
2.344054529507157536e+00 1.117982535294000397e+11
2.367495074802228761e+00 1.066679824087836304e+11
2.391170025550251044e+00 1.018105856419642792e+11
2.415081725805753532e+00 9.425503922822163391e+10
2.439232543063811764e+00 8.648665260728254700e+10
2.463624868494449949e+00 7.949252803863224792e+10
2.488261117179394244e+00 7.496761882485932922e+10
2.513143728351188155e+00 6.659343876609995270e+10
2.538275165634700237e+00 6.321128992202474213e+10
2.563657917291046751e+00 6.080089427717000580e+10
2.589294496463957262e+00 6.010403137802162933e+10
2.615187441428596937e+00 6.257258377620510864e+10
2.641339315842882840e+00 6.287245021338825226e+10
2.667752709001311562e+00 6.067329134953500366e+10
2.694430236091324815e+00 5.649540081140848541e+10
2.721374538452237868e+00 5.546384817061888885e+10
2.748588283836760127e+00 5.476915969740760040e+10
2.776074166675128296e+00 5.196694887941572571e+10
2.803834908341879206e+00 5.271203586047513580e+10
2.831873257425297830e+00 5.096064825971266174e+10
2.860191989999551154e+00 5.072114666448908234e+10
2.888793909899546541e+00 5.155521327446365356e+10
2.917681848998542549e+00 4.819467775372424316e+10
2.946858667488527761e+00 5.011440958534030151e+10
2.976327254163412928e+00 4.942663137177037048e+10
3.006090526705047061e+00 5.074764181720400238e+10
3.036151431972097470e+00 5.033729026371931458e+10
3.066512946291818587e+00 5.250023502535593414e+10
3.097178075754736692e+00 5.210527988165338135e+10
3.128149856512283833e+00 5.312390320015248871e+10
3.159431355077406689e+00 5.364547731170829010e+10
3.191025668628181045e+00 5.403969232166844177e+10
3.222935925314462935e+00 5.491639274386094666e+10
3.255165284567607564e+00 5.628642996846871185e+10
3.287716937413283524e+00 5.606035767288133240e+10
3.320594106787416067e+00 5.664487064373941040e+10
3.353800047855290511e+00 5.574962490223156738e+10
3.387338048333843332e+00 5.567927962707530975e+10
3.421211428817182210e+00 5.568067791495476532e+10
3.455423543105353712e+00 5.596063809353981018e+10
3.489977778536407005e+00 5.510200888425878906e+10
3.524877556321771355e+00 5.471834927371244812e+10
3.560126331884988726e+00 5.483700991928208923e+10
3.595727595203838334e+00 5.420895813222235870e+10
3.631684871155877570e+00 5.403569728194825745e+10
3.668001719867436616e+00 5.332637361768310547e+10
3.704681737066110259e+00 5.381410545219003296e+10
3.741728554436771326e+00 5.350378525719079590e+10
3.779145839981139510e+00 5.333017654446504211e+10
3.816937298380950860e+00 5.261000915204776764e+10
3.855106671364760818e+00 5.236794180468670654e+10
3.893657738078407426e+00 5.134537632523135376e+10
3.932594315459191581e+00 4.996796749141485596e+10
3.971920258613783616e+00 4.695506351404985809e+10
4.011639461199922430e+00 4.355021756347684479e+10
4.051755855811920881e+00 4.099289344639524078e+10
4.092273414370040108e+00 3.764275850278410339e+10
4.133196148513740731e+00 3.640403086543524170e+10
4.174528109998877135e+00 3.508108681433794403e+10
4.216273391098866341e+00 3.241536551751884460e+10
4.258436125009854578e+00 2.949906979305192947e+10
4.301020486259953479e+00 2.621317943499161148e+10
4.344030691122553023e+00 2.473573012108673859e+10
4.387470998033777825e+00 2.461604268407979965e+10
4.431345708014116092e+00 2.348985398457957458e+10
4.475659165094256764e+00 2.236910544420723343e+10
4.520415756745198799e+00 2.167375891418392563e+10
4.565619914312651240e+00 2.103556544007604218e+10
4.611276113455778258e+00 2.098588337844958878e+10
4.657388874590335348e+00 2.098568341904200745e+10
4.703962763336238417e+00 2.053240503325070190e+10
4.751002390969600420e+00 1.994079311712891769e+10
4.798512414879296806e+00 1.948949148946081924e+10
4.846497539028090884e+00 1.908477866579333496e+10
4.894962514418371491e+00 1.854597561080764389e+10
4.943912139562555375e+00 1.793921693622867203e+10
4.993351260958180937e+00 1.782051932772404861e+10
5.043284773567762613e+00 1.722968234781419754e+10
5.093717621303440524e+00 1.710477733636754990e+10
5.144654797516475142e+00 1.649975293587214470e+10
5.196101345491639378e+00 1.613745438909845924e+10
5.248062358946555150e+00 1.596518840618827820e+10
5.300542982536021519e+00 1.531657869333920288e+10
5.353548412361381459e+00 1.501711298220159531e+10
5.407083896484995655e+00 1.436574068951200867e+10
5.461154735449845532e+00 1.420837849109061623e+10
5.515766282804344556e+00 1.378446156906482124e+10
5.570923945632387131e+00 1.321670720243768692e+10
5.626633185088711464e+00 1.303180555801240540e+10
5.682899516939598605e+00 1.254415111518109703e+10
5.739728512108993819e+00 1.214618673464607811e+10
5.797125797230084032e+00 1.188744508438491440e+10
5.855097055202384659e+00 1.137230007843866920e+10
5.913648025754409510e+00 1.128614733354008675e+10
5.972784506011953987e+00 1.113245632819679070e+10
6.032512351072073287e+00 1.075623371445792198e+10
6.092837474582792900e+00 1.087719450969201851e+10
6.153765849328621584e+00 1.083842391564114189e+10
6.215303507821907658e+00 1.059497818963005829e+10
6.277456542900125669e+00 1.041923519154426003e+10
6.340231108329128062e+00 1.005067639902237511e+10
6.403633419412418704e+00 9.329200720627246857e+09
6.467669753606543281e+00 8.442418993734930992e+09
6.532346451142608146e+00 7.918196897506077766e+09
6.597669915654034156e+00 7.194378955642872810e+09
6.663646614810574853e+00 7.001822879156626701e+09
6.730283080958680664e+00 7.149379178084148407e+09
6.797585911768267763e+00 6.738252687905434608e+09
6.865561770885950210e+00 6.612548530408625603e+09
6.934217388594810849e+00 6.571023166999547958e+09
7.003559562480758949e+00 6.534342585023729324e+09
7.073595158105566050e+00 6.191147452449490547e+09
7.144331109686621772e+00 6.115944607031054497e+09
7.215774420783487741e+00 6.018710764955458641e+09
7.287932164991324235e+00 5.849595668473920822e+09
7.360811486641236634e+00 5.616986965406376839e+09
7.434419601507648245e+00 5.458132239920778275e+09
7.508763797522725270e+00 5.348439367241407394e+09
7.583851435497953375e+00 5.075293510932954788e+09
7.659689949852931612e+00 5.057128255533993721e+09
7.736286849351461825e+00 4.801133608502188683e+09
7.813649717844977083e+00 4.837552910423218727e+09
7.891786215023426365e+00 4.389285886605917931e+09
7.970704077173661695e+00 4.431784729465394974e+09
8.050411117945397876e+00 4.277858392813768387e+09
8.130915229124850541e+00 4.148992309555589676e+09
8.212224381416099561e+00 4.033404088660514355e+09
8.294346625230261338e+00 3.901952238024699211e+09
8.377290091482562318e+00 3.807716914199686050e+09
8.461062992397387461e+00 3.725690817441554546e+09
8.545673622321363183e+00 3.635276440254185200e+09
8.631130358544575998e+00 3.590513337335865498e+09
8.717441662130022806e+00 3.450728657656217575e+09
8.804616078751321240e+00 3.346110164518093586e+09
8.892662239538834612e+00 3.318323511050003052e+09
8.981588861934222123e+00 3.150330702322216511e+09
9.071404750553567098e+00 3.120976717330686092e+09
9.162118798059102787e+00 3.071524460995679379e+09
9.253739986039693832e+00 2.953548885957497597e+09
9.346277385900089385e+00 2.920661320986559391e+09
9.439740159759089977e+00 2.783093160843524933e+09
9.534137561356683221e+00 2.768400018857340336e+09
9.629478936970249592e+00 2.624164514793413639e+09
9.725773726339950187e+00 2.601389117359262466e+09
9.823031463603349778e+00 2.525856536101922512e+09
9.921261778239381712e+00 2.388747135737125397e+09
1.002047439602177548e+01 2.358670075263156891e+09
1.012067913998199487e+01 2.256831151762458324e+09
1.022188593138181290e+01 2.203600891229359150e+09
1.032410479069563181e+01 2.092673271974725485e+09
1.042734583860258724e+01 2.008579174107602358e+09
1.053161929698861421e+01 1.971484483909254789e+09
1.063693548995849980e+01 1.914629096538179398e+09
1.074330484485808412e+01 1.848917863898846865e+09
1.085073789330666472e+01 1.797223652670757532e+09
1.095924527223973222e+01 1.682093786118613005e+09
1.106883772496212970e+01 1.627843404902427912e+09
1.117952610221174936e+01 1.577475202159334898e+09
1.129132136323386781e+01 1.522060891474488258e+09
1.140423457686620701e+01 1.488434594854998112e+09
1.151827692263487002e+01 1.411176674009459734e+09
1.163345969186121920e+01 1.364320325726165056e+09
1.174979428877982990e+01 1.270620068081387043e+09
1.186729223166762992e+01 1.246116794280791759e+09
1.198596515398430462e+01 1.217634078491679668e+09
1.210582480552414708e+01 1.152774456384700775e+09
1.222688305357938887e+01 1.125722990722205639e+09
1.234915188411518194e+01 1.076905645962605715e+09
1.247264340295633467e+01 1.011584468166727066e+09
1.259736983698589619e+01 9.827953193759948015e+08
1.272334353535575424e+01 9.570534607082271576e+08
1.285057697070931226e+01 9.196960417209048271e+08
1.297908274041640553e+01 8.708001968800506592e+08
1.310887356782057012e+01 8.589258385957219601e+08
1.323996230349877479e+01 8.047131028471057415e+08
1.337236192653376321e+01 7.851373542823430300e+08
1.350608554579910248e+01 7.419952692729787827e+08
1.364114640125709244e+01 7.301495851224162579e+08
1.377755786526966197e+01 6.911343909325959682e+08
1.391533344392236238e+01 6.759458030625483990e+08
1.405448677836158211e+01 6.489895250536475182e+08
1.419503164614519974e+01 6.083872503503890038e+08
1.433698196260665192e+01 5.974078907360410690e+08
1.448035178223271835e+01 5.652471006726627350e+08
1.462515530005504516e+01 5.467093805639621019e+08
1.477140685305559664e+01 5.393031423298091888e+08
1.491912092158615089e+01 4.955404480935253501e+08
1.506831213080201159e+01 4.940563443362734914e+08
1.521899525211003024e+01 4.777382942751256824e+08
1.537118520463113214e+01 4.532154689619316459e+08
1.552489705667744246e+01 4.363118147114993930e+08
1.568014602724421813e+01 4.221160993817138672e+08
1.583694748751665848e+01 4.110626785124640465e+08
1.599531696239182388e+01 3.915024101870283484e+08
1.615527013201574391e+01 3.740700323829601407e+08
1.631682283333590178e+01 3.671948074010279179e+08
1.647999106166925998e+01 3.470393820245599151e+08
1.664479097228595350e+01 3.311558607611498237e+08
1.681123888200881211e+01 3.309158524485803843e+08
1.697935127082889650e+01 3.206450101193396449e+08
1.714914478353718863e+01 2.968063990936253667e+08
1.732063623137256059e+01 2.844909136284438372e+08
1.749384259368628847e+01 2.823550580108272433e+08
1.766878101962314673e+01 2.652753932292928994e+08
1.784546882981938509e+01 2.607705955590327680e+08
1.802392351811757720e+01 2.525707467565668523e+08
1.820416275329875333e+01 2.396008257818576396e+08
1.838620438083173880e+01 2.339785076891882122e+08
1.857006642464005353e+01 2.147629272863956392e+08
1.875576708888645427e+01 2.145345092470833957e+08
1.894332475977532226e+01 2.071852848576853573e+08
1.913275800737307719e+01 2.026764764880324602e+08
1.969740769490774923e+01 1.774005722333196104e+08
2.068227807965313403e+01 1.474104712228241861e+08
2.171639198363579126e+01 1.224709869991910309e+08
2.280221158281758420e+01 1.031574246759898365e+08
2.394232216195846163e+01 8.527172433764484525e+07
2.513943827005638454e+01 7.060084421165677905e+07
2.639641018355920465e+01 5.914450624090217054e+07
2.771623069273716311e+01 4.905008874510882050e+07
2.910204222737402446e+01 4.091217696899379790e+07
3.055714433874272729e+01 3.321325215309198573e+07
3.208500155567985956e+01 2.838003573953554779e+07
3.368925163346385432e+01 2.292642454001418501e+07
3.537371421513704206e+01 1.874182118055253103e+07
3.714239992589390482e+01 1.573203915467582829e+07
3.899951992218858976e+01 1.315086578819990903e+07
4.094949591829801960e+01 1.066451270066581666e+07
4.299697071421292094e+01 8.884346311806853861e+06
4.514681924992356699e+01 7.400378911376871169e+06
4.740416021241974676e+01 6.164024303750681691e+06
4.977436822304073161e+01 5.060558944315603934e+06
5.226308663419276712e+01 4.207418292238898575e+06
5.487624096590241152e+01 3.498161563665282913e+06
5.762005301419753067e+01 2.892011947551965714e+06
6.050105566490740472e+01 2.425368070649839472e+06
6.352610844815276891e+01 1.968148202881166944e+06
6.670241387056040594e+01 1.660304542444322724e+06
7.003753456408843192e+01 1.385304966340107843e+06
7.353941129229284002e+01 1.123167408080632798e+06
7.721638185690748912e+01 9.432799872666572919e+05
8.107720094975286429e+01 7.730481888383092592e+05
8.513106099724051035e+01 6.414068216897370294e+05
8.938761404710253089e+01 5.548807905498608015e+05
9.385699474945765530e+01 4.460234322584765614e+05
