3.401114059005487245e-01 1.568718495699428177e+10
3.435125199595542300e-01 1.156150213831335068e+10
3.469476451591497201e-01 1.544981415951746178e+10
3.504171216107412334e-01 2.169695885373439026e+10
3.539212928268486436e-01 2.381489471263972092e+10
3.574605057551171750e-01 1.091872224022437096e+10
3.610351108126682584e-01 1.439497065162099075e+10
3.646454619207949999e-01 1.917468033187311172e+10
3.682919165400029282e-01 2.495481095185897446e+10
3.719748357054029064e-01 9.315335722338020325e+09
3.756945840624569266e-01 1.012253079022548294e+10
3.794515299030815081e-01 1.746666836138403320e+10
3.832460452021123065e-01 7.119908658325786591e+09
3.870785056541334312e-01 7.128652782222120285e+09
3.909492907106748016e-01 9.268825748365034103e+09
3.948587836177815391e-01 5.588172900230674744e+09
3.988073714539593917e-01 1.110468471005150032e+10
4.027954451684989667e-01 1.145705903011505508e+10
4.068233996201839342e-01 9.561945586297159195e+09
4.108916336163858096e-01 8.785092323078262329e+09
4.150005499525497021e-01 5.130884816908902168e+09
4.191505554520751908e-01 2.908528111345024586e+09
4.233420610065958822e-01 1.646756316767796993e+09
4.275754816166618122e-01 2.811571987957699299e+09
4.318512364328284114e-01 5.170001334094686508e+09
4.361697487971567533e-01 8.599216743415397644e+09
4.405314462851282475e-01 9.101965294299238205e+09
4.449367607479796094e-01 1.089511333038150597e+10
4.493861283554593800e-01 1.420205299960813522e+10
4.538799896390139921e-01 1.412595851792730141e+10
4.584187895354041031e-01 1.554874757897669983e+10
4.630029774307581336e-01 1.768552408754972076e+10
4.676330072050656761e-01 1.664943402248073196e+10
4.723093372771162701e-01 1.449269046854032707e+10
4.770324306498874289e-01 1.153045884972633743e+10
4.818027549563863032e-01 1.204546855224454498e+10
4.866207825059500891e-01 1.360462524278948212e+10
4.914869903310095656e-01 1.350349506952342606e+10
4.964018602343197584e-01 1.190932752463232994e+10
5.013658788366629482e-01 8.021411635529912949e+09
5.063795376250295188e-01 6.127504881552490234e+09
5.114433330012797541e-01 5.516051145699921608e+09
5.165577663312926893e-01 5.454024320117765427e+09
5.217233439946056262e-01 8.438999120902166367e+09
5.269405774345515825e-01 8.453128860154863358e+09
5.322099832088971194e-01 9.203480938314819336e+09
5.375320830409860973e-01 1.027454550701636124e+10
5.429074038713960215e-01 1.046348646860648537e+10
5.483364779101099762e-01 8.242804856910566330e+09
5.538198426892112503e-01 8.295762462940727234e+09
5.593580411161032107e-01 9.570310193290510178e+09
5.649516215272641917e-01 1.056607288441290283e+10
5.706011377425368458e-01 1.047666118098861694e+10
5.763071491199621699e-01 7.842093289244230270e+09
5.820702206111618704e-01 7.953743707625140190e+09
5.878909228172733981e-01 4.190637896347138882e+09
5.937698320454461998e-01 7.993220488697225571e+09
5.997075303659007428e-01 1.224524701594132996e+10
6.057046056695597480e-01 1.562628994768185425e+10
6.117616517262552955e-01 1.411055069624929810e+10
6.178792682435179096e-01 1.732132271215239716e+10
6.240580609259530620e-01 2.074449822492102432e+10
6.302986415352126448e-01 2.342265036900505447e+10
6.366016279505647413e-01 2.631727926398183823e+10
6.429676442300703565e-01 2.962162799271459198e+10
6.493973206723711034e-01 2.851808926334619904e+10
6.558912938790947278e-01 2.630744394283660507e+10
6.624502068178856895e-01 2.802943312903517532e+10
6.690747088860645730e-01 3.213179411065561676e+10
6.757654559749252110e-01 3.765032488938524628e+10
6.825231105346745153e-01 4.318758860432492065e+10
6.893483416400212338e-01 4.317803249589601898e+10
6.962418250564214039e-01 3.475017238071174622e+10
7.032042433069857212e-01 3.358363143800014496e+10
7.102362857400554841e-01 3.884196221974424744e+10
7.173386485974559967e-01 4.715019738322623444e+10
7.245120350834306500e-01 5.609524492125173187e+10
7.317571554342650053e-01 5.991119072728836823e+10
7.390747269886076554e-01 4.601998576882166290e+10
7.464654742584937441e-01 3.803457644782514954e+10
7.539301290010786971e-01 4.486673466267489624e+10
7.614694302910893775e-01 5.306540184316160583e+10
7.690841245940003290e-01 3.705273163736280823e+10
7.767749658399403234e-01 7.192515840099366760e+10
7.845427154983398710e-01 7.737238074553889465e+10
7.923881426533231354e-01 6.011603651109004211e+10
8.003120240798563545e-01 5.563462678292011261e+10
8.083151443206548770e-01 7.333084368889593506e+10
8.163982957638614701e-01 9.367438155001541138e+10
8.245622787215000082e-01 1.079249047786499329e+11
8.328079015087149761e-01 1.157116699064477539e+11
8.411359805238021181e-01 1.221524117618125458e+11
8.495473403290402237e-01 1.268765172323362274e+11
8.580428137323306004e-01 1.131585737856844635e+11
8.666232418696537820e-01 9.746037523666694641e+10
8.752894742883503554e-01 1.042897368671374512e+11
8.840423690312340099e-01 1.224923347087868652e+11
8.928827927215462479e-01 1.356717133583761902e+11
9.018116206487618580e-01 1.472047133752284241e+11
9.108297368552494833e-01 1.561275174705949097e+11
9.199380342238018260e-01 1.619314302848246155e+11
9.291374145660399320e-01 1.574414651452191772e+11
9.384287887117003235e-01 1.616938914891261597e+11
9.478130765988174167e-01 1.637083441126960754e+11
9.572912073648053299e-01 1.627210532024870300e+11
9.668641194384535176e-01 1.631720909857950745e+11
9.765327606328380039e-01 1.680006471955000916e+11
9.862980882391664261e-01 1.792735561791059875e+11
9.961610691215579960e-01 1.889095736368414917e+11
1.006122679812773590e+00 1.939005172924002380e+11
1.016183906610901300e+00 2.066031631437829590e+11
1.026345745677010202e+00 2.166756737499039307e+11
1.036609203133780355e+00 2.250274950147257996e+11
1.046975295165118336e+00 2.196403202223688965e+11
1.057445048116769204e+00 2.077796538370942688e+11
1.068019498597936989e+00 2.215740267488842468e+11
1.078699693583916597e+00 2.358148861912043457e+11
1.089486690519755552e+00 2.409708076454621277e+11
1.100381557424953138e+00 2.352625644028951721e+11
1.111385372999202481e+00 2.336228692769959106e+11
1.122499226729194666e+00 2.373442475365720825e+11
1.133724218996486455e+00 2.348059862490151672e+11
1.145061461186451135e+00 2.408210852532076721e+11
1.156512075798315831e+00 2.441185515079898682e+11
1.168077196556299047e+00 2.469045992117126465e+11
1.179757968521861988e+00 2.430620038446164856e+11
1.191555548207080761e+00 2.552002259640464172e+11
1.203471103689151889e+00 2.656778761902947998e+11
1.215505814726043354e+00 2.761805260177741699e+11
1.227660872873303610e+00 2.852909664235253296e+11
1.239937481602036762e+00 2.926320669812726440e+11
1.252336856418057032e+00 2.990847963060851440e+11
1.264860224982237824e+00 3.036025671966928711e+11
1.277508827232060051e+00 3.058931133633251343e+11
1.290283915504380818e+00 3.073322394646422119e+11
1.303186754659424462e+00 3.072504728498424683e+11
1.316218622206019040e+00 3.045263370803046875e+11
1.329380808428079153e+00 2.774464455462109985e+11
1.342674616512359975e+00 2.334748266842012024e+11
1.356101362677483380e+00 2.226741515482313538e+11
1.369662376304258355e+00 2.242886080796346436e+11
1.383359000067300837e+00 2.294128875608715820e+11
1.397192590067974027e+00 2.243433574374140320e+11
1.411164515968653665e+00 2.180932115673153687e+11
1.425276161128340213e+00 2.133793758176775818e+11
1.439528922739623740e+00 2.181094280654284058e+11
1.453924211967019708e+00 2.279335561686460571e+11
1.468463454086690101e+00 2.273844903970107117e+11
1.483148088627556760e+00 2.327676223258388062e+11
1.497979569513832487e+00 2.393100664361069946e+11
1.512959365208970564e+00 2.473412180134328613e+11
1.528088958861060442e+00 2.551945398970340271e+11
1.543369848449671178e+00 2.623380407845059204e+11
1.558803546934167894e+00 2.722548872477532349e+11
1.574391582403509737e+00 2.828749921374126587e+11
1.590135498227544852e+00 2.907766139441547852e+11
1.606036853209820148e+00 2.965871110486723633e+11
1.622097221741918505e+00 3.043192239517145386e+11
1.638318193959337421e+00 3.085576274349450684e+11
1.654701375898931071e+00 3.106695391742465210e+11
1.671248389657920441e+00 3.137878688684916382e+11
1.687960873554499530e+00 3.121442697926985474e+11
1.704840482290044701e+00 3.022466947531499023e+11
1.721888887112944966e+00 2.844395154944150391e+11
1.739107775984074289e+00 2.745429074066039429e+11
1.756498853743915012e+00 2.638600496136785889e+11
1.774063842281354608e+00 2.487129036720220947e+11
1.791804480704168201e+00 2.398989783309591064e+11
1.809722525511209934e+00 2.293530121418291931e+11
1.827819750766321860e+00 2.271144221648621826e+11
1.846097948273984990e+00 2.159624056231639404e+11
1.864558927756724938e+00 2.078815714368714294e+11
1.883204517034292147e+00 2.157050947168241577e+11
1.902036562204635128e+00 2.192920016734869080e+11
1.921056927826681582e+00 2.188659212898618774e+11
1.940267497104948502e+00 2.157192417053425293e+11
1.959670172075998140e+00 2.144728899825263672e+11
1.979266873796758031e+00 2.110630804053873291e+11
1.999059542534725509e+00 2.067813126215491943e+11
2.019050137960073155e+00 2.069619270582182312e+11
2.039240639339673589e+00 2.090439333480078125e+11
2.059633045733070489e+00 2.121538229930269470e+11
2.080229376190401158e+00 2.150453692922063599e+11
2.101031669952305059e+00 2.202411307596878357e+11
2.122041986651828083e+00 2.235001858437351074e+11
2.143262406518346097e+00 2.265930626647236938e+11
2.164695030583529967e+00 2.287713218699157104e+11
2.186341980889365377e+00 2.277498683029528503e+11
2.208205400698258991e+00 2.268548226114732056e+11
2.230287454705241146e+00 2.249544473725559692e+11
2.252590329252293522e+00 2.225317486229195862e+11
2.275116232544817318e+00 2.189177484701031494e+11
2.297867394870265034e+00 2.095373638993390198e+11
2.320846068818967822e+00 2.014102870562494812e+11
2.344054529507157536e+00 1.955047321667719727e+11
2.367495074802228761e+00 1.892735067324371948e+11
2.391170025550251044e+00 1.816637527113007812e+11
2.415081725805753532e+00 1.715308628229182434e+11
2.439232543063811764e+00 1.626932818593403015e+11
2.463624868494449949e+00 1.547839663524017639e+11
2.488261117179394244e+00 1.481847012973362427e+11
2.513143728351188155e+00 1.393369908718569641e+11
2.538275165634700237e+00 1.350397360230393982e+11
2.563657917291046751e+00 1.316545381039646759e+11
2.589294496463957262e+00 1.295329499056879578e+11
2.615187441428596937e+00 1.301303978308773499e+11
2.641339315842882840e+00 1.283344884540785980e+11
2.667752709001311562e+00 1.266971784464102020e+11
2.694430236091324815e+00 1.215296288122139435e+11
2.721374538452237868e+00 1.177321719825125275e+11
2.748588283836760127e+00 1.143170500241061859e+11
2.776074166675128296e+00 1.103085023675679016e+11
2.803834908341879206e+00 1.090129354836094666e+11
2.831873257425297830e+00 1.056630190632084961e+11
2.860191989999551154e+00 1.042525088345171814e+11
2.888793909899546541e+00 1.036435280490278778e+11
2.917681848998542549e+00 9.892030744200485229e+10
2.946858667488527761e+00 9.895035258184481812e+10
2.976327254163412928e+00 9.680456077354414368e+10
3.006090526705047061e+00 9.650692718715086365e+10
3.036151431972097470e+00 9.453112276244998169e+10
3.066512946291818587e+00 9.505254631690545654e+10
3.097178075754736692e+00 9.333260128775126648e+10
3.128149856512283833e+00 9.268622256958363342e+10
3.159431355077406689e+00 9.199377556060845947e+10
3.191025668628181045e+00 9.100538778723083496e+10
3.222935925314462935e+00 9.050940627534704590e+10
3.255165284567607564e+00 9.022812598764958191e+10
3.287716937413283524e+00 8.907983898816409302e+10
3.320594106787416067e+00 8.844645596628091431e+10
3.353800047855290511e+00 8.684126398117456055e+10
3.387338048333843332e+00 8.574352321543118286e+10
3.421211428817182210e+00 8.468739041271066284e+10
3.455423543105353712e+00 8.384928735324932861e+10
3.489977778536407005e+00 8.214458949900048828e+10
3.524877556321771355e+00 8.063323280769029236e+10
3.560126331884988726e+00 7.967253080234277344e+10
3.595727595203838334e+00 7.849573569703294373e+10
3.631684871155877570e+00 7.714522031259303284e+10
3.668001719867436616e+00 7.565130227412083435e+10
3.704681737066110259e+00 7.476354069047198486e+10
3.741728554436771326e+00 7.351005425556970215e+10
3.779145839981139510e+00 7.232926349568319702e+10
3.816937298380950860e+00 7.062022617508914185e+10
3.855106671364760818e+00 6.932011728246017456e+10
3.893657738078407426e+00 6.777802560585856628e+10
3.932594315459191581e+00 6.596572250621794128e+10
3.971920258613783616e+00 6.371885740878018951e+10
4.011639461199922430e+00 6.151119659839088440e+10
4.051755855811920881e+00 5.927120989196516418e+10
4.092273414370040108e+00 5.639367823997324371e+10
4.133196148513740731e+00 5.474177376624443817e+10
4.174528109998877135e+00 5.262914986384329987e+10
4.216273391098866341e+00 5.015548956178153992e+10
4.258436125009854578e+00 4.741734786789112091e+10
4.301020486259953479e+00 4.594324169583708954e+10
4.344030691122553023e+00 4.399037415913850403e+10
4.387470998033777825e+00 4.211532211341552734e+10
4.431345708014116092e+00 4.049600118662381744e+10
4.475659165094256764e+00 3.923216081597009277e+10
4.520415756745198799e+00 3.797710384731758881e+10
4.565619914312651240e+00 3.687883456771682739e+10
4.611276113455778258e+00 3.596046661113834381e+10
4.657388874590335348e+00 3.494649081195281219e+10
4.703962763336238417e+00 3.405768644428386688e+10
4.751002390969600420e+00 3.312638408265775299e+10
4.798512414879296806e+00 3.211628854050432587e+10
4.846497539028090884e+00 3.116795279168375015e+10
4.894962514418371491e+00 3.022074549882195282e+10
4.943912139562555375e+00 2.918318331818131638e+10
4.993351260958180937e+00 2.837017722034733582e+10
5.043284773567762613e+00 2.725980622259794617e+10
5.093717621303440524e+00 2.659236113501708603e+10
5.144654797516475142e+00 2.563506794030715179e+10
5.196101345491639378e+00 2.490448317606331253e+10
5.248062358946555150e+00 2.425377672853409576e+10
5.300542982536021519e+00 2.341501036763756180e+10
5.353548412361381459e+00 2.283957673705161667e+10
5.407083896484995655e+00 2.202331066483527374e+10
5.461154735449845532e+00 2.150256155234231186e+10
5.515766282804344556e+00 2.083962799638666153e+10
5.570923945632387131e+00 2.010761173275940323e+10
5.626633185088711464e+00 1.962988714145644379e+10
5.682899516939598605e+00 1.896276636220690536e+10
5.739728512108993819e+00 1.839194782759134674e+10
5.797125797230084032e+00 1.792078950857648468e+10
5.855097055202384659e+00 1.729041783237603378e+10
5.913648025754409510e+00 1.690188865602968979e+10
5.972784506011953987e+00 1.646672527918743515e+10
6.032512351072073287e+00 1.592849959293493843e+10
6.092837474582792900e+00 1.571166931369689369e+10
6.153765849328621584e+00 1.537265594135271835e+10
6.215303507821907658e+00 1.496572860114334679e+10
6.277456542900125669e+00 1.450425824576635933e+10
6.340231108329128062e+00 1.404442973568152618e+10
6.403633419412418704e+00 1.339006487245625496e+10
6.467669753606543281e+00 1.254792854050697899e+10
6.532346451142608146e+00 1.195223750426886177e+10
6.597669915654034156e+00 1.118076092609096336e+10
6.663646614810574853e+00 1.075023241178854752e+10
6.730283080958680664e+00 1.069079426853362846e+10
6.797585911768267763e+00 1.021312356343691826e+10
6.865561770885950210e+00 9.940706433225614548e+09
6.934217388594810849e+00 9.694223884036396027e+09
7.003559562480758949e+00 9.510495014681438446e+09
7.073595158105566050e+00 9.111157021472345352e+09
7.144331109686621772e+00 8.884785173379035950e+09
7.215774420783487741e+00 8.667730176403596878e+09
7.287932164991324235e+00 8.377600159828988075e+09
7.360811486641236634e+00 8.097973499215209961e+09
7.434419601507648245e+00 7.850758727499971390e+09
7.508763797522725270e+00 7.615628901853824615e+09
7.583851435497953375e+00 7.335825152774533272e+09
7.659689949852931612e+00 7.130235393420182228e+09
7.736286849351461825e+00 6.865925792054841995e+09
7.813649717844977083e+00 6.761208447072170258e+09
7.891786215023426365e+00 6.349736589832985878e+09
7.970704077173661695e+00 6.229457399621132851e+09
8.050411117945397876e+00 6.017181355497938156e+09
8.130915229124850541e+00 5.814598968109686852e+09
8.212224381416099561e+00 5.621753874610557556e+09
8.294346625230261338e+00 5.421871012238503456e+09
8.377290091482562318e+00 5.253347662367243767e+09
8.461062992397387461e+00 5.098829408980804443e+09
8.545673622321363183e+00 4.946285940638895988e+09
8.631130358544575998e+00 4.826356917471216202e+09
8.717441662130022806e+00 4.649758215693902016e+09
8.804616078751321240e+00 4.515141421391587257e+09
8.892662239538834612e+00 4.419036696045465469e+09
8.981588861934222123e+00 4.252774491061079025e+09
9.071404750553567098e+00 4.151856825174349785e+09
9.162118798059102787e+00 4.025650797314964294e+09
9.253739986039693832e+00 3.879751808112578869e+09
9.346277385900089385e+00 3.782644341045275688e+09
9.439740159759089977e+00 3.645245527589406013e+09
9.534137561356683221e+00 3.564150527452411175e+09
9.629478936970249592e+00 3.405539919792732716e+09
9.725773726339950187e+00 3.322944920330215454e+09
9.823031463603349778e+00 3.219516056742214680e+09
9.921261778239381712e+00 3.080834123470139503e+09
1.002047439602177548e+01 3.000590542738860130e+09
1.012067913998199487e+01 2.887910151576253891e+09
1.022188593138181290e+01 2.801217872954924583e+09
1.032410479069563181e+01 2.686661077314953804e+09
1.042734583860258724e+01 2.591563790586289883e+09
1.053161929698861421e+01 2.504225961467935562e+09
1.063693548995849980e+01 2.414077125440854549e+09
1.074330484485808412e+01 2.327352514673015594e+09
1.085073789330666472e+01 2.253021891723223686e+09
1.095924527223973222e+01 2.149699910356836319e+09
1.106883772496212970e+01 2.077767562088137627e+09
1.117952610221174936e+01 1.996137991004848957e+09
1.129132136323386781e+01 1.926982224881171703e+09
1.140423457686620701e+01 1.863075405391279221e+09
1.151827692263487002e+01 1.788757768084496975e+09
1.163345969186121920e+01 1.725228194117959261e+09
1.174979428877982990e+01 1.645815501452174664e+09
1.186729223166762992e+01 1.591068982864568710e+09
1.198596515398430462e+01 1.543838267211127758e+09
1.210582480552414708e+01 1.477847720153367281e+09
1.222688305357938887e+01 1.434404923724503040e+09
1.234915188411518194e+01 1.381299317678318977e+09
1.247264340295633467e+01 1.314405658064589262e+09
1.259736983698589619e+01 1.274437812525455713e+09
1.272334353535575424e+01 1.228430770867950439e+09
1.285057697070931226e+01 1.183352830458944082e+09
1.297908274041640553e+01 1.133270783765270472e+09
1.310887356782057012e+01 1.104953939168074131e+09
1.323996230349877479e+01 1.050303594905647755e+09
1.337236192653376321e+01 1.021014068982963324e+09
1.350608554579910248e+01 9.749580490563513041e+08
1.364114640125709244e+01 9.491851418966708183e+08
1.377755786526966197e+01 9.054110868198859692e+08
1.391533344392236238e+01 8.790017653277977705e+08
1.405448677836158211e+01 8.453177327922281027e+08
1.419503164614519974e+01 8.047829756394011974e+08
1.433698196260665192e+01 7.842515801211470366e+08
1.448035178223271835e+01 7.517266529934412241e+08
1.462515530005504516e+01 7.191587492659862041e+08
1.477140685305559664e+01 7.034718823142480850e+08
1.491912092158615089e+01 6.695680609911518097e+08
1.506831213080201159e+01 6.502820677655127048e+08
1.521899525211003024e+01 6.256659954592678547e+08
1.537118520463113214e+01 6.002504532051740885e+08
1.552489705667744246e+01 5.792404476519593000e+08
1.568014602724421813e+01 5.595914596477648020e+08
1.583694748751665848e+01 5.394436814436690807e+08
1.599531696239182388e+01 5.186090686051257253e+08
1.615527013201574391e+01 4.950777454820874929e+08
1.631682283333590178e+01 4.839525240455601215e+08
1.647999106166925998e+01 4.613539929778925180e+08
1.664479097228595350e+01 4.435901032803471684e+08
1.681123888200881211e+01 4.328174357253268361e+08
1.697935127082889650e+01 4.193164923895636797e+08
1.714914478353718863e+01 3.965971296157931089e+08
1.732063623137256059e+01 3.807413262019739151e+08
1.749384259368628847e+01 3.722455564958410859e+08
1.766878101962314673e+01 3.542763734821452498e+08
1.784546882981938509e+01 3.450634849761914611e+08
1.802392351811757720e+01 3.317015093787313700e+08
1.820416275329875333e+01 3.185993223704227805e+08
1.838620438083173880e+01 3.085569865920737386e+08
1.857006642464005353e+01 2.908164067264270782e+08
1.875576708888645427e+01 2.846038859624443650e+08
1.894332475977532226e+01 2.745032027608773708e+08
1.913275800737307719e+01 2.655120932611769736e+08
1.969740769490774923e+01 2.365643058989580274e+08
2.068227807965313403e+01 1.964261572027620673e+08
2.171639198363579126e+01 1.631696623463901281e+08
2.280221158281758420e+01 1.362003322129479349e+08
2.394232216195846163e+01 1.129567590651233047e+08
2.513943827005638454e+01 9.369350100527539849e+07
2.639641018355920465e+01 7.799303215410842001e+07
2.771623069273716311e+01 6.449267876622472703e+07
2.910204222737402446e+01 5.357502120266654342e+07
3.055714433874272729e+01 4.399215965648940206e+07
3.208500155567985956e+01 3.675859796037631482e+07
3.368925163346385432e+01 3.009378266366272792e+07
3.537371421513704206e+01 2.479915468270270154e+07
3.714239992589390482e+01 2.063235800577880815e+07
3.899951992218858976e+01 1.720042637136569619e+07
4.094949591829801960e+01 1.412221489678892493e+07
4.299697071421292094e+01 1.177398079311505519e+07
4.514681924992356699e+01 9.761513905005717650e+06
4.740416021241974676e+01 8.074530195123573765e+06
4.977436822304073161e+01 6.678159217128283344e+06
5.226308663419276712e+01 5.541672803695356473e+06
5.487624096590241152e+01 4.598116743251061998e+06
5.762005301419753067e+01 3.796675854371462483e+06
6.050105566490740472e+01 3.157997563990821596e+06
6.352610844815276891e+01 2.601763456624194980e+06
6.670241387056040594e+01 2.158463343647485133e+06
7.003753456408843192e+01 1.791817880642126314e+06
7.353941129229284002e+01 1.471816189423178090e+06
7.721638185690748912e+01 1.224583913046292029e+06
8.107720094975286429e+01 1.007940260807119543e+06
8.513106099724051035e+01 8.335365278792385943e+05
8.938761404710253089e+01 7.014016303666222375e+05
9.385699474945765530e+01 5.750161291427629767e+05
