3.401114059005487245e-01 3.156041288778778687e+11
3.435125199595542300e-01 4.696767639527859497e+11
3.469476451591497201e-01 4.335843824222781982e+11
3.504171216107412334e-01 4.531330951200682373e+11
3.539212928268486436e-01 4.919291099246390991e+11
3.574605057551171750e-01 8.938806280208831787e+11
3.610351108126682584e-01 7.215322265218916016e+11
3.646454619207949999e-01 7.128208144254555664e+11
3.682919165400029282e-01 7.076791905246756592e+11
3.719748357054029064e-01 1.159372906593604004e+12
3.756945840624569266e-01 1.180556608267916260e+12
3.794515299030815081e-01 8.973452436456014404e+11
3.832460452021123065e-01 1.382710127548855957e+12
3.870785056541334312e-01 1.231222253001827393e+12
3.909492907106748016e-01 1.060837493189352783e+12
3.948587836177815391e-01 7.514142983267807617e+11
3.988073714539593917e-01 6.626438374905352783e+11
4.027954451684989667e-01 6.856889463671557617e+11
4.068233996201839342e-01 8.882776556975576172e+11
4.108916336163858096e-01 5.956577317143668213e+11
4.150005499525497021e-01 8.040743413838779297e+11
4.191505554520751908e-01 9.202729354267160645e+11
4.233420610065958822e-01 1.086702382177528198e+12
4.275754816166618122e-01 9.824370372163682861e+11
4.318512364328284114e-01 1.018181799412500488e+12
4.361697487971567533e-01 8.440084815540101318e+11
4.405314462851282475e-01 1.127123680916103027e+12
4.449367607479796094e-01 1.007408725424046875e+12
4.493861283554593800e-01 9.042697163482647705e+11
4.538799896390139921e-01 8.670383921185670166e+11
4.584187895354041031e-01 9.179419462401495361e+11
4.630029774307581336e-01 9.273665689786248779e+11
4.676330072050656761e-01 9.843916257372994385e+11
4.723093372771162701e-01 1.014050153825187622e+12
4.770324306498874289e-01 1.072897199521055542e+12
4.818027549563863032e-01 1.116864287088759521e+12
4.866207825059500891e-01 1.223414232795456787e+12
4.914869903310095656e-01 1.268728493070245117e+12
4.964018602343197584e-01 1.340317832796353760e+12
5.013658788366629482e-01 1.511518085293875977e+12
5.063795376250295188e-01 1.617283674373175049e+12
5.114433330012797541e-01 1.712719167977257812e+12
5.165577663312926893e-01 1.974015764384643555e+12
5.217233439946056262e-01 1.834619529514510010e+12
5.269405774345515825e-01 1.866031350290442627e+12
5.322099832088971194e-01 1.760401939574195312e+12
5.375320830409860973e-01 1.892848111836817139e+12
5.429074038713960215e-01 2.170978797865954834e+12
5.483364779101099762e-01 2.029564079408448242e+12
5.538198426892112503e-01 1.966021104395183838e+12
5.593580411161032107e-01 2.145348481704039551e+12
5.649516215272641917e-01 2.229323963315192383e+12
5.706011377425368458e-01 2.193243044150758057e+12
5.763071491199621699e-01 2.217132594292909180e+12
5.820702206111618704e-01 2.182147279554802002e+12
5.878909228172733981e-01 2.475917662741874512e+12
5.937698320454461998e-01 2.626383290413006348e+12
5.997075303659007428e-01 2.635849422215049316e+12
6.057046056695597480e-01 2.494739035693592773e+12
6.117616517262552955e-01 2.445010903453899414e+12
6.178792682435179096e-01 2.769824920346486816e+12
6.240580609259530620e-01 3.112594518224905273e+12
6.302986415352126448e-01 2.881266125342229980e+12
6.366016279505647413e-01 2.749981160425376953e+12
6.429676442300703565e-01 2.665772841607695312e+12
6.493973206723711034e-01 2.662142785695834473e+12
6.558912938790947278e-01 2.708601068990931641e+12
6.624502068178856895e-01 2.986945463660219238e+12
6.690747088860645730e-01 3.187479706715052246e+12
6.757654559749252110e-01 3.229310922320412598e+12
6.825231105346745153e-01 3.201734289289941406e+12
6.893483416400212338e-01 3.021619504306627930e+12
6.962418250564214039e-01 2.888912177933843262e+12
7.032042433069857212e-01 2.809363465449382812e+12
7.102362857400554841e-01 3.137519123349863281e+12
7.173386485974559967e-01 3.311012119861638184e+12
7.245120350834306500e-01 3.169500759861734863e+12
7.317571554342650053e-01 2.971624513899335449e+12
7.390747269886076554e-01 2.792925109832597168e+12
7.464654742584937441e-01 2.729481877948007812e+12
7.539301290010786971e-01 2.671848191921078613e+12
7.614694302910893775e-01 2.862671571962962891e+12
7.690841245940003290e-01 3.161672194542226562e+12
7.767749658399403234e-01 3.222543917687307617e+12
7.845427154983398710e-01 3.218047409817726562e+12
7.923881426533231354e-01 3.232057024531682617e+12
8.003120240798563545e-01 3.094839898129659668e+12
8.083151443206548770e-01 3.012332370127294434e+12
8.163982957638614701e-01 2.851024122855935059e+12
8.245622787215000082e-01 3.000260171094095703e+12
8.328079015087149761e-01 3.177351759541834473e+12
8.411359805238021181e-01 3.189358685833520996e+12
8.495473403290402237e-01 3.431813747480788574e+12
8.580428137323306004e-01 3.287363553633455078e+12
8.666232418696537820e-01 3.271259973730509766e+12
8.752894742883503554e-01 3.072290934239622559e+12
8.840423690312340099e-01 3.122851486833711426e+12
8.928827927215462479e-01 3.191440311067381348e+12
9.018116206487618580e-01 3.186639537432669434e+12
9.108297368552494833e-01 3.118245890380363281e+12
9.199380342238018260e-01 2.954569950815186523e+12
9.291374145660399320e-01 2.965356628969911621e+12
9.384287887117003235e-01 3.003259811461219727e+12
9.478130765988174167e-01 2.896012007453329102e+12
9.572912073648053299e-01 2.858122633576720215e+12
9.668641194384535176e-01 2.814530217103119141e+12
9.765327606328380039e-01 2.928957891769132324e+12
9.862980882391664261e-01 2.979143808299118652e+12
9.961610691215579960e-01 3.105524916446354980e+12
1.006122679812773590e+00 3.052661874005584961e+12
1.016183906610901300e+00 2.968182422030998535e+12
1.026345745677010202e+00 2.964826565371347656e+12
1.036609203133780355e+00 2.895493286586077148e+12
1.046975295165118336e+00 2.792901259236612793e+12
1.057445048116769204e+00 2.741819989881382812e+12
1.068019498597936989e+00 2.727875210786679688e+12
1.078699693583916597e+00 2.698522555907448730e+12
1.089486690519755552e+00 2.689049298363742188e+12
1.100381557424953138e+00 2.695424328785715332e+12
1.111385372999202481e+00 2.691588917341146484e+12
1.122499226729194666e+00 2.644820015859957031e+12
1.133724218996486455e+00 2.611425081020775391e+12
1.145061461186451135e+00 2.579811112584689941e+12
1.156512075798315831e+00 2.582302011796918457e+12
1.168077196556299047e+00 2.546746804277229980e+12
1.179757968521861988e+00 2.478123321115339844e+12
1.191555548207080761e+00 2.551561283589273438e+12
1.203471103689151889e+00 2.432068857904506348e+12
1.215505814726043354e+00 2.375540118559632812e+12
1.227660872873303610e+00 2.329936123866541992e+12
1.239937481602036762e+00 2.324811971928605957e+12
1.252336856418057032e+00 2.303080713003792969e+12
1.264860224982237824e+00 2.260789251529282227e+12
1.277508827232060051e+00 2.209635449520161621e+12
1.290283915504380818e+00 2.197161086724454346e+12
1.303186754659424462e+00 2.149061656691062744e+12
1.316218622206019040e+00 2.111104926105073730e+12
1.329380808428079153e+00 2.142530659394805908e+12
1.342674616512359975e+00 2.193672320531401367e+12
1.356101362677483380e+00 2.180029905098163330e+12
1.369662376304258355e+00 2.133545868914310303e+12
1.383359000067300837e+00 2.086218661365662842e+12
1.397192590067974027e+00 2.076290702419986572e+12
1.411164515968653665e+00 2.064126094461655762e+12
1.425276161128340213e+00 2.055721608640089355e+12
1.439528922739623740e+00 2.005313646968199951e+12
1.453924211967019708e+00 1.982523126047531006e+12
1.468463454086690101e+00 1.953626193736305908e+12
1.483148088627556760e+00 1.902636978020303711e+12
1.497979569513832487e+00 1.866429629771824219e+12
1.512959365208970564e+00 1.812215362278010986e+12
1.528088958861060442e+00 1.776650149981317383e+12
1.543369848449671178e+00 1.727087497609577637e+12
1.558803546934167894e+00 1.702966407920987061e+12
1.574391582403509737e+00 1.651271404898034180e+12
1.590135498227544852e+00 1.614869224748440186e+12
1.606036853209820148e+00 1.561477450309188232e+12
1.622097221741918505e+00 1.525009974228221191e+12
1.638318193959337421e+00 1.466626456669796875e+12
1.654701375898931071e+00 1.425720001371760498e+12
1.671248389657920441e+00 1.385201199400830322e+12
1.687960873554499530e+00 1.358878686270007568e+12
1.704840482290044701e+00 1.341007720632898682e+12
1.721888887112944966e+00 1.345316934440379150e+12
1.739107775984074289e+00 1.334635810020593506e+12
1.756498853743915012e+00 1.335666521548769531e+12
1.774063842281354608e+00 1.335639838232443359e+12
1.791804480704168201e+00 1.325059562826174316e+12
1.809722525511209934e+00 1.313793095195147949e+12
1.827819750766321860e+00 1.289278403947491943e+12
1.846097948273984990e+00 1.281937652756275635e+12
1.864558927756724938e+00 1.271909992315263428e+12
1.883204517034292147e+00 1.231674720339966553e+12
1.902036562204635128e+00 1.197257072741971191e+12
1.921056927826681582e+00 1.168487144290966064e+12
1.940267497104948502e+00 1.147615262601621338e+12
1.959670172075998140e+00 1.109867897030343506e+12
1.979266873796758031e+00 1.105160557272349609e+12
1.999059542534725509e+00 1.070830856917726685e+12
2.019050137960073155e+00 1.052081003734528320e+12
2.039240639339673589e+00 1.025852891226595703e+12
2.059633045733070489e+00 1.006716391610818604e+12
2.080229376190401158e+00 9.779464544819058838e+11
2.101031669952305059e+00 9.471705508940537109e+11
2.122041986651828083e+00 9.206170692276663818e+11
2.143262406518346097e+00 8.906026515456375732e+11
2.164695030583529967e+00 8.582705807144224854e+11
2.186341980889365377e+00 8.302539678310970459e+11
2.208205400698258991e+00 8.003157045877697754e+11
2.230287454705241146e+00 7.750761992395366211e+11
2.252590329252293522e+00 7.497530583768653564e+11
2.275116232544817318e+00 7.247705468756524658e+11
2.297867394870265034e+00 7.461028543768128662e+11
2.320846068818967822e+00 7.420329869156895752e+11
2.344054529507157536e+00 7.300223720217106934e+11
2.367495074802228761e+00 7.146943448382889404e+11
2.391170025550251044e+00 7.232589082038112793e+11
2.415081725805753532e+00 7.119112923515183105e+11
2.439232543063811764e+00 6.992962591377686768e+11
2.463624868494449949e+00 6.891482938809748535e+11
2.488261117179394244e+00 6.801627222974604492e+11
2.513143728351188155e+00 6.652507601248305664e+11
2.538275165634700237e+00 6.449473056504390869e+11
2.563657917291046751e+00 6.269203968457950439e+11
2.589294496463957262e+00 6.064455825318198242e+11
2.615187441428596937e+00 5.825720218699124756e+11
2.641339315842882840e+00 5.611286250636790771e+11
2.667752709001311562e+00 5.420790818594998169e+11
2.694430236091324815e+00 5.278335278648718262e+11
2.721374538452237868e+00 5.153389820322125854e+11
2.748588283836760127e+00 5.048652135036588135e+11
2.776074166675128296e+00 4.932385589059837646e+11
2.803834908341879206e+00 4.791453666053505249e+11
2.831873257425297830e+00 4.685697815265444946e+11
2.860191989999551154e+00 4.550134780221742554e+11
2.888793909899546541e+00 4.396025639050702515e+11
2.917681848998542549e+00 4.307537191833788452e+11
2.946858667488527761e+00 4.174564879926727295e+11
2.976327254163412928e+00 4.063434580096065063e+11
3.006090526705047061e+00 3.926327559528571777e+11
3.036151431972097470e+00 3.833873206139119873e+11
3.066512946291818587e+00 3.692860219456409912e+11
3.097178075754736692e+00 3.598460445436103516e+11
3.128149856512283833e+00 3.479968766287851562e+11
3.159431355077406689e+00 3.365184490584644165e+11
3.191025668628181045e+00 3.258455293419085083e+11
3.222935925314462935e+00 3.140994515856543579e+11
3.255165284567607564e+00 3.037507297635703735e+11
3.287716937413283524e+00 2.931718112212607422e+11
3.320594106787416067e+00 2.827930762968311157e+11
3.353800047855290511e+00 2.729863343216006470e+11
3.387338048333843332e+00 2.629961215819974060e+11
3.421211428817182210e+00 2.540035939509228516e+11
3.455423543105353712e+00 2.444086933348161926e+11
3.489977778536407005e+00 2.358920852792716064e+11
3.524877556321771355e+00 2.276690496270727234e+11
3.560126331884988726e+00 2.194928050315402222e+11
3.595727595203838334e+00 2.114641470856695557e+11
3.631684871155877570e+00 2.042089689121084290e+11
3.668001719867436616e+00 1.971563222005464172e+11
3.704681737066110259e+00 1.902459099228683167e+11
3.741728554436771326e+00 1.828450232862340698e+11
3.779145839981139510e+00 1.762354021927323914e+11
3.816937298380950860e+00 1.702567355555646973e+11
3.855106671364760818e+00 1.641459232600057373e+11
3.893657738078407426e+00 1.586805400507134705e+11
3.932594315459191581e+00 1.535846462178609619e+11
3.971920258613783616e+00 1.496114669409551392e+11
4.011639461199922430e+00 1.449694402881348267e+11
4.051755855811920881e+00 1.411275420519833069e+11
4.092273414370040108e+00 1.376969804272615662e+11
4.133196148513740731e+00 1.332545015945001526e+11
4.174528109998877135e+00 1.293787410608322906e+11
4.216273391098866341e+00 1.252911755545087738e+11
4.258436125009854578e+00 1.221426310677360382e+11
4.301020486259953479e+00 1.227101969261739502e+11
4.344030691122553023e+00 1.204036897000829926e+11
4.387470998033777825e+00 1.186097927865230713e+11
4.431345708014116092e+00 1.177225111178372955e+11
4.475659165094256764e+00 1.158226604966134033e+11
4.520415756745198799e+00 1.125959474282032013e+11
4.565619914312651240e+00 1.090923752484467621e+11
4.611276113455778258e+00 1.060301857205486298e+11
4.657388874590335348e+00 1.018057426390263519e+11
4.703962763336238417e+00 9.807029175992080688e+10
4.751002390969600420e+00 9.437156432541195679e+10
4.798512414879296806e+00 9.146017083630369568e+10
4.846497539028090884e+00 8.785038741163446045e+10
4.894962514418371491e+00 8.516022420969725037e+10
4.943912139562555375e+00 8.221502096194079590e+10
4.993351260958180937e+00 7.931389680774134827e+10
5.043284773567762613e+00 7.676885022821582031e+10
5.093717621303440524e+00 7.390322874028694153e+10
5.144654797516475142e+00 7.145145810557487488e+10
5.196101345491639378e+00 6.871624790401321411e+10
5.248062358946555150e+00 6.643549899241272736e+10
5.300542982536021519e+00 6.397106939926329803e+10
5.353548412361381459e+00 6.161791743518685913e+10
5.407083896484995655e+00 5.939952862583445740e+10
5.461154735449845532e+00 5.723981071999417114e+10
5.515766282804344556e+00 5.511337945483435059e+10
5.570923945632387131e+00 5.307377243314431763e+10
5.626633185088711464e+00 5.112780647564296722e+10
5.682899516939598605e+00 4.925316660159024811e+10
5.739728512108993819e+00 4.748471907593838501e+10
5.797125797230084032e+00 4.559366494944359589e+10
5.855097055202384659e+00 4.402270752753144073e+10
5.913648025754409510e+00 4.222298949421781158e+10
5.972784506011953987e+00 4.056614414256230927e+10
6.032512351072073287e+00 3.913877478809855652e+10
6.092837474582792900e+00 3.758258375419198608e+10
6.153765849328621584e+00 3.613334008706802368e+10
6.215303507821907658e+00 3.478142241792661285e+10
6.277456542900125669e+00 3.358756596238169479e+10
6.340231108329128062e+00 3.245340254965590286e+10
6.403633419412418704e+00 3.141906993113936234e+10
6.467669753606543281e+00 3.066780190091078949e+10
6.532346451142608146e+00 2.979652133843154144e+10
6.597669915654034156e+00 2.902613741287824249e+10
6.663646614810574853e+00 2.819278812978807831e+10
6.730283080958680664e+00 2.706759533447827148e+10
6.797585911768267763e+00 2.623960220283367920e+10
6.865561770885950210e+00 2.525841411139869690e+10
6.934217388594810849e+00 2.441509749024361801e+10
7.003559562480758949e+00 2.345830465105213928e+10
7.073595158105566050e+00 2.267358133268954468e+10
7.144331109686621772e+00 2.184198739792889023e+10
7.215774420783487741e+00 2.105635121400843430e+10
7.287932164991324235e+00 2.031558126117169952e+10
7.360811486641236634e+00 1.956451996622075653e+10
7.434419601507648245e+00 1.886020527478684998e+10
7.508763797522725270e+00 1.819784608559874725e+10
7.583851435497953375e+00 1.754574546887065887e+10
7.659689949852931612e+00 1.691578039255494690e+10
7.736286849351461825e+00 1.633702672559565544e+10
7.813649717844977083e+00 1.566351330986836815e+10
7.891786215023426365e+00 1.522383012864468575e+10
7.970704077173661695e+00 1.465752805431806946e+10
8.050411117945397876e+00 1.414436745267921066e+10
8.130915229124850541e+00 1.366041466826035690e+10
8.212224381416099561e+00 1.316117812179169464e+10
8.294346625230261338e+00 1.271269051298901367e+10
8.377290091482562318e+00 1.226199494094120598e+10
8.461062992397387461e+00 1.182814673927774239e+10
8.545673622321363183e+00 1.140712031472812271e+10
8.631130358544575998e+00 1.097930880400596809e+10
8.717441662130022806e+00 1.059737805343618011e+10
8.804616078751321240e+00 1.021431811429218292e+10
8.892662239538834612e+00 9.819687377413389206e+09
8.981588861934222123e+00 9.467733569292814255e+09
9.071404750553567098e+00 9.110299176696802139e+09
9.162118798059102787e+00 8.783628590648057938e+09
9.253739986039693832e+00 8.466964787072477341e+09
9.346277385900089385e+00 8.162917689422022820e+09
9.439740159759089977e+00 7.866755015703179359e+09
9.534137561356683221e+00 7.564108558490806580e+09
9.629478936970249592e+00 7.318218585542716980e+09
9.725773726339950187e+00 7.039658440800239563e+09
9.823031463603349778e+00 6.793235642465624809e+09
9.921261778239381712e+00 6.562553924052046776e+09
1.002047439602177548e+01 6.316242782882580757e+09
1.012067913998199487e+01 6.100967359114671707e+09
1.022188593138181290e+01 5.869633749146099091e+09
1.032410479069563181e+01 5.680631282188470840e+09
1.042734583860258724e+01 5.465604507087065697e+09
1.053161929698861421e+01 5.278837468648765564e+09
1.063693548995849980e+01 5.089026987884240150e+09
1.074330484485808412e+01 4.914094678516804695e+09
1.085073789330666472e+01 4.728483711014528275e+09
1.095924527223973222e+01 4.574643777863567352e+09
1.106883772496212970e+01 4.397514892943496704e+09
1.117952610221174936e+01 4.251308279495372295e+09
1.129132136323386781e+01 4.090771496021040440e+09
1.140423457686620701e+01 3.944390732853360653e+09
1.151827692263487002e+01 3.806376157113955021e+09
1.163345969186121920e+01 3.667424034017357349e+09
1.174979428877982990e+01 3.536947266874695301e+09
1.186729223166762992e+01 3.403914667768939018e+09
1.198596515398430462e+01 3.272930158092623711e+09
1.210582480552414708e+01 3.158418343696039200e+09
1.222688305357938887e+01 3.039963571322554588e+09
1.234915188411518194e+01 2.931931780362698555e+09
1.247264340295633467e+01 2.824285502124964237e+09
1.259736983698589619e+01 2.716149523845296383e+09
1.272334353535575424e+01 2.617808925200369835e+09
1.285057697070931226e+01 2.522436567988531590e+09
1.297908274041640553e+01 2.433043291210533619e+09
1.310887356782057012e+01 2.341087906833849430e+09
1.323996230349877479e+01 2.256347022891906738e+09
1.337236192653376321e+01 2.173018260016548157e+09
1.350608554579910248e+01 2.094993914664676428e+09
1.364114640125709244e+01 2.012802353307029724e+09
1.377755786526966197e+01 1.942051765974921465e+09
1.391533344392236238e+01 1.865669473962866068e+09
1.405448677836158211e+01 1.796638583297965288e+09
1.419503164614519974e+01 1.739835368028772354e+09
1.433698196260665192e+01 1.667726377496451855e+09
1.448035178223271835e+01 1.608139202207982063e+09
1.462515530005504516e+01 1.553024126257277727e+09
1.477140685305559664e+01 1.487471483899403095e+09
1.491912092158615089e+01 1.436872281309389353e+09
1.506831213080201159e+01 1.380646738073948622e+09
1.521899525211003024e+01 1.330488397605128050e+09
1.537118520463113214e+01 1.282650288853246689e+09
1.552489705667744246e+01 1.233243693020506382e+09
1.568014602724421813e+01 1.188928043418719530e+09
1.583694748751665848e+01 1.143116365706554651e+09
1.599531696239182388e+01 1.101937335235144615e+09
1.615527013201574391e+01 1.063669458143422604e+09
1.631682283333590178e+01 1.019878773841597438e+09
1.647999106166925998e+01 9.840651973313351870e+08
1.664479097228595350e+01 9.478809898838998079e+08
1.681123888200881211e+01 9.120562167010698318e+08
1.697935127082889650e+01 8.771624118734979630e+08
1.714914478353718863e+01 8.453595516910349131e+08
1.732063623137256059e+01 8.148398665810855627e+08
1.749384259368628847e+01 7.817790601598174572e+08
1.766878101962314673e+01 7.551105744838631153e+08
1.784546882981938509e+01 7.245386305709084272e+08
1.802392351811757720e+01 6.985687417247934341e+08
1.820416275329875333e+01 6.726731380611872673e+08
1.838620438083173880e+01 6.472006551994545460e+08
1.857006642464005353e+01 6.240944366026639938e+08
1.875576708888645427e+01 6.006237993494817019e+08
1.894332475977532226e+01 5.779736879667425156e+08
1.913275800737307719e+01 5.552254876988097429e+08
1.969740769490774923e+01 4.921771959421679378e+08
2.068227807965313403e+01 3.927856557314892411e+08
2.171639198363579126e+01 3.241929180029795766e+08
2.280221158281758420e+01 2.674285043041096032e+08
2.394232216195846163e+01 2.214468537899969518e+08
2.513943827005638454e+01 1.827451332828742564e+08
2.639641018355920465e+01 1.510881900565078259e+08
2.771623069273716311e+01 1.248955831502401382e+08
2.910204222737402446e+01 1.033831651898024082e+08
3.055714433874272729e+01 8.550186827468769252e+07
3.208500155567985956e+01 7.060483095537222922e+07
3.368925163346385432e+01 5.852602494909064472e+07
3.537371421513704206e+01 4.826360804871024936e+07
3.714239992589390482e+01 3.970696025085232407e+07
3.899951992218858976e+01 3.258054148059997708e+07
4.094949591829801960e+01 2.680975332909660786e+07
4.299697071421292094e+01 2.204788279535591602e+07
4.514681924992356699e+01 1.812961921223854274e+07
4.740416021241974676e+01 1.488456303357885778e+07
4.977436822304073161e+01 1.224152322163786553e+07
5.226308663419276712e+01 1.009018247548869066e+07
5.487624096590241152e+01 8.253632976846681908e+06
5.762005301419753067e+01 6.811132692312473431e+06
6.050105566490740472e+01 5.579681957405306399e+06
6.352610844815276891e+01 4.579591873752286658e+06
6.670241387056040594e+01 3.769627337298470084e+06
7.003753456408843192e+01 3.090710754194696434e+06
7.353941129229284002e+01 2.542658733774475753e+06
7.721638185690748912e+01 2.076282629137754906e+06
8.107720094975286429e+01 1.711664682216075482e+06
8.513106099724051035e+01 1.404532959392068908e+06
8.938761404710253089e+01 1.147931582909495337e+06
9.385699474945765530e+01 9.420420206420528702e+05
