3.401114059005487245e-01 2.061617669023103638e+11
3.435125199595542300e-01 1.666141041242893677e+11
3.469476451591497201e-01 1.942498147144388733e+11
3.504171216107412334e-01 2.116332446853552856e+11
3.539212928268486436e-01 1.971798057109868164e+11
3.574605057551171750e-01 1.657946390559306946e+11
3.610351108126682584e-01 1.655951919905070190e+11
3.646454619207949999e-01 1.435384229419783020e+11
3.682919165400029282e-01 1.414419599696815491e+11
3.719748357054029064e-01 1.233364779394217224e+11
3.756945840624569266e-01 1.197176521854233551e+11
3.794515299030815081e-01 1.317945677256748505e+11
3.832460452021123065e-01 9.633999921698672485e+10
3.870785056541334312e-01 9.537101459286785889e+10
3.909492907106748016e-01 8.675415655106369019e+10
3.948587836177815391e-01 5.878303960782636261e+10
3.988073714539593917e-01 6.450975096470665741e+10
4.027954451684989667e-01 5.803755596255089569e+10
4.068233996201839342e-01 4.855094990169567108e+10
4.108916336163858096e-01 3.695717252499158478e+10
4.150005499525497021e-01 2.869191083871424484e+10
4.191505554520751908e-01 1.863132274175364685e+10
4.233420610065958822e-01 1.491814774319293594e+10
4.275754816166618122e-01 1.777404280371802521e+10
4.318512364328284114e-01 2.104313269576441193e+10
4.361697487971567533e-01 2.743172126149952698e+10
4.405314462851282475e-01 3.242080892435044861e+10
4.449367607479796094e-01 3.590066602505024719e+10
4.493861283554593800e-01 3.810622646622672272e+10
4.538799896390139921e-01 3.947781280277653503e+10
4.584187895354041031e-01 3.932318201130078125e+10
4.630029774307581336e-01 4.331535605253606415e+10
4.676330072050656761e-01 4.010791952381520844e+10
4.723093372771162701e-01 3.768410525345697784e+10
4.770324306498874289e-01 3.234504507439069366e+10
4.818027549563863032e-01 2.824218125281042862e+10
4.866207825059500891e-01 2.778437596514318466e+10
4.914869903310095656e-01 3.008180089598124313e+10
4.964018602343197584e-01 2.832676946105953979e+10
5.013658788366629482e-01 2.000261575543620682e+10
5.063795376250295188e-01 1.489857692304055405e+10
5.114433330012797541e-01 1.258646186686393166e+10
5.165577663312926893e-01 1.199036619226581001e+10
5.217233439946056262e-01 1.538858986331754494e+10
5.269405774345515825e-01 1.348795656952543259e+10
5.322099832088971194e-01 1.377258470634507751e+10
5.375320830409860973e-01 1.477949679384747696e+10
5.429074038713960215e-01 1.468882948806983757e+10
5.483364779101099762e-01 1.063054424718041611e+10
5.538198426892112503e-01 9.995243741888660431e+09
5.593580411161032107e-01 1.123687071026696587e+10
5.649516215272641917e-01 1.154616184065883636e+10
5.706011377425368458e-01 1.088784839986435699e+10
5.763071491199621699e-01 7.578461538826330185e+09
5.820702206111618704e-01 7.023646838834365845e+09
5.878909228172733981e-01 2.730627487746513844e+09
5.937698320454461998e-01 6.329763113758701324e+09
5.997075303659007428e-01 1.104617524844294357e+10
6.057046056695597480e-01 1.474572946217557335e+10
6.117616517262552955e-01 1.350470238716275406e+10
6.178792682435179096e-01 1.695476435795368195e+10
6.240580609259530620e-01 2.063879364908095551e+10
6.302986415352126448e-01 2.338998834434921265e+10
6.366016279505647413e-01 2.641631769928702545e+10
6.429676442300703565e-01 2.982091644000235367e+10
6.493973206723711034e-01 2.832486026479756546e+10
6.558912938790947278e-01 2.531324903995591736e+10
6.624502068178856895e-01 2.733654529637312317e+10
6.690747088860645730e-01 3.169015906742169571e+10
6.757654559749252110e-01 3.743298630282708740e+10
6.825231105346745153e-01 4.313323416994660187e+10
6.893483416400212338e-01 4.265937461464673615e+10
6.962418250564214039e-01 3.295633582277014160e+10
7.032042433069857212e-01 3.144418250603961182e+10
7.102362857400554841e-01 3.697549816060905457e+10
7.173386485974559967e-01 4.561661270342927551e+10
7.245120350834306500e-01 5.449823580852352905e+10
7.317571554342650053e-01 5.779009267069703674e+10
7.390747269886076554e-01 4.255292124689184570e+10
7.464654742584937441e-01 3.376606536230406570e+10
7.539301290010786971e-01 4.070540292078638458e+10
7.614694302910893775e-01 4.772849238715461731e+10
7.690841245940003290e-01 2.563700444809152985e+10
7.767749658399403234e-01 6.641439802370329285e+10
7.845427154983398710e-01 7.305056612675096130e+10
7.923881426533231354e-01 5.488325129200939941e+10
8.003120240798563545e-01 4.995738324392697144e+10
8.083151443206548770e-01 6.860856391942446899e+10
8.163982957638614701e-01 8.973140561617990112e+10
8.245622787215000082e-01 1.040608374815137482e+11
8.328079015087149761e-01 1.114996435853739929e+11
8.411359805238021181e-01 1.175433660489307251e+11
8.495473403290402237e-01 1.218896640058979187e+11
8.580428137323306004e-01 1.078090674086691742e+11
8.666232418696537820e-01 9.062589487367048645e+10
8.752894742883503554e-01 9.794343795011698914e+10
8.840423690312340099e-01 1.172051961785374451e+11
8.928827927215462479e-01 1.300869894418386230e+11
9.018116206487618580e-01 1.410325202299636230e+11
9.108297368552494833e-01 1.493652354322312317e+11
9.199380342238018260e-01 1.545295372617351074e+11
9.291374145660399320e-01 1.484641126055996094e+11
9.384287887117003235e-01 1.530825222272991638e+11
9.478130765988174167e-01 1.553474658376915588e+11
9.572912073648053299e-01 1.540361467706482849e+11
9.668641194384535176e-01 1.542709949671903381e+11
9.765327606328380039e-01 1.592175849236478271e+11
9.862980882391664261e-01 1.707740070330251465e+11
9.961610691215579960e-01 1.803113260372049255e+11
1.006122679812773590e+00 1.850435517699736023e+11
1.016183906610901300e+00 1.981583687877583313e+11
1.026345745677010202e+00 2.079204876136695862e+11
1.036609203133780355e+00 2.155545372022195129e+11
1.046975295165118336e+00 2.101434235744577026e+11
1.057445048116769204e+00 1.981527496575894470e+11
1.068019498597936989e+00 2.125470754936130981e+11
1.078699693583916597e+00 2.266247963004826355e+11
1.089486690519755552e+00 2.309254810994779358e+11
1.100381557424953138e+00 2.230552041500034180e+11
1.111385372999202481e+00 2.196168026450798950e+11
1.122499226729194666e+00 2.233900799071957092e+11
1.133724218996486455e+00 2.198684198227388916e+11
1.145061461186451135e+00 2.269526406603201904e+11
1.156512075798315831e+00 2.298994262353346863e+11
1.168077196556299047e+00 2.326362384578023071e+11
1.179757968521861988e+00 2.286541828833409119e+11
1.191555548207080761e+00 2.427140497744443054e+11
1.203471103689151889e+00 2.545307143029075012e+11
1.215505814726043354e+00 2.659328326395127869e+11
1.227660872873303610e+00 2.755206426607160034e+11
1.239937481602036762e+00 2.832876257832061768e+11
1.252336856418057032e+00 2.896557031681455688e+11
1.264860224982237824e+00 2.934732616713359985e+11
1.277508827232060051e+00 2.948268817924251709e+11
1.290283915504380818e+00 2.954739598190513916e+11
1.303186754659424462e+00 2.953470378372069092e+11
1.316218622206019040e+00 2.924640891085095215e+11
1.329380808428079153e+00 2.600401460393058777e+11
1.342674616512359975e+00 2.064512461474167175e+11
1.356101362677483380e+00 1.918835376265039673e+11
1.369662376304258355e+00 1.926016002766889038e+11
1.383359000067300837e+00 1.991976811515405579e+11
1.397192590067974027e+00 1.927363330942883911e+11
1.411164515968653665e+00 1.843530017596316833e+11
1.425276161128340213e+00 1.779542238626557922e+11
1.439528922739623740e+00 1.835792335276541138e+11
1.453924211967019708e+00 1.966493027092387085e+11
1.468463454086690101e+00 1.959440516399789734e+11
1.483148088627556760e+00 2.028762730871582336e+11
1.497979569513832487e+00 2.114254487478001099e+11
1.512959365208970564e+00 2.219133529192109680e+11
1.528088958861060442e+00 2.323866667902762146e+11
1.543369848449671178e+00 2.421282936215184326e+11
1.558803546934167894e+00 2.550158028365350342e+11
1.574391582403509737e+00 2.685224189389483948e+11
1.590135498227544852e+00 2.784493311497989502e+11
1.606036853209820148e+00 2.854709490428472900e+11
1.622097221741918505e+00 2.949062951084588013e+11
1.638318193959337421e+00 2.996462529493870239e+11
1.654701375898931071e+00 3.020327116652235718e+11
1.671248389657920441e+00 3.055137860508800659e+11
1.687960873554499530e+00 3.038386868073982544e+11
1.704840482290044701e+00 2.924692344997718506e+11
1.721888887112944966e+00 2.710556163807855835e+11
1.739107775984074289e+00 2.589485871460651855e+11
1.756498853743915012e+00 2.462380419650130310e+11
1.774063842281354608e+00 2.274963388568581238e+11
1.791804480704168201e+00 2.168967079916831665e+11
1.809722525511209934e+00 2.036717769508747559e+11
1.827819750766321860e+00 2.012677553130343323e+11
1.846097948273984990e+00 1.874981119182752991e+11
1.864558927756724938e+00 1.778740667726708984e+11
1.883204517034292147e+00 1.886896261202910461e+11
1.902036562204635128e+00 1.944974974804976501e+11
1.921056927826681582e+00 1.949043178015090332e+11
1.940267497104948502e+00 1.908729530750008850e+11
1.959670172075998140e+00 1.898826561149074097e+11
1.979266873796758031e+00 1.865785303762288818e+11
1.999059542534725509e+00 1.823564519543847961e+11
2.019050137960073155e+00 1.842734746731885376e+11
2.039240639339673589e+00 1.886612732879701233e+11
2.059633045733070489e+00 1.943667178467882690e+11
2.080229376190401158e+00 1.995668173494209900e+11
2.101031669952305059e+00 2.075452211138709717e+11
2.122041986651828083e+00 2.127680708616739807e+11
2.143262406518346097e+00 2.176134200454180908e+11
2.164695030583529967e+00 2.208897541214179688e+11
2.186341980889365377e+00 2.201839895919592590e+11
2.208205400698258991e+00 2.195623425540837708e+11
2.230287454705241146e+00 2.177205815346666260e+11
2.252590329252293522e+00 2.153808433121871033e+11
2.275116232544817318e+00 2.115568927637960815e+11
2.297867394870265034e+00 2.004816078963859253e+11
2.320846068818967822e+00 1.912996869712994690e+11
2.344054529507157536e+00 1.847345864016624756e+11
2.367495074802228761e+00 1.776561270237724609e+11
2.391170025550251044e+00 1.691431425809548035e+11
2.415081725805753532e+00 1.570182237407458191e+11
2.439232543063811764e+00 1.465100509555289307e+11
2.463624868494449949e+00 1.376040740968766174e+11
2.488261117179394244e+00 1.299551378315757599e+11
2.513143728351188155e+00 1.189950805577838593e+11
2.538275165634700237e+00 1.142756927106703644e+11
2.563657917291046751e+00 1.106922221027008972e+11
2.589294496463957262e+00 1.088492139604324951e+11
2.615187441428596937e+00 1.107008035423607788e+11
2.641339315842882840e+00 1.093310254957730408e+11
2.667752709001311562e+00 1.080718692108226471e+11
2.694430236091324815e+00 1.023375744020857391e+11
2.721374538452237868e+00 9.867301047385932922e+10
2.748588283836760127e+00 9.562550511221063232e+10
2.776074166675128296e+00 9.125156635341998291e+10
2.803834908341879206e+00 9.063418339142225647e+10
2.831873257425297830e+00 8.738034129633366394e+10
2.860191989999551154e+00 8.673347158711567688e+10
2.888793909899546541e+00 8.683816893666346741e+10
2.917681848998542549e+00 8.156806530071125793e+10
2.946858667488527761e+00 8.295485280176823425e+10
2.976327254163412928e+00 8.124083827642987061e+10
3.006090526705047061e+00 8.191062318188478088e+10
3.036151431972097470e+00 8.057978781578067017e+10
3.066512946291818587e+00 8.236851274285783386e+10
3.097178075754736692e+00 8.114634874026828003e+10
3.128149856512283833e+00 8.150647474891802979e+10
3.159431355077406689e+00 8.154276342098243713e+10
3.191025668628181045e+00 8.125709181704264832e+10
3.222935925314462935e+00 8.165081802793197632e+10
3.255165284567607564e+00 8.238214934364888000e+10
3.287716937413283524e+00 8.167937777953935242e+10
3.320594106787416067e+00 8.179257032929312134e+10
3.353800047855290511e+00 8.041736853187202454e+10
3.387338048333843332e+00 7.974482063435359192e+10
3.421211428817182210e+00 7.915631285141658020e+10
3.455423543105353712e+00 7.890735150798905945e+10
3.489977778536407005e+00 7.742601042939445496e+10
3.524877556321771355e+00 7.627305968964620972e+10
3.560126331884988726e+00 7.581341735492442322e+10
3.595727595203838334e+00 7.500671405842225647e+10
3.631684871155877570e+00 7.400354809162423706e+10
3.668001719867436616e+00 7.275417316330877686e+10
3.704681737066110259e+00 7.232476813248269653e+10
3.741728554436771326e+00 7.129977571958555603e+10
3.779145839981139510e+00 7.040408634718209839e+10
3.816937298380950860e+00 6.880795826811381531e+10
3.855106671364760818e+00 6.776140680785398865e+10
3.893657738078407426e+00 6.631704975227127838e+10
3.932594315459191581e+00 6.457352936430245209e+10
3.971920258613783616e+00 6.223584653040036774e+10
4.011639461199922430e+00 5.988722379787491608e+10
4.051755855811920881e+00 5.752970984836659241e+10
4.092273414370040108e+00 5.422419533108108521e+10
4.133196148513740731e+00 5.251446820082926941e+10
4.174528109998877135e+00 5.022077235597916412e+10
4.216273391098866341e+00 4.713027538070869446e+10
4.258436125009854578e+00 4.367287510753513336e+10
4.301020486259953479e+00 4.218629735773822021e+10
4.344030691122553023e+00 4.004541110517365265e+10
4.387470998033777825e+00 3.804931710845825195e+10
4.431345708014116092e+00 3.643491623368623352e+10
4.475659165094256764e+00 3.528858426488894653e+10
4.520415756745198799e+00 3.411020222649546814e+10
4.565619914312651240e+00 3.315165112834500885e+10
4.611276113455778258e+00 3.252416166160130310e+10
4.657388874590335348e+00 3.164783327392206955e+10
4.703962763336238417e+00 3.090230997751567078e+10
4.751002390969600420e+00 3.004432112649814224e+10
4.798512414879296806e+00 2.910505105830517578e+10
4.846497539028090884e+00 2.826664954332304764e+10
4.894962514418371491e+00 2.743336744308735657e+10
4.943912139562555375e+00 2.644972053957718277e+10
4.993351260958180937e+00 2.580725865350101089e+10
5.043284773567762613e+00 2.469977730221130753e+10
5.093717621303440524e+00 2.417822102666587067e+10
5.144654797516475142e+00 2.319803970680555344e+10
5.196101345491639378e+00 2.258919600792970657e+10
5.248062358946555150e+00 2.206055964412450409e+10
5.300542982536021519e+00 2.127192302670622253e+10
5.353548412361381459e+00 2.082446739218084717e+10
5.407083896484995655e+00 1.998444755026657486e+10
5.461154735449845532e+00 1.960195163693625641e+10
5.515766282804344556e+00 1.899282631781038666e+10
5.570923945632387131e+00 1.826672973094039154e+10
5.626633185088711464e+00 1.792373227570347977e+10
5.682899516939598605e+00 1.728516827427547836e+10
5.739728512108993819e+00 1.676414709271154976e+10
5.797125797230084032e+00 1.637447059150379372e+10
5.855097055202384659e+00 1.575464310417218399e+10
5.913648025754409510e+00 1.548247298099221802e+10
5.972784506011953987e+00 1.513837886563349724e+10
6.032512351072073287e+00 1.463282288988905525e+10
6.092837474582792900e+00 1.460295481807384682e+10
6.153765849328621584e+00 1.438222269362970924e+10
6.215303507821907658e+00 1.404267013288964653e+10
6.277456542900125669e+00 1.364217112914080429e+10
6.340231108329128062e+00 1.319480565589576340e+10
6.403633419412418704e+00 1.246766629059122467e+10
6.467669753606543281e+00 1.146692133411688995e+10
6.532346451142608146e+00 1.081859737121921921e+10
6.597669915654034156e+00 9.931209393914070129e+09
6.663646614810574853e+00 9.521432545598823547e+09
6.730283080958680664e+00 9.642599429571123123e+09
6.797585911768267763e+00 9.140918232186986923e+09
6.865561770885950210e+00 8.931239255981956482e+09
6.934217388594810849e+00 8.776095293305643082e+09
7.003559562480758949e+00 8.673156223857027054e+09
7.073595158105566050e+00 8.263106294145475388e+09
7.144331109686621772e+00 8.101411081468495369e+09
7.215774420783487741e+00 7.944307523674986839e+09
7.287932164991324235e+00 7.676191361999489784e+09
7.360811486641236634e+00 7.410466383594713211e+09
7.434419601507648245e+00 7.198139753018711090e+09
7.508763797522725270e+00 7.006440605103903770e+09
7.583851435497953375e+00 6.713125998567518234e+09
7.659689949852931612e+00 6.569899953925949097e+09
7.736286849351461825e+00 6.297961410121705055e+09
7.813649717844977083e+00 6.273176101580547333e+09
7.891786215023426365e+00 5.783896167194059372e+09
7.970704077173661695e+00 5.741262881571098328e+09
8.050411117945397876e+00 5.542881711095589638e+09
8.130915229124850541e+00 5.359588830834595680e+09
8.212224381416099561e+00 5.188411300563810349e+09
8.294346625230261338e+00 4.995000727050098419e+09
8.377290091482562318e+00 4.851494997440534592e+09
8.461062992397387461e+00 4.734197641926580429e+09
8.545673622321363183e+00 4.601943290086434364e+09
8.631130358544575998e+00 4.522779967869709015e+09
8.717441662130022806e+00 4.350467002786422729e+09
8.804616078751321240e+00 4.231597906446642399e+09
8.892662239538834612e+00 4.176107480902476788e+09
8.981588861934222123e+00 4.006158567176170826e+09
9.071404750553567098e+00 3.932416479258435249e+09
9.162118798059102787e+00 3.825637066319472313e+09
9.253739986039693832e+00 3.679826841066246033e+09
9.346277385900089385e+00 3.609210152645287037e+09
9.439740159759089977e+00 3.468869317300397873e+09
9.534137561356683221e+00 3.419141745863946438e+09
9.629478936970249592e+00 3.248319175687435627e+09
9.725773726339950187e+00 3.188611079677259922e+09
9.823031463603349778e+00 3.095174640797551155e+09
9.921261778239381712e+00 2.947224090057308674e+09
1.002047439602177548e+01 2.885039093140966415e+09
1.012067913998199487e+01 2.775712273330194473e+09
1.022188593138181290e+01 2.699831023420280457e+09
1.032410479069563181e+01 2.579330503901049614e+09
1.042734583860258724e+01 2.483337772900959969e+09
1.053161929698861421e+01 2.405331416040627480e+09
1.063693548995849980e+01 2.320719296848937035e+09
1.074330484485808412e+01 2.235940347834296227e+09
1.085073789330666472e+01 2.169215329939416885e+09
1.095924527223973222e+01 2.055631380148587942e+09
1.106883772496212970e+01 1.988723046142663717e+09
1.117952610221174936e+01 1.911562970950659275e+09
1.129132136323386781e+01 1.844018040437271595e+09
1.140423457686620701e+01 1.787479735993066549e+09
1.151827692263487002e+01 1.709321593016230106e+09
1.163345969186121920e+01 1.651093190990333319e+09
1.174979428877982990e+01 1.560295935758677483e+09
1.186729223166762992e+01 1.513589927960455179e+09
1.198596515398430462e+01 1.473111286198691368e+09
1.210582480552414708e+01 1.404140143002727509e+09
1.222688305357938887e+01 1.366639181402849674e+09
1.234915188411518194e+01 1.313722347476094007e+09
1.247264340295633467e+01 1.242069984536110401e+09
1.259736983698589619e+01 1.205434084718916178e+09
1.272334353535575424e+01 1.166121660231559038e+09
1.285057697070931226e+01 1.120025308105334759e+09
1.297908274041640553e+01 1.068576901432839036e+09
1.310887356782057012e+01 1.047245504002479434e+09
1.323996230349877479e+01 9.889284721545672417e+08
1.337236192653376321e+01 9.636204081033626795e+08
1.350608554579910248e+01 9.158631152400307655e+08
1.364114640125709244e+01 8.973209110835202932e+08
1.377755786526966197e+01 8.506084394586338997e+08
1.391533344392236238e+01 8.298230868073436022e+08
1.405448677836158211e+01 7.963154591178836823e+08
1.419503164614519974e+01 7.514818156033004522e+08
1.433698196260665192e+01 7.365297299966872931e+08
1.448035178223271835e+01 7.036650776529711485e+08
1.462515530005504516e+01 6.729709359622133970e+08
1.477140685305559664e+01 6.625684272050689459e+08
1.491912092158615089e+01 6.216866478530889750e+08
1.506831213080201159e+01 6.088432300079088211e+08
1.521899525211003024e+01 5.868318505147898197e+08
1.537118520463113214e+01 5.607661832651809454e+08
1.552489705667744246e+01 5.413872604988867044e+08
1.568014602724421813e+01 5.229984098603413105e+08
1.583694748751665848e+01 5.059836436533274651e+08
1.599531696239182388e+01 4.840304224893345237e+08
1.615527013201574391e+01 4.602062285605140924e+08
1.631682283333590178e+01 4.534834707608342171e+08
1.647999106166925998e+01 4.290321622903794050e+08
1.664479097228595350e+01 4.115505054766376019e+08
1.681123888200881211e+01 4.058565869178171754e+08
1.697935127082889650e+01 3.944036102077696323e+08
1.714914478353718863e+01 3.684156460128043890e+08
1.732063623137256059e+01 3.530357105869296193e+08
1.749384259368628847e+01 3.479487357165592313e+08
1.766878101962314673e+01 3.286548995228609443e+08
1.784546882981938509e+01 3.224013961223743558e+08
1.802392351811757720e+01 3.101240372954654098e+08
1.820416275329875333e+01 2.963729128521631360e+08
1.838620438083173880e+01 2.887256763142961860e+08
1.857006642464005353e+01 2.673437661853331029e+08
1.875576708888645427e+01 2.650212354971200228e+08
1.894332475977532226e+01 2.554295259279844463e+08
1.913275800737307719e+01 2.488385474369072318e+08
1.969740769490774923e+01 2.198739587334607244e+08
2.068227807965313403e+01 1.824406025063594282e+08
2.171639198363579126e+01 1.514724892966746688e+08
2.280221158281758420e+01 1.270651593671180904e+08
2.394232216195846163e+01 1.051897934600790441e+08
2.513943827005638454e+01 8.713878408411663771e+07
2.639641018355920465e+01 7.277542720661002398e+07
2.771623069273716311e+01 6.008903170930009335e+07
2.910204222737402446e+01 5.006674898205394298e+07
3.055714433874272729e+01 4.077071064758960903e+07
3.208500155567985956e+01 3.443816923282543570e+07
3.368925163346385432e+01 2.793407917568793893e+07
3.537371421513704206e+01 2.295058548438609764e+07
3.714239992589390482e+01 1.916676572606337443e+07
3.899951992218858976e+01 1.604971689566835202e+07
4.094949591829801960e+01 1.306086926224640384e+07
4.299697071421292094e+01 1.093739659156291746e+07
4.514681924992356699e+01 9.072117903082858771e+06
4.740416021241974676e+01 7.539938897847572342e+06
4.977436822304073161e+01 6.224638760035360232e+06
5.226308663419276712e+01 5.162550798332195729e+06
5.487624096590241152e+01 4.301064688375384547e+06
5.762005301419753067e+01 3.548358888609795365e+06
6.050105566490740472e+01 2.973247870910858270e+06
6.352610844815276891e+01 2.433679281965319533e+06
6.670241387056040594e+01 2.035622971447753953e+06
7.003753456408843192e+01 1.699187625390698900e+06
7.353941129229284002e+01 1.386259773701935774e+06
7.721638185690748912e+01 1.162344887091943529e+06
8.107720094975286429e+01 9.507137793730683625e+05
8.513106099724051035e+01 7.893595401846192544e+05
8.938761404710253089e+01 6.736306009327184875e+05
9.385699474945765530e+01 5.494651760269806255e+05
