3.401114059005487245e-01 5.500832028914714813e+10
3.435125199595542300e-01 2.979968545291313934e+10
3.469476451591497201e-01 2.362614432189458084e+10
3.504171216107412334e-01 3.006312722952548599e+10
3.539212928268486436e-01 4.891087379912941742e+10
3.574605057551171750e-01 5.056205519403701019e+10
3.610351108126682584e-01 4.767703893445751953e+10
3.646454619207949999e-01 4.815315926583190155e+10
3.682919165400029282e-01 3.955861636893644714e+10
3.719748357054029064e-01 6.829966123627575684e+10
3.756945840624569266e-01 6.622921809452949524e+10
3.794515299030815081e-01 5.359880266094518280e+10
3.832460452021123065e-01 8.141927887309492493e+10
3.870785056541334312e-01 6.259242357740785980e+10
3.909492907106748016e-01 5.074321058056246185e+10
3.948587836177815391e-01 5.552112021214659882e+10
3.988073714539593917e-01 6.567094453543032837e+10
4.027954451684989667e-01 7.321082210315319824e+10
4.068233996201839342e-01 7.008337304446170044e+10
4.108916336163858096e-01 5.516255167025053406e+10
4.150005499525497021e-01 5.802997565900804901e+10
4.191505554520751908e-01 5.415340094767044830e+10
4.233420610065958822e-01 5.181682455280253601e+10
4.275754816166618122e-01 4.702566117278073883e+10
4.318512364328284114e-01 4.425322272791630554e+10
4.361697487971567533e-01 3.892668820474440765e+10
4.405314462851282475e-01 5.261715469132567596e+10
4.449367607479796094e-01 4.719286757253480530e+10
4.493861283554593800e-01 4.072257008079932404e+10
4.538799896390139921e-01 3.660086313604306030e+10
4.584187895354041031e-01 4.039914063351751709e+10
4.630029774307581336e-01 3.936620492843799591e+10
4.676330072050656761e-01 4.393527435730290985e+10
4.723093372771162701e-01 4.137450699307778931e+10
4.770324306498874289e-01 4.105210718486665344e+10
4.818027549563863032e-01 4.176224113999720764e+10
4.866207825059500891e-01 5.358685667984996033e+10
4.914869903310095656e-01 5.913285898590633392e+10
4.964018602343197584e-01 6.606296127174039459e+10
5.013658788366629482e-01 6.925795925776220703e+10
5.063795376250295188e-01 7.159117239433300781e+10
5.114433330012797541e-01 7.274035500109753418e+10
5.165577663312926893e-01 8.445809957075314331e+10
5.217233439946056262e-01 1.043127765292827454e+11
5.269405774345515825e-01 9.036290314268414307e+10
5.322099832088971194e-01 8.002057938230189514e+10
5.375320830409860973e-01 8.365678766418470764e+10
5.429074038713960215e-01 1.043811088698090057e+11
5.483364779101099762e-01 1.046133034612694244e+11
5.538198426892112503e-01 8.689271843946681213e+10
5.593580411161032107e-01 1.177398846782167816e+11
5.649516215272641917e-01 1.260773321625831604e+11
5.706011377425368458e-01 1.175122613076710968e+11
5.763071491199621699e-01 1.172196068076681213e+11
5.820702206111618704e-01 1.155892646869227142e+11
5.878909228172733981e-01 1.656052490448806152e+11
5.937698320454461998e-01 1.908345812814252625e+11
5.997075303659007428e-01 1.793038623680138550e+11
6.057046056695597480e-01 1.558698667730524597e+11
6.117616517262552955e-01 1.464087693781215210e+11
6.178792682435179096e-01 2.268282106357857666e+11
6.240580609259530620e-01 2.898381640403344116e+11
6.302986415352126448e-01 2.322150169348263550e+11
6.366016279505647413e-01 2.004007868069472961e+11
6.429676442300703565e-01 2.062818361869651489e+11
6.493973206723711034e-01 1.979169105917691040e+11
6.558912938790947278e-01 2.044226927154869080e+11
6.624502068178856895e-01 2.465820463031305847e+11
6.690747088860645730e-01 2.883527656324155884e+11
6.757654559749252110e-01 2.983405970530258789e+11
6.825231105346745153e-01 2.820343585532753906e+11
6.893483416400212338e-01 2.533226262114953613e+11
6.962418250564214039e-01 2.341672000750285034e+11
7.032042433069857212e-01 2.335958084091509399e+11
7.102362857400554841e-01 3.253152801567015381e+11
7.173386485974559967e-01 3.512396596662418823e+11
7.245120350834306500e-01 3.074964188707040405e+11
7.317571554342650053e-01 2.640563974298427429e+11
7.390747269886076554e-01 2.458396795908820190e+11
7.464654742584937441e-01 2.481998518041847229e+11
7.539301290010786971e-01 2.494976469186668091e+11
7.614694302910893775e-01 2.890874737524974976e+11
7.690841245940003290e-01 3.415084705521618042e+11
7.767749658399403234e-01 3.461170616187681274e+11
7.845427154983398710e-01 3.466504117014778442e+11
7.923881426533231354e-01 3.526716648868973389e+11
8.003120240798563545e-01 3.397336902853087158e+11
8.083151443206548770e-01 3.321893153492161255e+11
8.163982957638614701e-01 3.118966539357269287e+11
8.245622787215000082e-01 3.425534344107929077e+11
8.328079015087149761e-01 3.746275343329747925e+11
8.411359805238021181e-01 3.837449297972696533e+11
8.495473403290402237e-01 4.387296273389294434e+11
8.580428137323306004e-01 4.179550376110578613e+11
8.666232418696537820e-01 4.041342450234180908e+11
8.752894742883503554e-01 3.847943662002111206e+11
8.840423690312340099e-01 4.008963386280723877e+11
8.928827927215462479e-01 4.327301763123995972e+11
9.018116206487618580e-01 4.272531502954869385e+11
9.108297368552494833e-01 4.251133082304417114e+11
9.199380342238018260e-01 4.059377729350304565e+11
9.291374145660399320e-01 4.280542333270900879e+11
9.384287887117003235e-01 4.368391037703350220e+11
9.478130765988174167e-01 4.327800586014879761e+11
9.572912073648053299e-01 4.336181296928622437e+11
9.668641194384535176e-01 4.361088822502931519e+11
9.765327606328380039e-01 4.642914612486466675e+11
9.862980882391664261e-01 4.786994553544666138e+11
9.961610691215579960e-01 4.930023184846029053e+11
1.006122679812773590e+00 4.950944836019766846e+11
1.016183906610901300e+00 4.918141323335663452e+11
1.026345745677010202e+00 4.933591550696736450e+11
1.036609203133780355e+00 4.906482072154642944e+11
1.046975295165118336e+00 4.877954040506685181e+11
1.057445048116769204e+00 4.947615768148771362e+11
1.068019498597936989e+00 4.967454298320527344e+11
1.078699693583916597e+00 4.981095265930089722e+11
1.089486690519755552e+00 5.102383570303377075e+11
1.100381557424953138e+00 5.302717268476701050e+11
1.111385372999202481e+00 5.414416993848556519e+11
1.122499226729194666e+00 5.432911076742740479e+11
1.133724218996486455e+00 5.501985522270444336e+11
1.145061461186451135e+00 5.530597176345704346e+11
1.156512075798315831e+00 5.618367943165695801e+11
1.168077196556299047e+00 5.676237671188248291e+11
1.179757968521861988e+00 5.683587674038304443e+11
1.191555548207080761e+00 5.696133740953840332e+11
1.203471103689151889e+00 5.681746263423387451e+11
1.215505814726043354e+00 5.651670467313614502e+11
1.227660872873303610e+00 5.619823720058603516e+11
1.239937481602036762e+00 5.677843756230987549e+11
1.252336856418057032e+00 5.684890872747695312e+11
1.264860224982237824e+00 5.658303762589271240e+11
1.277508827232060051e+00 5.628234215301048584e+11
1.290283915504380818e+00 5.652415198043238525e+11
1.303186754659424462e+00 5.671984890637537842e+11
1.316218622206019040e+00 5.706584278082756348e+11
1.329380808428079153e+00 5.972774892440845947e+11
1.342674616512359975e+00 6.356015672048624268e+11
1.356101362677483380e+00 6.422325971806389160e+11
1.369662376304258355e+00 6.388078583856180420e+11
1.383359000067300837e+00 6.368045224963223877e+11
1.397192590067974027e+00 6.428820885253459473e+11
1.411164515968653665e+00 6.469248739649852295e+11
1.425276161128340213e+00 6.493131060539477539e+11
1.439528922739623740e+00 6.447263781694594727e+11
1.453924211967019708e+00 6.384151408218284912e+11
1.468463454086690101e+00 6.373777282199921875e+11
1.483148088627556760e+00 6.315328716228043213e+11
1.497979569513832487e+00 6.250807967845272217e+11
1.512959365208970564e+00 6.173752075417534180e+11
1.528088958861060442e+00 6.099180624008793945e+11
1.543369848449671178e+00 6.033275763809295654e+11
1.558803546934167894e+00 5.949283455619853516e+11
1.574391582403509737e+00 5.848303711926645508e+11
1.590135498227544852e+00 5.759973190418212891e+11
1.606036853209820148e+00 5.670876489526979980e+11
1.622097221741918505e+00 5.570957748365075684e+11
1.638318193959337421e+00 5.471897028150599976e+11
1.654701375898931071e+00 5.380476685566820068e+11
1.671248389657920441e+00 5.281926206516257935e+11
1.687960873554499530e+00 5.229649468704307861e+11
1.704840482290044701e+00 5.240364739345671997e+11
1.721888887112944966e+00 5.300766531334777832e+11
1.739107775984074289e+00 5.304585143733612671e+11
1.756498853743915012e+00 5.320491310596657104e+11
1.774063842281354608e+00 5.349908614522285767e+11
1.791804480704168201e+00 5.338644508710330811e+11
1.809722525511209934e+00 5.327244862581632080e+11
1.827819750766321860e+00 5.261010099714186401e+11
1.846097948273984990e+00 5.254437243791925049e+11
1.864558927756724938e+00 5.234986489907957153e+11
1.883204517034292147e+00 5.101740016424771729e+11
1.902036562204635128e+00 4.998544343219179688e+11
1.921056927826681582e+00 4.916878402010958252e+11
1.940267497104948502e+00 4.844317076885200195e+11
1.959670172075998140e+00 4.769364886021998901e+11
1.979266873796758031e+00 4.718758110496469727e+11
1.999059542534725509e+00 4.659962195132827148e+11
2.019050137960073155e+00 4.584894000986005249e+11
2.039240639339673589e+00 4.494522050632910156e+11
2.059633045733070489e+00 4.399735258903943481e+11
2.080229376190401158e+00 4.303852494270748901e+11
2.101031669952305059e+00 4.193515659810038452e+11
2.122041986651828083e+00 4.094076845664469604e+11
2.143262406518346097e+00 3.992278131407530518e+11
2.164695030583529967e+00 3.887171791922366333e+11
2.186341980889365377e+00 3.799255911201257324e+11
2.208205400698258991e+00 3.707523661462686157e+11
2.230287454705241146e+00 3.620793023287260742e+11
2.252590329252293522e+00 3.541918794046974487e+11
2.275116232544817318e+00 3.469220260603839722e+11
2.297867394870265034e+00 3.510225216618579712e+11
2.320846068818967822e+00 3.491936722779477539e+11
2.344054529507157536e+00 3.432123465111862183e+11
2.367495074802228761e+00 3.377429801635275269e+11
2.391170025550251044e+00 3.354095331687622070e+11
2.415081725805753532e+00 3.324387496581222534e+11
2.439232543063811764e+00 3.286934904583015137e+11
2.463624868494449949e+00 3.250090143167393188e+11
2.488261117179394244e+00 3.199820454260550537e+11
2.513143728351188155e+00 3.159569405214351807e+11
2.538275165634700237e+00 3.099691885597167358e+11
2.563657917291046751e+00 3.031329629692857056e+11
2.589294496463957262e+00 2.954864027529796143e+11
2.615187441428596937e+00 2.861949297425088501e+11
2.641339315842882840e+00 2.783532762635751953e+11
2.667752709001311562e+00 2.712490194209125977e+11
2.694430236091324815e+00 2.670991224889799194e+11
2.721374538452237868e+00 2.626349260146742859e+11
2.748588283836760127e+00 2.582047146728231812e+11
2.776074166675128296e+00 2.530784915355747070e+11
2.803834908341879206e+00 2.466186030305613708e+11
2.831873257425297830e+00 2.419391951403867493e+11
2.860191989999551154e+00 2.358773523524869385e+11
2.888793909899546541e+00 2.288665031030230103e+11
2.917681848998542549e+00 2.255242283148915710e+11
2.946858667488527761e+00 2.187232173653531494e+11
2.976327254163412928e+00 2.138680875515636902e+11
3.006090526705047061e+00 2.071405314471097717e+11
3.036151431972097470e+00 2.027749983494342957e+11
3.066512946291818587e+00 1.957850692862591248e+11
3.097178075754736692e+00 1.909390805109656982e+11
3.128149856512283833e+00 1.852624956130048523e+11
3.159431355077406689e+00 1.795876609218010254e+11
3.191025668628181045e+00 1.743742150449940186e+11
3.222935925314462935e+00 1.686549301762053223e+11
3.255165284567607564e+00 1.634920584654302368e+11
3.287716937413283524e+00 1.584111906099242249e+11
3.320594106787416067e+00 1.533971739586225281e+11
3.353800047855290511e+00 1.489043211156147156e+11
3.387338048333843332e+00 1.442623906146979980e+11
3.421211428817182210e+00 1.398467966258953247e+11
3.455423543105353712e+00 1.354597283695464935e+11
3.489977778536407005e+00 1.314861000412347717e+11
3.524877556321771355e+00 1.275700567213282928e+11
3.560126331884988726e+00 1.236288318578336792e+11
3.595727595203838334e+00 1.197753075541503296e+11
3.631684871155877570e+00 1.162198328867330780e+11
3.668001719867436616e+00 1.127389808422434235e+11
3.704681737066110259e+00 1.091348663849747467e+11
3.741728554436771326e+00 1.056380767579474030e+11
3.779145839981139510e+00 1.022901760536198578e+11
3.816937298380950860e+00 9.925384176038343811e+10
3.855106671364760818e+00 9.616500720383067322e+10
3.893657738078407426e+00 9.325836614120513916e+10
3.932594315459191581e+00 9.060825843089599609e+10
3.971920258613783616e+00 8.828694742469636536e+10
4.011639461199922430e+00 8.593068016376196289e+10
4.051755855811920881e+00 8.374110733950593567e+10
4.092273414370040108e+00 8.184728623821586609e+10
4.133196148513740731e+00 7.945139800867877197e+10
4.174528109998877135e+00 7.736004832253028870e+10
4.216273391098866341e+00 7.525790865941726685e+10
4.258436125009854578e+00 7.342045405636837769e+10
4.301020486259953479e+00 7.297675107333616638e+10
4.344030691122553023e+00 7.181505875041737366e+10
4.387470998033777825e+00 7.038044472727096558e+10
4.431345708014116092e+00 6.956253826407318115e+10
4.475659165094256764e+00 6.780715143783026886e+10
4.520415756745198799e+00 6.608973566803297424e+10
4.565619914312651240e+00 6.444941609833386993e+10
4.611276113455778258e+00 6.263263436549956512e+10
4.657388874590335348e+00 6.028220307369253540e+10
4.703962763336238417e+00 5.843695729878873444e+10
4.751002390969600420e+00 5.623270564509632874e+10
4.798512414879296806e+00 5.442068246100878143e+10
4.846497539028090884e+00 5.249269635953252411e+10
4.894962514418371491e+00 5.088041080795358276e+10
4.943912139562555375e+00 4.917698739273150635e+10
4.993351260958180937e+00 4.750175710349996185e+10
5.043284773567762613e+00 4.628111891218331909e+10
5.093717621303440524e+00 4.456450783907747650e+10
5.144654797516475142e+00 4.329986032437231445e+10
5.196101345491639378e+00 4.184576960032009125e+10
5.248062358946555150e+00 4.052836067000904846e+10
5.300542982536021519e+00 3.919468094954745483e+10
5.353548412361381459e+00 3.780946232953409576e+10
5.407083896484995655e+00 3.661503118589813995e+10
5.461154735449845532e+00 3.525087645914711761e+10
5.515766282804344556e+00 3.397476768552224731e+10
5.570923945632387131e+00 3.276686785221310425e+10
5.626633185088711464e+00 3.158811255405319977e+10
5.682899516939598605e+00 3.051205059970008469e+10
5.739728512108993819e+00 2.944122107918692398e+10
5.797125797230084032e+00 2.835392883088361740e+10
5.855097055202384659e+00 2.743513214097815704e+10
5.913648025754409510e+00 2.642095736136384201e+10
5.972784506011953987e+00 2.550976533830479431e+10
6.032512351072073287e+00 2.463999503925937653e+10
6.092837474582792900e+00 2.369770317268219757e+10
6.153765849328621584e+00 2.283386964367005920e+10
6.215303507821907658e+00 2.203563458217771530e+10
6.277456542900125669e+00 2.130760738365222168e+10
6.340231108329128062e+00 2.061023903124965286e+10
6.403633419412418704e+00 2.001308207109106827e+10
6.467669753606543281e+00 1.958881661184203720e+10
6.532346451142608146e+00 1.905744743711420822e+10
6.597669915654034156e+00 1.865127138912809753e+10
6.663646614810574853e+00 1.811534049771215439e+10
6.730283080958680664e+00 1.734802925454461288e+10
6.797585911768267763e+00 1.687943809408932114e+10
6.865561770885950210e+00 1.624393676055782509e+10
6.934217388594810849e+00 1.569649550895362473e+10
7.003559562480758949e+00 1.509557318710049057e+10
7.073595158105566050e+00 1.462071583232650757e+10
7.144331109686621772e+00 1.409228524968839455e+10
7.215774420783487741e+00 1.357743995989152908e+10
7.287932164991324235e+00 1.311796319077280617e+10
7.360811486641236634e+00 1.267455749803025246e+10
7.434419601507648245e+00 1.221953730838503075e+10
7.508763797522725270e+00 1.180391198451986694e+10
7.583851435497953375e+00 1.139977954332105255e+10
7.659689949852931612e+00 1.100360621757609177e+10
7.736286849351461825e+00 1.063057972910794640e+10
7.813649717844977083e+00 1.019798023760110474e+10
7.891786215023426365e+00 9.947400362547571182e+09
7.970704077173661695e+00 9.568207536353282928e+09
8.050411117945397876e+00 9.240381453263748169e+09
8.130915229124850541e+00 8.926923616455131531e+09
8.212224381416099561e+00 8.615715096340595245e+09
8.294346625230261338e+00 8.332812755289731979e+09
8.377290091482562318e+00 8.036194651493265152e+09
8.461062992397387461e+00 7.757839169368157387e+09
8.545673622321363183e+00 7.476414594822549820e+09
8.631130358544575998e+00 7.188042455673678398e+09
8.717441662130022806e+00 6.945327183012726784e+09
8.804616078751321240e+00 6.683719027409635544e+09
8.892662239538834612e+00 6.421683786509993553e+09
8.981588861934222123e+00 6.201265855626234055e+09
9.071404750553567098e+00 5.957169814904430389e+09
9.162118798059102787e+00 5.745157876286516190e+09
9.253739986039693832e+00 5.547290954766630173e+09
9.346277385900089385e+00 5.336776212119153023e+09
9.439740159759089977e+00 5.151899454781003952e+09
9.534137561356683221e+00 4.949386556605430603e+09
9.629478936970249592e+00 4.788639097823389053e+09
9.725773726339950187e+00 4.606692503309042931e+09
9.823031463603349778e+00 4.440494409688178062e+09
9.921261778239381712e+00 4.296893440063021660e+09
1.002047439602177548e+01 4.132754673256850243e+09
1.012067913998199487e+01 3.995280803169137955e+09
1.022188593138181290e+01 3.841783617582153797e+09
1.032410479069563181e+01 3.720310225028017044e+09
1.042734583860258724e+01 3.586255040203043938e+09
1.053161929698861421e+01 3.460259664308286667e+09
1.063693548995849980e+01 3.339767120784353256e+09
1.074330484485808412e+01 3.226095427571955204e+09
1.085073789330666472e+01 3.102007356822636604e+09
1.095924527223973222e+01 3.007828058554178715e+09
1.106883772496212970e+01 2.900175651898768902e+09
1.117952610221174936e+01 2.801313548626336098e+09
1.129132136323386781e+01 2.698287350071024418e+09
1.140423457686620701e+01 2.602815889091297626e+09
1.151827692263487002e+01 2.514256085334284306e+09
1.163345969186121920e+01 2.418547806944276810e+09
1.174979428877982990e+01 2.343973792063613892e+09
1.186729223166762992e+01 2.254837209715078831e+09
1.198596515398430462e+01 2.169417050903797150e+09
1.210582480552414708e+01 2.098086474353454828e+09
1.222688305357938887e+01 2.015299169833307743e+09
1.234915188411518194e+01 1.943992617435221434e+09
1.247264340295633467e+01 1.884910236685347319e+09
1.259736983698589619e+01 1.810005225069513559e+09
1.272334353535575424e+01 1.746217857624021292e+09
1.285057697070931226e+01 1.681342507945153713e+09
1.297908274041640553e+01 1.626323354473047972e+09
1.310887356782057012e+01 1.559987915000931978e+09
1.323996230349877479e+01 1.504962323335784197e+09
1.337236192653376321e+01 1.449468697527921438e+09
1.350608554579910248e+01 1.403394825056191683e+09
1.364114640125709244e+01 1.345914700086848497e+09
1.377755786526966197e+01 1.302128397164114952e+09
1.391533344392236238e+01 1.249454163729768991e+09
1.405448677836158211e+01 1.202104822993565798e+09
1.419503164614519974e+01 1.168892540114376068e+09
1.433698196260665192e+01 1.117785590796861887e+09
1.448035178223271835e+01 1.080090590820569038e+09
1.462515530005504516e+01 1.042107989471709490e+09
1.477140685305559664e+01 9.973211909923051596e+08
1.491912092158615089e+01 9.662701883328040838e+08
1.506831213080201159e+01 9.258684383699667454e+08
1.521899525211003024e+01 8.922910646613293886e+08
1.537118520463113214e+01 8.638261334205863476e+08
1.552489705667744246e+01 8.299559470984541178e+08
1.568014602724421813e+01 7.985452038785977364e+08
1.583694748751665848e+01 7.687549343158105612e+08
1.599531696239182388e+01 7.417229085558557510e+08
1.615527013201574391e+01 7.179982655800940990e+08
1.631682283333590178e+01 6.836465653644437790e+08
1.647999106166925998e+01 6.623509869171608686e+08
1.664479097228595350e+01 6.380765389441884756e+08
1.681123888200881211e+01 6.136450321825098991e+08
1.697935127082889650e+01 5.889750580411978960e+08
1.714914478353718863e+01 5.698476527833970785e+08
1.732063623137256059e+01 5.508938555433853865e+08
1.749384259368628847e+01 5.246610388010382056e+08
1.766878101962314673e+01 5.093795274302201271e+08
1.784546882981938509e+01 4.869742815051346421e+08
1.802392351811757720e+01 4.696542641525144577e+08
1.820416275329875333e+01 4.529525986896974444e+08
1.838620438083173880e+01 4.365615806383167505e+08
1.857006642464005353e+01 4.212859721108660102e+08
1.875576708888645427e+01 4.037431608501231670e+08
1.894332475977532226e+01 3.878232623421860337e+08
1.913275800737307719e+01 3.742624522451174855e+08
1.969740769490774923e+01 3.345190922309474349e+08
2.068227807965313403e+01 2.773413529561377764e+08
2.171639198363579126e+01 2.297941298907319307e+08
2.280221158281758420e+01 1.899821351152880788e+08
2.394232216195846163e+01 1.574373149594592452e+08
2.513943827005638454e+01 1.300306168527709097e+08
2.639641018355920465e+01 1.078001747340383530e+08
2.771623069273716311e+01 8.932015308079607785e+07
2.910204222737402446e+01 7.384229425833152235e+07
3.055714433874272729e+01 6.122195441898670048e+07
3.208500155567985956e+01 5.060694445558664203e+07
3.368925163346385432e+01 4.199341510244804621e+07
3.537371421513704206e+01 3.470337980027704686e+07
3.714239992589390482e+01 2.868009539825657755e+07
3.899951992218858976e+01 2.356484960463201255e+07
4.094949591829801960e+01 1.947293757726123556e+07
4.299697071421292094e+01 1.600667005992848799e+07
4.514681924992356699e+01 1.316558225505826250e+07
4.740416021241974676e+01 1.084950094247678667e+07
4.977436822304073161e+01 8.942759225117180496e+06
5.226308663419276712e+01 7.380591908352101222e+06
5.487624096590241152e+01 6.070760694718265906e+06
5.762005301419753067e+01 5.012788214381423779e+06
6.050105566490740472e+01 4.124922556926691905e+06
6.352610844815276891e+01 3.384100414409627672e+06
6.670241387056040594e+01 2.793859826675658114e+06
7.003753456408843192e+01 2.296881097288838122e+06
7.353941129229284002e+01 1.895098253971602302e+06
7.721638185690748912e+01 1.556199997848663712e+06
8.107720094975286429e+01 1.284597971145219170e+06
8.513106099724051035e+01 1.059321113215957768e+06
8.938761404710253089e+01 8.669308403874721844e+05
9.385699474945765530e+01 7.137065577543680556e+05
