3.401114059005487245e-01 8.075856063413926697e+10
3.435125199595542300e-01 2.562179059656439972e+10
3.469476451591497201e-01 2.140965583183750153e+10
3.504171216107412334e-01 3.338088610649959946e+10
3.539212928268486436e-01 5.951924336481344604e+10
3.574605057551171750e-01 2.695217932722405243e+10
3.610351108126682584e-01 4.746197719089418793e+10
3.646454619207949999e-01 3.997518507341070557e+10
3.682919165400029282e-01 2.211225497571524811e+10
3.719748357054029064e-01 8.425201797751176834e+09
3.756945840624569266e-01 1.595232225370770645e+10
3.794515299030815081e-01 3.681327205636746979e+10
3.832460452021123065e-01 1.827045224736074448e+10
3.870785056541334312e-01 1.361344219531004143e+10
3.909492907106748016e-01 1.821378367563788605e+10
3.948587836177815391e-01 4.707943368647135925e+10
3.988073714539593917e-01 7.334518521423994446e+10
4.027954451684989667e-01 7.890368127836262512e+10
4.068233996201839342e-01 6.840110828590370941e+10
4.108916336163858096e-01 4.932647354127040863e+10
4.150005499525497021e-01 4.035539732850913239e+10
4.191505554520751908e-01 2.087428715870004272e+10
4.233420610065958822e-01 1.235430921643116951e+10
4.275754816166618122e-01 2.312270827241460800e+10
4.318512364328284114e-01 3.038415810231185913e+10
4.361697487971567533e-01 3.469935291571464539e+10
4.405314462851282475e-01 4.210299264399584198e+10
4.449367607479796094e-01 4.237899219022376251e+10
4.493861283554593800e-01 4.912413295796514130e+10
4.538799896390139921e-01 5.762296118020451355e+10
4.584187895354041031e-01 5.572317830250812531e+10
4.630029774307581336e-01 6.173665319795270538e+10
4.676330072050656761e-01 5.607248577335017395e+10
4.723093372771162701e-01 5.246372712844014740e+10
4.770324306498874289e-01 4.337751051529824066e+10
4.818027549563863032e-01 3.755071545194769287e+10
4.866207825059500891e-01 3.462578220925550842e+10
4.914869903310095656e-01 4.103396053140042114e+10
4.964018602343197584e-01 3.936397322316314697e+10
5.013658788366629482e-01 2.748564002547110367e+10
5.063795376250295188e-01 2.041577902085730362e+10
5.114433330012797541e-01 1.671505292792775345e+10
5.165577663312926893e-01 1.621332774630665588e+10
5.217233439946056262e-01 2.175144172924028778e+10
5.269405774345515825e-01 1.857298011123382950e+10
5.322099832088971194e-01 2.019262224587052155e+10
5.375320830409860973e-01 2.184135949337793732e+10
5.429074038713960215e-01 2.144225968855500793e+10
5.483364779101099762e-01 1.721552720472769928e+10
5.538198426892112503e-01 1.681465457940976334e+10
5.593580411161032107e-01 1.958057681198349380e+10
5.649516215272641917e-01 2.078696398836616135e+10
5.706011377425368458e-01 2.045238299940981674e+10
5.763071491199621699e-01 1.499432400008372307e+10
5.820702206111618704e-01 1.504430471448555946e+10
5.878909228172733981e-01 7.145160483040920258e+09
5.937698320454461998e-01 1.469483662757786179e+10
5.997075303659007428e-01 2.277471782050747299e+10
6.057046056695597480e-01 2.838319003577928925e+10
6.117616517262552955e-01 2.531388511105371857e+10
6.178792682435179096e-01 3.074981124773908997e+10
6.240580609259530620e-01 3.651106273996394348e+10
6.302986415352126448e-01 4.041666557128900146e+10
6.366016279505647413e-01 4.447054623283389282e+10
6.429676442300703565e-01 4.895461374810420990e+10
6.493973206723711034e-01 4.682720691423214722e+10
6.558912938790947278e-01 4.327876470699380493e+10
6.624502068178856895e-01 4.642570391237210083e+10
6.690747088860645730e-01 5.237537823259885406e+10
6.757654559749252110e-01 5.971381212367408752e+10
6.825231105346745153e-01 6.685215558641894531e+10
6.893483416400212338e-01 6.726789497744695282e+10
6.962418250564214039e-01 5.636459701217211151e+10
7.032042433069857212e-01 5.467665500238629150e+10
7.102362857400554841e-01 6.241133960728612518e+10
7.173386485974559967e-01 7.394356781538739014e+10
7.245120350834306500e-01 8.537092040515539551e+10
7.317571554342650053e-01 9.039265518096154785e+10
7.390747269886076554e-01 7.176941817740754700e+10
7.464654742584937441e-01 6.034126637237533569e+10
7.539301290010786971e-01 7.132483833605581665e+10
7.614694302910893775e-01 8.493338330533508301e+10
7.690841245940003290e-01 5.737568403439059448e+10
7.767749658399403234e-01 1.125924639343443604e+11
7.845427154983398710e-01 1.158259152788781738e+11
7.923881426533231354e-01 9.041906912613015747e+10
8.003120240798563545e-01 8.369283227028692627e+10
8.083151443206548770e-01 1.095701090703992157e+11
8.163982957638614701e-01 1.354235486738797913e+11
8.245622787215000082e-01 1.511455757110753479e+11
8.328079015087149761e-01 1.589459382076964111e+11
8.411359805238021181e-01 1.653503587861913147e+11
8.495473403290402237e-01 1.704490242079234009e+11
8.580428137323306004e-01 1.583480708843265076e+11
8.666232418696537820e-01 1.416750502935384216e+11
8.752894742883503554e-01 1.496853647244500122e+11
8.840423690312340099e-01 1.714753767514006653e+11
8.928827927215462479e-01 1.860502222791211548e+11
9.018116206487618580e-01 1.969244136131420593e+11
9.108297368552494833e-01 2.045893697968879089e+11
9.199380342238018260e-01 2.116761651402809143e+11
9.291374145660399320e-01 2.094127466720201416e+11
9.384287887117003235e-01 2.164900504665745850e+11
9.478130765988174167e-01 2.204291858773686523e+11
9.572912073648053299e-01 2.212206790864780884e+11
9.668641194384535176e-01 2.233678414069682312e+11
9.765327606328380039e-01 2.295781144249183044e+11
9.862980882391664261e-01 2.403876969411383057e+11
9.961610691215579960e-01 2.426167605198114319e+11
1.006122679812773590e+00 2.519234959334566345e+11
1.016183906610901300e+00 2.656561772561316528e+11
1.026345745677010202e+00 2.735239481497994995e+11
1.036609203133780355e+00 2.817747076684560547e+11
1.046975295165118336e+00 2.808666080876381226e+11
1.057445048116769204e+00 2.716098506820552368e+11
1.068019498597936989e+00 2.860734655114349976e+11
1.078699693583916597e+00 2.997533804370214844e+11
1.089486690519755552e+00 3.057122512381824951e+11
1.100381557424953138e+00 3.013317093102554932e+11
1.111385372999202481e+00 2.989469459648602295e+11
1.122499226729194666e+00 3.041679870925084839e+11
1.133724218996486455e+00 3.022029098324131470e+11
1.145061461186451135e+00 3.104449666320356445e+11
1.156512075798315831e+00 3.134504730550505981e+11
1.168077196556299047e+00 3.171293033428720093e+11
1.179757968521861988e+00 3.151258981112220459e+11
1.191555548207080761e+00 3.276643672415955200e+11
1.203471103689151889e+00 3.381369047651679077e+11
1.215505814726043354e+00 3.487983196990059204e+11
1.227660872873303610e+00 3.574652989350253296e+11
1.239937481602036762e+00 3.633348411462720947e+11
1.252336856418057032e+00 3.692599996458027344e+11
1.264860224982237824e+00 3.720935951771291504e+11
1.277508827232060051e+00 3.737415274996701050e+11
1.290283915504380818e+00 3.745119117203607788e+11
1.303186754659424462e+00 3.755145013195054321e+11
1.316218622206019040e+00 3.738685450838607178e+11
1.329380808428079153e+00 3.428503781970183716e+11
1.342674616512359975e+00 2.879350489820917358e+11
1.356101362677483380e+00 2.728148396299430542e+11
1.369662376304258355e+00 2.751973185332914429e+11
1.383359000067300837e+00 2.820657158765018311e+11
1.397192590067974027e+00 2.734929232597002869e+11
1.411164515968653665e+00 2.638825632448070068e+11
1.425276161128340213e+00 2.565997550239876709e+11
1.439528922739623740e+00 2.628028652762015076e+11
1.453924211967019708e+00 2.757970923623572998e+11
1.468463454086690101e+00 2.745642451483009033e+11
1.483148088627556760e+00 2.814917336801546021e+11
1.497979569513832487e+00 2.899877191021103516e+11
1.512959365208970564e+00 3.002814289550993652e+11
1.528088958861060442e+00 3.104694190321268311e+11
1.543369848449671178e+00 3.193004274157668457e+11
1.558803546934167894e+00 3.311905694744605713e+11
1.574391582403509737e+00 3.433930500271747437e+11
1.590135498227544852e+00 3.519864461841401978e+11
1.606036853209820148e+00 3.580535995256646729e+11
1.622097221741918505e+00 3.653550452411127930e+11
1.638318193959337421e+00 3.687335536086351318e+11
1.654701375898931071e+00 3.698003089820512695e+11
1.671248389657920441e+00 3.713577675242702637e+11
1.687960873554499530e+00 3.686352664797152710e+11
1.704840482290044701e+00 3.575973097959279175e+11
1.721888887112944966e+00 3.373706096377593384e+11
1.739107775984074289e+00 3.247044571710502319e+11
1.756498853743915012e+00 3.108436653958179932e+11
1.774063842281354608e+00 2.913313087527110596e+11
1.791804480704168201e+00 2.796103003866408691e+11
1.809722525511209934e+00 2.653679761096887817e+11
1.827819750766321860e+00 2.623098425773265076e+11
1.846097948273984990e+00 2.467263521821421814e+11
1.864558927756724938e+00 2.352390433445820312e+11
1.883204517034292147e+00 2.462556711483187256e+11
1.902036562204635128e+00 2.515553446872303772e+11
1.921056927826681582e+00 2.510520421143659973e+11
1.940267497104948502e+00 2.466698663237111206e+11
1.959670172075998140e+00 2.449681522904547424e+11
1.979266873796758031e+00 2.405244693017436829e+11
1.999059542534725509e+00 2.348805307309706726e+11
2.019050137960073155e+00 2.353946262920721436e+11
2.039240639339673589e+00 2.385841036045476990e+11
2.059633045733070489e+00 2.431678231480012512e+11
2.080229376190401158e+00 2.471623883107755737e+11
2.101031669952305059e+00 2.538253890734687805e+11
2.122041986651828083e+00 2.577870864235183105e+11
2.143262406518346097e+00 2.613370677265974426e+11
2.164695030583529967e+00 2.636655474852527771e+11
2.186341980889365377e+00 2.621449929142392883e+11
2.208205400698258991e+00 2.607170504429030457e+11
2.230287454705241146e+00 2.580084346416106567e+11
2.252590329252293522e+00 2.547671189093814697e+11
2.275116232544817318e+00 2.502129799034206543e+11
2.297867394870265034e+00 2.387970457195184937e+11
2.320846068818967822e+00 2.291011058823583984e+11
2.344054529507157536e+00 2.218168635364771118e+11
2.367495074802228761e+00 2.140661379100805054e+11
2.391170025550251044e+00 2.043934521101598511e+11
2.415081725805753532e+00 1.914506467437327881e+11
2.439232543063811764e+00 1.803899750970045471e+11
2.463624868494449949e+00 1.700513398119136353e+11
2.488261117179394244e+00 1.614404570042530212e+11
2.513143728351188155e+00 1.496760423047415466e+11
2.538275165634700237e+00 1.440905867287431030e+11
2.563657917291046751e+00 1.398752222883705444e+11
2.589294496463957262e+00 1.373188937880873871e+11
2.615187441428596937e+00 1.387788821903480225e+11
2.641339315842882840e+00 1.367617496843847046e+11
2.667752709001311562e+00 1.353111939072908173e+11
2.694430236091324815e+00 1.287880424658618927e+11
2.721374538452237868e+00 1.239030875228706665e+11
2.748588283836760127e+00 1.197254913610712585e+11
2.776074166675128296e+00 1.146295754206515350e+11
2.803834908341879206e+00 1.132764421098018646e+11
2.831873257425297830e+00 1.092077340499743500e+11
2.860191989999551154e+00 1.080567038751030731e+11
2.888793909899546541e+00 1.077831589645585785e+11
2.917681848998542549e+00 1.016939631561428375e+11
2.946858667488527761e+00 1.025677877321302338e+11
2.976327254163412928e+00 1.002577296311945190e+11
3.006090526705047061e+00 1.005741741430507965e+11
3.036151431972097470e+00 9.850851297118096924e+10
3.066512946291818587e+00 9.996040939441458130e+10
3.097178075754736692e+00 9.820183314310557556e+10
3.128149856512283833e+00 9.806929223894961548e+10
3.159431355077406689e+00 9.774047760599742126e+10
3.191025668628181045e+00 9.691730968617642212e+10
3.222935925314462935e+00 9.694976116825798035e+10
3.255165284567607564e+00 9.712618073149450684e+10
3.287716937413283524e+00 9.602024885522904968e+10
3.320594106787416067e+00 9.569372601178617859e+10
3.353800047855290511e+00 9.390938618876533508e+10
3.387338048333843332e+00 9.286948244649671936e+10
3.421211428817182210e+00 9.183721333381556702e+10
3.455423543105353712e+00 9.114993132331094360e+10
3.489977778536407005e+00 8.932811263769392395e+10
3.524877556321771355e+00 8.776871530025053406e+10
3.560126331884988726e+00 8.683632445572700500e+10
3.595727595203838334e+00 8.568660160335528564e+10
3.631684871155877570e+00 8.423687623923474121e+10
3.668001719867436616e+00 8.262282214239881897e+10
3.704681737066110259e+00 8.170937587989044189e+10
3.741728554436771326e+00 8.032312314731338501e+10
3.779145839981139510e+00 7.900729895503581238e+10
3.816937298380950860e+00 7.708318526033145142e+10
3.855106671364760818e+00 7.566783839663839722e+10
3.893657738078407426e+00 7.391317195236463928e+10
3.932594315459191581e+00 7.191562106262879944e+10
3.971920258613783616e+00 6.940687876619444275e+10
4.011639461199922430e+00 6.695286706778115082e+10
4.051755855811920881e+00 6.442682345496197510e+10
4.092273414370040108e+00 6.111493845018512726e+10
4.133196148513740731e+00 5.924935825297855377e+10
4.174528109998877135e+00 5.681017599101300049e+10
4.216273391098866341e+00 5.390667743589172363e+10
4.258436125009854578e+00 5.067810629314458466e+10
4.301020486259953479e+00 4.911210720768627167e+10
4.344030691122553023e+00 4.680416387063538361e+10
4.387470998033777825e+00 4.465179875398790741e+10
4.431345708014116092e+00 4.284699712212796021e+10
4.475659165094256764e+00 4.149734304701367950e+10
4.520415756745198799e+00 4.009943656772714233e+10
4.565619914312651240e+00 3.891665899578412628e+10
4.611276113455778258e+00 3.792054205451916504e+10
4.657388874590335348e+00 3.672936809388115692e+10
4.703962763336238417e+00 3.581821167555419159e+10
4.751002390969600420e+00 3.485610119493006897e+10
4.798512414879296806e+00 3.373679874426357651e+10
4.846497539028090884e+00 3.272961150057736969e+10
4.894962514418371491e+00 3.174080980655511093e+10
4.943912139562555375e+00 3.058145119052767944e+10
4.993351260958180937e+00 2.972808832765291977e+10
5.043284773567762613e+00 2.842438220390409088e+10
5.093717621303440524e+00 2.772555663800966644e+10
5.144654797516475142e+00 2.660083321843749237e+10
5.196101345491639378e+00 2.587783237036479187e+10
5.248062358946555150e+00 2.522118656198270416e+10
5.300542982536021519e+00 2.430719469662997437e+10
5.353548412361381459e+00 2.376246593211363220e+10
5.407083896484995655e+00 2.282811034939130783e+10
5.461154735449845532e+00 2.234668821537583542e+10
5.515766282804344556e+00 2.164322896839122009e+10
5.570923945632387131e+00 2.082883026517289352e+10
5.626633185088711464e+00 2.038721326703672791e+10
5.682899516939598605e+00 1.967637348052663803e+10
5.739728512108993819e+00 1.906660920293226242e+10
5.797125797230084032e+00 1.862219845889314651e+10
5.855097055202384659e+00 1.792052580606946945e+10
5.913648025754409510e+00 1.757566734720643234e+10
5.972784506011953987e+00 1.714093518685722351e+10
6.032512351072073287e+00 1.656163799107140541e+10
6.092837474582792900e+00 1.643752984576379585e+10
6.153765849328621584e+00 1.612157796962708664e+10
6.215303507821907658e+00 1.572103644198422813e+10
6.277456542900125669e+00 1.523172279225722122e+10
6.340231108329128062e+00 1.473748464415519524e+10
6.403633419412418704e+00 1.398378658004369545e+10
6.467669753606543281e+00 1.295875646463722992e+10
6.532346451142608146e+00 1.227108258323540878e+10
6.597669915654034156e+00 1.130668802508518028e+10
6.663646614810574853e+00 1.081056358421527100e+10
6.730283080958680664e+00 1.090335144586186409e+10
6.797585911768267763e+00 1.035006326066977119e+10
6.865561770885950210e+00 1.009485587010082054e+10
6.934217388594810849e+00 9.882761845123285294e+09
7.003559562480758949e+00 9.740729468034906387e+09
7.073595158105566050e+00 9.294839425619842529e+09
7.144331109686621772e+00 9.092075431734653473e+09
7.215774420783487741e+00 8.900323230419446945e+09
7.287932164991324235e+00 8.589407967686323166e+09
7.360811486641236634e+00 8.294967231540710449e+09
7.434419601507648245e+00 8.057800000055664062e+09
7.508763797522725270e+00 7.819289305162482262e+09
7.583851435497953375e+00 7.518718339907282829e+09
7.659689949852931612e+00 7.323164671823966980e+09
7.736286849351461825e+00 7.038779026068134308e+09
7.813649717844977083e+00 6.978601832512950897e+09
7.891786215023426365e+00 6.480717007965696335e+09
7.970704077173661695e+00 6.389617545529392242e+09
8.050411117945397876e+00 6.172588448005767822e+09
8.130915229124850541e+00 5.963340019626170158e+09
8.212224381416099561e+00 5.765525591744980812e+09
8.294346625230261338e+00 5.548184988985428810e+09
8.377290091482562318e+00 5.383340944716476440e+09
8.461062992397387461e+00 5.237725321069089890e+09
8.545673622321363183e+00 5.085128969186506271e+09
8.631130358544575998e+00 4.982194280464958191e+09
8.717441662130022806e+00 4.792441569522542000e+09
8.804616078751321240e+00 4.659943615544955254e+09
8.892662239538834612e+00 4.580517627625957489e+09
8.981588861934222123e+00 4.401837263458313942e+09
9.071404750553567098e+00 4.309824460199501038e+09
9.162118798059102787e+00 4.184723665235253334e+09
9.253739986039693832e+00 4.029801773832377434e+09
9.346277385900089385e+00 3.939016948905498028e+09
9.439740159759089977e+00 3.793074553350243092e+09
9.534137561356683221e+00 3.718890909250170231e+09
9.629478936970249592e+00 3.543469130950709820e+09
9.725773726339950187e+00 3.467595540551833630e+09
9.823031463603349778e+00 3.360394132845456600e+09
9.921261778239381712e+00 3.208983236566369057e+09
1.002047439602177548e+01 3.131979970162969589e+09
1.012067913998199487e+01 3.013252473218522549e+09
1.022188593138181290e+01 2.926725615661902428e+09
1.032410479069563181e+01 2.800715189969593525e+09
1.042734583860258724e+01 2.701016356009403706e+09
1.053161929698861421e+01 2.610370545065756798e+09
1.063693548995849980e+01 2.516979041780068398e+09
1.074330484485808412e+01 2.423898375169630527e+09
1.085073789330666472e+01 2.348112594880567074e+09
1.095924527223973222e+01 2.232237709212170601e+09
1.106883772496212970e+01 2.159215536450484276e+09
1.117952610221174936e+01 2.072360956344971180e+09
1.129132136323386781e+01 2.000532118729598999e+09
1.140423457686620701e+01 1.934285549946596146e+09
1.151827692263487002e+01 1.855274433113239050e+09
1.163345969186121920e+01 1.790031320914625406e+09
1.174979428877982990e+01 1.700675911941060543e+09
1.186729223166762992e+01 1.645034283313987017e+09
1.198596515398430462e+01 1.598913487155428648e+09
1.210582480552414708e+01 1.526776424627642632e+09
1.222688305357938887e+01 1.484344371629830122e+09
1.234915188411518194e+01 1.429072736252964973e+09
1.247264340295633467e+01 1.353865032966385365e+09
1.259736983698589619e+01 1.315083209757460833e+09
1.272334353535575424e+01 1.267197807302335978e+09
1.285057697070931226e+01 1.219413901872919321e+09
1.297908274041640553e+01 1.166172908984076023e+09
1.310887356782057012e+01 1.140012031488684177e+09
1.323996230349877479e+01 1.078794969418868303e+09
1.337236192653376321e+01 1.051231045550590754e+09
1.350608554579910248e+01 1.000269549908453345e+09
1.364114640125709244e+01 9.770345386002796888e+08
1.377755786526966197e+01 9.292585101878424883e+08
1.391533344392236238e+01 9.035846774807474613e+08
1.405448677836158211e+01 8.678806219064676762e+08
1.419503164614519974e+01 8.222525810097184181e+08
1.433698196260665192e+01 8.046729774174715281e+08
1.448035178223271835e+01 7.699889644582629204e+08
1.462515530005504516e+01 7.345366866585309505e+08
1.477140685305559664e+01 7.221847828622567654e+08
1.491912092158615089e+01 6.835773464189854860e+08
1.506831213080201159e+01 6.662234209662897587e+08
1.521899525211003024e+01 6.406429550634738207e+08
1.537118520463113214e+01 6.135729219606386423e+08
1.552489705667744246e+01 5.928446125177171230e+08
1.568014602724421813e+01 5.725007812501631975e+08
1.583694748751665848e+01 5.525491593151397705e+08
1.599531696239182388e+01 5.299145548013226390e+08
1.615527013201574391e+01 5.038870725699986815e+08
1.631682283333590178e+01 4.953486447009481788e+08
1.647999106166925998e+01 4.702686313395054936e+08
1.664479097228595350e+01 4.515282130781293511e+08
1.681123888200881211e+01 4.426780470544163585e+08
1.697935127082889650e+01 4.302001080522306561e+08
1.714914478353718863e+01 4.035799599964419007e+08
1.732063623137256059e+01 3.872076317607679963e+08
1.749384259368628847e+01 3.800148175264025331e+08
1.766878101962314673e+01 3.604651213228127360e+08
1.784546882981938509e+01 3.528410920781177282e+08
1.802392351811757720e+01 3.385142106232917905e+08
1.820416275329875333e+01 3.247711198320379257e+08
1.838620438083173880e+01 3.152011435825154185e+08
1.857006642464005353e+01 2.942155067381288409e+08
1.875576708888645427e+01 2.899330567671119571e+08
1.894332475977532226e+01 2.795575048097526431e+08
1.913275800737307719e+01 2.714417262082236409e+08
1.969740769490774923e+01 2.409069981610178947e+08
2.068227807965313403e+01 1.999210922073471248e+08
2.171639198363579126e+01 1.658996058535023034e+08
2.280221158281758420e+01 1.388228881877420545e+08
2.394232216195846163e+01 1.150380957830908746e+08
2.513943827005638454e+01 9.535071913557441533e+07
2.639641018355920465e+01 7.953265363186389208e+07
2.771623069273716311e+01 6.563007949093605578e+07
2.910204222737402446e+01 5.457413165949731320e+07
3.055714433874272729e+01 4.457636889355789870e+07
3.208500155567985956e+01 3.741122204869806767e+07
3.368925163346385432e+01 3.046752380473083630e+07
3.537371421513704206e+01 2.507486351785136387e+07
3.714239992589390482e+01 2.089808259529069439e+07
3.899951992218858976e+01 1.747801589919001982e+07
4.094949591829801960e+01 1.429502198246902227e+07
4.299697071421292094e+01 1.195151889319514669e+07
4.514681924992356699e+01 9.918005009458674118e+06
4.740416021241974676e+01 8.224591818901083432e+06
4.977436822304073161e+01 6.793361626235443167e+06
5.226308663419276712e+01 5.641712616966726258e+06
5.487624096590241152e+01 4.694396683360413648e+06
5.762005301419753067e+01 3.874077171850251965e+06
6.050105566490740472e+01 3.235879506699470337e+06
6.352610844815276891e+01 2.663015467519821133e+06
6.670241387056040594e+01 2.215347896849778015e+06
7.003753456408843192e+01 1.845723240811838536e+06
7.353941129229284002e+01 1.512612777237607399e+06
7.721638185690748912e+01 1.263992181258553639e+06
8.107720094975286429e+01 1.036503456166640506e+06
8.513106099724051035e+01 8.591662859969923738e+05
8.938761404710253089e+01 7.278383443684821250e+05
9.385699474945765530e+01 5.958359069604071556e+05
