3.401114059005487245e-01 1.652761443726035645e+12
3.435125199595542300e-01 2.140266363342528076e+12
3.469476451591497201e-01 1.994999990048739502e+12
3.504171216107412334e-01 2.091528380686282959e+12
3.539212928268486436e-01 2.362408600144634277e+12
3.574605057551171750e-01 3.509188312449715820e+12
3.610351108126682584e-01 3.077907079436421387e+12
3.646454619207949999e-01 3.057995408397720215e+12
3.682919165400029282e-01 3.048727125024255859e+12
3.719748357054029064e-01 4.240982701531727051e+12
3.756945840624569266e-01 4.311351852562139648e+12
3.794515299030815081e-01 3.624789970629280273e+12
3.832460452021123065e-01 4.880654792402657227e+12
3.870785056541334312e-01 4.449890465053921875e+12
3.909492907106748016e-01 4.033285895795907227e+12
3.948587836177815391e-01 3.389330778832216309e+12
3.988073714539593917e-01 3.155322515816610352e+12
4.027954451684989667e-01 3.214785325838018555e+12
4.068233996201839342e-01 3.891766341003396973e+12
4.108916336163858096e-01 3.000373572575648926e+12
4.150005499525497021e-01 3.639717531091347168e+12
4.191505554520751908e-01 4.019517549696086914e+12
4.233420610065958822e-01 4.184110439862702637e+12
4.275754816166618122e-01 4.179188595414234863e+12
4.318512364328284114e-01 4.295144795592513184e+12
4.361697487971567533e-01 3.740799156190647949e+12
4.405314462851282475e-01 4.586891488995355469e+12
4.449367607479796094e-01 4.151201427965089355e+12
4.493861283554593800e-01 3.805369114006193359e+12
4.538799896390139921e-01 3.664729850587390625e+12
4.584187895354041031e-01 3.770124625289041016e+12
4.630029774307581336e-01 3.724135918503333008e+12
4.676330072050656761e-01 3.888586575011995117e+12
4.723093372771162701e-01 4.051902536362789062e+12
4.770324306498874289e-01 4.064296465314082520e+12
4.818027549563863032e-01 4.195672392687764648e+12
4.866207825059500891e-01 4.643166025286781250e+12
4.914869903310095656e-01 4.942139743148846680e+12
4.964018602343197584e-01 5.038729657288854492e+12
5.013658788366629482e-01 5.323330556688766602e+12
5.063795376250295188e-01 5.617384482514949219e+12
5.114433330012797541e-01 5.892353920898242188e+12
5.165577663312926893e-01 6.511694889630096680e+12
5.217233439946056262e-01 6.285349710559830078e+12
5.269405774345515825e-01 6.338183956640084961e+12
5.322099832088971194e-01 6.054204020762905273e+12
5.375320830409860973e-01 6.280995382055791992e+12
5.429074038713960215e-01 6.883036593325138672e+12
5.483364779101099762e-01 6.242235282684565430e+12
5.538198426892112503e-01 6.064990732201505859e+12
5.593580411161032107e-01 6.442688176801538086e+12
5.649516215272641917e-01 6.288766957898041992e+12
5.706011377425368458e-01 6.186577644211597656e+12
5.763071491199621699e-01 6.311747074667889648e+12
5.820702206111618704e-01 6.296830412175496094e+12
5.878909228172733981e-01 6.590863383724694336e+12
5.937698320454461998e-01 6.693498957158040039e+12
5.997075303659007428e-01 6.800841825238995117e+12
6.057046056695597480e-01 6.709005109676846680e+12
6.117616517262552955e-01 6.955535536934685547e+12
6.178792682435179096e-01 7.149386190305908203e+12
6.240580609259530620e-01 7.536039039136157227e+12
6.302986415352126448e-01 7.260011127225668945e+12
6.366016279505647413e-01 7.369831909171861328e+12
6.429676442300703565e-01 7.354142736367423828e+12
6.493973206723711034e-01 7.431797323572548828e+12
6.558912938790947278e-01 7.366637545199680664e+12
6.624502068178856895e-01 7.553748803978578125e+12
6.690747088860645730e-01 7.717921221574945312e+12
6.757654559749252110e-01 7.713740997640980469e+12
6.825231105346745153e-01 7.857191436800360352e+12
6.893483416400212338e-01 7.709756652113589844e+12
6.962418250564214039e-01 7.814855860322575195e+12
7.032042433069857212e-01 7.840442425175647461e+12
7.102362857400554841e-01 7.981422773370513672e+12
7.173386485974559967e-01 8.128881762078682617e+12
7.245120350834306500e-01 8.017242766802221680e+12
7.317571554342650053e-01 8.056426638339377930e+12
7.390747269886076554e-01 8.027109978799419922e+12
7.464654742584937441e-01 8.095292270305107422e+12
7.539301290010786971e-01 8.001887382101520508e+12
7.614694302910893775e-01 7.990539930788651367e+12
7.690841245940003290e-01 8.066406483343518555e+12
7.767749658399403234e-01 8.065881396656637695e+12
7.845427154983398710e-01 8.025611087959211914e+12
7.923881426533231354e-01 8.106818625064793945e+12
8.003120240798563545e-01 7.987272641854666016e+12
8.083151443206548770e-01 8.059976946255234375e+12
8.163982957638614701e-01 7.947433245778666992e+12
8.245622787215000082e-01 8.033146035417532227e+12
8.328079015087149761e-01 8.166079709848429688e+12
8.411359805238021181e-01 8.070381024617655273e+12
8.495473403290402237e-01 8.082583037817213867e+12
8.580428137323306004e-01 7.988643164355367188e+12
8.666232418696537820e-01 8.173399868189541016e+12
8.752894742883503554e-01 7.926300137638525391e+12
8.840423690312340099e-01 8.018735692472078125e+12
8.928827927215462479e-01 7.852092927953783203e+12
9.018116206487618580e-01 7.868009402052311523e+12
9.108297368552494833e-01 7.877104405439618164e+12
9.199380342238018260e-01 7.692134459769581055e+12
9.291374145660399320e-01 7.615219806396890625e+12
9.384287887117003235e-01 7.621544319557744141e+12
9.478130765988174167e-01 7.441114608524578125e+12
9.572912073648053299e-01 7.378336984133387695e+12
9.668641194384535176e-01 7.313263681334789062e+12
9.765327606328380039e-01 7.295357252834451172e+12
9.862980882391664261e-01 7.168771101839706055e+12
9.961610691215579960e-01 7.207040252717813477e+12
1.006122679812773590e+00 7.105000880956326172e+12
1.016183906610901300e+00 7.010541674227110352e+12
1.026345745677010202e+00 6.957522136345687500e+12
1.036609203133780355e+00 6.887548163699017578e+12
1.046975295165118336e+00 6.718876348288427734e+12
1.057445048116769204e+00 6.619116014679744141e+12
1.068019498597936989e+00 6.539776311901438477e+12
1.078699693583916597e+00 6.451140284804145508e+12
1.089486690519755552e+00 6.353478215805640625e+12
1.100381557424953138e+00 6.241204056639159180e+12
1.111385372999202481e+00 6.156310882148828125e+12
1.122499226729194666e+00 6.064885170948716797e+12
1.133724218996486455e+00 5.961441753343696289e+12
1.145061461186451135e+00 5.879508075307721680e+12
1.156512075798315831e+00 5.826603151830389648e+12
1.168077196556299047e+00 5.726008155849341797e+12
1.179757968521861988e+00 5.558376836917065430e+12
1.191555548207080761e+00 5.609248184374793945e+12
1.203471103689151889e+00 5.375977229273429688e+12
1.215505814726043354e+00 5.242576432436623047e+12
1.227660872873303610e+00 5.130366269415272461e+12
1.239937481602036762e+00 5.032958333197616211e+12
1.252336856418057032e+00 4.947482735585836914e+12
1.264860224982237824e+00 4.842329398609544922e+12
1.277508827232060051e+00 4.720207366468761719e+12
1.290283915504380818e+00 4.645618166956113281e+12
1.303186754659424462e+00 4.523449509193113281e+12
1.316218622206019040e+00 4.419632582247338867e+12
1.329380808428079153e+00 4.346337961590665527e+12
1.342674616512359975e+00 4.250845933163168457e+12
1.356101362677483380e+00 4.156379347955738281e+12
1.369662376304258355e+00 4.055343299328990234e+12
1.383359000067300837e+00 3.935962947664561035e+12
1.397192590067974027e+00 3.835402566418035645e+12
1.411164515968653665e+00 3.755186110869369629e+12
1.425276161128340213e+00 3.699681890312315918e+12
1.439528922739623740e+00 3.576993943986592773e+12
1.453924211967019708e+00 3.512803227974914062e+12
1.468463454086690101e+00 3.397776921382859375e+12
1.483148088627556760e+00 3.279935499654944824e+12
1.497979569513832487e+00 3.202940748596431641e+12
1.512959365208970564e+00 3.081779392507618164e+12
1.528088958861060442e+00 3.011263495358228027e+12
1.543369848449671178e+00 2.874984211916452148e+12
1.558803546934167894e+00 2.843063369834784668e+12
1.574391582403509737e+00 2.758826565474122559e+12
1.590135498227544852e+00 2.684526733176079102e+12
1.606036853209820148e+00 2.555976023051742188e+12
1.622097221741918505e+00 2.491134956567543945e+12
1.638318193959337421e+00 2.383357674694646484e+12
1.654701375898931071e+00 2.320336548980222656e+12
1.671248389657920441e+00 2.253163667537728516e+12
1.687960873554499530e+00 2.204345960376865723e+12
1.704840482290044701e+00 2.144324372172796875e+12
1.721888887112944966e+00 2.110628742535162109e+12
1.739107775984074289e+00 2.075812886192566162e+12
1.756498853743915012e+00 2.052557886932820801e+12
1.774063842281354608e+00 2.013645037925850342e+12
1.791804480704168201e+00 1.980164187532417236e+12
1.809722525511209934e+00 1.945804899605465088e+12
1.827819750766321860e+00 1.897844775325385010e+12
1.846097948273984990e+00 1.871626919054289307e+12
1.864558927756724938e+00 1.835307790437236328e+12
1.883204517034292147e+00 1.799894156566425781e+12
1.902036562204635128e+00 1.743748695556977051e+12
1.921056927826681582e+00 1.687894905427107666e+12
1.940267497104948502e+00 1.669317557962709961e+12
1.959670172075998140e+00 1.615501008155772705e+12
1.979266873796758031e+00 1.592994023408914307e+12
1.999059542534725509e+00 1.531317482522961182e+12
2.019050137960073155e+00 1.495536433603840576e+12
2.039240639339673589e+00 1.454497804274505859e+12
2.059633045733070489e+00 1.426594628373109375e+12
2.080229376190401158e+00 1.386999493585322754e+12
2.101031669952305059e+00 1.342316708538096436e+12
2.122041986651828083e+00 1.310068741588065918e+12
2.143262406518346097e+00 1.269836920341850830e+12
2.164695030583529967e+00 1.230752258385507568e+12
2.186341980889365377e+00 1.196415201638818115e+12
2.208205400698258991e+00 1.156487698304121582e+12
2.230287454705241146e+00 1.129806680758604980e+12
2.252590329252293522e+00 1.095309617143203857e+12
2.275116232544817318e+00 1.058022473819813721e+12
2.297867394870265034e+00 1.074288569404551514e+12
2.320846068818967822e+00 1.061706897562678955e+12
2.344054529507157536e+00 1.039584091362040161e+12
2.367495074802228761e+00 1.015570432895141724e+12
2.391170025550251044e+00 1.014423103023764038e+12
2.415081725805753532e+00 9.903605472240244141e+11
2.439232543063811764e+00 9.643866970294931641e+11
2.463624868494449949e+00 9.368133970735267334e+11
2.488261117179394244e+00 9.213218343069501953e+11
2.513143728351188155e+00 8.947177771780256348e+11
2.538275165634700237e+00 8.633422660866953125e+11
2.563657917291046751e+00 8.372471385184171143e+11
2.589294496463957262e+00 8.140297823290776367e+11
2.615187441428596937e+00 7.875229219152576904e+11
2.641339315842882840e+00 7.521475621534395752e+11
2.667752709001311562e+00 7.359037377001058350e+11
2.694430236091324815e+00 7.079496647998682861e+11
2.721374538452237868e+00 6.854129796693571777e+11
2.748588283836760127e+00 6.659110420423901367e+11
2.776074166675128296e+00 6.481552483571108398e+11
2.803834908341879206e+00 6.278550971017961426e+11
2.831873257425297830e+00 6.101544369380963135e+11
2.860191989999551154e+00 5.928113226751458740e+11
2.888793909899546541e+00 5.727094667847752686e+11
2.917681848998542549e+00 5.566411403806203613e+11
2.946858667488527761e+00 5.401842524517507324e+11
2.976327254163412928e+00 5.232798688447667236e+11
3.006090526705047061e+00 5.059459610418579102e+11
3.036151431972097470e+00 4.938596984527581177e+11
3.066512946291818587e+00 4.758431901733383179e+11
3.097178075754736692e+00 4.629506188710380249e+11
3.128149856512283833e+00 4.479126033755958252e+11
3.159431355077406689e+00 4.336602854015919800e+11
3.191025668628181045e+00 4.198118326136394043e+11
3.222935925314462935e+00 4.056948136349496460e+11
3.255165284567607564e+00 3.926627911204707031e+11
3.287716937413283524e+00 3.804112599853770752e+11
3.320594106787416067e+00 3.685178265397008667e+11
3.353800047855290511e+00 3.552939501984137573e+11
3.387338048333843332e+00 3.438168428632498779e+11
3.421211428817182210e+00 3.336613396563494873e+11
3.455423543105353712e+00 3.217113714184660034e+11
3.489977778536407005e+00 3.110112203450589600e+11
3.524877556321771355e+00 3.014086953044619751e+11
3.560126331884988726e+00 2.906411477595662231e+11
3.595727595203838334e+00 2.810914568966505737e+11
3.631684871155877570e+00 2.718845556922201843e+11
3.668001719867436616e+00 2.633487912142248230e+11
3.704681737066110259e+00 2.548313378938498230e+11
3.741728554436771326e+00 2.462184168991140137e+11
3.779145839981139510e+00 2.384402267461390686e+11
3.816937298380950860e+00 2.304307415964806824e+11
3.855106671364760818e+00 2.222132165258934326e+11
3.893657738078407426e+00 2.159965893685378723e+11
3.932594315459191581e+00 2.080623214335848083e+11
3.971920258613783616e+00 2.023408162309949036e+11
4.011639461199922430e+00 1.953209613005594788e+11
4.051755855811920881e+00 1.895821990647453308e+11
4.092273414370040108e+00 1.837572665012460938e+11
4.133196148513740731e+00 1.781148249876644592e+11
4.174528109998877135e+00 1.722474662132440796e+11
4.216273391098866341e+00 1.665883785248967590e+11
4.258436125009854578e+00 1.616157299747619324e+11
4.301020486259953479e+00 1.618423318912393494e+11
4.344030691122553023e+00 1.583886892455093079e+11
4.387470998033777825e+00 1.560268869746488342e+11
4.431345708014116092e+00 1.539760815208780518e+11
4.475659165094256764e+00 1.505727540699793396e+11
4.520415756745198799e+00 1.462126604209292908e+11
4.565619914312651240e+00 1.412401031887356873e+11
4.611276113455778258e+00 1.367988260734105530e+11
4.657388874590335348e+00 1.314454649955365753e+11
4.703962763336238417e+00 1.265953501572528076e+11
4.751002390969600420e+00 1.215887961986553040e+11
4.798512414879296806e+00 1.178598894453452148e+11
4.846497539028090884e+00 1.131393498548707123e+11
4.894962514418371491e+00 1.095348131239348297e+11
4.943912139562555375e+00 1.057362399562164612e+11
4.993351260958180937e+00 1.020250556144594116e+11
5.043284773567762613e+00 9.822729336296302795e+10
5.093717621303440524e+00 9.475477967220021057e+10
5.144654797516475142e+00 9.135210688441000366e+10
5.196101345491639378e+00 8.793451915091079712e+10
5.248062358946555150e+00 8.487670723892663574e+10
5.300542982536021519e+00 8.167612525937411499e+10
5.353548412361381459e+00 7.868248936626303101e+10
5.407083896484995655e+00 7.580287339631298828e+10
5.461154735449845532e+00 7.301986287136624146e+10
5.515766282804344556e+00 7.035796148666189575e+10
5.570923945632387131e+00 6.760763331889663696e+10
5.626633185088711464e+00 6.521670450232097626e+10
5.682899516939598605e+00 6.276105326373123169e+10
5.739728512108993819e+00 6.050776082028421783e+10
5.797125797230084032e+00 5.818791010906327057e+10
5.855097055202384659e+00 5.623590453305806732e+10
5.913648025754409510e+00 5.408465987307323456e+10
5.972784506011953987e+00 5.208584631702670288e+10
6.032512351072073287e+00 5.019079899780422974e+10
6.092837474582792900e+00 4.840569268616100311e+10
6.153765849328621584e+00 4.661755390860112000e+10
6.215303507821907658e+00 4.490977418111325073e+10
6.277456542900125669e+00 4.332654558188861847e+10
6.340231108329128062e+00 4.181214059185764313e+10
6.403633419412418704e+00 4.031975902034370422e+10
6.467669753606543281e+00 3.895990818325243378e+10
6.532346451142608146e+00 3.763054301743731689e+10
6.597669915654034156e+00 3.634373860620861816e+10
6.663646614810574853e+00 3.509930296426932526e+10
6.730283080958680664e+00 3.381110089036595535e+10
6.797585911768267763e+00 3.263917975536926651e+10
6.865561770885950210e+00 3.146575891527688217e+10
6.934217388594810849e+00 3.036280038334262085e+10
7.003559562480758949e+00 2.927209243584509277e+10
7.073595158105566050e+00 2.824290232107621765e+10
7.144331109686621772e+00 2.723653121618273926e+10
7.215774420783487741e+00 2.627333562588348389e+10
7.287932164991324235e+00 2.534613179644853592e+10
7.360811486641236634e+00 2.444276410106779099e+10
7.434419601507648245e+00 2.357732107869878769e+10
7.508763797522725270e+00 2.274330950087605286e+10
7.583851435497953375e+00 2.193975224284418106e+10
7.659689949852931612e+00 2.116037744863103104e+10
7.736286849351461825e+00 2.041255210962920761e+10
7.813649717844977083e+00 1.967529942230194473e+10
7.891786215023426365e+00 1.899489160238581848e+10
7.970704077173661695e+00 1.831720892822899628e+10
8.050411117945397876e+00 1.766541523419184113e+10
8.130915229124850541e+00 1.704055313538287735e+10
8.212224381416099561e+00 1.643443672544525146e+10
8.294346625230261338e+00 1.585170812989498520e+10
8.377290091482562318e+00 1.528514772657958412e+10
8.461062992397387461e+00 1.473925290766921616e+10
8.545673622321363183e+00 1.421349074042877197e+10
8.631130358544575998e+00 1.370075579804128647e+10
8.717441662130022806e+00 1.321303966449161339e+10
8.804616078751321240e+00 1.273833159131850052e+10
8.892662239538834612e+00 1.227898107973723412e+10
8.981588861934222123e+00 1.183921102867926979e+10
9.071404750553567098e+00 1.141204387620603752e+10
9.162118798059102787e+00 1.100228679995962906e+10
9.253739986039693832e+00 1.060664976722791481e+10
9.346277385900089385e+00 1.022499185588205719e+10
9.439740159759089977e+00 9.858224887625438690e+09
9.534137561356683221e+00 9.501092361828227997e+09
9.629478936970249592e+00 9.160957786418886185e+09
9.725773726339950187e+00 8.829860699420005798e+09
9.823031463603349778e+00 8.511046722430182457e+09
9.921261778239381712e+00 8.205290156768032074e+09
1.002047439602177548e+01 7.907730541368926048e+09
1.012067913998199487e+01 7.622878560557023048e+09
1.022188593138181290e+01 7.346606296640030861e+09
1.032410479069563181e+01 7.081268503844746590e+09
1.042734583860258724e+01 6.824700414343255043e+09
1.053161929698861421e+01 6.577178230579590797e+09
1.063693548995849980e+01 6.338138652895901680e+09
1.074330484485808412e+01 6.108322872918177605e+09
1.085073789330666472e+01 5.885690991445948601e+09
1.095924527223973222e+01 5.672877598851502419e+09
1.106883772496212970e+01 5.465658869887747765e+09
1.117952610221174936e+01 5.266942346792567253e+09
1.129132136323386781e+01 5.074566282651543617e+09
1.140423457686620701e+01 4.889577027276245117e+09
1.151827692263487002e+01 4.710807620779496193e+09
1.163345969186121920e+01 4.538628160741410255e+09
1.174979428877982990e+01 4.373091897814974785e+09
1.186729223166762992e+01 4.213099673483295441e+09
1.198596515398430462e+01 4.057884207853239059e+09
1.210582480552414708e+01 3.910398345095371246e+09
1.222688305357938887e+01 3.766270136022015095e+09
1.234915188411518194e+01 3.628145045379026413e+09
1.247264340295633467e+01 3.495250767291980743e+09
1.259736983698589619e+01 3.366337604784263134e+09
1.272334353535575424e+01 3.242562551270811081e+09
1.285057697070931226e+01 3.123449627964679241e+09
1.297908274041640553e+01 3.008806232915484428e+09
1.310887356782057012e+01 2.897737563305587769e+09
1.323996230349877479e+01 2.791085405050611019e+09
1.337236192653376321e+01 2.688210809396164894e+09
1.350608554579910248e+01 2.589137744917692184e+09
1.364114640125709244e+01 2.493273700167176247e+09
1.377755786526966197e+01 2.401546008307000637e+09
1.391533344392236238e+01 2.312441385731262684e+09
1.405448677836158211e+01 2.227040018296237469e+09
1.419503164614519974e+01 2.145134910945154905e+09
1.433698196260665192e+01 2.065644407388412714e+09
1.448035178223271835e+01 1.989143344187138796e+09
1.462515530005504516e+01 1.915723915106659889e+09
1.477140685305559664e+01 1.844562300156202316e+09
1.491912092158615089e+01 1.776292176257171869e+09
1.506831213080201159e+01 1.710376847178985119e+09
1.521899525211003024e+01 1.646968145698931456e+09
1.537118520463113214e+01 1.585964351484329224e+09
1.552489705667744246e+01 1.527006303205754519e+09
1.568014602724421813e+01 1.470352309548479319e+09
1.583694748751665848e+01 1.415692933136540174e+09
1.599531696239182388e+01 1.363126334200159073e+09
1.615527013201574391e+01 1.312517955932847261e+09
1.631682283333590178e+01 1.263601208325059414e+09
1.647999106166925998e+01 1.216614521984070063e+09
1.664479097228595350e+01 1.171352221400705576e+09
1.681123888200881211e+01 1.127710324632397890e+09
1.697935127082889650e+01 1.085706302268534899e+09
1.714914478353718863e+01 1.045240462434729338e+09
1.732063623137256059e+01 1.006349617555338383e+09
1.749384259368628847e+01 9.687629955289459229e+08
1.766878101962314673e+01 9.326537293795032501e+08
1.784546882981938509e+01 8.978248553586707115e+08
1.802392351811757720e+01 8.643560575839505196e+08
1.820416275329875333e+01 8.320506203262534142e+08
1.838620438083173880e+01 8.009781635928992033e+08
1.857006642464005353e+01 7.710582215976662636e+08
1.875576708888645427e+01 7.422313948073912859e+08
1.894332475977532226e+01 7.144713877078084946e+08
1.913275800737307719e+01 6.877569590976500511e+08
1.969740769490774923e+01 5.987663412282704115e+08
2.068227807965313403e+01 4.455718956498910189e+08
2.171639198363579126e+01 3.679694129450491667e+08
2.280221158281758420e+01 3.037986716829091311e+08
2.394232216195846163e+01 2.510679077657883763e+08
2.513943827005638454e+01 2.069841687405179739e+08
2.639641018355920465e+01 1.708232858163350523e+08
2.771623069273716311e+01 1.414162620010958016e+08
2.910204222737402446e+01 1.167885801060148180e+08
3.055714433874272729e+01 9.669034806508675218e+07
3.208500155567985956e+01 7.967553694076493382e+07
3.368925163346385432e+01 6.592269724012254924e+07
3.537371421513704206e+01 5.433490480330771208e+07
3.714239992589390482e+01 4.475430072109957039e+07
3.899951992218858976e+01 3.677696762559823692e+07
4.094949591829801960e+01 3.032026640739240125e+07
4.299697071421292094e+01 2.492085611533276737e+07
4.514681924992356699e+01 2.049723507507403940e+07
4.740416021241974676e+01 1.682124262259742618e+07
4.977436822304073161e+01 1.384684469812860712e+07
5.226308663419276712e+01 1.140685834725452028e+07
5.487624096590241152e+01 9.360805908141145483e+06
5.762005301419753067e+01 7.718012401454497129e+06
6.050105566490740472e+01 6.327493885241921060e+06
6.352610844815276891e+01 5.200956952312799171e+06
6.670241387056040594e+01 4.277890460662982427e+06
7.003753456408843192e+01 3.513035471123445779e+06
7.353941129229284002e+01 2.891275409153020475e+06
7.721638185690748912e+01 2.368772237256687600e+06
8.107720094975286429e+01 1.950050650317246094e+06
8.513106099724051035e+01 1.604056919868035708e+06
8.938761404710253089e+01 1.311579558489095187e+06
9.385699474945765530e+01 1.075402734887524508e+06
