3.401114059005487245e-01 2.414880354429949341e+11
3.435125199595542300e-01 1.949186247523215637e+11
3.469476451591497201e-01 2.293593068693021240e+11
3.504171216107412334e-01 2.534256689585224304e+11
3.539212928268486436e-01 2.373859482055655212e+11
3.574605057551171750e-01 2.002438652928874207e+11
3.610351108126682584e-01 1.999883845984168396e+11
3.646454619207949999e-01 1.721273457360912476e+11
3.682919165400029282e-01 1.717607600859158020e+11
3.719748357054029064e-01 1.502323403415141602e+11
3.756945840624569266e-01 1.459174538855871582e+11
3.794515299030815081e-01 1.611334078914759521e+11
3.832460452021123065e-01 1.180901839985598297e+11
3.870785056541334312e-01 1.163835108515797424e+11
3.909492907106748016e-01 1.061436932120516968e+11
3.948587836177815391e-01 7.184668476397286987e+10
3.988073714539593917e-01 7.840346642073231506e+10
4.027954451684989667e-01 6.976799128939537048e+10
4.068233996201839342e-01 5.822006112592539978e+10
4.108916336163858096e-01 4.335347568732807159e+10
4.150005499525497021e-01 3.179190229880244827e+10
4.191505554520751908e-01 1.731227812488792801e+10
4.233420610065958822e-01 1.145126980868045044e+10
4.275754816166618122e-01 1.770189147179811859e+10
4.318512364328284114e-01 2.345940178006006622e+10
4.361697487971567533e-01 3.160331972207097244e+10
4.405314462851282475e-01 3.795815845882797241e+10
4.449367607479796094e-01 4.171124156153192902e+10
4.493861283554593800e-01 4.412119816606095886e+10
4.538799896390139921e-01 4.588485098874005890e+10
4.584187895354041031e-01 4.486458946000445557e+10
4.630029774307581336e-01 5.055311529855960083e+10
4.676330072050656761e-01 4.596663472590393829e+10
4.723093372771162701e-01 4.301563591134715271e+10
4.770324306498874289e-01 3.598002389839750671e+10
4.818027549563863032e-01 3.108604820643846130e+10
4.866207825059500891e-01 3.084340023666520309e+10
4.914869903310095656e-01 3.331846154852174377e+10
4.964018602343197584e-01 3.141480937953284836e+10
5.013658788366629482e-01 2.203334133936989594e+10
5.063795376250295188e-01 1.652728006107459641e+10
5.114433330012797541e-01 1.392150363649925423e+10
5.165577663312926893e-01 1.344801181030186844e+10
5.217233439946056262e-01 1.770402206183706284e+10
5.269405774345515825e-01 1.569154116757709885e+10
5.322099832088971194e-01 1.616146160019236946e+10
5.375320830409860973e-01 1.759544249815949249e+10
5.429074038713960215e-01 1.773588328779661560e+10
5.483364779101099762e-01 1.292200578784000397e+10
5.538198426892112503e-01 1.233539987641256714e+10
5.593580411161032107e-01 1.422780495596786308e+10
5.649516215272641917e-01 1.491562797920027924e+10
5.706011377425368458e-01 1.442055316434528732e+10
5.763071491199621699e-01 1.026256986311959076e+10
5.820702206111618704e-01 9.963290147823120117e+09
5.878909228172733981e-01 4.430597123028228760e+09
5.937698320454461998e-01 9.444483122398754120e+09
5.997075303659007428e-01 1.547778303963265228e+10
6.057046056695597480e-01 2.003495629770523834e+10
6.117616517262552955e-01 1.797779341500253296e+10
6.178792682435179096e-01 2.227834620888363647e+10
6.240580609259530620e-01 2.683190497029595566e+10
6.302986415352126448e-01 3.011173499564143753e+10
6.366016279505647413e-01 3.373816285051672363e+10
6.429676442300703565e-01 3.786791431474246216e+10
6.493973206723711034e-01 3.594248719592300415e+10
6.558912938790947278e-01 3.243206212219445801e+10
6.624502068178856895e-01 3.457150725721205902e+10
6.690747088860645730e-01 3.979386536436051941e+10
6.757654559749252110e-01 4.670796979969530487e+10
6.825231105346745153e-01 5.361364644758132172e+10
6.893483416400212338e-01 5.335941345371199799e+10
6.962418250564214039e-01 4.188980789684785461e+10
7.032042433069857212e-01 3.995220707371287537e+10
7.102362857400554841e-01 4.653226966283023834e+10
7.173386485974559967e-01 5.700595179450801086e+10
7.245120350834306500e-01 6.793648286634375000e+10
7.317571554342650053e-01 7.239246985518850708e+10
7.390747269886076554e-01 5.418239270118437195e+10
7.464654742584937441e-01 4.338382159201657867e+10
7.539301290010786971e-01 5.192270611309616852e+10
7.614694302910893775e-01 6.211484271374167633e+10
7.690841245940003290e-01 3.865523520895227814e+10
7.767749658399403234e-01 8.594557480912687683e+10
7.845427154983398710e-01 9.214694828301823425e+10
7.923881426533231354e-01 6.919831198190745544e+10
8.003120240798563545e-01 6.285636133801354980e+10
8.083151443206548770e-01 8.497622837696032715e+10
8.163982957638614701e-01 1.098991889158383484e+11
8.245622787215000082e-01 1.267967943677796478e+11
8.328079015087149761e-01 1.353833686499619751e+11
8.411359805238021181e-01 1.421934422275788879e+11
8.495473403290402237e-01 1.471112806941436462e+11
8.580428137323306004e-01 1.307753125009957733e+11
8.666232418696537820e-01 1.110368498543896484e+11
8.752894742883503554e-01 1.192445813096735229e+11
8.840423690312340099e-01 1.412449700931496582e+11
8.928827927215462479e-01 1.564026603854706726e+11
9.018116206487618580e-01 1.691304540655427246e+11
9.108297368552494833e-01 1.785200733997026367e+11
9.199380342238018260e-01 1.845664002261075745e+11
9.291374145660399320e-01 1.789227055644001770e+11
9.384287887117003235e-01 1.841255276970894470e+11
9.478130765988174167e-01 1.863404259536027527e+11
9.572912073648053299e-01 1.848758236021070862e+11
9.668641194384535176e-01 1.850952762927665100e+11
9.765327606328380039e-01 1.905116225876960754e+11
9.862980882391664261e-01 2.032823366989914551e+11
9.961610691215579960e-01 2.139044727571505737e+11
1.006122679812773590e+00 2.194402283187455444e+11
1.016183906610901300e+00 2.335065403473332825e+11
1.026345745677010202e+00 2.440207950057865906e+11
1.036609203133780355e+00 2.522516654867292480e+11
1.046975295165118336e+00 2.462187226686053467e+11
1.057445048116769204e+00 2.326398280142088318e+11
1.068019498597936989e+00 2.482864903886129150e+11
1.078699693583916597e+00 2.637362427771786194e+11
1.089486690519755552e+00 2.690754069724345093e+11
1.100381557424953138e+00 2.616510604044816895e+11
1.111385372999202481e+00 2.584478265372234192e+11
1.122499226729194666e+00 2.625934735318528137e+11
1.133724218996486455e+00 2.590772022423828430e+11
1.145061461186451135e+00 2.662401914314441223e+11
1.156512075798315831e+00 2.693919703068038635e+11
1.168077196556299047e+00 2.722800685337688293e+11
1.179757968521861988e+00 2.677910795716150818e+11
1.191555548207080761e+00 2.818491026268707275e+11
1.203471103689151889e+00 2.938508949839681396e+11
1.215505814726043354e+00 3.056318560669620972e+11
1.227660872873303610e+00 3.155507771461531982e+11
1.239937481602036762e+00 3.235583311383734741e+11
1.252336856418057032e+00 3.302507142730503540e+11
1.264860224982237824e+00 3.342739014023030396e+11
1.277508827232060051e+00 3.359276618224446411e+11
1.290283915504380818e+00 3.367835914835812988e+11
1.303186754659424462e+00 3.365489772951306152e+11
1.316218622206019040e+00 3.333497562572093506e+11
1.329380808428079153e+00 2.998425459853645020e+11
1.342674616512359975e+00 2.441336008444683533e+11
1.356101362677483380e+00 2.292795553415088501e+11
1.369662376304258355e+00 2.305464222421915588e+11
1.383359000067300837e+00 2.369481966860874023e+11
1.397192590067974027e+00 2.297551149959103394e+11
1.411164515968653665e+00 2.210531540399377441e+11
1.425276161128340213e+00 2.144034088164112244e+11
1.439528922739623740e+00 2.201849451322378235e+11
1.453924211967019708e+00 2.328817488965506287e+11
1.468463454086690101e+00 2.318607854359279175e+11
1.483148088627556760e+00 2.386237846967187500e+11
1.497979569513832487e+00 2.469232993331255798e+11
1.512959365208970564e+00 2.571315518159042969e+11
1.528088958861060442e+00 2.671649031168718262e+11
1.543369848449671178e+00 2.762468970017020264e+11
1.558803546934167894e+00 2.886550961880406494e+11
1.574391582403509737e+00 3.017669506033303833e+11
1.590135498227544852e+00 3.113636788754210815e+11
1.606036853209820148e+00 3.184189945177132568e+11
1.622097221741918505e+00 3.274408739617684937e+11
1.638318193959337421e+00 3.322041822273829346e+11
1.654701375898931071e+00 3.344811743234741821e+11
1.671248389657920441e+00 3.377982970991124268e+11
1.687960873554499530e+00 3.356903279703083496e+11
1.704840482290044701e+00 3.238387318690888672e+11
1.721888887112944966e+00 3.021556669546003418e+11
1.739107775984074289e+00 2.897657239358351440e+11
1.756498853743915012e+00 2.763891679358491211e+11
1.774063842281354608e+00 2.572977636207090759e+11
1.791804480704168201e+00 2.462291067871612549e+11
1.809722525511209934e+00 2.327856887007458191e+11
1.827819750766321860e+00 2.301289032942677917e+11
1.846097948273984990e+00 2.158309124881518250e+11
1.864558927756724938e+00 2.055886127195717773e+11
1.883204517034292147e+00 2.161942715151976318e+11
1.902036562204635128e+00 2.214973198408778381e+11
1.921056927826681582e+00 2.213074604701299133e+11
1.940267497104948502e+00 2.173567068422556152e+11
1.959670172075998140e+00 2.161377850098356934e+11
1.979266873796758031e+00 2.123529634480227051e+11
1.999059542534725509e+00 2.074863117120967712e+11
2.019050137960073155e+00 2.085723341785972290e+11
2.039240639339673589e+00 2.120871169935571289e+11
2.059633045733070489e+00 2.168781394573730469e+11
2.080229376190401158e+00 2.212285274879377441e+11
2.101031669952305059e+00 2.283661930388076477e+11
2.122041986651828083e+00 2.329326934029172974e+11
2.143262406518346097e+00 2.372200775426301575e+11
2.164695030583529967e+00 2.402820349811063843e+11
2.186341980889365377e+00 2.393930721767923584e+11
2.208205400698258991e+00 2.386486269517467957e+11
2.230287454705241146e+00 2.366549405390857239e+11
2.252590329252293522e+00 2.340598887154620361e+11
2.275116232544817318e+00 2.300034519660523071e+11
2.297867394870265034e+00 2.187891909445244751e+11
2.320846068818967822e+00 2.092653455893466187e+11
2.344054529507157536e+00 2.023294101499973755e+11
2.367495074802228761e+00 1.950472137509954529e+11
2.391170025550251044e+00 1.859789386259237366e+11
2.415081725805753532e+00 1.736634676729695740e+11
2.439232543063811764e+00 1.630324383630455933e+11
2.463624868494449949e+00 1.535395833194013977e+11
2.488261117179394244e+00 1.456420077729438782e+11
2.513143728351188155e+00 1.346796601894169922e+11
2.538275165634700237e+00 1.296778777757880249e+11
2.563657917291046751e+00 1.259054047580207825e+11
2.589294496463957262e+00 1.237300006507151794e+11
2.615187441428596937e+00 1.252571406822564850e+11
2.641339315842882840e+00 1.235317073370737457e+11
2.667752709001311562e+00 1.221686377558869019e+11
2.694430236091324815e+00 1.161598938235567780e+11
2.721374538452237868e+00 1.119598466843224487e+11
2.748588283836760127e+00 1.084321065238058777e+11
2.776074166675128296e+00 1.038432061529072266e+11
2.803834908341879206e+00 1.027950640789093628e+11
2.831873257425297830e+00 9.921006380734222412e+10
2.860191989999551154e+00 9.821636715477938843e+10
2.888793909899546541e+00 9.806623856334005737e+10
2.917681848998542549e+00 9.257211361759724426e+10
2.946858667488527761e+00 9.352797798425555420e+10
2.976327254163412928e+00 9.149977688983197021e+10
3.006090526705047061e+00 9.188928008175090027e+10
3.036151431972097470e+00 9.015088024154309082e+10
3.066512946291818587e+00 9.159101276253298950e+10
3.097178075754736692e+00 9.008143056440957642e+10
3.128149856512283833e+00 9.007598637321192932e+10
3.159431355077406689e+00 8.985283343313711548e+10
3.191025668628181045e+00 8.923073072586247253e+10
3.222935925314462935e+00 8.931630883070050049e+10
3.255165284567607564e+00 8.964419056440553284e+10
3.287716937413283524e+00 8.869965116522897339e+10
3.320594106787416067e+00 8.850724036723724365e+10
3.353800047855290511e+00 8.694119511879832458e+10
3.387338048333843332e+00 8.607541977759507751e+10
3.421211428817182210e+00 8.525302444245039368e+10
3.455423543105353712e+00 8.475789240226715088e+10
3.489977778536407005e+00 8.311301880068653870e+10
3.524877556321771355e+00 8.174037759130960083e+10
3.560126331884988726e+00 8.103542352426235962e+10
3.595727595203838334e+00 8.004596351095478821e+10
3.631684871155877570e+00 7.881530630056399536e+10
3.668001719867436616e+00 7.738846544621298218e+10
3.704681737066110259e+00 7.671050609022457886e+10
3.741728554436771326e+00 7.553651503889205933e+10
3.779145839981139510e+00 7.445424885324423218e+10
3.816937298380950860e+00 7.271285079162973022e+10
3.855106671364760818e+00 7.148437642074822998e+10
3.893657738078407426e+00 6.991705460949131775e+10
3.932594315459191581e+00 6.804222823134858704e+10
3.971920258613783616e+00 6.561814981790225220e+10
4.011639461199922430e+00 6.322914375300550079e+10
4.051755855811920881e+00 6.079259304954600525e+10
4.092273414370040108e+00 5.751925152479960632e+10
4.133196148513740731e+00 5.576153959780500031e+10
4.174528109998877135e+00 5.341294009711971283e+10
4.216273391098866341e+00 5.048242296511630249e+10
4.258436125009854578e+00 4.723158901137576294e+10
4.301020486259953479e+00 4.572575998978340912e+10
4.344030691122553023e+00 4.355602198634053802e+10
4.387470998033777825e+00 4.149373697995286560e+10
4.431345708014116092e+00 3.979683688540004730e+10
4.475659165094256764e+00 3.855137966977256775e+10
4.520415756745198799e+00 3.727365049419969940e+10
4.565619914312651240e+00 3.619519234033944702e+10
4.611276113455778258e+00 3.535375416741967773e+10
4.657388874590335348e+00 3.431741866515818024e+10
4.703962763336238417e+00 3.348639278170679092e+10
4.751002390969600420e+00 3.258279204414779663e+10
4.798512414879296806e+00 3.154878995392594910e+10
4.846497539028090884e+00 3.062239593737958527e+10
4.894962514418371491e+00 2.969692489945871735e+10
4.943912139562555375e+00 2.862358707223972702e+10
4.993351260958180937e+00 2.785311834038275909e+10
5.043284773567762613e+00 2.665487266182899475e+10
5.093717621303440524e+00 2.603917865860548019e+10
5.144654797516475142e+00 2.499745374485209274e+10
5.196101345491639378e+00 2.433379027102150345e+10
5.248062358946555150e+00 2.373979155259082413e+10
5.300542982536021519e+00 2.288135409948110580e+10
5.353548412361381459e+00 2.237432546240941620e+10
5.407083896484995655e+00 2.149622594478958130e+10
5.461154735449845532e+00 2.104735364280115509e+10
5.515766282804344556e+00 2.039239151426138687e+10
5.570923945632387131e+00 1.962418216307730865e+10
5.626633185088711464e+00 1.922322930506911469e+10
5.682899516939598605e+00 1.855004767451758957e+10
5.739728512108993819e+00 1.798244605891363144e+10
5.797125797230084032e+00 1.755889565620848465e+10
5.855097055202384659e+00 1.690477117576514626e+10
5.913648025754409510e+00 1.658095515633222198e+10
5.972784506011953987e+00 1.618568454423136330e+10
6.032512351072073287e+00 1.564293404435596275e+10
6.092837474582792900e+00 1.554313702913805199e+10
6.153765849328621584e+00 1.526548523604379845e+10
6.215303507821907658e+00 1.489043317443648148e+10
6.277456542900125669e+00 1.443926661155794525e+10
6.340231108329128062e+00 1.397199136981999207e+10
6.403633419412418704e+00 1.324697797908535576e+10
6.467669753606543281e+00 1.226364021078580666e+10
6.532346451142608146e+00 1.160683025863159752e+10
6.597669915654034156e+00 1.070985907565858269e+10
6.663646614810574853e+00 1.026108699009311295e+10
6.730283080958680664e+00 1.033851161613830185e+10
6.797585911768267763e+00 9.819630197765151978e+09
6.865561770885950210e+00 9.579287736326715469e+09
6.934217388594810849e+00 9.384803622127809525e+09
7.003559562480758949e+00 9.252958303867433548e+09
7.073595158105566050e+00 8.830078573890722275e+09
7.144331109686621772e+00 8.640489944738286972e+09
7.215774420783487741e+00 8.459334371317618370e+09
7.287932164991324235e+00 8.168496633249958992e+09
7.360811486641236634e+00 7.887787375895667076e+09
7.434419601507648245e+00 7.661842636919790268e+09
7.508763797522725270e+00 7.442382240832689285e+09
7.583851435497953375e+00 7.149969256930378914e+09
7.659689949852931612e+00 6.972772022890275002e+09
7.736286849351461825e+00 6.698150317574872971e+09
7.813649717844977083e+00 6.645505054165817261e+09
7.891786215023426365e+00 6.166649004654578209e+09
7.970704077173661695e+00 6.090406892048995018e+09
8.050411117945397876e+00 5.882345802544260025e+09
8.130915229124850541e+00 5.683049369422057152e+09
8.212224381416099561e+00 5.497191058055371284e+09
8.294346625230261338e+00 5.294842076319450378e+09
8.377290091482562318e+00 5.137906941853051186e+09
8.461062992397387461e+00 5.001982747036641121e+09
8.545673622321363183e+00 4.857584994813332558e+09
8.631130358544575998e+00 4.762023860124361992e+09
8.717441662130022806e+00 4.582386505234851837e+09
8.804616078751321240e+00 4.454611751289313316e+09
8.892662239538834612e+00 4.382287464105064392e+09
8.981588861934222123e+00 4.209496450411605835e+09
9.071404750553567098e+00 4.124082497465421200e+09
9.162118798059102787e+00 4.006021233262420177e+09
9.253739986039693832e+00 3.856207357086045742e+09
9.346277385900089385e+00 3.773460671543100834e+09
9.439740159759089977e+00 3.631226951054141045e+09
9.534137561356683221e+00 3.566298209971137524e+09
9.629478936970249592e+00 3.395157403662012577e+09
9.725773726339950187e+00 3.325167483462249756e+09
9.823031463603349778e+00 3.224621476401798725e+09
9.921261778239381712e+00 3.076763534631723404e+09
1.002047439602177548e+01 3.005352499419170856e+09
1.012067913998199487e+01 2.891724157277323246e+09
1.022188593138181290e+01 2.809295099023192406e+09
1.032410479069563181e+01 2.687749226076262474e+09
1.042734583860258724e+01 2.590706073673129082e+09
1.053161929698861421e+01 2.505898464202270985e+09
1.063693548995849980e+01 2.416176574079835892e+09
1.074330484485808412e+01 2.328123101370557308e+09
1.085073789330666472e+01 2.256187211345326424e+09
1.095924527223973222e+01 2.144112632254556894e+09
1.106883772496212970e+01 2.073642905894089460e+09
1.117952610221174936e+01 1.991101383016629934e+09
1.129132136323386781e+01 1.921661471306029558e+09
1.140423457686620701e+01 1.859896735809151649e+09
1.151827692263487002e+01 1.782296324900327921e+09
1.163345969186121920e+01 1.720323037727643728e+09
1.174979428877982990e+01 1.632293070009958982e+09
1.186729223166762992e+01 1.580304347252642393e+09
1.198596515398430462e+01 1.536283844967898369e+09
1.210582480552414708e+01 1.466746048964422703e+09
1.222688305357938887e+01 1.426306226225225925e+09
1.234915188411518194e+01 1.372782486887332916e+09
1.247264340295633467e+01 1.300507917444666624e+09
1.259736983698589619e+01 1.262135652729112148e+09
1.272334353535575424e+01 1.218014805956314802e+09
1.285057697070931226e+01 1.171527321179239750e+09
1.297908274041640553e+01 1.119848622519501686e+09
1.310887356782057012e+01 1.095211416844214678e+09
1.323996230349877479e+01 1.036274532143131971e+09
1.337236192653376321e+01 1.009758461129554987e+09
1.350608554579910248e+01 9.609153349737209082e+08
1.364114640125709244e+01 9.391320698770339489e+08
1.377755786526966197e+01 8.924934499033261538e+08
1.391533344392236238e+01 8.687980988619850874e+08
1.405448677836158211e+01 8.341029476595927477e+08
1.419503164614519974e+01 7.898821840126440525e+08
1.433698196260665192e+01 7.728940566936284304e+08
1.448035178223271835e+01 7.395421227045955658e+08
1.462515530005504516e+01 7.063051199241492748e+08
1.477140685305559664e+01 6.942300275627977848e+08
1.491912092158615089e+01 6.560486914687737226e+08
1.506831213080201159e+01 6.398110461849870682e+08
1.521899525211003024e+01 6.157466747419155836e+08
1.537118520463113214e+01 5.894816069285594225e+08
1.552489705667744246e+01 5.693022391878030300e+08
1.568014602724421813e+01 5.498310351606323719e+08
1.583694748751665848e+01 5.310750915670890808e+08
1.599531696239182388e+01 5.092108690367332697e+08
1.615527013201574391e+01 4.843988704629927278e+08
1.631682283333590178e+01 4.761067744132069349e+08
1.647999106166925998e+01 4.518111306123842001e+08
1.664479097228595350e+01 4.338634298636912107e+08
1.681123888200881211e+01 4.258863016429015994e+08
1.697935127082889650e+01 4.134984427625814080e+08
1.714914478353718863e+01 3.880783817402309179e+08
1.732063623137256059e+01 3.722235492009971142e+08
1.749384259368628847e+01 3.654883368796190619e+08
1.766878101962314673e+01 3.464858499858703613e+08
1.784546882981938509e+01 3.390785301206194162e+08
1.802392351811757720e+01 3.257188889950653315e+08
1.820416275329875333e+01 3.120979358630958200e+08
1.838620438083173880e+01 3.032119783912809491e+08
1.857006642464005353e+01 2.828372252542529702e+08
1.875576708888645427e+01 2.788541450766215920e+08
1.894332475977532226e+01 2.687656557435320616e+08
1.913275800737307719e+01 2.611241125403819978e+08
1.969740769490774923e+01 2.315994198396525383e+08
2.068227807965313403e+01 1.922161210204509497e+08
2.171639198363579126e+01 1.595730527326234281e+08
2.280221158281758420e+01 1.335975543574433178e+08
2.394232216195846163e+01 1.106920928161126673e+08
2.513943827005638454e+01 9.175244755313101411e+07
2.639641018355920465e+01 7.655117477724172175e+07
2.771623069273716311e+01 6.318646004979064316e+07
2.910204222737402446e+01 5.257058998384395987e+07
3.055714433874272729e+01 4.295559825534594804e+07
3.208500155567985956e+01 3.608761412238990515e+07
3.368925163346385432e+01 2.937915235054939985e+07
3.537371421513704206e+01 2.417846751026846468e+07
3.714239992589390482e+01 2.015140915344882384e+07
3.899951992218858976e+01 1.685244646998917311e+07
4.094949591829801960e+01 1.377224831555094942e+07
4.299697071421292094e+01 1.151717511511343345e+07
4.514681924992356699e+01 9.550280757136892527e+06
4.740416021241974676e+01 7.922183971087366343e+06
4.977436822304073161e+01 6.545375326939135790e+06
5.226308663419276712e+01 5.431516503263571300e+06
5.487624096590241152e+01 4.519924840284592472e+06
5.762005301419753067e+01 3.730384664853647351e+06
6.050105566490740472e+01 3.116197506478292868e+06
6.352610844815276891e+01 2.561242510823410004e+06
6.670241387056040594e+01 2.133041609175025951e+06
7.003753456408843192e+01 1.777214356517982204e+06
7.353941129229284002e+01 1.454850422521155793e+06
7.721638185690748912e+01 1.216165362564307172e+06
8.107720094975286429e+01 9.970521714433041634e+05
8.513106099724051035e+01 8.267937456713201245e+05
8.938761404710253089e+01 7.013007191881361650e+05
9.385699474945765530e+01 5.736319092501285486e+05
