3.401114059005487245e-01 2.260467176611073685e+10
3.435125199595542300e-01 2.423747458823965836e+10
3.469476451591497201e-01 2.684037513967723846e+10
3.504171216107412334e-01 2.981658549540686798e+10
3.539212928268486436e-01 3.330265597604596329e+10
3.574605057551171750e-01 3.458107514724987793e+10
3.610351108126682584e-01 3.928611087476603699e+10
3.646454619207949999e-01 4.328476891111945343e+10
3.682919165400029282e-01 4.749946137427289581e+10
3.719748357054029064e-01 4.898017634073480988e+10
3.756945840624569266e-01 5.409508900839347076e+10
3.794515299030815081e-01 6.141104963758896637e+10
3.832460452021123065e-01 6.415437952600025177e+10
3.870785056541334312e-01 7.012830533407804871e+10
3.909492907106748016e-01 7.764695364872013855e+10
3.948587836177815391e-01 8.631041802043357849e+10
3.988073714539593917e-01 9.348286869014224243e+10
4.027954451684989667e-01 1.009007247312669067e+11
4.068233996201839342e-01 1.093475043759198761e+11
4.108916336163858096e-01 1.175619521784888000e+11
4.150005499525497021e-01 1.270511361165159302e+11
4.191505554520751908e-01 1.366363585029872284e+11
4.233420610065958822e-01 1.437645312496231689e+11
4.275754816166618122e-01 1.572358580355176086e+11
4.318512364328284114e-01 1.681332981136909485e+11
4.361697487971567533e-01 1.794769312741022034e+11
4.405314462851282475e-01 1.918876552291722412e+11
4.449367607479796094e-01 2.042164319590048218e+11
4.493861283554593800e-01 2.173281985293643188e+11
4.538799896390139921e-01 2.316600452409154663e+11
4.584187895354041031e-01 2.462328551659235535e+11
4.630029774307581336e-01 2.614141210444150696e+11
4.676330072050656761e-01 2.774657579448900757e+11
4.723093372771162701e-01 2.945378918090130005e+11
4.770324306498874289e-01 3.123774622029348145e+11
4.818027549563863032e-01 3.307527915523931885e+11
4.866207825059500891e-01 3.490302191692709961e+11
4.914869903310095656e-01 3.697038141334903564e+11
4.964018602343197584e-01 3.902996908862247925e+11
5.013658788366629482e-01 4.120625596224253540e+11
5.063795376250295188e-01 4.344853616745332642e+11
5.114433330012797541e-01 4.583143202158425293e+11
5.165577663312926893e-01 4.802933646163991699e+11
5.217233439946056262e-01 5.049578362437214355e+11
5.269405774345515825e-01 5.296748104630913696e+11
5.322099832088971194e-01 5.549784968091119385e+11
5.375320830409860973e-01 5.795619156742039795e+11
5.429074038713960215e-01 6.057848491116156006e+11
5.483364779101099762e-01 6.317029901807847900e+11
5.538198426892112503e-01 6.609978172796982422e+11
5.593580411161032107e-01 6.871222140227755127e+11
5.649516215272641917e-01 7.140068073235524902e+11
5.706011377425368458e-01 7.440724316409647217e+11
5.763071491199621699e-01 7.748531387586062012e+11
5.820702206111618704e-01 8.071587103316824951e+11
5.878909228172733981e-01 8.352837111366627197e+11
5.937698320454461998e-01 8.658275125673225098e+11
5.997075303659007428e-01 8.982030216471010742e+11
6.057046056695597480e-01 9.325469209703316650e+11
6.117616517262552955e-01 9.692124303483480225e+11
6.178792682435179096e-01 9.982719801571710205e+11
6.240580609259530620e-01 1.028583687029580078e+12
6.302986415352126448e-01 1.064283119812189697e+12
6.366016279505647413e-01 1.102085128566889404e+12
6.429676442300703565e-01 1.139955172863161865e+12
6.493973206723711034e-01 1.176373446312303223e+12
6.558912938790947278e-01 1.209319324340342285e+12
6.624502068178856895e-01 1.237557421137359375e+12
6.690747088860645730e-01 1.269653424649398682e+12
6.757654559749252110e-01 1.305059601143074219e+12
6.825231105346745153e-01 1.342259971258369385e+12
6.893483416400212338e-01 1.380431767042365234e+12
6.962418250564214039e-01 1.418664075126618652e+12
7.032042433069857212e-01 1.455275942871024170e+12
7.102362857400554841e-01 1.484874677825094238e+12
7.173386485974559967e-01 1.515785141088185791e+12
7.245120350834306500e-01 1.550566711778319580e+12
7.317571554342650053e-01 1.588578117950625488e+12
7.390747269886076554e-01 1.625649052230293945e+12
7.464654742584937441e-01 1.658740840690942383e+12
7.539301290010786971e-01 1.688271103259943359e+12
7.614694302910893775e-01 1.713930207082694336e+12
7.690841245940003290e-01 1.741007184708068848e+12
7.767749658399403234e-01 1.767469954669495605e+12
7.845427154983398710e-01 1.797146850276609863e+12
7.923881426533231354e-01 1.828397655512198486e+12
8.003120240798563545e-01 1.860191903328462891e+12
8.083151443206548770e-01 1.889237523695258545e+12
8.163982957638614701e-01 1.912489677311175537e+12
8.245622787215000082e-01 1.927138196604019043e+12
8.328079015087149761e-01 1.949468439994974609e+12
8.411359805238021181e-01 1.972317140767586182e+12
8.495473403290402237e-01 1.996290313223297363e+12
8.580428137323306004e-01 2.022882644185365479e+12
8.666232418696537820e-01 2.047452893116092773e+12
8.752894742883503554e-01 2.064175521338286865e+12
8.840423690312340099e-01 2.070245236718406738e+12
8.928827927215462479e-01 2.080593512833270996e+12
9.018116206487618580e-01 2.096185807444989746e+12
9.108297368552494833e-01 2.110552468484190674e+12
9.199380342238018260e-01 2.123377225705661621e+12
9.291374145660399320e-01 2.144663777994997070e+12
9.384287887117003235e-01 2.155748949629425537e+12
9.478130765988174167e-01 2.160717854605850342e+12
9.572912073648053299e-01 2.162946416263292969e+12
9.668641194384535176e-01 2.164037912642764404e+12
9.765327606328380039e-01 2.177019238296644287e+12
9.862980882391664261e-01 2.187280192464807373e+12
9.961610691215579960e-01 2.195763303909957275e+12
1.006122679812773590e+00 2.204637113028820312e+12
1.016183906610901300e+00 2.201412220506355469e+12
1.026345745677010202e+00 2.201304153707864746e+12
1.036609203133780355e+00 2.193305677697497314e+12
1.046975295165118336e+00 2.184575302829182129e+12
1.057445048116769204e+00 2.177002664184015869e+12
1.068019498597936989e+00 2.174041251413788574e+12
1.078699693583916597e+00 2.168501211191824463e+12
1.089486690519755552e+00 2.168777225269638916e+12
1.100381557424953138e+00 2.173852301220932861e+12
1.111385372999202481e+00 2.169413074634113281e+12
1.122499226729194666e+00 2.160833972330426514e+12
1.133724218996486455e+00 2.153392237241006104e+12
1.145061461186451135e+00 2.142994885668395996e+12
1.156512075798315831e+00 2.131088744109041748e+12
1.168077196556299047e+00 2.117784904387661133e+12
1.179757968521861988e+00 2.107612239740401855e+12
1.191555548207080761e+00 2.096020823671896973e+12
1.203471103689151889e+00 2.077762777113374512e+12
1.215505814726043354e+00 2.059493345272846680e+12
1.227660872873303610e+00 2.041108795916234131e+12
1.239937481602036762e+00 2.028339591925318848e+12
1.252336856418057032e+00 2.012331539470189697e+12
1.264860224982237824e+00 1.993322348096423828e+12
1.277508827232060051e+00 1.971623597277404541e+12
1.290283915504380818e+00 1.954836095108052734e+12
1.303186754659424462e+00 1.934624198197716553e+12
1.316218622206019040e+00 1.915710452487614502e+12
1.329380808428079153e+00 1.908680285213824951e+12
1.342674616512359975e+00 1.906265116071303223e+12
1.356101362677483380e+00 1.890154115963602295e+12
1.369662376304258355e+00 1.871540297705757324e+12
1.383359000067300837e+00 1.850082254998479248e+12
1.397192590067974027e+00 1.830447817810304932e+12
1.411164515968653665e+00 1.810312889280373291e+12
1.425276161128340213e+00 1.789195736641731934e+12
1.439528922739623740e+00 1.765549502007957764e+12
1.453924211967019708e+00 1.742007482102100830e+12
1.468463454086690101e+00 1.720236481256686768e+12
1.483148088627556760e+00 1.696083500676888184e+12
1.497979569513832487e+00 1.671441349783089844e+12
1.512959365208970564e+00 1.645755464867579590e+12
1.528088958861060442e+00 1.620755946008237305e+12
1.543369848449671178e+00 1.596235833532747070e+12
1.558803546934167894e+00 1.570181938113844238e+12
1.574391582403509737e+00 1.542694769232299805e+12
1.590135498227544852e+00 1.515663026561353760e+12
1.606036853209820148e+00 1.488585515711982666e+12
1.622097221741918505e+00 1.460374575684893066e+12
1.638318193959337421e+00 1.431243223802635254e+12
1.654701375898931071e+00 1.402037627174252686e+12
1.671248389657920441e+00 1.373249123839270508e+12
1.687960873554499530e+00 1.348632275612116943e+12
1.704840482290044701e+00 1.328086492675390625e+12
1.721888887112944966e+00 1.310674062577006348e+12
1.739107775984074289e+00 1.288696596566561768e+12
1.756498853743915012e+00 1.268683652595020020e+12
1.774063842281354608e+00 1.248072278437310791e+12
1.791804480704168201e+00 1.225854447424854004e+12
1.809722525511209934e+00 1.203912672734670166e+12
1.827819750766321860e+00 1.180687573017910645e+12
1.846097948273984990e+00 1.158718738513042480e+12
1.864558927756724938e+00 1.136000585382431396e+12
1.883204517034292147e+00 1.112524331077909668e+12
1.902036562204635128e+00 1.089826372978786743e+12
1.921056927826681582e+00 1.067640566811553711e+12
1.940267497104948502e+00 1.044950127108596802e+12
1.959670172075998140e+00 1.021461738797926758e+12
1.979266873796758031e+00 1.000351165653065186e+12
1.999059542534725509e+00 9.783474259669477539e+11
2.019050137960073155e+00 9.571667284348145752e+11
2.039240639339673589e+00 9.362239829031099854e+11
2.059633045733070489e+00 9.158916763703416748e+11
2.080229376190401158e+00 8.957174727778881836e+11
2.101031669952305059e+00 8.752510842081079102e+11
2.122041986651828083e+00 8.552553271639813232e+11
2.143262406518346097e+00 8.351389669042554932e+11
2.164695030583529967e+00 8.146996563865716553e+11
2.186341980889365377e+00 7.945984169338107910e+11
2.208205400698258991e+00 7.742686766345058594e+11
2.230287454705241146e+00 7.538296562187382812e+11
2.252590329252293522e+00 7.342983122901357422e+11
2.275116232544817318e+00 7.151714908987377930e+11
2.297867394870265034e+00 6.981270647375854492e+11
2.320846068818967822e+00 6.819614058984581299e+11
2.344054529507157536e+00 6.658151309026918945e+11
2.367495074802228761e+00 6.498214256658863525e+11
2.391170025550251044e+00 6.348923218335205078e+11
2.415081725805753532e+00 6.200949705683743896e+11
2.439232543063811764e+00 6.050870635701645508e+11
2.463624868494449949e+00 5.896530485040598145e+11
2.488261117179394244e+00 5.744843194358597412e+11
2.513143728351188155e+00 5.596352025607973633e+11
2.538275165634700237e+00 5.451497400288093262e+11
2.563657917291046751e+00 5.309254823766218872e+11
2.589294496463957262e+00 5.169476093293038940e+11
2.615187441428596937e+00 5.033547302566332397e+11
2.641339315842882840e+00 4.900326993852084961e+11
2.667752709001311562e+00 4.769572132806240845e+11
2.694430236091324815e+00 4.639898106684814453e+11
2.721374538452237868e+00 4.512489096277598877e+11
2.748588283836760127e+00 4.388227457024338989e+11
2.776074166675128296e+00 4.267385170167701416e+11
2.803834908341879206e+00 4.149579834935289307e+11
2.831873257425297830e+00 4.034104217452489624e+11
2.860191989999551154e+00 3.922245927922957764e+11
2.888793909899546541e+00 3.813236085668853760e+11
2.917681848998542549e+00 3.704794162739060669e+11
2.946858667488527761e+00 3.600590097966015015e+11
2.976327254163412928e+00 3.498049717655374756e+11
3.006090526705047061e+00 3.399031954831351318e+11
3.036151431972097470e+00 3.300915883500636597e+11
3.066512946291818587e+00 3.207216564360188599e+11
3.097178075754736692e+00 3.114157028554119873e+11
3.128149856512283833e+00 3.024424753414196777e+11
3.159431355077406689e+00 2.937001076399077148e+11
3.191025668628181045e+00 2.851050808675782471e+11
3.222935925314462935e+00 2.768822798983306885e+11
3.255165284567607564e+00 2.687662795837504578e+11
3.287716937413283524e+00 2.608913174594265137e+11
3.320594106787416067e+00 2.532028310018579712e+11
3.353800047855290511e+00 2.457040332404746704e+11
3.387338048333843332e+00 2.383880537100752869e+11
3.421211428817182210e+00 2.312784971762931519e+11
3.455423543105353712e+00 2.242986238951151123e+11
3.489977778536407005e+00 2.175291903036343689e+11
3.524877556321771355e+00 2.109118058236663208e+11
3.560126331884988726e+00 2.044594991693925781e+11
3.595727595203838334e+00 1.981816839704122009e+11
3.631684871155877570e+00 1.920712551296039124e+11
3.668001719867436616e+00 1.861026025019737854e+11
3.704681737066110259e+00 1.803032178344842224e+11
3.741728554436771326e+00 1.745973084465734253e+11
3.779145839981139510e+00 1.690493995940671997e+11
3.816937298380950860e+00 1.637103985502890930e+11
3.855106671364760818e+00 1.585155850813411255e+11
3.893657738078407426e+00 1.534692490529714355e+11
3.932594315459191581e+00 1.486572951107964478e+11
3.971920258613783616e+00 1.440859585052877197e+11
4.011639461199922430e+00 1.395563850744830322e+11
4.051755855811920881e+00 1.352203731920832214e+11
4.092273414370040108e+00 1.310109090357709351e+11
4.133196148513740731e+00 1.268316745498428345e+11
4.174528109998877135e+00 1.228317990925002136e+11
4.216273391098866341e+00 1.189440578617313538e+11
4.258436125009854578e+00 1.152069866898138123e+11
4.301020486259953479e+00 1.114652552535901031e+11
4.344030691122553023e+00 1.078710541207067108e+11
4.387470998033777825e+00 1.043948283936805878e+11
4.431345708014116092e+00 1.009996723503449707e+11
4.475659165094256764e+00 9.771962187542453003e+10
4.520415756745198799e+00 9.453498191233874512e+10
4.565619914312651240e+00 9.143785210665417480e+10
4.611276113455778258e+00 8.841790866023628235e+10
4.657388874590335348e+00 8.554520810769491577e+10
4.703962763336238417e+00 8.273308227258464050e+10
4.751002390969600420e+00 8.002946599770535278e+10
4.798512414879296806e+00 7.739922903126046753e+10
4.846497539028090884e+00 7.485172522615057373e+10
4.894962514418371491e+00 7.237536533775892639e+10
4.943912139562555375e+00 6.998505589304945374e+10
4.993351260958180937e+00 6.766300609042344666e+10
5.043284773567762613e+00 6.539618232682744598e+10
5.093717621303440524e+00 6.322190953233042908e+10
5.144654797516475142e+00 6.110872573243225861e+10
5.196101345491639378e+00 5.907428429160334015e+10
5.248062358946555150e+00 5.709171602394193268e+10
5.300542982536021519e+00 5.517431657522743225e+10
5.353548412361381459e+00 5.332764879922077942e+10
5.407083896484995655e+00 5.152420679754196167e+10
5.461154735449845532e+00 4.978624180554460144e+10
5.515766282804344556e+00 4.810728632375785828e+10
5.570923945632387131e+00 4.647436122891006470e+10
5.626633185088711464e+00 4.490254816957936859e+10
5.682899516939598605e+00 4.338074194054140472e+10
5.739728512108993819e+00 4.190245234352190399e+10
5.797125797230084032e+00 4.048360923835340881e+10
5.855097055202384659e+00 3.909931409554452515e+10
5.913648025754409510e+00 3.777359431855179596e+10
5.972784506011953987e+00 3.647596114579800415e+10
6.032512351072073287e+00 3.522652793470284271e+10
6.092837474582792900e+00 3.402081975073845291e+10
6.153765849328621584e+00 3.285231453317155838e+10
6.215303507821907658e+00 3.171800006782250595e+10
6.277456542900125669e+00 3.062488640370528412e+10
6.340231108329128062e+00 2.956491620714637756e+10
6.403633419412418704e+00 2.853847717608555222e+10
6.467669753606543281e+00 2.753983434217350006e+10
6.532346451142608146e+00 2.657626241938171768e+10
6.597669915654034156e+00 2.564045353713568115e+10
6.663646614810574853e+00 2.473695927090950775e+10
6.730283080958680664e+00 2.388388195531997681e+10
6.797585911768267763e+00 2.304283380318903732e+10
6.865561770885950210e+00 2.223776965116718674e+10
6.934217388594810849e+00 2.145925066806504440e+10
7.003559562480758949e+00 2.071173974416387939e+10
7.073595158105566050e+00 1.998367483085388565e+10
7.144331109686621772e+00 1.928229302760158920e+10
7.215774420783487741e+00 1.860626157087208557e+10
7.287932164991324235e+00 1.795017710517288589e+10
7.360811486641236634e+00 1.731975059959807968e+10
7.434419601507648245e+00 1.670788818749912071e+10
7.508763797522725270e+00 1.611641806127320671e+10
7.583851435497953375e+00 1.554705785372105217e+10
7.659689949852931612e+00 1.499548392163930511e+10
7.736286849351461825e+00 1.446417729914311028e+10
7.813649717844977083e+00 1.395552672924516678e+10
7.891786215023426365e+00 1.345333771282138634e+10
7.970704077173661695e+00 1.297611941630918694e+10
8.050411117945397876e+00 1.251391223926937103e+10
8.130915229124850541e+00 1.206624607226423645e+10
8.212224381416099561e+00 1.163604524799097633e+10
8.294346625230261338e+00 1.121883327404316330e+10
8.377290091482562318e+00 1.081733219517745399e+10
8.461062992397387461e+00 1.043025770922501564e+10
8.545673622321363183e+00 1.005555232581109810e+10
8.631130358544575998e+00 9.695804948062299728e+09
8.717441662130022806e+00 9.347438879125349045e+09
8.804616078751321240e+00 9.011960296230049133e+09
8.892662239538834612e+00 8.688941730358757019e+09
8.981588861934222123e+00 8.376669004219739914e+09
9.071404750553567098e+00 8.076202134553767204e+09
9.162118798059102787e+00 7.784741525064055443e+09
9.253739986039693832e+00 7.504107900451047897e+09
9.346277385900089385e+00 7.232738962077488899e+09
9.439740159759089977e+00 6.971923493896821022e+09
9.534137561356683221e+00 6.720168639936847687e+09
9.629478936970249592e+00 6.475546449694477081e+09
9.725773726339950187e+00 6.241561637857576370e+09
9.823031463603349778e+00 6.014659249304850578e+09
9.921261778239381712e+00 5.795631725073594093e+09
1.002047439602177548e+01 5.585936490768723488e+09
1.012067913998199487e+01 5.382059919613478661e+09
1.022188593138181290e+01 5.186822424825955391e+09
1.032410479069563181e+01 4.996776287157367706e+09
1.042734583860258724e+01 4.815124789077209473e+09
1.053161929698861421e+01 4.638853495772521973e+09
1.063693548995849980e+01 4.469405064675387383e+09
1.074330484485808412e+01 4.305770282809663773e+09
1.085073789330666472e+01 4.148605606905469894e+09
1.095924527223973222e+01 3.995850251559583187e+09
1.106883772496212970e+01 3.849966416648447514e+09
1.117952610221174936e+01 3.708640325159932137e+09
1.129132136323386781e+01 3.572398085910262585e+09
1.140423457686620701e+01 3.441443827476992607e+09
1.151827692263487002e+01 3.314749945851517200e+09
1.163345969186121920e+01 3.193080254719538212e+09
1.174979428877982990e+01 3.075434583047425747e+09
1.186729223166762992e+01 2.962254291919427395e+09
1.198596515398430462e+01 2.853465426986481667e+09
1.210582480552414708e+01 2.748569925353486538e+09
1.222688305357938887e+01 2.647014539500435829e+09
1.234915188411518194e+01 2.549501843055531979e+09
1.247264340295633467e+01 2.455256464353182793e+09
1.259736983698589619e+01 2.365008561202220440e+09
1.272334353535575424e+01 2.277518238942375183e+09
1.285057697070931226e+01 2.193213651367008209e+09
1.297908274041640553e+01 2.112030537829931021e+09
1.310887356782057012e+01 2.034036128573844194e+09
1.323996230349877479e+01 1.958537108863022089e+09
1.337236192653376321e+01 1.885874942955034256e+09
1.350608554579910248e+01 1.816196724611750841e+09
1.364114640125709244e+01 1.749163527518166542e+09
1.377755786526966197e+01 1.683769465695510626e+09
1.391533344392236238e+01 1.621550602353948355e+09
1.405448677836158211e+01 1.561287606553333521e+09
1.419503164614519974e+01 1.502815636097856045e+09
1.433698196260665192e+01 1.447382369635576010e+09
1.448035178223271835e+01 1.393326673524988890e+09
1.462515530005504516e+01 1.341377279556588173e+09
1.477140685305559664e+01 1.291562224330507040e+09
1.491912092158615089e+01 1.243253642142979145e+09
1.506831213080201159e+01 1.197089411266711712e+09
1.521899525211003024e+01 1.152329436765702486e+09
1.537118520463113214e+01 1.109352979275049448e+09
1.552489705667744246e+01 1.068129088133728862e+09
1.568014602724421813e+01 1.028140569965961337e+09
1.583694748751665848e+01 9.897290408823552132e+08
1.599531696239182388e+01 9.525032088608872890e+08
1.615527013201574391e+01 9.169003178533722162e+08
1.631682283333590178e+01 8.828304973789819479e+08
1.647999106166925998e+01 8.496174247549192905e+08
1.664479097228595350e+01 8.177740677449986935e+08
1.681123888200881211e+01 7.873411165237730742e+08
1.697935127082889650e+01 7.578680513591835499e+08
1.714914478353718863e+01 7.293860177047864199e+08
1.732063623137256059e+01 7.018954591931136847e+08
1.749384259368628847e+01 6.755922181656395197e+08
1.766878101962314673e+01 6.501431691105704308e+08
1.784546882981938509e+01 6.259213696918042898e+08
1.802392351811757720e+01 6.022893309226516485e+08
1.820416275329875333e+01 5.797254715874153376e+08
1.838620438083173880e+01 5.579289247407062054e+08
1.857006642464005353e+01 5.368561519198526740e+08
1.875576708888645427e+01 5.167117461053008437e+08
1.894332475977532226e+01 4.972755391173713803e+08
1.913275800737307719e+01 4.785980369220004678e+08
1.969740769490774923e+01 4.277338211264738441e+08
2.068227807965313403e+01 3.542570482729728818e+08
2.171639198363579126e+01 2.932930411803447604e+08
2.280221158281758420e+01 2.427108194976394176e+08
2.394232216195846163e+01 2.008068033499605358e+08
2.513943827005638454e+01 1.660901354934773445e+08
2.639641018355920465e+01 1.373181942082514167e+08
2.771623069273716311e+01 1.135082693761111051e+08
2.910204222737402446e+01 9.381188170561645925e+07
3.055714433874272729e+01 7.750596099116759002e+07
3.208500155567985956e+01 6.402743517355284840e+07
3.368925163346385432e+01 5.287367275572132319e+07
3.537371421513704206e+01 4.366929805986757576e+07
3.714239992589390482e+01 3.605707429865270853e+07
3.899951992218858976e+01 2.976791843454243243e+07
4.094949591829801960e+01 2.457697197907022759e+07
4.299697071421292094e+01 2.028396257970353588e+07
4.514681924992356699e+01 1.674023284031357057e+07
4.740416021241974676e+01 1.381126507011893019e+07
4.977436822304073161e+01 1.139396928110723943e+07
5.226308663419276712e+01 9.397740095984401181e+06
5.487624096590241152e+01 7.750633337424273603e+06
5.762005301419753067e+01 6.391242523125656880e+06
6.050105566490740472e+01 5.269470822657317854e+06
6.352610844815276891e+01 4.344236014332132414e+06
6.670241387056040594e+01 3.580252751669272780e+06
7.003753456408843192e+01 2.951070700513208285e+06
7.353941129229284002e+01 2.432618305677414872e+06
7.721638185690748912e+01 2.003358463517719880e+06
8.107720094975286429e+01 1.651118528628714848e+06
8.513106099724051035e+01 1.360319673635400599e+06
8.938761404710253089e+01 1.119713737123531289e+06
9.385699474945765530e+01 9.220405872358424822e+05
