3.401114059005487245e-01 9.959343309141227722e+09
3.435125199595542300e-01 8.450955216543410301e+09
3.469476451591497201e-01 1.105473182322029114e+10
3.504171216107412334e-01 1.413461455348753548e+10
3.539212928268486436e-01 1.450345889332719231e+10
3.574605057551171750e-01 1.348089895350580215e+10
3.610351108126682584e-01 1.520601434207488251e+10
3.646454619207949999e-01 1.584754011663644981e+10
3.682919165400029282e-01 1.569725246208278465e+10
3.719748357054029064e-01 1.511115009081531906e+10
3.756945840624569266e-01 1.638645800584638596e+10
3.794515299030815081e-01 1.996002885111619568e+10
3.832460452021123065e-01 1.626134078566827202e+10
3.870785056541334312e-01 1.849473123116926956e+10
3.909492907106748016e-01 1.852751696420453262e+10
3.948587836177815391e-01 1.362600381381575394e+10
3.988073714539593917e-01 1.506787855952252007e+10
4.027954451684989667e-01 8.954916310511104584e+09
4.068233996201839342e-01 9.652848034787355423e+09
4.108916336163858096e-01 1.684257658459107971e+10
4.150005499525497021e-01 2.129296679313390732e+10
4.191505554520751908e-01 2.209785223704379272e+10
4.233420610065958822e-01 2.280531854930716705e+10
4.275754816166618122e-01 2.220830168685598755e+10
4.318512364328284114e-01 2.074257075739771271e+10
4.361697487971567533e-01 2.316859388413171005e+10
4.405314462851282475e-01 2.377941982814233017e+10
4.449367607479796094e-01 2.450693247198789215e+10
4.493861283554593800e-01 2.587677573463801575e+10
4.538799896390139921e-01 2.510489259335627747e+10
4.584187895354041031e-01 2.242386146748048401e+10
4.630029774307581336e-01 1.998580647246786118e+10
4.676330072050656761e-01 1.715243113166972160e+10
4.723093372771162701e-01 1.304144474525207520e+10
4.770324306498874289e-01 9.136747889876935959e+09
4.818027549563863032e-01 6.217691963114391327e+09
4.866207825059500891e-01 3.747392205127121449e+09
4.914869903310095656e-01 3.069984056137230873e+09
4.964018602343197584e-01 2.328325996778448105e+09
5.013658788366629482e-01 1.706554926776093483e+09
5.063795376250295188e-01 1.408404044314971447e+09
5.114433330012797541e-01 1.268076444750728130e+09
5.165577663312926893e-01 1.090285421790070057e+09
5.217233439946056262e-01 1.014421595626960158e+09
5.269405774345515825e-01 9.089894941020627022e+08
5.322099832088971194e-01 8.403422886879709959e+08
5.375320830409860973e-01 7.828677238741719723e+08
5.429074038713960215e-01 7.048902664316805601e+08
5.483364779101099762e-01 6.538331545222829580e+08
5.538198426892112503e-01 6.039497414535373449e+08
5.593580411161032107e-01 5.396045262112592459e+08
5.649516215272641917e-01 4.968706288865047693e+08
5.706011377425368458e-01 4.488612027050987482e+08
5.763071491199621699e-01 4.063188130311421752e+08
5.820702206111618704e-01 3.670473394784235358e+08
5.878909228172733981e-01 3.202958721185318232e+08
5.937698320454461998e-01 3.174157970440307260e+08
5.997075303659007428e-01 3.252126577709856629e+08
6.057046056695597480e-01 3.417568944624028802e+08
6.117616517262552955e-01 3.470788812138022184e+08
6.178792682435179096e-01 3.540745770715312958e+08
6.240580609259530620e-01 3.591710030253335834e+08
6.302986415352126448e-01 3.664004223585428596e+08
6.366016279505647413e-01 3.758111117284215093e+08
6.429676442300703565e-01 3.815086673217396736e+08
6.493973206723711034e-01 3.878813394972781539e+08
6.558912938790947278e-01 3.755216090410272479e+08
6.624502068178856895e-01 4.206634141012530923e+08
6.690747088860645730e-01 4.376574602908827066e+08
6.757654559749252110e-01 4.550587218061739206e+08
6.825231105346745153e-01 4.564132288997806907e+08
6.893483416400212338e-01 4.222580261748971939e+08
6.962418250564214039e-01 3.744182581183305383e+08
7.032042433069857212e-01 3.485144732782435417e+08
7.102362857400554841e-01 3.308612848158079982e+08
7.173386485974559967e-01 2.877316813105804920e+08
7.245120350834306500e-01 2.613709881910448372e+08
7.317571554342650053e-01 2.308483054217179418e+08
7.390747269886076554e-01 2.029422816002357304e+08
7.464654742584937441e-01 1.791984237539250255e+08
7.539301290010786971e-01 1.491958094327346981e+08
7.614694302910893775e-01 1.085266285656975508e+08
7.690841245940003290e-01 5.021620253803802282e+07
7.767749658399403234e-01 1.073269420581027269e+08
7.845427154983398710e-01 1.405809256851694882e+08
7.923881426533231354e-01 1.703796560878943801e+08
8.003120240798563545e-01 2.011489627367894650e+08
8.083151443206548770e-01 2.224448282457320690e+08
8.163982957638614701e-01 2.448749265281398892e+08
8.245622787215000082e-01 2.854679111402444839e+08
8.328079015087149761e-01 3.265153179627450109e+08
8.411359805238021181e-01 3.571730013478955030e+08
8.495473403290402237e-01 4.168011447016803622e+08
8.580428137323306004e-01 4.882223513355383873e+08
8.666232418696537820e-01 5.557023952900723219e+08
8.752894742883503554e-01 6.189358860123283863e+08
8.840423690312340099e-01 6.057841483645479679e+08
8.928827927215462479e-01 4.183856157419974208e+08
9.018116206487618580e-01 4.690697917655352950e+08
9.108297368552494833e-01 6.986071278523250818e+08
9.199380342238018260e-01 8.252175956253502369e+08
9.291374145660399320e-01 5.942083793598458767e+08
9.384287887117003235e-01 5.982478029539415836e+08
9.478130765988174167e-01 6.855013104357550144e+08
9.572912073648053299e-01 7.101091936329765320e+08
9.668641194384535176e-01 8.129878354595543146e+08
9.765327606328380039e-01 9.059924348184988499e+08
9.862980882391664261e-01 1.035931405932508826e+09
9.961610691215579960e-01 1.187088403036199570e+09
1.006122679812773590e+00 1.408373822285404921e+09
1.016183906610901300e+00 1.851442649221394539e+09
1.026345745677010202e+00 2.286877877405159473e+09
1.036609203133780355e+00 2.857536524524197102e+09
1.046975295165118336e+00 3.377001305240622520e+09
1.057445048116769204e+00 3.787643611215153217e+09
1.068019498597936989e+00 3.949964382093789101e+09
1.078699693583916597e+00 3.980427718646006107e+09
1.089486690519755552e+00 3.060764930047766685e+09
1.100381557424953138e+00 1.877853591739606619e+09
1.111385372999202481e+00 1.191070525654726982e+09
1.122499226729194666e+00 8.693539599051083326e+08
1.133724218996486455e+00 8.740254673198071718e+08
1.145061461186451135e+00 8.912344369863281250e+08
1.156512075798315831e+00 4.111580552177466154e+08
1.168077196556299047e+00 6.542115644309859276e+08
1.179757968521861988e+00 6.593170598761265278e+08
1.191555548207080761e+00 1.328754619312659740e+09
1.203471103689151889e+00 2.362465586603440762e+09
1.215505814726043354e+00 3.935622840107156754e+09
1.227660872873303610e+00 5.569858194334431648e+09
1.239937481602036762e+00 6.906608009106230736e+09
1.252336856418057032e+00 8.286870239512227058e+09
1.264860224982237824e+00 8.581743634247385979e+09
1.277508827232060051e+00 7.814222171115526199e+09
1.290283915504380818e+00 6.574228994438619614e+09
1.303186754659424462e+00 5.354540738606439590e+09
1.316218622206019040e+00 4.107090320382235527e+09
1.329380808428079153e+00 2.024463978231646538e+09
1.342674616512359975e+00 7.913634232136524916e+08
1.356101362677483380e+00 3.548244871377467513e+08
1.369662376304258355e+00 3.983768332889999151e+08
1.383359000067300837e+00 3.031170475762982368e+08
1.397192590067974027e+00 2.784186814486752152e+08
1.411164515968653665e+00 3.933849619822125435e+08
1.425276161128340213e+00 5.179175086722974777e+08
1.439528922739623740e+00 7.881817820873057842e+08
1.453924211967019708e+00 1.451878978050815821e+09
1.468463454086690101e+00 1.843526746103009939e+09
1.483148088627556760e+00 2.413311129796153545e+09
1.497979569513832487e+00 3.306434787435417175e+09
1.512959365208970564e+00 4.337539054528820038e+09
1.528088958861060442e+00 5.684436733678438187e+09
1.543369848449671178e+00 7.152224626154527664e+09
1.558803546934167894e+00 8.096825740807060242e+09
1.574391582403509737e+00 9.119713831197805405e+09
1.590135498227544852e+00 8.173427254734168053e+09
1.606036853209820148e+00 4.177535284050653458e+09
1.622097221741918505e+00 1.623810461594909191e+09
1.638318193959337421e+00 1.326964675394705534e+09
1.654701375898931071e+00 1.471940580067059517e+09
1.671248389657920441e+00 7.953198050727281570e+08
1.687960873554499530e+00 9.752167512567329407e+08
1.704840482290044701e+00 7.905199738034957647e+08
1.721888887112944966e+00 1.088006216392025948e+09
1.739107775984074289e+00 9.860721246370711327e+08
1.756498853743915012e+00 1.347529238494001150e+09
1.774063842281354608e+00 1.225717096938330173e+09
1.791804480704168201e+00 1.100664859308143139e+09
1.809722525511209934e+00 1.389764238121020555e+09
1.827819750766321860e+00 1.564608902045791626e+09
1.846097948273984990e+00 1.642581173025589943e+09
1.864558927756724938e+00 1.540820422428377867e+09
1.883204517034292147e+00 2.769436075871401787e+09
1.902036562204635128e+00 3.468083375984829903e+09
1.921056927826681582e+00 3.449358752588039398e+09
1.940267497104948502e+00 2.970618743544054985e+09
1.959670172075998140e+00 3.575931161263650894e+09
1.979266873796758031e+00 4.443275087264978409e+09
1.999059542534725509e+00 5.402336589245409966e+09
2.019050137960073155e+00 6.818437209689475060e+09
2.039240639339673589e+00 8.226336274367174149e+09
2.059633045733070489e+00 9.238392307263950348e+09
2.080229376190401158e+00 9.103982691040582657e+09
2.101031669952305059e+00 7.850093591366424561e+09
2.122041986651828083e+00 6.075270978185834885e+09
2.143262406518346097e+00 4.405281832936876297e+09
2.164695030583529967e+00 2.866595056859158993e+09
2.186341980889365377e+00 1.726921945522636890e+09
2.208205400698258991e+00 5.183127679876613021e+08
2.230287454705241146e+00 6.430621366719437838e+08
2.252590329252293522e+00 3.752852498110281229e+08
2.275116232544817318e+00 3.273044226849379539e+08
2.297867394870265034e+00 3.102263059214614630e+08
2.320846068818967822e+00 3.838663604934192896e+08
2.344054529507157536e+00 2.908010973544452190e+08
2.367495074802228761e+00 3.670844776843323112e+08
2.391170025550251044e+00 4.401166138113103509e+08
2.415081725805753532e+00 6.442124274768946171e+08
2.439232543063811764e+00 6.957439836350886822e+08
2.463624868494449949e+00 9.600022039664505720e+08
2.488261117179394244e+00 1.246131455383879900e+09
2.513143728351188155e+00 1.359859184912289858e+09
2.538275165634700237e+00 1.313183350086073875e+09
2.563657917291046751e+00 1.145736654054200888e+09
2.589294496463957262e+00 1.060712578600744724e+09
2.615187441428596937e+00 1.354801205178637266e+09
2.641339315842882840e+00 1.998114210894840002e+09
2.667752709001311562e+00 1.498642273052534580e+09
2.694430236091324815e+00 1.560612227762706041e+09
2.721374538452237868e+00 2.101551319116744757e+09
2.748588283836760127e+00 2.323383035168687820e+09
2.776074166675128296e+00 1.847762826848821878e+09
2.803834908341879206e+00 2.384567722522428513e+09
2.831873257425297830e+00 2.480720099683904171e+09
2.860191989999551154e+00 2.511842932612335205e+09
2.888793909899546541e+00 3.130593361269197464e+09
2.917681848998542549e+00 3.011750247684953213e+09
2.946858667488527761e+00 3.559473532301709175e+09
2.976327254163412928e+00 3.530166359958137512e+09
3.006090526705047061e+00 3.200223671567572117e+09
3.036151431972097470e+00 2.843944900522609234e+09
3.066512946291818587e+00 1.991637394499728203e+09
3.097178075754736692e+00 1.357500703200585604e+09
3.128149856512283833e+00 9.504413765673340559e+08
3.159431355077406689e+00 7.300609727056550980e+08
3.191025668628181045e+00 6.276126331025309563e+08
3.222935925314462935e+00 6.224178859540959597e+08
3.255165284567607564e+00 6.748941146750907898e+08
3.287716937413283524e+00 8.531158411278649569e+08
3.320594106787416067e+00 4.465305692447887063e+08
3.353800047855290511e+00 5.803608992080702782e+08
3.387338048333843332e+00 7.707438515321345329e+08
3.421211428817182210e+00 7.407366565451132059e+08
3.455423543105353712e+00 7.321542445154775381e+08
3.489977778536407005e+00 7.910425840615262985e+08
3.524877556321771355e+00 9.204466420515742302e+08
3.560126331884988726e+00 9.976310721560196877e+08
3.595727595203838334e+00 1.145865020156064749e+09
3.631684871155877570e+00 1.293718439258802891e+09
3.668001719867436616e+00 1.686512310225923777e+09
3.704681737066110259e+00 1.993659785971197844e+09
3.741728554436771326e+00 2.270266575692012310e+09
3.779145839981139510e+00 2.377654829822272778e+09
3.816937298380950860e+00 3.017947752197349548e+09
3.855106671364760818e+00 3.002611454873669147e+09
3.893657738078407426e+00 3.321639791138751030e+09
3.932594315459191581e+00 3.743667660884982586e+09
3.971920258613783616e+00 4.077779990553842068e+09
4.011639461199922430e+00 4.330967375465988159e+09
4.051755855811920881e+00 4.521101803929392815e+09
4.092273414370040108e+00 4.466789620469104767e+09
4.133196148513740731e+00 4.475672262439583778e+09
4.174528109998877135e+00 4.736706928144635201e+09
4.216273391098866341e+00 4.701049854154949188e+09
4.258436125009854578e+00 4.593308185812797546e+09
4.301020486259953479e+00 2.999754098738207340e+09
4.344030691122553023e+00 3.419471136179406166e+09
4.387470998033777825e+00 4.418087889400081635e+09
4.431345708014116092e+00 4.410290705636657715e+09
4.475659165094256764e+00 4.172104332309954643e+09
4.520415756745198799e+00 4.132366216740970612e+09
4.565619914312651240e+00 4.231920542754122257e+09
4.611276113455778258e+00 4.338665220718354225e+09
4.657388874590335348e+00 4.441624226570717812e+09
4.703962763336238417e+00 4.469456990600802422e+09
4.751002390969600420e+00 4.440112470030342102e+09
4.798512414879296806e+00 4.285686090224148750e+09
4.846497539028090884e+00 4.277680198089322567e+09
4.894962514418371491e+00 4.200927591255054951e+09
4.943912139562555375e+00 3.866243733718824863e+09
4.993351260958180937e+00 3.842852124542460442e+09
5.043284773567762613e+00 3.577897826932497978e+09
5.093717621303440524e+00 3.459050328268882275e+09
5.144654797516475142e+00 3.060316805290589809e+09
5.196101345491639378e+00 2.869566998929647446e+09
5.248062358946555150e+00 2.943216652229159832e+09
5.300542982536021519e+00 2.603887198720415115e+09
5.353548412361381459e+00 2.434422503815748215e+09
5.407083896484995655e+00 2.138626382010349512e+09
5.461154735449845532e+00 2.129265295831626892e+09
5.515766282804344556e+00 2.081206987349930286e+09
5.570923945632387131e+00 1.772578320404922009e+09
5.626633185088711464e+00 1.708629541704061270e+09
5.682899516939598605e+00 1.709072540227565765e+09
5.739728512108993819e+00 1.615643876374862194e+09
5.797125797230084032e+00 1.577795634627263069e+09
5.855097055202384659e+00 1.331208920816523075e+09
5.913648025754409510e+00 1.524306845383910179e+09
5.972784506011953987e+00 1.478551627778195620e+09
6.032512351072073287e+00 1.407711503625378132e+09
6.092837474582792900e+00 1.418174430840601444e+09
6.153765849328621584e+00 1.441424358530691385e+09
6.215303507821907658e+00 1.463085781912594318e+09
6.277456542900125669e+00 1.517011480760707140e+09
6.340231108329128062e+00 1.423400332527318478e+09
6.403633419412418704e+00 1.168297975132651091e+09
6.467669753606543281e+00 9.861849336438941956e+08
6.532346451142608146e+00 1.086459069938198566e+09
6.597669915654034156e+00 1.057072056906263828e+09
6.663646614810574853e+00 1.170847338682041645e+09
6.730283080958680664e+00 1.172986087169064522e+09
6.797585911768267763e+00 1.038860477355913877e+09
6.865561770885950210e+00 1.063718996484442115e+09
6.934217388594810849e+00 1.117006420122671604e+09
7.003559562480758949e+00 1.041602396519812226e+09
7.073595158105566050e+00 9.301680024932378531e+08
7.144331109686621772e+00 8.477514192624721527e+08
7.215774420783487741e+00 7.796743273142211437e+08
7.287932164991324235e+00 7.109064762576888800e+08
7.360811486641236634e+00 6.609142519843877554e+08
7.434419601507648245e+00 6.493887304614068270e+08
7.508763797522725270e+00 6.838614837065019608e+08
7.583851435497953375e+00 7.262174313315751553e+08
7.659689949852931612e+00 6.782459159794925451e+08
7.736286849351461825e+00 5.432263552329447269e+08
7.813649717844977083e+00 5.788528581036131382e+08
7.891786215023426365e+00 6.094634696606733799e+08
7.970704077173661695e+00 6.490740964115661383e+08
8.050411117945397876e+00 6.418122225445736647e+08
8.130915229124850541e+00 6.554920437445040941e+08
8.212224381416099561e+00 6.433828488951462507e+08
8.294346625230261338e+00 6.539524850134031773e+08
8.377290091482562318e+00 6.615741242872602940e+08
8.461062992397387461e+00 6.882585982305326462e+08
8.545673622321363183e+00 7.059850427091758251e+08
8.631130358544575998e+00 7.461653813861826658e+08
8.717441662130022806e+00 7.555720549733941555e+08
8.804616078751321240e+00 7.756848183149077892e+08
8.892662239538834612e+00 7.887604269565902948e+08
8.981588861934222123e+00 7.916038758127694130e+08
9.071404750553567098e+00 8.467249334351711273e+08
9.162118798059102787e+00 8.702815755439656973e+08
9.253739986039693832e+00 8.775338870134900808e+08
9.346277385900089385e+00 9.008451858025459051e+08
9.439740159759089977e+00 8.799675866147530079e+08
9.534137561356683221e+00 9.306603043297301531e+08
9.629478936970249592e+00 9.015302071710740328e+08
9.725773726339950187e+00 9.213210753223725557e+08
9.823031463603349778e+00 9.220085863936990499e+08
9.921261778239381712e+00 8.914862471947323084e+08
1.002047439602177548e+01 9.118123967230899334e+08
1.012067913998199487e+01 8.491012313580838442e+08
1.022188593138181290e+01 8.449626274742081165e+08
1.032410479069563181e+01 7.362248125218213797e+08
1.042734583860258724e+01 6.496824923483585119e+08
1.053161929698861421e+01 7.131553050436100960e+08
1.063693548995849980e+01 7.339276505129878521e+08
1.074330484485808412e+01 6.798071781174751520e+08
1.085073789330666472e+01 7.121647256406902075e+08
1.095924527223973222e+01 6.349112874112063646e+08
1.106883772496212970e+01 6.712593666023515463e+08
1.117952610221174936e+01 6.889829948179519176e+08
1.129132136323386781e+01 6.553093567804828882e+08
1.140423457686620701e+01 6.776237926187072992e+08
1.151827692263487002e+01 6.259802800337059498e+08
1.163345969186121920e+01 6.014363118857766390e+08
1.174979428877982990e+01 5.109256971070011854e+08
1.186729223166762992e+01 5.602792517122645378e+08
1.198596515398430462e+01 5.557746041854145527e+08
1.210582480552414708e+01 5.128546890980233550e+08
1.222688305357938887e+01 5.028683543612214923e+08
1.234915188411518194e+01 4.636455489028734565e+08
1.247264340295633467e+01 4.267039990016261935e+08
1.259736983698589619e+01 4.157880890163862705e+08
1.272334353535575424e+01 4.211897097235221267e+08
1.285057697070931226e+01 4.112846398095048070e+08
1.297908274041640553e+01 3.838837323040197492e+08
1.310887356782057012e+01 3.901775931351285577e+08
1.323996230349877479e+01 3.423291741558426619e+08
1.337236192653376321e+01 3.368870294663513899e+08
1.350608554579910248e+01 3.097970858994849324e+08
1.364114640125709244e+01 3.177052187823070884e+08
1.377755786526966197e+01 3.074245754023032784e+08
1.391533344392236238e+01 3.011288791209322214e+08
1.405448677836158211e+01 2.791346008849837780e+08
1.419503164614519974e+01 2.506520488508293033e+08
1.433698196260665192e+01 2.545436227092086375e+08
1.448035178223271835e+01 2.206347652460777760e+08
1.462515530005504516e+01 2.448003910379291773e+08
1.477140685305559664e+01 2.362261648956498802e+08
1.491912092158615089e+01 2.034228758065544069e+08
1.506831213080201159e+01 2.138996468363469541e+08
1.521899525211003024e+01 2.113712669702913761e+08
1.537118520463113214e+01 1.947627889791678190e+08
1.552489705667744246e+01 1.784618427828337550e+08
1.568014602724421813e+01 1.674399377513521612e+08
1.583694748751665848e+01 1.719399901165750027e+08
1.599531696239182388e+01 1.621517503653865755e+08
1.615527013201574391e+01 1.569943731694042981e+08
1.631682283333590178e+01 1.529382595352411866e+08
1.647999106166925998e+01 1.432387769463163316e+08
1.664479097228595350e+01 1.309059253067934960e+08
1.681123888200881211e+01 1.416008785333274007e+08
1.697935127082889650e+01 1.343140636742692888e+08
1.714914478353718863e+01 1.154111963956877738e+08
1.732063623137256059e+01 1.144809782097373307e+08
1.749384259368628847e+01 1.151158390587151647e+08
1.766878101962314673e+01 1.101259301055485308e+08
1.784546882981938509e+01 1.094615787125660628e+08
1.802392351811757720e+01 1.052442581565911621e+08
1.820416275329875333e+01 9.522556035428528488e+07
1.838620438083173880e+01 9.713943685772477090e+07
1.857006642464005353e+01 8.271092450082509220e+07
1.875576708888645427e+01 9.021902892191068828e+07
1.894332475977532226e+01 8.595369587963208556e+07
1.913275800737307719e+01 8.799254635860306025e+07
1.969740769490774923e+01 6.959763185536593199e+07
2.068227807965313403e+01 5.849406570328407735e+07
2.171639198363579126e+01 4.789825332023504376e+07
2.280221158281758420e+01 4.232994805852893740e+07
2.394232216195846163e+01 3.511578152302325517e+07
2.513943827005638454e+01 2.861089335784351453e+07
2.639641018355920465e+01 2.427399017830635607e+07
2.771623069273716311e+01 2.076916360684005171e+07
2.910204222737402446e+01 1.670322532828162238e+07
3.055714433874272729e+01 1.347699534856400825e+07
3.208500155567985956e+01 1.220693879620603658e+07
3.368925163346385432e+01 9.712656683401331306e+06
3.537371421513704206e+01 7.576222491245370358e+06
3.714239992589390482e+01 6.773884189320683479e+06
3.899951992218858976e+01 5.662603955219856463e+06
4.094949591829801960e+01 4.601615252004301175e+06
4.299697071421292094e+01 3.782124529370295350e+06
4.514681924992356699e+01 3.130179351621657610e+06
4.740416021241974676e+01 2.603219128203319851e+06
4.977436822304073161e+01 2.135577689010546543e+06
5.226308663419276712e+01 1.837988121961438563e+06
5.487624096590241152e+01 1.522892624408497708e+06
5.762005301419753067e+01 1.220997894853384467e+06
6.050105566490740472e+01 1.075591140018813545e+06
6.352610844815276891e+01 8.363300226235494483e+05
6.670241387056040594e+01 7.105709660663896939e+05
7.003753456408843192e+01 6.100207883296429645e+05
7.353941129229284002e+01 4.837353671575553599e+05
7.721638185690748912e+01 4.033445375954923802e+05
8.107720094975286429e+01 3.335379454204049543e+05
8.513106099724051035e+01 2.841691364074228914e+05
8.938761404710253089e+01 2.577649355646091281e+05
9.385699474945765530e+01 1.904543570029954717e+05
