3.401114059005487245e-01 5.125747873502549529e+07
3.435125199595542300e-01 3.874301892916959524e+07
3.469476451591497201e-01 4.564150983090795577e+07
3.504171216107412334e-01 6.233360127535822988e+07
3.539212928268486436e-01 9.991963783405663073e+07
3.574605057551171750e-01 5.322867759195636213e+07
3.610351108126682584e-01 6.654234898858972639e+07
3.646454619207949999e-01 1.059420097100400031e+08
3.682919165400029282e-01 1.386205835282477140e+08
3.719748357054029064e-01 6.206898903318874538e+07
3.756945840624569266e-01 8.310841071601890028e+07
3.794515299030815081e-01 1.635440500816823542e+08
3.832460452021123065e-01 9.554770596501550078e+07
3.870785056541334312e-01 9.769965103384952247e+07
3.909492907106748016e-01 1.320138717121891230e+08
3.948587836177815391e-01 8.585292044635763764e+07
3.988073714539593917e-01 1.845871006887020469e+08
4.027954451684989667e-01 1.597495237006297708e+08
4.068233996201839342e-01 1.943438576543824077e+08
4.108916336163858096e-01 2.750516839209109545e+08
4.150005499525497021e-01 2.947832869957596064e+08
4.191505554520751908e-01 2.353817571575416028e+08
4.233420610065958822e-01 1.157521024712431878e+08
4.275754816166618122e-01 2.198689629084724188e+08
4.318512364328284114e-01 3.111618167541095614e+08
4.361697487971567533e-01 3.898583971591522098e+08
4.405314462851282475e-01 3.578754168734508753e+08
4.449367607479796094e-01 3.139360217948956490e+08
4.493861283554593800e-01 3.881956367141430974e+08
4.538799896390139921e-01 3.708956834081048369e+08
4.584187895354041031e-01 3.567584237381976843e+08
4.630029774307581336e-01 3.197801956298928857e+08
4.676330072050656761e-01 3.026579263928540349e+08
4.723093372771162701e-01 2.924333962977364063e+08
4.770324306498874289e-01 2.066843853225771785e+08
4.818027549563863032e-01 1.946717751483811140e+08
4.866207825059500891e-01 2.123613312848030031e+08
4.914869903310095656e-01 2.509884753245190680e+08
4.964018602343197584e-01 1.646787731733469069e+08
5.013658788366629482e-01 1.218542263638410121e+08
5.063795376250295188e-01 1.325788170416399837e+08
5.114433330012797541e-01 1.536170555790925324e+08
5.165577663312926893e-01 1.217173221551261842e+08
5.217233439946056262e-01 1.462074091471918523e+08
5.269405774345515825e-01 1.662156200860024393e+08
5.322099832088971194e-01 1.815430177000958025e+08
5.375320830409860973e-01 1.804727390335189402e+08
5.429074038713960215e-01 1.651019410887531340e+08
5.483364779101099762e-01 1.242585172603701651e+08
5.538198426892112503e-01 1.428442160680908561e+08
5.593580411161032107e-01 1.258857903272055984e+08
5.649516215272641917e-01 1.117574597303195149e+08
5.706011377425368458e-01 1.223867174747910649e+08
5.763071491199621699e-01 1.279781259649063796e+08
5.820702206111618704e-01 1.205181083674683124e+08
5.878909228172733981e-01 5.626765143968601525e+07
5.937698320454461998e-01 6.377283083699882776e+07
5.997075303659007428e-01 8.960981104932284355e+07
6.057046056695597480e-01 1.284326902898105234e+08
6.117616517262552955e-01 1.488536132217914462e+08
6.178792682435179096e-01 9.796212946256229281e+07
6.240580609259530620e-01 7.882449284674961865e+07
6.302986415352126448e-01 1.044786802541023642e+08
6.366016279505647413e-01 1.182358220159318596e+08
6.429676442300703565e-01 1.321055083240600824e+08
6.493973206723711034e-01 1.467336905860722959e+08
6.558912938790947278e-01 1.653143180420241058e+08
6.624502068178856895e-01 1.560706257395862937e+08
6.690747088860645730e-01 1.210292844556711316e+08
6.757654559749252110e-01 1.054200442399689406e+08
6.825231105346745153e-01 1.013772001271699369e+08
6.893483416400212338e-01 8.638661028589800000e+07
6.962418250564214039e-01 9.585408421346096694e+07
7.032042433069857212e-01 1.068712854212597162e+08
7.102362857400554841e-01 7.160083479787451029e+07
7.173386485974559967e-01 5.089207569850318879e+07
7.245120350834306500e-01 6.387260560686615109e+07
7.317571554342650053e-01 8.224731854680067301e+07
7.390747269886076554e-01 9.659469112262330949e+07
7.464654742584937441e-01 1.032135064323592931e+08
7.539301290010786971e-01 1.026622186163854301e+08
7.614694302910893775e-01 8.168830457639119029e+07
7.690841245940003290e-01 4.936692392059835792e+07
7.767749658399403234e-01 6.381010820064038038e+07
7.845427154983398710e-01 7.074101342825122178e+07
7.923881426533231354e-01 8.094658790283079445e+07
8.003120240798563545e-01 8.813938100060680509e+07
8.083151443206548770e-01 8.785920859360791743e+07
8.163982957638614701e-01 7.857327144364602864e+07
8.245622787215000082e-01 8.512593594653123617e+07
8.328079015087149761e-01 8.444784705372343957e+07
8.411359805238021181e-01 7.132525367624804378e+07
8.495473403290402237e-01 6.808656464727690816e+07
8.580428137323306004e-01 7.971971527423574030e+07
8.666232418696537820e-01 8.213151058670380712e+07
8.752894742883503554e-01 7.560290265086920559e+07
8.840423690312340099e-01 5.056789749903460592e+07
8.928827927215462479e-01 1.302842886942003295e+07
9.018116206487618580e-01 1.399071119756942801e+07
9.108297368552494833e-01 2.551346228786733374e+07
9.199380342238018260e-01 4.609031656053102762e+07
9.291374145660399320e-01 2.752809769842948765e+07
9.384287887117003235e-01 2.302685386771746725e+07
9.478130765988174167e-01 2.417745272664156556e+07
9.572912073648053299e-01 2.240002415228350461e+07
9.668641194384535176e-01 2.800077966473844275e+07
9.765327606328380039e-01 2.781673205431536958e+07
9.862980882391664261e-01 2.614154885269232839e+07
9.961610691215579960e-01 2.430332855686553568e+07
1.006122679812773590e+00 2.322826213214360178e+07
1.016183906610901300e+00 2.633773275775987282e+07
1.026345745677010202e+00 3.006662696629296988e+07
1.036609203133780355e+00 4.304086031291712075e+07
1.046975295165118336e+00 8.309518734816339612e+07
1.057445048116769204e+00 1.262329937231996953e+08
1.068019498597936989e+00 1.411819720488254726e+08
1.078699693583916597e+00 1.408168363498561382e+08
1.089486690519755552e+00 8.919140036207729578e+07
1.100381557424953138e+00 4.064794261080235243e+07
1.111385372999202481e+00 1.351040392138012871e+07
1.122499226729194666e+00 4.816624566640167497e+06
1.133724218996486455e+00 6.093161521717694588e+06
1.145061461186451135e+00 6.503064626450649463e+06
1.156512075798315831e+00 1.674705900564976735e+06
1.168077196556299047e+00 2.802349826472837478e+06
1.179757968521861988e+00 2.732297862016498111e+06
1.191555548207080761e+00 4.811434345620040782e+06
1.203471103689151889e+00 1.650509212837738916e+07
1.215505814726043354e+00 4.788821812175774574e+07
1.227660872873303610e+00 1.021375593132269979e+08
1.239937481602036762e+00 1.796597555067782998e+08
1.252336856418057032e+00 2.746688646371615529e+08
1.264860224982237824e+00 3.749989292314767241e+08
1.277508827232060051e+00 2.712308872560562491e+08
1.290283915504380818e+00 1.493778037405128181e+08
1.303186754659424462e+00 9.167891044816188514e+07
1.316218622206019040e+00 4.730091196872609854e+07
1.329380808428079153e+00 1.431009891743207350e+07
1.342674616512359975e+00 2.776681943223297130e+06
1.356101362677483380e+00 5.634037141169196693e+05
1.369662376304258355e+00 7.223821242193873040e+05
1.383359000067300837e+00 4.554714772945062723e+05
1.397192590067974027e+00 4.295335574180578114e+05
1.411164515968653665e+00 7.755140006550137186e+05
1.425276161128340213e+00 1.282928182600932196e+06
1.439528922739623740e+00 2.811273230789041612e+06
1.453924211967019708e+00 8.435284335770113394e+06
1.468463454086690101e+00 6.036335501231129281e+06
1.483148088627556760e+00 6.590627157089881599e+06
1.497979569513832487e+00 1.142368343807184696e+07
1.512959365208970564e+00 1.195118911160445586e+07
1.528088958861060442e+00 2.729189954602005333e+07
1.543369848449671178e+00 5.932956042291124910e+07
1.558803546934167894e+00 1.149193877121633142e+08
1.574391582403509737e+00 2.448796306234773397e+08
1.590135498227544852e+00 2.985064546506662369e+08
1.606036853209820148e+00 1.068151810222388804e+08
1.622097221741918505e+00 1.889913135219754651e+07
1.638318193959337421e+00 9.307591241748807952e+06
1.654701375898931071e+00 9.464872208565901965e+06
1.671248389657920441e+00 4.865931517350770533e+06
1.687960873554499530e+00 5.954038236273876391e+06
1.704840482290044701e+00 3.301511618546359707e+06
1.721888887112944966e+00 6.224656735905192792e+06
1.739107775984074289e+00 6.196662903829718940e+06
1.756498853743915012e+00 9.754860154235534370e+06
1.774063842281354608e+00 9.299912893265018240e+06
1.791804480704168201e+00 6.879890032407845370e+06
1.809722525511209934e+00 8.410123675029091537e+06
1.827819750766321860e+00 8.361804009885803796e+06
1.846097948273984990e+00 9.495293687887864187e+06
1.864558927756724938e+00 8.344479234305342659e+06
1.883204517034292147e+00 2.037076347060366720e+07
1.902036562204635128e+00 1.746017974369220808e+07
1.921056927826681582e+00 1.074702566362563893e+07
1.940267497104948502e+00 8.607235467881601304e+06
1.959670172075998140e+00 1.388377646145446785e+07
1.979266873796758031e+00 1.975528471964582056e+07
1.999059542534725509e+00 3.663743940147317201e+07
2.019050137960073155e+00 4.332447881074029207e+07
2.039240639339673589e+00 7.222228558279958367e+07
2.059633045733070489e+00 1.209588125068516433e+08
2.080229376190401158e+00 1.672542294519382715e+08
2.101031669952305059e+00 1.703462959024059772e+08
2.122041986651828083e+00 1.363188509532282948e+08
2.143262406518346097e+00 8.758579223818451166e+07
2.164695030583529967e+00 4.483565666162573546e+07
2.186341980889365377e+00 2.572050743878075480e+07
2.208205400698258991e+00 7.811076887207729742e+06
2.230287454705241146e+00 9.175768418583896011e+06
2.252590329252293522e+00 5.589201368883486837e+06
2.275116232544817318e+00 5.538161848785222508e+06
2.297867394870265034e+00 5.680831477821500041e+06
2.320846068818967822e+00 7.040760597809480503e+06
2.344054529507157536e+00 6.445154189546613954e+06
2.367495074802228761e+00 7.800295468029608950e+06
2.391170025550251044e+00 1.014508778313466348e+07
2.415081725805753532e+00 1.485749107329740375e+07
2.439232543063811764e+00 1.858261424452735856e+07
2.463624868494449949e+00 2.853245054479697347e+07
2.488261117179394244e+00 3.707130986565396935e+07
2.513143728351188155e+00 3.768833832429064065e+07
2.538275165634700237e+00 2.817948439257126302e+07
2.563657917291046751e+00 2.204296810881194845e+07
2.589294496463957262e+00 1.974952066531560197e+07
2.615187441428596937e+00 2.494725935000021011e+07
2.641339315842882840e+00 4.572397472392812371e+07
2.667752709001311562e+00 2.439796838030216470e+07
2.694430236091324815e+00 3.305607034130279347e+07
2.721374538452237868e+00 4.511645653207522631e+07
2.748588283836760127e+00 4.114497420519542694e+07
2.776074166675128296e+00 3.272157636213641614e+07
2.803834908341879206e+00 4.283765963918231428e+07
2.831873257425297830e+00 4.772631303899110109e+07
2.860191989999551154e+00 5.292618716390325874e+07
2.888793909899546541e+00 6.914527837450057268e+07
2.917681848998542549e+00 7.616188640115034580e+07
2.946858667488527761e+00 9.416304128561502695e+07
2.976327254163412928e+00 1.011989079865164608e+08
3.006090526705047061e+00 6.848552631648595631e+07
3.036151431972097470e+00 1.135758958752250969e+08
3.066512946291818587e+00 1.106658909284524173e+08
3.097178075754736692e+00 8.540304137063862383e+07
3.128149856512283833e+00 7.386764738059161603e+07
3.159431355077406689e+00 5.883195084992836416e+07
3.191025668628181045e+00 5.087170866687145829e+07
3.222935925314462935e+00 5.152056694629845023e+07
3.255165284567607564e+00 5.561732067651345581e+07
3.287716937413283524e+00 7.294952544962090254e+07
3.320594106787416067e+00 5.404419316800674796e+07
3.353800047855290511e+00 6.078549935020665824e+07
3.387338048333843332e+00 7.023507918921554089e+07
3.421211428817182210e+00 7.121807815888309479e+07
3.455423543105353712e+00 7.361372595683333278e+07
3.489977778536407005e+00 8.126230516783639789e+07
3.524877556321771355e+00 9.929840664518289268e+07
3.560126331884988726e+00 1.146338779885470420e+08
3.595727595203838334e+00 1.231694736408584714e+08
3.631684871155877570e+00 1.438855972535507977e+08
3.668001719867436616e+00 2.037435885850078166e+08
3.704681737066110259e+00 2.297451964968928397e+08
3.741728554436771326e+00 2.538929003708119690e+08
3.779145839981139510e+00 2.551088637036510110e+08
3.816937298380950860e+00 3.734172223693046570e+08
3.855106671364760818e+00 3.018845273448089361e+08
3.893657738078407426e+00 3.589213120587245822e+08
3.932594315459191581e+00 4.366885872530590296e+08
3.971920258613783616e+00 4.845462929428259730e+08
4.011639461199922430e+00 5.174704543512684107e+08
4.051755855811920881e+00 5.289347871218522787e+08
4.092273414370040108e+00 4.871438731482215524e+08
4.133196148513740731e+00 4.674660354166932106e+08
4.174528109998877135e+00 5.232206002093657851e+08
4.216273391098866341e+00 5.861789359391316175e+08
4.258436125009854578e+00 7.355138077247896194e+08
4.301020486259953479e+00 3.130975385280106664e+08
4.344030691122553023e+00 5.224914053053498268e+08
4.387470998033777825e+00 7.631406809527477026e+08
4.431345708014116092e+00 6.957968900963667631e+08
4.475659165094256764e+00 6.624188021607035398e+08
4.520415756745198799e+00 6.867179345727411509e+08
4.565619914312651240e+00 8.417775274949630499e+08
4.611276113455778258e+00 9.429830847484959364e+08
4.657388874590335348e+00 9.364048329991285801e+08
4.703962763336238417e+00 1.088231787921427965e+09
4.751002390969600420e+00 1.172932076848615885e+09
4.798512414879296806e+00 1.007380059146112800e+09
4.846497539028090884e+00 1.062417276736405373e+09
4.894962514418371491e+00 9.828571941653993130e+08
4.943912139562555375e+00 8.220146539460115433e+08
4.993351260958180937e+00 8.270947142137112617e+08
5.043284773567762613e+00 7.256472795974267721e+08
5.093717621303440524e+00 6.498285145701892376e+08
5.144654797516475142e+00 5.383124438616670370e+08
5.196101345491639378e+00 4.809395483813157678e+08
5.248062358946555150e+00 4.998117099769631028e+08
5.300542982536021519e+00 4.338616051583569646e+08
5.353548412361381459e+00 3.786689019754795432e+08
5.407083896484995655e+00 3.443506728425958157e+08
5.461154735449845532e+00 3.231409829282693863e+08
5.515766282804344556e+00 3.310056507473149300e+08
5.570923945632387131e+00 2.727585981236322522e+08
5.626633185088711464e+00 2.645304843675245941e+08
5.682899516939598605e+00 2.660270250300623775e+08
5.739728512108993819e+00 2.427828292609690130e+08
5.797125797230084032e+00 2.630213595892357230e+08
5.855097055202384659e+00 2.387085137861922085e+08
5.913648025754409510e+00 2.449802985024909079e+08
5.972784506011953987e+00 2.514777802545041740e+08
6.032512351072073287e+00 2.495726994599022865e+08
6.092837474582792900e+00 2.411322458505689800e+08
6.153765849328621584e+00 2.305507840516132414e+08
6.215303507821907658e+00 2.504143572974509299e+08
6.277456542900125669e+00 2.697718524437535405e+08
6.340231108329128062e+00 2.666041900552584231e+08
6.403633419412418704e+00 2.378425640038212240e+08
6.467669753606543281e+00 2.256010192534710169e+08
6.532346451142608146e+00 2.321762217569546998e+08
6.597669915654034156e+00 2.270348237753475010e+08
6.663646614810574853e+00 2.402546638295787573e+08
6.730283080958680664e+00 2.497388906257461011e+08
6.797585911768267763e+00 2.389881841152339876e+08
6.865561770885950210e+00 2.444935995199712515e+08
6.934217388594810849e+00 2.574114655577550530e+08
7.003559562480758949e+00 2.543341623538923562e+08
7.073595158105566050e+00 2.434921648974036276e+08
7.144331109686621772e+00 2.358315698594090641e+08
7.215774420783487741e+00 2.322813777440904677e+08
7.287932164991324235e+00 2.227006898709574044e+08
7.360811486641236634e+00 2.144267473999413252e+08
7.434419601507648245e+00 2.138505913293150663e+08
7.508763797522725270e+00 2.181540796050241292e+08
7.583851435497953375e+00 2.294637535694161057e+08
7.659689949852931612e+00 2.224214691984019279e+08
7.736286849351461825e+00 2.031597659706934988e+08
7.813649717844977083e+00 2.089172893750614524e+08
7.891786215023426365e+00 2.090727876109686494e+08
7.970704077173661695e+00 2.194876981389228106e+08
8.050411117945397876e+00 2.110964093558710217e+08
8.130915229124850541e+00 2.199005939554598331e+08
8.212224381416099561e+00 2.175130386754371822e+08
8.294346625230261338e+00 2.282060728563314378e+08
8.377290091482562318e+00 2.245413284091520607e+08
8.461062992397387461e+00 2.409868203926454782e+08
8.545673622321363183e+00 2.448036338032391965e+08
8.631130358544575998e+00 2.463682120986527205e+08
8.717441662130022806e+00 2.556726372874476016e+08
8.804616078751321240e+00 2.354122589245109558e+08
8.892662239538834612e+00 2.443832213744032383e+08
8.981588861934222123e+00 2.321030251419028044e+08
9.071404750553567098e+00 2.446357095495101213e+08
9.162118798059102787e+00 2.313637067692268193e+08
9.253739986039693832e+00 2.335625584684337080e+08
9.346277385900089385e+00 2.182249493125196397e+08
9.439740159759089977e+00 2.399471607369839251e+08
9.534137561356683221e+00 2.252243343852458298e+08
9.629478936970249592e+00 2.350001472263375521e+08
9.725773726339950187e+00 2.296064769996196330e+08
9.823031463603349778e+00 2.546378381527221203e+08
9.921261778239381712e+00 2.361654137913508713e+08
1.002047439602177548e+01 2.651459697358621061e+08
1.012067913998199487e+01 2.259604929655338824e+08
1.022188593138181290e+01 2.440691346230254471e+08
1.032410479069563181e+01 1.754533650243428051e+08
1.042734583860258724e+01 1.458449555632503927e+08
1.053161929698861421e+01 1.553135633109002411e+08
1.063693548995849980e+01 1.615680216586323977e+08
1.074330484485808412e+01 1.353831579768838584e+08
1.085073789330666472e+01 1.508155442332079113e+08
1.095924527223973222e+01 1.523909274461559355e+08
1.106883772496212970e+01 1.747207942849929333e+08
1.117952610221174936e+01 1.811124408007615507e+08
1.129132136323386781e+01 1.791265867973646224e+08
1.140423457686620701e+01 1.897653891363205016e+08
1.151827692263487002e+01 1.636165245330938697e+08
1.163345969186121920e+01 1.824465697769212723e+08
1.174979428877982990e+01 1.368243970421425402e+08
1.186729223166762992e+01 1.658391432089823484e+08
1.198596515398430462e+01 1.415238002893552482e+08
1.210582480552414708e+01 1.373255293843836188e+08
1.222688305357938887e+01 1.383807519690612257e+08
1.234915188411518194e+01 1.278931871446086317e+08
1.247264340295633467e+01 1.330184863252455741e+08
1.259736983698589619e+01 1.226477985290857106e+08
1.272334353535575424e+01 1.201949787930292040e+08
1.285057697070931226e+01 1.173626213847703487e+08
1.297908274041640553e+01 1.143217854419301748e+08
1.310887356782057012e+01 1.151380460079950690e+08
1.323996230349877479e+01 1.113095227096702754e+08
1.337236192653376321e+01 1.013091473533233404e+08
1.350608554579910248e+01 1.083350402463429421e+08
1.364114640125709244e+01 1.074993261875914335e+08
1.377755786526966197e+01 9.839751842379859090e+07
1.391533344392236238e+01 1.101932090630032271e+08
1.405448677836158211e+01 9.577735171437288821e+07
1.419503164614519974e+01 9.243518941745178401e+07
1.433698196260665192e+01 9.445836479388417304e+07
1.448035178223271835e+01 8.332719339327307045e+07
1.462515530005504516e+01 9.308774516578942537e+07
1.477140685305559664e+01 8.823436261181719601e+07
1.491912092158615089e+01 8.330434685784384608e+07
1.506831213080201159e+01 8.305504932385937870e+07
1.521899525211003024e+01 8.205825541239142418e+07
1.537118520463113214e+01 7.810188735012856126e+07
1.552489705667744246e+01 7.197717310305270553e+07
1.568014602724421813e+01 6.750539566048283875e+07
1.583694748751665848e+01 6.345446139224260300e+07
1.599531696239182388e+01 6.324463289162996411e+07
1.615527013201574391e+01 6.528424669224254787e+07
1.631682283333590178e+01 6.361166241681710631e+07
1.647999106166925998e+01 6.383613454892328382e+07
1.664479097228595350e+01 5.907064686821123958e+07
1.681123888200881211e+01 5.998004220960647613e+07
1.697935127082889650e+01 5.975630241006345302e+07
1.714914478353718863e+01 5.361063750910799205e+07
1.732063623137256059e+01 5.421277569804880768e+07
1.749384259368628847e+01 5.305106481492868066e+07
1.766878101962314673e+01 5.260962882448229939e+07
1.784546882981938509e+01 5.206611954990361631e+07
1.802392351811757720e+01 4.887434825558435917e+07
1.820416275329875333e+01 4.492089421678901464e+07
1.838620438083173880e+01 4.678639953064589202e+07
1.857006642464005353e+01 4.234141053571384400e+07
1.875576708888645427e+01 4.372757225463195890e+07
1.894332475977532226e+01 4.179335178605962545e+07
1.913275800737307719e+01 4.086113268315871060e+07
1.969740769490774923e+01 3.391379060100315511e+07
2.068227807965313403e+01 2.949318979082346708e+07
2.171639198363579126e+01 2.479266997011040524e+07
2.280221158281758420e+01 2.175399454809312895e+07
2.394232216195846163e+01 1.848652056187405437e+07
2.513943827005638454e+01 1.549017749773321301e+07
2.639641018355920465e+01 1.301583882724522986e+07
2.771623069273716311e+01 1.116770755346018635e+07
2.910204222737402446e+01 9.184931558645617217e+06
3.055714433874272729e+01 7.657703745006700046e+06
3.208500155567985956e+01 6.675636515179103240e+06
3.368925163346385432e+01 5.522393086980277672e+06
3.537371421513704206e+01 4.518155628630090505e+06
3.714239992589390482e+01 3.910600466515954584e+06
3.899951992218858976e+01 3.282130121605184861e+06
4.094949591829801960e+01 2.779973403812869452e+06
4.299697071421292094e+01 2.293938297449372243e+06
4.514681924992356699e+01 1.922300810497344704e+06
4.740416021241974676e+01 1.598119425122262212e+06
4.977436822304073161e+01 1.337039956361877965e+06
5.226308663419276712e+01 1.131265797350965906e+06
5.487624096590241152e+01 9.445491834476793883e+05
5.762005301419753067e+01 7.783906190433670999e+05
6.050105566490740472e+01 6.650714526330423541e+05
6.352610844815276891e+01 5.423450759601005120e+05
6.670241387056040594e+01 4.546263492152660619e+05
7.003753456408843192e+01 3.833239691421273747e+05
7.353941129229284002e+01 3.140824201313662925e+05
7.721638185690748912e+01 2.623101787231804337e+05
8.107720094975286429e+01 2.178538150092299911e+05
8.513106099724051035e+01 1.815634026138768822e+05
8.938761404710253089e+01 1.557325331659493095e+05
9.385699474945765530e+01 1.250546043223921588e+05
