3.401114059005487245e-01 5.442370448774207764e+11
3.435125199595542300e-01 7.673101262695991211e+11
3.469476451591497201e-01 7.158136138996566162e+11
3.504171216107412334e-01 7.504091209283177490e+11
3.539212928268486436e-01 8.308628409411757812e+11
3.574605057551171750e-01 1.374998726006323730e+12
3.610351108126682584e-01 1.161151090308329834e+12
3.646454619207949999e-01 1.151168855361776123e+12
3.682919165400029282e-01 1.147962211139621338e+12
3.719748357054029064e-01 1.732198148546855225e+12
3.756945840624569266e-01 1.773320725687504150e+12
3.794515299030815081e-01 1.422049084134655762e+12
3.832460452021123065e-01 2.053398619532975830e+12
3.870785056541334312e-01 1.847671770460401855e+12
3.909492907106748016e-01 1.637527934381170898e+12
3.948587836177815391e-01 1.263696954982947754e+12
3.988073714539593917e-01 1.136951899413837646e+12
4.027954451684989667e-01 1.166694135572684326e+12
4.068233996201839342e-01 1.483023084206097900e+12
4.108916336163858096e-01 1.045093061706630371e+12
4.150005499525497021e-01 1.356325879099451904e+12
4.191505554520751908e-01 1.533083659454284424e+12
4.233420610065958822e-01 1.706677855017534180e+12
4.275754816166618122e-01 1.625183338161866455e+12
4.318512364328284114e-01 1.685465759205286621e+12
4.361697487971567533e-01 1.419693164552347656e+12
4.405314462851282475e-01 1.838831519229187500e+12
4.449367607479796094e-01 1.644800196912247803e+12
4.493861283554593800e-01 1.485461487326099609e+12
4.538799896390139921e-01 1.424124361195861328e+12
4.584187895354041031e-01 1.490878980299255859e+12
4.630029774307581336e-01 1.493012072536046631e+12
4.676330072050656761e-01 1.576683396047070068e+12
4.723093372771162701e-01 1.646499993831746582e+12
4.770324306498874289e-01 1.708039065314144531e+12
4.818027549563863032e-01 1.772382539057472656e+12
4.866207825059500891e-01 1.937758557382807129e+12
4.914869903310095656e-01 2.030679560650058594e+12
4.964018602343197584e-01 2.120227739683447998e+12
5.013658788366629482e-01 2.321386892592295410e+12
5.063795376250295188e-01 2.487010644784220703e+12
5.114433330012797541e-01 2.634727777818914062e+12
5.165577663312926893e-01 2.997343260028898926e+12
5.217233439946056262e-01 2.807999800540321777e+12
5.269405774345515825e-01 2.849904641745937500e+12
5.322099832088971194e-01 2.708571708038515137e+12
5.375320830409860973e-01 2.866824661246940430e+12
5.429074038713960215e-01 3.226518103540175293e+12
5.483364779101099762e-01 2.975114259782654785e+12
5.538198426892112503e-01 2.892687449026252930e+12
5.593580411161032107e-01 3.107380401730943848e+12
5.649516215272641917e-01 3.144369474367027344e+12
5.706011377425368458e-01 3.092149211952958984e+12
5.763071491199621699e-01 3.145208148857585938e+12
5.820702206111618704e-01 3.119536333217968750e+12
5.878909228172733981e-01 3.420513332023239258e+12
5.937698320454461998e-01 3.558960660707153809e+12
5.997075303659007428e-01 3.594782234575375488e+12
6.057046056695597480e-01 3.468420369428643555e+12
6.117616517262552955e-01 3.492343981793146484e+12
6.178792682435179096e-01 3.784098131886555664e+12
6.240580609259530620e-01 4.136563619292698242e+12
6.302986415352126448e-01 3.904617056470062988e+12
6.366016279505647413e-01 3.830180813658825195e+12
6.429676442300703565e-01 3.766756297427381836e+12
6.493973206723711034e-01 3.787311648843913086e+12
6.558912938790947278e-01 3.818238428516363281e+12
6.624502068178856895e-01 4.072726665571306641e+12
6.690747088860645730e-01 4.266582173565425781e+12
6.757654559749252110e-01 4.304400570548998535e+12
6.825231105346745153e-01 4.324229782471331055e+12
6.893483416400212338e-01 4.158336695451647949e+12
6.962418250564214039e-01 4.099111494723561035e+12
7.032042433069857212e-01 4.051529382824719727e+12
7.102362857400554841e-01 4.323370501542953613e+12
7.173386485974559967e-01 4.488615243763540039e+12
7.245120350834306500e-01 4.365119851406499023e+12
7.317571554342650053e-01 4.241605319869933594e+12
7.390747269886076554e-01 4.126197801686344727e+12
7.464654742584937441e-01 4.100427631552601074e+12
7.539301290010786971e-01 4.040204948395569336e+12
7.614694302910893775e-01 4.163993282151388184e+12
7.690841245940003290e-01 4.400846818711292969e+12
7.767749658399403234e-01 4.450546303958322266e+12
7.845427154983398710e-01 4.438558986079988281e+12
7.923881426533231354e-01 4.479227229479104492e+12
8.003120240798563545e-01 4.355205472750603516e+12
8.083151443206548770e-01 4.343944414813582031e+12
8.163982957638614701e-01 4.209727864689720703e+12
8.245622787215000082e-01 4.338837334816668457e+12
8.328079015087149761e-01 4.500921796290785156e+12
8.411359805238021181e-01 4.486763580479108398e+12
8.495473403290402237e-01 4.644699755259148438e+12
8.580428137323306004e-01 4.523949036325950195e+12
8.666232418696537820e-01 4.608512034105512695e+12
8.752894742883503554e-01 4.408659204974912109e+12
8.840423690312340099e-01 4.489320332545309570e+12
8.928827927215462479e-01 4.479891368234793945e+12
9.018116206487618580e-01 4.484968321592060547e+12
9.108297368552494833e-01 4.458378218890451172e+12
9.199380342238018260e-01 4.289510952495336914e+12
9.291374145660399320e-01 4.273232608784479492e+12
9.384287887117003235e-01 4.317733514405698242e+12
9.478130765988174167e-01 4.187035648130161621e+12
9.572912073648053299e-01 4.152598762765716797e+12
9.668641194384535176e-01 4.109688627246969727e+12
9.765327606328380039e-01 4.177040251832163086e+12
9.862980882391664261e-01 4.167903500896049316e+12
9.961610691215579960e-01 4.280597009086402344e+12
1.006122679812773590e+00 4.226269103443626953e+12
1.016183906610901300e+00 4.145363400605052246e+12
1.026345745677010202e+00 4.137807091885458984e+12
1.036609203133780355e+00 4.075961567936237305e+12
1.046975295165118336e+00 3.957844442150721680e+12
1.057445048116769204e+00 3.893763635125508301e+12
1.068019498597936989e+00 3.867851339419138672e+12
1.078699693583916597e+00 3.821854856606329102e+12
1.089486690519755552e+00 3.782081904596744629e+12
1.100381557424953138e+00 3.751613693325017090e+12
1.111385372999202481e+00 3.722249980442268555e+12
1.122499226729194666e+00 3.662717637054432129e+12
1.133724218996486455e+00 3.612401292908678223e+12
1.145061461186451135e+00 3.571866541632033203e+12
1.156512075798315831e+00 3.554316723454340820e+12
1.168077196556299047e+00 3.502340230911610840e+12
1.179757968521861988e+00 3.406766002411876465e+12
1.191555548207080761e+00 3.482099145158167969e+12
1.203471103689151889e+00 3.327013560866000488e+12
1.215505814726043354e+00 3.244062257360130859e+12
1.227660872873303610e+00 3.178269443582472168e+12
1.239937481602036762e+00 3.146843861670107422e+12
1.252336856418057032e+00 3.108823755508398926e+12
1.264860224982237824e+00 3.046778526587692383e+12
1.277508827232060051e+00 2.972888035773855469e+12
1.290283915504380818e+00 2.947258765722592773e+12
1.303186754659424462e+00 2.875746131432771484e+12
1.316218622206019040e+00 2.814625724661570801e+12
1.329380808428079153e+00 2.811938539540708496e+12
1.342674616512359975e+00 2.810322727826761719e+12
1.356101362677483380e+00 2.771835153817399414e+12
1.369662376304258355e+00 2.709819606585960449e+12
1.383359000067300837e+00 2.642402925776016602e+12
1.397192590067974027e+00 2.607255375218415039e+12
1.411164515968653665e+00 2.574788383331072266e+12
1.425276161128340213e+00 2.547836094882494629e+12
1.439528922739623740e+00 2.478546919955381836e+12
1.453924211967019708e+00 2.444878327258103516e+12
1.468463454086690101e+00 2.395131695192243652e+12
1.483148088627556760e+00 2.325540230642444336e+12
1.497979569513832487e+00 2.275405317009167480e+12
1.512959365208970564e+00 2.204681621136899414e+12
1.528088958861060442e+00 2.158108029080240723e+12
1.543369848449671178e+00 2.089401163857786621e+12
1.558803546934167894e+00 2.064335389147931396e+12
1.574391582403509737e+00 2.001832743224962158e+12
1.590135498227544852e+00 1.955511342857283203e+12
1.606036853209820148e+00 1.884962188405669922e+12
1.622097221741918505e+00 1.839032811542899170e+12
1.638318193959337421e+00 1.768809466637169922e+12
1.654701375898931071e+00 1.718688510829144531e+12
1.671248389657920441e+00 1.671295074773128662e+12
1.687960873554499530e+00 1.636352285829293945e+12
1.704840482290044701e+00 1.606615242065148438e+12
1.721888887112944966e+00 1.599449583564528320e+12
1.739107775984074289e+00 1.580070477229878418e+12
1.756498853743915012e+00 1.574281695632174316e+12
1.774063842281354608e+00 1.563781337124287842e+12
1.791804480704168201e+00 1.545784194484487793e+12
1.809722525511209934e+00 1.526400565558985596e+12
1.827819750766321860e+00 1.495929229063837402e+12
1.846097948273984990e+00 1.481305149880011719e+12
1.864558927756724938e+00 1.464642747385988037e+12
1.883204517034292147e+00 1.422391283904815430e+12
1.902036562204635128e+00 1.381942319651505615e+12
1.921056927826681582e+00 1.346661701907142090e+12
1.940267497104948502e+00 1.327734466159885742e+12
1.959670172075998140e+00 1.279198933160548828e+12
1.979266873796758031e+00 1.271402729796244873e+12
1.999059542534725509e+00 1.227709062713317383e+12
2.019050137960073155e+00 1.204354674004591309e+12
2.039240639339673589e+00 1.173151904726471924e+12
2.059633045733070489e+00 1.150989355796979736e+12
2.080229376190401158e+00 1.118253991550904785e+12
2.101031669952305059e+00 1.083906663462346191e+12
2.122041986651828083e+00 1.054882839492406860e+12
2.143262406518346097e+00 1.021547559491511230e+12
2.164695030583529967e+00 9.865116828443044434e+11
2.186341980889365377e+00 9.553435881864165039e+11
2.208205400698258991e+00 9.218586280534932861e+11
2.230287454705241146e+00 8.947536700759379883e+11
2.252590329252293522e+00 8.659281331291368408e+11
2.275116232544817318e+00 8.362298066945931396e+11
2.297867394870265034e+00 8.554595051200455322e+11
2.320846068818967822e+00 8.479693760315416260e+11
2.344054529507157536e+00 8.331463096323005371e+11
2.367495074802228761e+00 8.146158323857492676e+11
2.391170025550251044e+00 8.204807780100640869e+11
2.415081725805753532e+00 8.053237161824827881e+11
2.439232543063811764e+00 7.887186875121279297e+11
2.463624868494449949e+00 7.719320239359034424e+11
2.488261117179394244e+00 7.610368350858985596e+11
2.513143728351188155e+00 7.425511530038353271e+11
2.538275165634700237e+00 7.200331501515748291e+11
2.563657917291046751e+00 6.991836105457460938e+11
2.589294496463957262e+00 6.771991421181195068e+11
2.615187441428596937e+00 6.513203066732102051e+11
2.641339315842882840e+00 6.260740829424361572e+11
2.667752709001311562e+00 6.061341979943698730e+11
2.694430236091324815e+00 5.876661721140948486e+11
2.721374538452237868e+00 5.726091610014932861e+11
2.748588283836760127e+00 5.593294818683891602e+11
2.776074166675128296e+00 5.453243177727180176e+11
2.803834908341879206e+00 5.290869955468015747e+11
2.831873257425297830e+00 5.163720005183827515e+11
2.860191989999551154e+00 5.012426271619821167e+11
2.888793909899546541e+00 4.845279805039015503e+11
2.917681848998542549e+00 4.734070265347969971e+11
2.946858667488527761e+00 4.589256643518795166e+11
2.976327254163412928e+00 4.460685939301647949e+11
3.006090526705047061e+00 4.311575947281621704e+11
3.036151431972097470e+00 4.206051059512532349e+11
3.066512946291818587e+00 4.054195922837270508e+11
3.097178075754736692e+00 3.948258819472743530e+11
3.128149856512283833e+00 3.818676714713854370e+11
3.159431355077406689e+00 3.694045101087388306e+11
3.191025668628181045e+00 3.576919450436233521e+11
3.222935925314462935e+00 3.451018287130356445e+11
3.255165284567607564e+00 3.338948162995747070e+11
3.287716937413283524e+00 3.226051892538878174e+11
3.320594106787416067e+00 3.115508076106047974e+11
3.353800047855290511e+00 3.007019065089292603e+11
3.387338048333843332e+00 2.900319983034619141e+11
3.421211428817182210e+00 2.805448432043603516e+11
3.455423543105353712e+00 2.701069914758450012e+11
3.489977778536407005e+00 2.608012162509956360e+11
3.524877556321771355e+00 2.519632926453973694e+11
3.560126331884988726e+00 2.429944604734790039e+11
3.595727595203838334e+00 2.343638329691811829e+11
3.631684871155877570e+00 2.263910852487660828e+11
3.668001719867436616e+00 2.187602083792130127e+11
3.704681737066110259e+00 2.113577732357355347e+11
3.741728554436771326e+00 2.033563265097401733e+11
3.779145839981139510e+00 1.962488067459587708e+11
3.816937298380950860e+00 1.895733103474144287e+11
3.855106671364760818e+00 1.828234531395192871e+11
3.893657738078407426e+00 1.769157019049948425e+11
3.932594315459191581e+00 1.710572944518465576e+11
3.971920258613783616e+00 1.665138169501123962e+11
4.011639461199922430e+00 1.610919723997734375e+11
4.051755855811920881e+00 1.565998819428797607e+11
4.092273414370040108e+00 1.524029582322926331e+11
4.133196148513740731e+00 1.475586526310155640e+11
4.174528109998877135e+00 1.430190832315077515e+11
4.216273391098866341e+00 1.384065525737773438e+11
4.258436125009854578e+00 1.346770333604152985e+11
4.301020486259953479e+00 1.351821989199121704e+11
4.344030691122553023e+00 1.326406145366779785e+11
4.387470998033777825e+00 1.307648058692514801e+11
4.431345708014116092e+00 1.295692218826680145e+11
4.475659165094256764e+00 1.271729021152836609e+11
4.520415756745198799e+00 1.236182215253606262e+11
4.565619914312651240e+00 1.196307249867001343e+11
4.611276113455778258e+00 1.160367437845312500e+11
4.657388874590335348e+00 1.114272020141200409e+11
4.703962763336238417e+00 1.072981130371742096e+11
4.751002390969600420e+00 1.031536464414258728e+11
4.798512414879296806e+00 9.999473512034568787e+10
4.846497539028090884e+00 9.603993769449537659e+10
4.894962514418371491e+00 9.301170140430364990e+10
4.943912139562555375e+00 8.983336148302360535e+10
4.993351260958180937e+00 8.663972139487364197e+10
5.043284773567762613e+00 8.362978622733415222e+10
5.093717621303440524e+00 8.061075192699954224e+10
5.144654797516475142e+00 7.785565546792799377e+10
5.196101345491639378e+00 7.487670816310208130e+10
5.248062358946555150e+00 7.232336871828959656e+10
5.300542982536021519e+00 6.956485160144650269e+10
5.353548412361381459e+00 6.699326858956980133e+10
5.407083896484995655e+00 6.458790897867751312e+10
5.461154735449845532e+00 6.226394093015641785e+10
5.515766282804344556e+00 5.995341959754232025e+10
5.570923945632387131e+00 5.763597159213330841e+10
5.626633185088711464e+00 5.549233424931178284e+10
5.682899516939598605e+00 5.346446963764981842e+10
5.739728512108993819e+00 5.154089115713653564e+10
5.797125797230084032e+00 4.955195961991380310e+10
5.855097055202384659e+00 4.785244117861715698e+10
5.913648025754409510e+00 4.595880296394907379e+10
5.972784506011953987e+00 4.420460721057448578e+10
6.032512351072073287e+00 4.260668798142405701e+10
6.092837474582792900e+00 4.098674462060432434e+10
6.153765849328621584e+00 3.942798044157616425e+10
6.215303507821907658e+00 3.794680205021405029e+10
6.277456542900125669e+00 3.661153352272087097e+10
6.340231108329128062e+00 3.536684869088198853e+10
6.403633419412418704e+00 3.418900003110172272e+10
6.467669753606543281e+00 3.323098338679981232e+10
6.532346451142608146e+00 3.220873302574421310e+10
6.597669915654034156e+00 3.127238641458528900e+10
6.663646614810574853e+00 3.029891671230512619e+10
6.730283080958680664e+00 2.912714913444621658e+10
6.797585911768267763e+00 2.819321462181312180e+10
6.865561770885950210e+00 2.714913544410652924e+10
6.934217388594810849e+00 2.622918107933118439e+10
7.003559562480758949e+00 2.523355311495395279e+10
7.073595158105566050e+00 2.437130414167446136e+10
7.144331109686621772e+00 2.348684124680058289e+10
7.215774420783487741e+00 2.264810243931576157e+10
7.287932164991324235e+00 2.184903768673350906e+10
7.360811486641236634e+00 2.105219084567882538e+10
7.434419601507648245e+00 2.029774802548002625e+10
7.508763797522725270e+00 1.958266385183089447e+10
7.583851435497953375e+00 1.888479771496580505e+10
7.659689949852931612e+00 1.820909049546010208e+10
7.736286849351461825e+00 1.757637039134937286e+10
7.813649717844977083e+00 1.688883975972753906e+10
7.891786215023426365e+00 1.636670296410012627e+10
7.970704077173661695e+00 1.576933726243534660e+10
8.050411117945397876e+00 1.521243663015637589e+10
8.130915229124850541e+00 1.468379468386717415e+10
8.212224381416099561e+00 1.415337063296841621e+10
8.294346625230261338e+00 1.366317666323159790e+10
8.377290091482562318e+00 1.317633284807592773e+10
8.461062992397387461e+00 1.270758424072047615e+10
8.545673622321363183e+00 1.225424445868085098e+10
8.631130358544575998e+00 1.180241743267527771e+10
8.717441662130022806e+00 1.138811659454726982e+10
8.804616078751321240e+00 1.097666058920630646e+10
8.892662239538834612e+00 1.056564961522742653e+10
8.981588861934222123e+00 1.018772666549543571e+10
9.071404750553567098e+00 9.810638760776786804e+09
9.162118798059102787e+00 9.459272645581220627e+09
9.253739986039693832e+00 9.118291712168804169e+09
9.346277385900089385e+00 8.791306412566757202e+09
9.439740159759089977e+00 8.475574264235718727e+09
9.534137561356683221e+00 8.158235548233381271e+09
9.629478936970249592e+00 7.881027141278246880e+09
9.725773726339950187e+00 7.589208071248321533e+09
9.823031463603349778e+00 7.319349845571516037e+09
9.921261778239381712e+00 7.064339198780744553e+09
1.002047439602177548e+01 6.804161393038245201e+09
1.012067913998199487e+01 6.566180004672130585e+09
1.022188593138181290e+01 6.323515046698562622e+09
1.032410479069563181e+01 6.107485194499918938e+09
1.042734583860258724e+01 5.882012949985246658e+09
1.053161929698861421e+01 5.674635793169337273e+09
1.063693548995849980e+01 5.469526093604723930e+09
1.074330484485808412e+01 5.276884581546298027e+09
1.085073789330666472e+01 5.080962194709772110e+09
1.095924527223973222e+01 4.906771087288469315e+09
1.106883772496212970e+01 4.722594641682940483e+09
1.117952610221174936e+01 4.557800801949753761e+09
1.129132136323386781e+01 4.388827672541251183e+09
1.140423457686620701e+01 4.230581161078583717e+09
1.151827692263487002e+01 4.078857319865019321e+09
1.163345969186121920e+01 3.929793152259061337e+09
1.174979428877982990e+01 3.788608097554893017e+09
1.186729223166762992e+01 3.648596539355570793e+09
1.198596515398430462e+01 3.510796023237287045e+09
1.210582480552414708e+01 3.386660552084157944e+09
1.222688305357938887e+01 3.260038734250123024e+09
1.234915188411518194e+01 3.142345149745849133e+09
1.247264340295633467e+01 3.027562693837748051e+09
1.259736983698589619e+01 2.913548482564300537e+09
1.272334353535575424e+01 2.807137786994549751e+09
1.285057697070931226e+01 2.704695789276630878e+09
1.297908274041640553e+01 2.607242019309937477e+09
1.310887356782057012e+01 2.509764614958592415e+09
1.323996230349877479e+01 2.418147219496458054e+09
1.337236192653376321e+01 2.329202189614308834e+09
1.350608554579910248e+01 2.244230544943456173e+09
1.364114640125709244e+01 2.158826838462356567e+09
1.377755786526966197e+01 2.081248502885454416e+09
1.391533344392236238e+01 2.001506282045459986e+09
1.405448677836158211e+01 1.927795960113054752e+09
1.419503164614519974e+01 1.861359833313550234e+09
1.433698196260665192e+01 1.789230118923270464e+09
1.448035178223271835e+01 1.723784291931055069e+09
1.462515530005504516e+01 1.662284825040306091e+09
1.477140685305559664e+01 1.597125324293313980e+09
1.491912092158615089e+01 1.539916460264777422e+09
1.506831213080201159e+01 1.481536673515093803e+09
1.521899525211003024e+01 1.427190889481959343e+09
1.537118520463113214e+01 1.375247662538918257e+09
1.552489705667744246e+01 1.323227186178331614e+09
1.568014602724421813e+01 1.274871325564671040e+09
1.583694748751665848e+01 1.226845580860029221e+09
1.599531696239182388e+01 1.181809311244341612e+09
1.615527013201574391e+01 1.139286446572166443e+09
1.631682283333590178e+01 1.095025699121082783e+09
1.647999106166925998e+01 1.055187153739859700e+09
1.664479097228595350e+01 1.016197081807000279e+09
1.681123888200881211e+01 9.781265192798900604e+08
1.697935127082889650e+01 9.414528679343959093e+08
1.714914478353718863e+01 9.066836908397759199e+08
1.732063623137256059e+01 8.736463435267311335e+08
1.749384259368628847e+01 8.399418065912563801e+08
1.766878101962314673e+01 8.095462865062371492e+08
1.784546882981938509e+01 7.785122312008843422e+08
1.802392351811757720e+01 7.500624098173774481e+08
1.820416275329875333e+01 7.220101761245118380e+08
1.838620438083173880e+01 6.950227053357337713e+08
1.857006642464005353e+01 6.694671723485063314e+08
1.875576708888645427e+01 6.444187316228204966e+08
1.894332475977532226e+01 6.202347939423592091e+08
1.913275800737307719e+01 5.968381803441075087e+08
1.969740769490774923e+01 5.262715316991018057e+08
2.068227807965313403e+01 4.130448990594041348e+08
2.171639198363579126e+01 3.410149029930066466e+08
2.280221158281758420e+01 2.813998047360124588e+08
2.394232216195846163e+01 2.328380153708668053e+08
2.513943827005638454e+01 1.921145365651692450e+08
2.639641018355920465e+01 1.587254913103661537e+08
2.771623069273716311e+01 1.312544255376187116e+08
2.910204222737402446e+01 1.085686007591368705e+08
3.055714433874272729e+01 8.978918831694199145e+07
3.208500155567985956e+01 7.410840950244480371e+07
3.368925163346385432e+01 6.136784708831951767e+07
3.537371421513704206e+01 5.060158299950236827e+07
3.714239992589390482e+01 4.165270321619763225e+07
3.899951992218858976e+01 3.420330315445809066e+07
4.094949591829801960e+01 2.816276245085695758e+07
4.299697071421292094e+01 2.316393077763366327e+07
4.514681924992356699e+01 1.905147370788782090e+07
4.740416021241974676e+01 1.564395225431244820e+07
4.977436822304073161e+01 1.287211125100537762e+07
5.226308663419276712e+01 1.060649397474133037e+07
5.487624096590241152e+01 8.686622093161325902e+06
5.762005301419753067e+01 7.163954799037892371e+06
6.050105566490740472e+01 5.872650265832720324e+06
6.352610844815276891e+01 4.823176271889279597e+06
6.670241387056040594e+01 3.968348449011888355e+06
7.003753456408843192e+01 3.257403453939657658e+06
7.353941129229284002e+01 2.679007523043897003e+06
7.721638185690748912e+01 2.189281226265514269e+06
8.107720094975286429e+01 1.804989684021650348e+06
8.513106099724051035e+01 1.481797838295351714e+06
8.938761404710253089e+01 1.211706136526440503e+06
9.385699474945765530e+01 9.936347851295655128e+05
