3.401114059005487245e-01 2.478374187084704285e+11
3.435125199595542300e-01 2.995507034117891235e+11
3.469476451591497201e-01 3.186318094752434082e+11
3.504171216107412334e-01 3.369498926376174316e+11
3.539212928268486436e-01 3.547985270164469604e+11
3.574605057551171750e-01 4.285454419218981323e+11
3.610351108126682584e-01 4.338264352752065430e+11
3.646454619207949999e-01 4.548671225796420288e+11
3.682919165400029282e-01 4.833587190836267090e+11
3.719748357054029064e-01 5.650899253141872559e+11
3.756945840624569266e-01 5.963433282332904053e+11
3.794515299030815081e-01 5.978206875875897217e+11
3.832460452021123065e-01 6.819925081966809082e+11
3.870785056541334312e-01 7.053260613010401611e+11
3.909492907106748016e-01 7.214603069013420410e+11
3.948587836177815391e-01 6.901223613832425537e+11
3.988073714539593917e-01 6.884434590012054443e+11
4.027954451684989667e-01 7.271176631876236572e+11
4.068233996201839342e-01 8.214426812132839355e+11
4.108916336163858096e-01 7.602390685743557129e+11
4.150005499525497021e-01 8.604994743277607422e+11
4.191505554520751908e-01 9.386612027282749023e+11
4.233420610065958822e-01 1.036683406443836426e+12
4.275754816166618122e-01 1.046651577241048950e+12
4.318512364328284114e-01 1.107565596107064453e+12
4.361697487971567533e-01 1.093692225414391235e+12
4.405314462851282475e-01 1.227913091083403320e+12
4.449367607479796094e-01 1.227939773991878906e+12
4.493861283554593800e-01 1.231181117437817871e+12
4.538799896390139921e-01 1.266667979265615967e+12
4.584187895354041031e-01 1.331616599710429199e+12
4.630029774307581336e-01 1.390812284364539551e+12
4.676330072050656761e-01 1.455040046500829346e+12
4.723093372771162701e-01 1.525239309764738770e+12
4.770324306498874289e-01 1.623354831955758789e+12
4.818027549563863032e-01 1.685962765957979980e+12
4.866207825059500891e-01 1.742450517836932861e+12
4.914869903310095656e-01 1.797091281885595215e+12
4.964018602343197584e-01 1.890580225504678711e+12
5.013658788366629482e-01 2.001780963699036133e+12
5.063795376250295188e-01 2.103487428591598633e+12
5.114433330012797541e-01 2.197638513036474365e+12
5.165577663312926893e-01 2.349374556978428223e+12
5.217233439946056262e-01 2.344196984833746582e+12
5.269405774345515825e-01 2.413733738694501953e+12
5.322099832088971194e-01 2.459967342956054688e+12
5.375320830409860973e-01 2.562056384224660645e+12
5.429074038713960215e-01 2.713106460812565918e+12
5.483364779101099762e-01 2.738633022927859863e+12
5.538198426892112503e-01 2.772478684232272461e+12
5.593580411161032107e-01 2.883029363317726074e+12
5.649516215272641917e-01 2.976851007511633789e+12
5.706011377425368458e-01 3.027604226333054688e+12
5.763071491199621699e-01 3.092114847239680176e+12
5.820702206111618704e-01 3.140885546007371582e+12
5.878909228172733981e-01 3.310729874301896973e+12
5.937698320454461998e-01 3.417165583205263672e+12
5.997075303659007428e-01 3.471407223523078613e+12
6.057046056695597480e-01 3.482337167661179199e+12
6.117616517262552955e-01 3.509468413364091797e+12
6.178792682435179096e-01 3.684929241815209473e+12
6.240580609259530620e-01 3.845090402089832520e+12
6.302986415352126448e-01 3.827580477044519531e+12
6.366016279505647413e-01 3.827955994049929199e+12
6.429676442300703565e-01 3.851604982654690430e+12
6.493973206723711034e-01 3.902077384032443848e+12
6.558912938790947278e-01 3.959900346867804199e+12
6.624502068178856895e-01 4.100288286989139648e+12
6.690747088860645730e-01 4.223557132955572754e+12
6.757654559749252110e-01 4.286613225960865723e+12
6.825231105346745153e-01 4.312713767948084961e+12
6.893483416400212338e-01 4.299761607630278320e+12
6.962418250564214039e-01 4.290389858941595215e+12
7.032042433069857212e-01 4.307097075765809570e+12
7.102362857400554841e-01 4.445150993491416992e+12
7.173386485974559967e-01 4.536635528459288086e+12
7.245120350834306500e-01 4.528964229450418945e+12
7.317571554342650053e-01 4.495761845599550781e+12
7.390747269886076554e-01 4.482793706004484375e+12
7.464654742584937441e-01 4.490628849423616211e+12
7.539301290010786971e-01 4.501287657857769531e+12
7.614694302910893775e-01 4.583483614819889648e+12
7.690841245940003290e-01 4.698347220897031250e+12
7.767749658399403234e-01 4.744781722192055664e+12
7.845427154983398710e-01 4.765460742663627930e+12
7.923881426533231354e-01 4.783821499253692383e+12
8.003120240798563545e-01 4.759626922248708008e+12
8.083151443206548770e-01 4.763068192766746094e+12
8.163982957638614701e-01 4.731024121359550781e+12
8.245622787215000082e-01 4.791640040490019531e+12
8.328079015087149761e-01 4.846730107592187500e+12
8.411359805238021181e-01 4.860248069583584961e+12
8.495473403290402237e-01 4.922492307936406250e+12
8.580428137323306004e-01 4.879845760766007812e+12
8.666232418696537820e-01 4.906598656505813477e+12
8.752894742883503554e-01 4.850823889540562500e+12
8.840423690312340099e-01 4.872395539700112305e+12
8.928827927215462479e-01 4.884420936974594727e+12
9.018116206487618580e-01 4.875296575916765625e+12
9.108297368552494833e-01 4.858274862301031250e+12
9.199380342238018260e-01 4.793833148786398438e+12
9.291374145660399320e-01 4.777625440838510742e+12
9.384287887117003235e-01 4.781300195045226562e+12
9.478130765988174167e-01 4.731862383821874023e+12
9.572912073648053299e-01 4.709248128994215820e+12
9.668641194384535176e-01 4.679445782664778320e+12
9.765327606328380039e-01 4.684394051857563477e+12
9.862980882391664261e-01 4.671321117099160156e+12
9.961610691215579960e-01 4.696065671310133789e+12
1.006122679812773590e+00 4.659565667207007812e+12
1.016183906610901300e+00 4.608801358519467773e+12
1.026345745677010202e+00 4.588847889901497070e+12
1.036609203133780355e+00 4.545488636026355469e+12
1.046975295165118336e+00 4.483401184364877930e+12
1.057445048116769204e+00 4.435355984902769531e+12
1.068019498597936989e+00 4.404175099006463867e+12
1.078699693583916597e+00 4.358040049304499512e+12
1.089486690519755552e+00 4.312778164172755371e+12
1.100381557424953138e+00 4.276502441861945801e+12
1.111385372999202481e+00 4.235070225510555664e+12
1.122499226729194666e+00 4.185390686183643555e+12
1.133724218996486455e+00 4.135317658043304199e+12
1.145061461186451135e+00 4.091147433475567871e+12
1.156512075798315831e+00 4.048657828113614746e+12
1.168077196556299047e+00 3.998252436273745117e+12
1.179757968521861988e+00 3.936583319413172852e+12
1.191555548207080761e+00 3.923970634268179199e+12
1.203471103689151889e+00 3.841645613847464355e+12
1.215505814726043354e+00 3.773246510572600098e+12
1.227660872873303610e+00 3.714248048591746094e+12
1.239937481602036762e+00 3.669599289168804199e+12
1.252336856418057032e+00 3.618097665193769531e+12
1.264860224982237824e+00 3.558182669834573730e+12
1.277508827232060051e+00 3.495121137468211914e+12
1.290283915504380818e+00 3.450458305664140137e+12
1.303186754659424462e+00 3.387168568270693359e+12
1.316218622206019040e+00 3.325397923278363281e+12
1.329380808428079153e+00 3.284062397388059082e+12
1.342674616512359975e+00 3.244606290248390137e+12
1.356101362677483380e+00 3.188452296950748535e+12
1.369662376304258355e+00 3.126810259788616211e+12
1.383359000067300837e+00 3.065603546801060547e+12
1.397192590067974027e+00 3.016384332522558594e+12
1.411164515968653665e+00 2.966527844958084961e+12
1.425276161128340213e+00 2.917740580965444336e+12
1.439528922739623740e+00 2.854978385030218750e+12
1.453924211967019708e+00 2.801653155583005371e+12
1.468463454086690101e+00 2.747858771746932129e+12
1.483148088627556760e+00 2.684657489627541992e+12
1.497979569513832487e+00 2.627995055574434082e+12
1.512959365208970564e+00 2.565001925107723145e+12
1.528088958861060442e+00 2.510896618910179199e+12
1.543369848449671178e+00 2.448927051968676758e+12
1.558803546934167894e+00 2.401309404347232910e+12
1.574391582403509737e+00 2.342763381304739746e+12
1.590135498227544852e+00 2.285410455452189453e+12
1.606036853209820148e+00 2.230179815165573730e+12
1.622097221741918505e+00 2.177711257693646484e+12
1.638318193959337421e+00 2.114600983702983643e+12
1.654701375898931071e+00 2.062527728019358398e+12
1.671248389657920441e+00 2.012578693566181885e+12
1.687960873554499530e+00 1.969143135244893066e+12
1.704840482290044701e+00 1.929919028891477783e+12
1.721888887112944966e+00 1.901646473445114990e+12
1.739107775984074289e+00 1.868923096196303711e+12
1.756498853743915012e+00 1.841934594707761963e+12
1.774063842281354608e+00 1.814147280936832275e+12
1.791804480704168201e+00 1.782102503860531738e+12
1.809722525511209934e+00 1.749981299895127686e+12
1.827819750766321860e+00 1.711791887383270020e+12
1.846097948273984990e+00 1.681964662395965576e+12
1.864558927756724938e+00 1.651301347348836426e+12
1.883204517034292147e+00 1.607612946460132080e+12
1.902036562204635128e+00 1.567034015032553467e+12
1.921056927826681582e+00 1.528063635560089111e+12
1.940267497104948502e+00 1.498447000509634766e+12
1.959670172075998140e+00 1.452240711622757568e+12
1.979266873796758031e+00 1.429216974001554688e+12
1.999059542534725509e+00 1.387658956431389404e+12
2.019050137960073155e+00 1.356088048940038818e+12
2.039240639339673589e+00 1.322325201881399414e+12
2.059633045733070489e+00 1.291385171775471680e+12
2.080229376190401158e+00 1.258644136205383789e+12
2.101031669952305059e+00 1.224210355033864502e+12
2.122041986651828083e+00 1.192017069842305664e+12
2.143262406518346097e+00 1.158405875464900391e+12
2.164695030583529967e+00 1.123910121512923584e+12
2.186341980889365377e+00 1.091499402616828125e+12
2.208205400698258991e+00 1.058415840661770264e+12
2.230287454705241146e+00 1.027356765312260498e+12
2.252590329252293522e+00 9.970963775531872559e+11
2.275116232544817318e+00 9.677059973813980713e+11
2.297867394870265034e+00 9.561897283406043701e+11
2.320846068818967822e+00 9.365450974067434082e+11
2.344054529507157536e+00 9.152606237361496582e+11
2.367495074802228761e+00 8.927847602508631592e+11
2.391170025550251044e+00 8.790273105981595459e+11
2.415081725805753532e+00 8.594760290654195557e+11
2.439232543063811764e+00 8.390706436954642334e+11
2.463624868494449949e+00 8.195478746470198975e+11
2.488261117179394244e+00 8.009053758762586670e+11
2.513143728351188155e+00 7.802254178203447266e+11
2.538275165634700237e+00 7.584890395247932129e+11
2.563657917291046751e+00 7.369675826977070312e+11
2.589294496463957262e+00 7.151075193588466797e+11
2.615187441428596937e+00 6.919163794045927734e+11
2.641339315842882840e+00 6.695290684354757080e+11
2.667752709001311562e+00 6.491856773233334961e+11
2.694430236091324815e+00 6.305141383353015137e+11
2.721374538452237868e+00 6.131482207025119629e+11
2.748588283836760127e+00 5.970660070418438721e+11
2.776074166675128296e+00 5.806681280940848389e+11
2.803834908341879206e+00 5.635242802446225586e+11
2.831873257425297830e+00 5.482471293285922852e+11
2.860191989999551154e+00 5.320607529497925415e+11
2.888793909899546541e+00 5.152724078393833618e+11
2.917681848998542549e+00 5.015925875829423218e+11
2.946858667488527761e+00 4.862867797561794434e+11
2.976327254163412928e+00 4.722524839207200317e+11
3.006090526705047061e+00 4.572710498321329346e+11
3.036151431972097470e+00 4.444520791944025269e+11
3.066512946291818587e+00 4.298862524453596802e+11
3.097178075754736692e+00 4.174613924789688110e+11
3.128149856512283833e+00 4.042787960776727905e+11
3.159431355077406689e+00 3.915345757184391479e+11
3.191025668628181045e+00 3.793290516733750610e+11
3.222935925314462935e+00 3.668158476583459473e+11
3.255165284567607564e+00 3.552375197376155396e+11
3.287716937413283524e+00 3.436387061540477295e+11
3.320594106787416067e+00 3.323631747163021851e+11
3.353800047855290511e+00 3.215546784066596069e+11
3.387338048333843332e+00 3.108374104266861572e+11
3.421211428817182210e+00 3.007110938348090820e+11
3.455423543105353712e+00 2.905843141316947632e+11
3.489977778536407005e+00 2.810172691080021973e+11
3.524877556321771355e+00 2.717481168680243835e+11
3.560126331884988726e+00 2.627049289910685425e+11
3.595727595203838334e+00 2.538758094685847473e+11
3.631684871155877570e+00 2.455257771404202576e+11
3.668001719867436616e+00 2.374119758603624878e+11
3.704681737066110259e+00 2.295029148999357300e+11
3.741728554436771326e+00 2.216237900419595642e+11
3.779145839981139510e+00 2.141933247888353271e+11
3.816937298380950860e+00 2.071267452495306396e+11
3.855106671364760818e+00 2.001638792001034241e+11
3.893657738078407426e+00 1.936184015256170044e+11
3.932594315459191581e+00 1.873124694341233521e+11
3.971920258613783616e+00 1.815587021402917786e+11
4.011639461199922430e+00 1.757057674919768982e+11
4.051755855811920881e+00 1.702565783890423584e+11
4.092273414370040108e+00 1.650881188506555481e+11
4.133196148513740731e+00 1.596634724418536072e+11
4.174528109998877135e+00 1.545725241940606079e+11
4.216273391098866341e+00 1.495141360393187256e+11
4.258436125009854578e+00 1.449026563770522461e+11
4.301020486259953479e+00 1.416408521768145752e+11
4.344030691122553023e+00 1.376418969717456665e+11
4.387470998033777825e+00 1.340474806825667267e+11
4.431345708014116092e+00 1.305800789453017273e+11
4.475659165094256764e+00 1.267499909905978394e+11
4.520415756745198799e+00 1.227371881513342896e+11
4.565619914312651240e+00 1.186507371362708588e+11
4.611276113455778258e+00 1.147007046401572723e+11
4.657388874590335348e+00 1.105963600079860382e+11
4.703962763336238417e+00 1.067652043553781891e+11
4.751002390969600420e+00 1.030488192568247375e+11
4.798512414879296806e+00 9.963330334388578796e+10
4.846497539028090884e+00 9.610200883148115540e+10
4.894962514418371491e+00 9.295169626629217529e+10
4.943912139562555375e+00 8.979132451404785156e+10
4.993351260958180937e+00 8.669621909645727539e+10
5.043284773567762613e+00 8.375658907278993225e+10
5.093717621303440524e+00 8.082399095603482056e+10
5.144654797516475142e+00 7.805289145703796387e+10
5.196101345491639378e+00 7.530263674156227112e+10
5.248062358946555150e+00 7.273199023038540649e+10
5.300542982536021519e+00 7.015501327790318298e+10
5.353548412361381459e+00 6.767534142638408661e+10
5.407083896484995655e+00 6.534217283093972778e+10
5.461154735449845532e+00 6.301499954371832275e+10
5.515766282804344556e+00 6.079018533525508118e+10
5.570923945632387131e+00 5.863376522237462616e+10
5.626633185088711464e+00 5.654311516936466980e+10
5.682899516939598605e+00 5.455537757505804443e+10
5.739728512108993819e+00 5.264051933162321472e+10
5.797125797230084032e+00 5.072032111697997284e+10
5.855097055202384659e+00 4.896858680484471893e+10
5.913648025754409510e+00 4.718984436072534943e+10
5.972784506011953987e+00 4.551213670568895721e+10
6.032512351072073287e+00 4.391259717755770874e+10
6.092837474582792900e+00 4.232594758314338684e+10
6.153765849328621584e+00 4.080544239775220490e+10
6.215303507821907658e+00 3.934403479175669861e+10
6.277456542900125669e+00 3.796566242906077576e+10
6.340231108329128062e+00 3.664969089387273407e+10
6.403633419412418704e+00 3.538783211960356903e+10
6.467669753606543281e+00 3.424724830788605499e+10
6.532346451142608146e+00 3.309959068764522934e+10
6.597669915654034156e+00 3.201130553724506378e+10
6.663646614810574853e+00 3.093411622093300629e+10
6.730283080958680664e+00 2.980101864750807190e+10
6.797585911768267763e+00 2.878512321317976379e+10
6.865561770885950210e+00 2.774458470192874146e+10
6.934217388594810849e+00 2.677574207473553085e+10
7.003559562480758949e+00 2.579629460953675461e+10
7.073595158105566050e+00 2.488937020196026230e+10
7.144331109686621772e+00 2.399452992975283813e+10
7.215774420783487741e+00 2.313630268158770752e+10
7.287932164991324235e+00 2.231219649555701065e+10
7.360811486641236634e+00 2.150578764075656509e+10
7.434419601507648245e+00 2.073364534765912247e+10
7.508763797522725270e+00 1.999380838435654449e+10
7.583851435497953375e+00 1.927671734551034164e+10
7.659689949852931612e+00 1.858391941112323761e+10
7.736286849351461825e+00 1.792272019276120377e+10
7.813649717844977083e+00 1.725419686432030487e+10
7.891786215023426365e+00 1.666545150453331566e+10
7.970704077173661695e+00 1.606094677059663391e+10
8.050411117945397876e+00 1.548415270345077515e+10
8.130915229124850541e+00 1.493248345940712547e+10
8.212224381416099561e+00 1.439186337123214912e+10
8.294346625230261338e+00 1.387881091916170502e+10
8.377290091482562318e+00 1.337787752088435364e+10
8.461062992397387461e+00 1.289560789416629219e+10
8.545673622321363183e+00 1.243004775760758781e+10
8.631130358544575998e+00 1.197465940004163551e+10
8.717441662130022806e+00 1.154453016728260612e+10
8.804616078751321240e+00 1.112492689189186859e+10
8.892662239538834612e+00 1.071479019232891273e+10
8.981588861934222123e+00 1.032653377065431023e+10
9.071404750553567098e+00 9.947125663866762161e+09
9.162118798059102787e+00 9.586344735571794510e+09
9.253739986039693832e+00 9.237066026027435303e+09
9.346277385900089385e+00 8.901424668121829987e+09
9.439740159759089977e+00 8.578020059764620781e+09
9.534137561356683221e+00 8.260682369396750450e+09
9.629478936970249592e+00 7.965984496486372948e+09
9.725773726339950187e+00 7.672293092013850212e+09
9.823031463603349778e+00 7.393686358537260056e+09
9.921261778239381712e+00 7.127029986327024460e+09
1.002047439602177548e+01 6.864635118804512978e+09
1.012067913998199487e+01 6.616347784640237808e+09
1.022188593138181290e+01 6.372343451787026405e+09
1.032410479069563181e+01 6.143406064616999626e+09
1.042734583860258724e+01 5.916572856942591667e+09
1.053161929698861421e+01 5.701904550104438782e+09
1.063693548995849980e+01 5.492569005198804855e+09
1.074330484485808412e+01 5.292978997295928955e+09
1.085073789330666472e+01 5.096598505826706886e+09
1.095924527223973222e+01 4.913079046772831917e+09
1.106883772496212970e+01 4.730149036880863190e+09
1.117952610221174936e+01 4.558263871383862495e+09
1.129132136323386781e+01 4.389317713063915253e+09
1.140423457686620701e+01 4.227910307172928333e+09
1.151827692263487002e+01 4.072947694340190411e+09
1.163345969186121920e+01 3.922323714139604568e+09
1.174979428877982990e+01 3.778237637167255402e+09
1.186729223166762992e+01 3.637828689223955154e+09
1.198596515398430462e+01 3.501748787289937019e+09
1.210582480552414708e+01 3.373429852659728050e+09
1.222688305357938887e+01 3.247629890506019592e+09
1.234915188411518194e+01 3.127981967270977974e+09
1.247264340295633467e+01 3.011994824646259785e+09
1.259736983698589619e+01 2.899107245538430691e+09
1.272334353535575424e+01 2.791861649865643024e+09
1.285057697070931226e+01 2.688275964654994488e+09
1.297908274041640553e+01 2.588968938700353622e+09
1.310887356782057012e+01 2.492184462995137215e+09
1.323996230349877479e+01 2.399694955945932388e+09
1.337236192653376321e+01 2.310443654571208000e+09
1.350608554579910248e+01 2.224599001493392944e+09
1.364114640125709244e+01 2.140812039843060732e+09
1.377755786526966197e+01 2.061648677253133059e+09
1.391533344392236238e+01 1.983710556086389303e+09
1.405448677836158211e+01 1.909757534264070034e+09
1.419503164614519974e+01 1.840060373668864250e+09
1.433698196260665192e+01 1.770112139576025248e+09
1.448035178223271835e+01 1.704291995131855965e+09
1.462515530005504516e+01 1.641276442485194445e+09
1.477140685305559664e+01 1.578601100676951408e+09
1.491912092158615089e+01 1.520165906556627989e+09
1.506831213080201159e+01 1.462780602816760778e+09
1.521899525211003024e+01 1.408227121531451941e+09
1.537118520463113214e+01 1.355725041239245653e+09
1.552489705667744246e+01 1.304557850240506172e+09
1.568014602724421813e+01 1.255882833393525362e+09
1.583694748751665848e+01 1.208538464079480886e+09
1.599531696239182388e+01 1.163274166155200958e+09
1.615527013201574391e+01 1.120065717131024361e+09
1.631682283333590178e+01 1.077334734671761751e+09
1.647999106166925998e+01 1.037144730038852096e+09
1.664479097228595350e+01 9.982218331632089615e+08
1.681123888200881211e+01 9.606019144537118673e+08
1.697935127082889650e+01 9.243648285862292051e+08
1.714914478353718863e+01 8.896682593768646717e+08
1.732063623137256059e+01 8.563680128916120529e+08
1.749384259368628847e+01 8.237305721083744764e+08
1.766878101962314673e+01 7.929895057097734213e+08
1.784546882981938509e+01 7.628191781357737780e+08
1.802392351811757720e+01 7.342102841663937569e+08
1.820416275329875333e+01 7.065112743936663866e+08
1.838620438083173880e+01 6.798239240775586367e+08
1.857006642464005353e+01 6.542783532082146406e+08
1.875576708888645427e+01 6.295655394473935366e+08
1.894332475977532226e+01 6.057505139985013008e+08
1.913275800737307719e+01 5.827687717098439932e+08
1.969740769490774923e+01 5.186691111505869627e+08
2.068227807965313403e+01 4.227018365556035042e+08
2.171639198363579126e+01 3.493071921582947373e+08
2.280221158281758420e+01 2.885540032497637868e+08
2.394232216195846163e+01 2.386126326623515189e+08
2.513943827005638454e+01 1.970447121483522058e+08
2.639641018355920465e+01 1.628106441469797194e+08
2.771623069273716311e+01 1.345529503488446772e+08
2.910204222737402446e+01 1.112017194095574319e+08
3.055714433874272729e+01 9.187332335346780717e+07
3.208500155567985956e+01 7.584608080611197650e+07
3.368925163346385432e+01 6.268727895013235509e+07
3.537371421513704206e+01 5.171428463133855164e+07
3.714239992589390482e+01 4.262695190546664596e+07
3.899951992218858976e+01 3.509409720596385747e+07
4.094949591829801960e+01 2.891947170471183956e+07
4.299697071421292094e+01 2.382555452962884679e+07
4.514681924992356699e+01 1.962475492497415468e+07
4.740416021241974676e+01 1.615111985769830644e+07
4.977436822304073161e+01 1.330437932335930318e+07
5.226308663419276712e+01 1.096529367458673567e+07
5.487624096590241152e+01 9.012139733792789280e+06
5.762005301419753067e+01 7.429384002734995447e+06
6.050105566490740472e+01 6.108211428339210339e+06
6.352610844815276891e+01 5.024957422769374214e+06
6.670241387056040594e+01 4.137751624562882818e+06
7.003753456408843192e+01 3.403498585651860107e+06
7.353941129229284002e+01 2.801607755624989979e+06
7.721638185690748912e+01 2.298875663521719165e+06
8.107720094975286429e+01 1.894439844145457493e+06
8.513106099724051035e+01 1.558184153696949128e+06
8.938761404710253089e+01 1.278582572598740458e+06
9.385699474945765530e+01 1.050541607672302285e+06
