3.401114059005487245e-01 3.878408694084036827e+09
3.435125199595542300e-01 4.007166740328083515e+09
3.469476451591497201e-01 4.058663093798524857e+09
3.504171216107412334e-01 4.875222941566298485e+09
3.539212928268486436e-01 5.619959678239753723e+09
3.574605057551171750e-01 8.170197886491115570e+09
3.610351108126682584e-01 6.443887869194072723e+09
3.646454619207949999e-01 7.589545515723399162e+09
3.682919165400029282e-01 7.736526839101001740e+09
3.719748357054029064e-01 1.509289652966348648e+10
3.756945840624569266e-01 1.486038066168519974e+10
3.794515299030815081e-01 1.026483454229567337e+10
3.832460452021123065e-01 1.782482334922023392e+10
3.870785056541334312e-01 1.779633989427066040e+10
3.909492907106748016e-01 1.515480473059890175e+10
3.948587836177815391e-01 1.076099603267098808e+10
3.988073714539593917e-01 1.324405583106480789e+10
4.027954451684989667e-01 1.576937942635437584e+10
4.068233996201839342e-01 1.660392856387312698e+10
4.108916336163858096e-01 1.734288960256631851e+10
4.150005499525497021e-01 1.744455158983358002e+10
4.191505554520751908e-01 1.904343080782686615e+10
4.233420610065958822e-01 3.360701845740616608e+10
4.275754816166618122e-01 2.354054549514021301e+10
4.318512364328284114e-01 2.679307087905675125e+10
4.361697487971567533e-01 2.964671581516100693e+10
4.405314462851282475e-01 3.372496554041735840e+10
4.449367607479796094e-01 3.818861021244889069e+10
4.493861283554593800e-01 4.185733571073903656e+10
4.538799896390139921e-01 4.485950691124332428e+10
4.584187895354041031e-01 5.112188709609606934e+10
4.630029774307581336e-01 5.993770630324826050e+10
4.676330072050656761e-01 6.381885487656254578e+10
4.723093372771162701e-01 6.359587305822544861e+10
4.770324306498874289e-01 7.625588832113763428e+10
4.818027549563863032e-01 8.491458165909570312e+10
4.866207825059500891e-01 8.609658839297930908e+10
4.914869903310095656e-01 7.752393612938586426e+10
4.964018602343197584e-01 9.734905757520896912e+10
5.013658788366629482e-01 1.110739651898850861e+11
5.063795376250295188e-01 1.045656637843669434e+11
5.114433330012797541e-01 9.813243273567933655e+10
5.165577663312926893e-01 1.283118850769342041e+11
5.217233439946056262e-01 1.328271242223511047e+11
5.269405774345515825e-01 1.412485531739037170e+11
5.322099832088971194e-01 1.420696611452877808e+11
5.375320830409860973e-01 1.586887239520140686e+11
5.429074038713960215e-01 1.768301113701290283e+11
5.483364779101099762e-01 2.104367827753735352e+11
5.538198426892112503e-01 2.076458840597487183e+11
5.593580411161032107e-01 2.405666678932773132e+11
5.649516215272641917e-01 2.870944557848191528e+11
5.706011377425368458e-01 2.831680590693242188e+11
5.763071491199621699e-01 2.829736183809517822e+11
5.820702206111618704e-01 2.795761366570295410e+11
5.878909228172733981e-01 3.669296423648969116e+11
5.937698320454461998e-01 4.181405502840851440e+11
5.997075303659007428e-01 4.034399977610538330e+11
6.057046056695597480e-01 3.618764197956220703e+11
6.117616517262552955e-01 3.246749799620442505e+11
6.178792682435179096e-01 4.605792166635642090e+11
6.240580609259530620e-01 5.423893507604418945e+11
6.302986415352126448e-01 4.798419829875705566e+11
6.366016279505647413e-01 4.204545732755721436e+11
6.429676442300703565e-01 3.985450981284564209e+11
6.493973206723711034e-01 3.969545258975769653e+11
6.558912938790947278e-01 4.239427740522406006e+11
6.624502068178856895e-01 5.085482363555512085e+11
6.690747088860645730e-01 5.838954136637275391e+11
6.757654559749252110e-01 6.079359003408247070e+11
6.825231105346745153e-01 5.794344699355688477e+11
6.893483416400212338e-01 5.303322507352322998e+11
6.962418250564214039e-01 4.701790547744763794e+11
7.032042433069857212e-01 4.608600226669298096e+11
7.102362857400554841e-01 6.032804470054038086e+11
7.173386485974559967e-01 6.550078116802609863e+11
7.245120350834306500e-01 6.040766937622471924e+11
7.317571554342650053e-01 5.181004722594697876e+11
7.390747269886076554e-01 4.630655219890856934e+11
7.464654742584937441e-01 4.478159862204260864e+11
7.539301290010786971e-01 4.474522403189517822e+11
7.614694302910893775e-01 5.333971652393917236e+11
7.690841245940003290e-01 6.398874519934102783e+11
7.767749658399403234e-01 6.580593774109152832e+11
7.845427154983398710e-01 6.591988029224715576e+11
7.923881426533231354e-01 6.499428250146330566e+11
8.003120240798563545e-01 6.186388486619583740e+11
8.083151443206548770e-01 5.740271741896134033e+11
8.163982957638614701e-01 5.412189052034292603e+11
8.245622787215000082e-01 6.055486601771616211e+11
8.328079015087149761e-01 6.476603078149968262e+11
8.411359805238021181e-01 6.746233990492094727e+11
8.495473403290402237e-01 7.865495841093474121e+11
8.580428137323306004e-01 7.309595266518084717e+11
8.666232418696537820e-01 6.749771925802740479e+11
8.752894742883503554e-01 6.383593946726094971e+11
8.840423690312340099e-01 6.563830336287823486e+11
8.928827927215462479e-01 7.341214578508801270e+11
9.018116206487618580e-01 7.124548040576750488e+11
9.108297368552494833e-01 6.817864182734550781e+11
9.199380342238018260e-01 6.640376181349237061e+11
9.291374145660399320e-01 6.884391181169779053e+11
9.384287887117003235e-01 6.941846911238730469e+11
9.478130765988174167e-01 6.878251192254047852e+11
9.572912073648053299e-01 6.834716743632711182e+11
9.668641194384535176e-01 6.816495506519724121e+11
9.765327606328380039e-01 7.316034487798255615e+11
9.862980882391664261e-01 7.578763245258564453e+11
9.961610691215579960e-01 7.781703835764816895e+11
1.006122679812773590e+00 7.730834584710447998e+11
1.016183906610901300e+00 7.612719124160572510e+11
1.026345745677010202e+00 7.612512853981282959e+11
1.036609203133780355e+00 7.511733281967388916e+11
1.046975295165118336e+00 7.448278027642220459e+11
1.057445048116769204e+00 7.469561798653637695e+11
1.068019498597936989e+00 7.490796943349984131e+11
1.078699693583916597e+00 7.524504813310113525e+11
1.089486690519755552e+00 7.660972640049667969e+11
1.100381557424953138e+00 7.896707691442261963e+11
1.111385372999202481e+00 8.036702737204038086e+11
1.122499226729194666e+00 8.018780824156513672e+11
1.133724218996486455e+00 8.037801120851379395e+11
1.145061461186451135e+00 8.032045836561351318e+11
1.156512075798315831e+00 8.052630266786203613e+11
1.168077196556299047e+00 8.076593823380030518e+11
1.179757968521861988e+00 8.110318682500325928e+11
1.191555548207080761e+00 8.130883596720393066e+11
1.203471103689151889e+00 8.103128560132496338e+11
1.215505814726043354e+00 8.059210582973966064e+11
1.227660872873303610e+00 8.022022300692321777e+11
1.239937481602036762e+00 8.077166589055964355e+11
1.252336856418057032e+00 8.086309774785673828e+11
1.264860224982237824e+00 8.055253064413901367e+11
1.277508827232060051e+00 8.002490244141535645e+11
1.290283915504380818e+00 8.004374648878735352e+11
1.303186754659424462e+00 7.981208255027928467e+11
1.316218622206019040e+00 7.990235725895158691e+11
1.329380808428079153e+00 8.232761212826608887e+11
1.342674616512359975e+00 8.641661640560258789e+11
1.356101362677483380e+00 8.682144118726533203e+11
1.369662376304258355e+00 8.605110786960280762e+11
1.383359000067300837e+00 8.556519003465418701e+11
1.397192590067974027e+00 8.619363541682867432e+11
1.411164515968653665e+00 8.648849299870838623e+11
1.425276161128340213e+00 8.653010695420006104e+11
1.439528922739623740e+00 8.570518382785281982e+11
1.453924211967019708e+00 8.473783978872121582e+11
1.468463454086690101e+00 8.441303832832072754e+11
1.483148088627556760e+00 8.346712490975581055e+11
1.497979569513832487e+00 8.239104632774498291e+11
1.512959365208970564e+00 8.121447993110375977e+11
1.528088958861060442e+00 8.005068795448405762e+11
1.543369848449671178e+00 7.904830031759248047e+11
1.558803546934167894e+00 7.779199926605571289e+11
1.574391582403509737e+00 7.637828622697872314e+11
1.590135498227544852e+00 7.508938998012551270e+11
1.606036853209820148e+00 7.387834359294442139e+11
1.622097221741918505e+00 7.254285436538404541e+11
1.638318193959337421e+00 7.122646192302044678e+11
1.654701375898931071e+00 6.998419611094516602e+11
1.671248389657920441e+00 6.873537839917145996e+11
1.687960873554499530e+00 6.791975510806099854e+11
1.704840482290044701e+00 6.770569606965069580e+11
1.721888887112944966e+00 6.801526256964344482e+11
1.739107775984074289e+00 6.782542848496053467e+11
1.756498853743915012e+00 6.781374340744180908e+11
1.774063842281354608e+00 6.795822967417070312e+11
1.791804480704168201e+00 6.763977603056428223e+11
1.809722525511209934e+00 6.731924767298890381e+11
1.827819750766321860e+00 6.634595142992525635e+11
1.846097948273984990e+00 6.612965907196026611e+11
1.864558927756724938e+00 6.578157590749270020e+11
1.883204517034292147e+00 6.398883890180241699e+11
1.902036562204635128e+00 6.258763072703636475e+11
1.921056927826681582e+00 6.142353550914865723e+11
1.940267497104948502e+00 6.035761948114753418e+11
1.959670172075998140e+00 5.928704321262122803e+11
1.979266873796758031e+00 5.854562035247269287e+11
1.999059542534725509e+00 5.774673719230855713e+11
2.019050137960073155e+00 5.677479917827907715e+11
2.039240639339673589e+00 5.558758979878176270e+11
2.059633045733070489e+00 5.435161014702612305e+11
2.080229376190401158e+00 5.310867223527735596e+11
2.101031669952305059e+00 5.166817050106678467e+11
2.122041986651828083e+00 5.036992419027728271e+11
2.143262406518346097e+00 4.903916303231408081e+11
2.164695030583529967e+00 4.766894713982476196e+11
2.186341980889365377e+00 4.651232981649362793e+11
2.208205400698258991e+00 4.531782750199416504e+11
2.230287454705241146e+00 4.419692249198439331e+11
2.252590329252293522e+00 4.317132741106901245e+11
2.275116232544817318e+00 4.221431323371968994e+11
2.297867394870265034e+00 4.221682657483615112e+11
2.320846068818967822e+00 4.176013175603834229e+11
2.344054529507157536e+00 4.104374202107860718e+11
2.367495074802228761e+00 4.035533777915350342e+11
2.391170025550251044e+00 4.001452749365676270e+11
2.415081725805753532e+00 3.965689832910329590e+11
2.439232543063811764e+00 3.926318706672536621e+11
2.463624868494449949e+00 3.886101144949778442e+11
2.488261117179394244e+00 3.820993198139954834e+11
2.513143728351188155e+00 3.769803145186357422e+11
2.538275165634700237e+00 3.695876304759779663e+11
2.563657917291046751e+00 3.611162293779061279e+11
2.589294496463957262e+00 3.517040986079408569e+11
2.615187441428596937e+00 3.404994487289567261e+11
2.641339315842882840e+00 3.307829762779910889e+11
2.667752709001311562e+00 3.216262898468593140e+11
2.694430236091324815e+00 3.161624250964307251e+11
2.721374538452237868e+00 3.106925548089187622e+11
2.748588283836760127e+00 3.054658212221777954e+11
2.776074166675128296e+00 2.992212071075188599e+11
2.803834908341879206e+00 2.913986102774715576e+11
2.831873257425297830e+00 2.856356107155313110e+11
2.860191989999551154e+00 2.781650629379553223e+11
2.888793909899546541e+00 2.695759443524939880e+11
2.917681848998542549e+00 2.652954386949139709e+11
2.946858667488527761e+00 2.572347637089855347e+11
2.976327254163412928e+00 2.512653494313008728e+11
3.006090526705047061e+00 2.431841570546791687e+11
3.036151431972097470e+00 2.379224633105579224e+11
3.066512946291818587e+00 2.295291817653766174e+11
3.097178075754736692e+00 2.237423148332687683e+11
3.128149856512283833e+00 2.168974963156153564e+11
3.159431355077406689e+00 2.100487871701668091e+11
3.191025668628181045e+00 2.037924548985991211e+11
3.222935925314462935e+00 1.968485567810610046e+11
3.255165284567607564e+00 1.906468505784555969e+11
3.287716937413283524e+00 1.844486172350901489e+11
3.320594106787416067e+00 1.783725487202217712e+11
3.353800047855290511e+00 1.728909990310806885e+11
3.387338048333843332e+00 1.672606795439968567e+11
3.421211428817182210e+00 1.619225271994339294e+11
3.455423543105353712e+00 1.566166529373017883e+11
3.489977778536407005e+00 1.518076008619341736e+11
3.524877556321771355e+00 1.471054552051458740e+11
3.560126331884988726e+00 1.424251722650615234e+11
3.595727595203838334e+00 1.378187783271518250e+11
3.631684871155877570e+00 1.336013124266479645e+11
3.668001719867436616e+00 1.294692309576284332e+11
3.704681737066110259e+00 1.252258904705667419e+11
3.741728554436771326e+00 1.211159931190206146e+11
3.779145839981139510e+00 1.172056338424568787e+11
3.816937298380950860e+00 1.136519815881979065e+11
3.855106671364760818e+00 1.100293829146305847e+11
3.893657738078407426e+00 1.066463319693846436e+11
3.932594315459191581e+00 1.035154684637601776e+11
3.971920258613783616e+00 1.007555722327677002e+11
4.011639461199922430e+00 9.796539833741671753e+10
4.051755855811920881e+00 9.538241278632112122e+10
4.092273414370040108e+00 9.311989749876252747e+10
4.133196148513740731e+00 9.030926345990573120e+10
4.174528109998877135e+00 8.784699301023320007e+10
4.216273391098866341e+00 8.531430804117021179e+10
4.258436125009854578e+00 8.317813109373033142e+10
4.301020486259953479e+00 8.146053184810192871e+10
4.344030691122553023e+00 7.932438329658137512e+10
4.387470998033777825e+00 7.707490014467163086e+10
4.431345708014116092e+00 7.532348523722935486e+10
4.475659165094256764e+00 7.322584761563534546e+10
4.520415756745198799e+00 7.110376545728507996e+10
4.565619914312651240e+00 6.905743122934066772e+10
4.611276113455778258e+00 6.708954435161588287e+10
4.657388874590335348e+00 6.497515333577500916e+10
4.703962763336238417e+00 6.289953545552178192e+10
4.751002390969600420e+00 6.085845641231563568e+10
4.798512414879296806e+00 5.906512457160870361e+10
4.846497539028090884e+00 5.710682289722940063e+10
4.894962514418371491e+00 5.533189438950644684e+10
4.943912139562555375e+00 5.355626365479029846e+10
4.993351260958180937e+00 5.180438285175827026e+10
5.043284773567762613e+00 5.039680806143384552e+10
5.093717621303440524e+00 4.865904259409221649e+10
5.144654797516475142e+00 4.725126586729593658e+10
5.196101345491639378e+00 4.569279768339077759e+10
5.248062358946555150e+00 4.428125755888908386e+10
5.300542982536021519e+00 4.290228589037244415e+10
5.353548412361381459e+00 4.152090021697615814e+10
5.407083896484995655e+00 4.025896841299909973e+10
5.461154735449845532e+00 3.884962290532657623e+10
5.515766282804344556e+00 3.751419260618642426e+10
5.570923945632387131e+00 3.622798101372313690e+10
5.626633185088711464e+00 3.496671617743774414e+10
5.682899516939598605e+00 3.379699007633645248e+10
5.739728512108993819e+00 3.262603393318620300e+10
5.797125797230084032e+00 3.145486415838911819e+10
5.855097055202384659e+00 3.043854368676437759e+10
5.913648025754409510e+00 2.932550712598583984e+10
5.972784506011953987e+00 2.830719280621125412e+10
6.032512351072073287e+00 2.737492708087934875e+10
6.092837474582792900e+00 2.631649869713454056e+10
6.153765849328621584e+00 2.535956080700416946e+10
6.215303507821907658e+00 2.447289493878474808e+10
6.277456542900125669e+00 2.366493540756387711e+10
6.340231108329128062e+00 2.289398895569935226e+10
6.403633419412418704e+00 2.222062410425895691e+10
6.467669753606543281e+00 2.175104478096641922e+10
6.532346451142608146e+00 2.116005575628054810e+10
6.597669915654034156e+00 2.069704201109869385e+10
6.663646614810574853e+00 2.012198735704998779e+10
6.730283080958680664e+00 1.926379093611653519e+10
6.797585911768267763e+00 1.873787554234243774e+10
6.865561770885950210e+00 1.803232121115647125e+10
6.934217388594810849e+00 1.741881991792723465e+10
7.003559562480758949e+00 1.674950856435622787e+10
7.073595158105566050e+00 1.621102398065413094e+10
7.144331109686621772e+00 1.562605089267962265e+10
7.215774420783487741e+00 1.505018289932633209e+10
7.287932164991324235e+00 1.453558844758963966e+10
7.360811486641236634e+00 1.403349048495716667e+10
7.434419601507648245e+00 1.352945140755657005e+10
7.508763797522725270e+00 1.305978160589896965e+10
7.583851435497953375e+00 1.261042589984114456e+10
7.659689949852931612e+00 1.216629645373295403e+10
7.736286849351461825e+00 1.175180361109112549e+10
7.813649717844977083e+00 1.126372451531442642e+10
7.891786215023426365e+00 1.098176057880629158e+10
7.970704077173661695e+00 1.056741949641071510e+10
8.050411117945397876e+00 1.020148713751307869e+10
8.130915229124850541e+00 9.854652232166559219e+09
8.212224381416099561e+00 9.504768554541973114e+09
8.294346625230261338e+00 9.201926118376651764e+09
8.377290091482562318e+00 8.867176088213413239e+09
8.461062992397387461e+00 8.553555413799722672e+09
8.545673622321363183e+00 8.250897463887738228e+09
8.631130358544575998e+00 7.935275615655522346e+09
8.717441662130022806e+00 7.661724960648784637e+09
8.804616078751321240e+00 7.372083445253102303e+09
8.892662239538834612e+00 7.085552510939139366e+09
8.981588861934222123e+00 6.837141445874851227e+09
9.071404750553567098e+00 6.568662878271518707e+09
9.162118798059102787e+00 6.330297889918258667e+09
9.253739986039693832e+00 6.108374944773324013e+09
9.346277385900089385e+00 5.878970225489139557e+09
9.439740159759089977e+00 5.668805129423657417e+09
9.534137561356683221e+00 5.446402917155266762e+09
9.629478936970249592e+00 5.273758546918041229e+09
9.725773726339950187e+00 5.071196036955781937e+09
9.823031463603349778e+00 4.888157672367670059e+09
9.921261778239381712e+00 4.727554706226392746e+09
1.002047439602177548e+01 4.546539039379905701e+09
1.012067913998199487e+01 4.396190020606336594e+09
1.022188593138181290e+01 4.226790915719822884e+09
1.032410479069563181e+01 4.091732972565812588e+09
1.042734583860258724e+01 3.940121936333076477e+09
1.053161929698861421e+01 3.806302448722131252e+09
1.063693548995849980e+01 3.670352271916723728e+09
1.074330484485808412e+01 3.545515594110792637e+09
1.085073789330666472e+01 3.410850229860562325e+09
1.095924527223973222e+01 3.305891742385170937e+09
1.106883772496212970e+01 3.187771515593152046e+09
1.117952610221174936e+01 3.074149888804173946e+09
1.129132136323386781e+01 2.960628108435522079e+09
1.140423457686620701e+01 2.858045388753624916e+09
1.151827692263487002e+01 2.760961024154421329e+09
1.163345969186121920e+01 2.657288449975259781e+09
1.174979428877982990e+01 2.567504473485110760e+09
1.186729223166762992e+01 2.474410385611004353e+09
1.198596515398430462e+01 2.377630988074082375e+09
1.210582480552414708e+01 2.298363791457547665e+09
1.222688305357938887e+01 2.209588544167988300e+09
1.234915188411518194e+01 2.129626935123815060e+09
1.247264340295633467e+01 2.061952142479763031e+09
1.259736983698589619e+01 1.980310954018876314e+09
1.272334353535575424e+01 1.910205733187459469e+09
1.285057697070931226e+01 1.838046695569593430e+09
1.297908274041640553e+01 1.777260872912717819e+09
1.310887356782057012e+01 1.706541769081697941e+09
1.323996230349877479e+01 1.645817475197375298e+09
1.337236192653376321e+01 1.585861012693950176e+09
1.350608554579910248e+01 1.531306513690714359e+09
1.364114640125709244e+01 1.468414801703897476e+09
1.377755786526966197e+01 1.420822046638279438e+09
1.391533344392236238e+01 1.365216145797268867e+09
1.405448677836158211e+01 1.313147759838285923e+09
1.419503164614519974e+01 1.274383734101907730e+09
1.433698196260665192e+01 1.219664921327302456e+09
1.448035178223271835e+01 1.176830446958691597e+09
1.462515530005504516e+01 1.135079695416737556e+09
1.477140685305559664e+01 1.088768103647262573e+09
1.491912092158615089e+01 1.052117858719302297e+09
1.506831213080201159e+01 1.008579903743009448e+09
1.521899525211003024e+01 9.733955294233453274e+08
1.537118520463113214e+01 9.406416820629693270e+08
1.552489705667744246e+01 9.034648790721306801e+08
1.568014602724421813e+01 8.700254861814312935e+08
1.583694748751665848e+01 8.372998959069709778e+08
1.599531696239182388e+01 8.082518700761837959e+08
1.615527013201574391e+01 7.806497840806354284e+08
1.631682283333590178e+01 7.443044774992228746e+08
1.647999106166925998e+01 7.209775517958809137e+08
1.664479097228595350e+01 6.942709364372961521e+08
1.681123888200881211e+01 6.665282741720794439e+08
1.697935127082889650e+01 6.403322667956949472e+08
1.714914478353718863e+01 6.188442027216126919e+08
1.732063623137256059e+01 5.986174041039788723e+08
1.749384259368628847e+01 5.710074363092398643e+08
1.766878101962314673e+01 5.530570225063976049e+08
1.784546882981938509e+01 5.287610503331117034e+08
1.802392351811757720e+01 5.106623398151589036e+08
1.820416275329875333e+01 4.918556099134545326e+08
1.838620438083173880e+01 4.736589901644569635e+08
1.857006642464005353e+01 4.569441604976014495e+08
1.875576708888645427e+01 4.378124847868780494e+08
1.894332475977532226e+01 4.209104978486821055e+08
1.913275800737307719e+01 4.053750913475885987e+08
1.969740769490774923e+01 3.622412409728084207e+08
2.068227807965313403e+01 3.003935041296861172e+08
2.171639198363579126e+01 2.484211035815697014e+08
2.280221158281758420e+01 2.055096442297771871e+08
2.394232216195846163e+01 1.700727280752421319e+08
2.513943827005638454e+01 1.405167097363253832e+08
2.639641018355920465e+01 1.165025070303257257e+08
2.771623069273716311e+01 9.648575383997990191e+07
2.910204222737402446e+01 7.967365055578301847e+07
3.055714433874272729e+01 6.612405797295548022e+07
3.208500155567985956e+01 5.461611845763000846e+07
3.368925163346385432e+01 4.531224376111872494e+07
3.537371421513704206e+01 3.737697751929119229e+07
3.714239992589390482e+01 3.089135648528726771e+07
3.899951992218858976e+01 2.539299950856984779e+07
4.094949591829801960e+01 2.092561506822814047e+07
4.299697071421292094e+01 1.721677119830254838e+07
4.514681924992356699e+01 1.413313624325252324e+07
4.740416021241974676e+01 1.165630363826903328e+07
4.977436822304073161e+01 9.599669820423433557e+06
5.226308663419276712e+01 7.920033287442496046e+06
5.487624096590241152e+01 6.509396373195599765e+06
5.762005301419753067e+01 5.369250636709406041e+06
6.050105566490740472e+01 4.417544512453562580e+06
6.352610844815276891e+01 3.623000759351574350e+06
6.670241387056040594e+01 2.994891914945071563e+06
7.003753456408843192e+01 2.459185860485467594e+06
7.353941129229284002e+01 2.027149119635967771e+06
7.721638185690748912e+01 1.663924421507790219e+06
8.107720094975286429e+01 1.372863883129799971e+06
8.513106099724051035e+01 1.131722028478305787e+06
8.938761404710253089e+01 9.251870515733005013e+05
9.385699474945765530e+01 7.622666118031094084e+05
