3.401114059005487245e-01 2.503514349219180603e+11
3.435125199595542300e-01 1.971431573192850647e+11
3.469476451591497201e-01 2.239953754623208313e+11
3.504171216107412334e-01 2.348293996340621948e+11
3.539212928268486436e-01 2.254877385190249634e+11
3.574605057551171750e-01 2.024470566453544006e+11
3.610351108126682584e-01 1.904190718636061401e+11
3.646454619207949999e-01 1.622274484825713196e+11
3.682919165400029282e-01 1.489704965148666992e+11
3.719748357054029064e-01 1.442878873208505554e+11
3.756945840624569266e-01 1.512836354325904541e+11
3.794515299030815081e-01 1.676707360239964600e+11
3.832460452021123065e-01 1.500565115482891846e+11
3.870785056541334312e-01 1.520738239395347900e+11
3.909492907106748016e-01 1.372104658328270569e+11
3.948587836177815391e-01 1.075358831691131439e+11
3.988073714539593917e-01 9.905194384896092224e+10
4.027954451684989667e-01 9.084199232229559326e+10
4.068233996201839342e-01 7.941295352750566101e+10
4.108916336163858096e-01 5.735473343957571411e+10
4.150005499525497021e-01 5.901879866709446716e+10
4.191505554520751908e-01 4.920444507989300537e+10
4.233420610065958822e-01 4.532059487358772278e+10
4.275754816166618122e-01 4.590948666131523895e+10
4.318512364328284114e-01 4.392795228161166382e+10
4.361697487971567533e-01 4.802264829917323303e+10
4.405314462851282475e-01 5.840115006433123779e+10
4.449367607479796094e-01 6.115080524200820160e+10
4.493861283554593800e-01 6.665848846393013763e+10
4.538799896390139921e-01 6.730713937761811066e+10
4.584187895354041031e-01 6.499075181369351196e+10
4.630029774307581336e-01 7.215803998691825867e+10
4.676330072050656761e-01 6.930307268229902649e+10
4.723093372771162701e-01 6.484509363796029663e+10
4.770324306498874289e-01 5.179882730085935211e+10
4.818027549563863032e-01 4.489555466416285706e+10
4.866207825059500891e-01 4.070519512800372314e+10
4.914869903310095656e-01 4.562394215524042511e+10
4.964018602343197584e-01 4.076262245821675873e+10
5.013658788366629482e-01 2.858283956841898346e+10
5.063795376250295188e-01 2.070009934880972672e+10
5.114433330012797541e-01 1.718338080510247803e+10
5.165577663312926893e-01 1.551069112955541420e+10
5.217233439946056262e-01 1.840321423208685684e+10
5.269405774345515825e-01 1.682132693220294952e+10
5.322099832088971194e-01 1.633743363801028442e+10
5.375320830409860973e-01 1.603294560128978348e+10
5.429074038713960215e-01 1.456494573843356323e+10
5.483364779101099762e-01 1.131049012678717804e+10
5.538198426892112503e-01 1.055178641801711082e+10
5.593580411161032107e-01 1.024555833503152275e+10
5.649516215272641917e-01 9.708603251743726730e+09
5.706011377425368458e-01 8.252048330183574677e+09
5.763071491199621699e-01 5.878453241438459396e+09
5.820702206111618704e-01 4.341578534756095886e+09
5.878909228172733981e-01 1.233301079825091362e+09
5.937698320454461998e-01 3.201295848982263565e+09
5.997075303659007428e-01 6.830154151736747742e+09
6.057046056695597480e-01 1.022451468336265755e+10
6.117616517262552955e-01 1.181470691725339317e+10
6.178792682435179096e-01 1.531976378676530266e+10
6.240580609259530620e-01 1.881574916743373108e+10
6.302986415352126448e-01 2.187905221712596512e+10
6.366016279505647413e-01 2.487316224567065430e+10
6.429676442300703565e-01 2.765405388321363068e+10
6.493973206723711034e-01 2.887556783635595703e+10
6.558912938790947278e-01 2.919846545190877533e+10
6.624502068178856895e-01 3.329356900174016571e+10
6.690747088860645730e-01 3.691107212914799500e+10
6.757654559749252110e-01 4.066278630034180450e+10
6.825231105346745153e-01 4.384830600988253021e+10
6.893483416400212338e-01 4.405306449789102173e+10
6.962418250564214039e-01 4.125399861795025635e+10
7.032042433069857212e-01 4.194640942757099915e+10
7.102362857400554841e-01 4.619195227954087830e+10
7.173386485974559967e-01 5.031028481064264679e+10
7.245120350834306500e-01 5.405448051770687103e+10
7.317571554342650053e-01 5.540480078842156982e+10
7.390747269886076554e-01 4.913526915371071625e+10
7.464654742584937441e-01 4.540735209053659058e+10
7.539301290010786971e-01 4.897115775073757172e+10
7.614694302910893775e-01 4.224630612548208618e+10
7.690841245940003290e-01 1.104289601177490807e+10
7.767749658399403234e-01 5.190889989813664246e+10
7.845427154983398710e-01 6.670270438323303986e+10
7.923881426533231354e-01 6.393552224155230713e+10
8.003120240798563545e-01 6.549232034167139435e+10
8.083151443206548770e-01 8.072661180362649536e+10
8.163982957638614701e-01 9.020389962401686096e+10
8.245622787215000082e-01 9.973375402551708984e+10
8.328079015087149761e-01 1.052207233106899567e+11
8.411359805238021181e-01 1.104106948868940582e+11
8.495473403290402237e-01 1.150528527721820068e+11
8.580428137323306004e-01 1.133656443141779327e+11
8.666232418696537820e-01 1.037423797719725494e+11
8.752894742883503554e-01 1.098270717031760406e+11
8.840423690312340099e-01 1.227579810538079529e+11
8.928827927215462479e-01 1.283785237113807678e+11
9.018116206487618580e-01 1.359793300167036438e+11
9.108297368552494833e-01 1.421075589282774353e+11
9.199380342238018260e-01 1.448339167520921021e+11
9.291374145660399320e-01 1.347402620088795471e+11
9.384287887117003235e-01 1.403708186466238098e+11
9.478130765988174167e-01 1.452108834563900757e+11
9.572912073648053299e-01 1.475212886975630798e+11
9.668641194384535176e-01 1.503083819519629822e+11
9.765327606328380039e-01 1.550656635358279419e+11
9.862980882391664261e-01 1.637571617864971008e+11
9.961610691215579960e-01 1.694101069644247437e+11
1.006122679812773590e+00 1.703893434117245789e+11
1.016183906610901300e+00 1.835017949071424255e+11
1.026345745677010202e+00 1.934169594561203003e+11
1.036609203133780355e+00 2.011370387667449036e+11
1.046975295165118336e+00 2.041500611622686768e+11
1.057445048116769204e+00 2.056271843230187683e+11
1.068019498597936989e+00 2.132875663905051880e+11
1.078699693583916597e+00 2.197936620584959717e+11
1.089486690519755552e+00 2.175580915443622437e+11
1.100381557424953138e+00 2.024395696614114380e+11
1.111385372999202481e+00 1.964743978969476318e+11
1.122499226729194666e+00 1.994239840497668762e+11
1.133724218996486455e+00 1.939716617488703003e+11
1.145061461186451135e+00 2.013964257163159790e+11
1.156512075798315831e+00 2.041969346646472473e+11
1.168077196556299047e+00 2.072482869345596313e+11
1.179757968521861988e+00 2.052972072852087402e+11
1.191555548207080761e+00 2.231181308662145386e+11
1.203471103689151889e+00 2.365291282423592834e+11
1.215505814726043354e+00 2.483836841377329102e+11
1.227660872873303610e+00 2.580310588494907532e+11
1.239937481602036762e+00 2.659604832638274231e+11
1.252336856418057032e+00 2.724205343746356201e+11
1.264860224982237824e+00 2.759972831372269897e+11
1.277508827232060051e+00 2.761710241427553711e+11
1.290283915504380818e+00 2.756698910683983765e+11
1.303186754659424462e+00 2.747284257554433899e+11
1.316218622206019040e+00 2.705236331727920532e+11
1.329380808428079153e+00 2.312511647436716614e+11
1.342674616512359975e+00 1.691859957224250793e+11
1.356101362677483380e+00 1.514964429713073120e+11
1.369662376304258355e+00 1.505685567358862305e+11
1.383359000067300837e+00 1.571867606769294434e+11
1.397192590067974027e+00 1.508338027224254761e+11
1.411164515968653665e+00 1.413027045911589966e+11
1.425276161128340213e+00 1.336872843271903076e+11
1.439528922739623740e+00 1.392157266128769836e+11
1.453924211967019708e+00 1.541606292317560425e+11
1.468463454086690101e+00 1.531272066726515198e+11
1.483148088627556760e+00 1.607161055480908508e+11
1.497979569513832487e+00 1.703867575097033081e+11
1.512959365208970564e+00 1.826123580420672302e+11
1.528088958861060442e+00 1.950290524279438782e+11
1.543369848449671178e+00 2.072403895845173035e+11
1.558803546934167894e+00 2.232363795150887451e+11
1.574391582403509737e+00 2.403923016054185486e+11
1.590135498227544852e+00 2.532663838962319946e+11
1.606036853209820148e+00 2.619810226264212646e+11
1.622097221741918505e+00 2.744858221914413757e+11
1.638318193959337421e+00 2.804361938589716797e+11
1.654701375898931071e+00 2.838893614327481689e+11
1.671248389657920441e+00 2.886166879502437134e+11
1.687960873554499530e+00 2.869740983185650024e+11
1.704840482290044701e+00 2.731694165227803040e+11
1.721888887112944966e+00 2.465629277788641357e+11
1.739107775984074289e+00 2.323853416587063293e+11
1.756498853743915012e+00 2.181247471987388611e+11
1.774063842281354608e+00 1.958798109116182556e+11
1.791804480704168201e+00 1.837697803233639832e+11
1.809722525511209934e+00 1.683223450502738342e+11
1.827819750766321860e+00 1.658261022244851074e+11
1.846097948273984990e+00 1.510891574714923706e+11
1.864558927756724938e+00 1.411397444665322266e+11
1.883204517034292147e+00 1.536295968150067444e+11
1.902036562204635128e+00 1.603352983146571045e+11
1.921056927826681582e+00 1.615633467249078674e+11
1.940267497104948502e+00 1.567231928936076050e+11
1.959670172075998140e+00 1.561591958423629761e+11
1.979266873796758031e+00 1.532532497470459290e+11
1.999059542534725509e+00 1.495664008624727783e+11
2.019050137960073155e+00 1.530485829184280701e+11
2.039240639339673589e+00 1.592453383017500305e+11
2.059633045733070489e+00 1.669283977005780945e+11
2.080229376190401158e+00 1.741820329201041565e+11
2.101031669952305059e+00 1.851210425747880249e+11
2.122041986651828083e+00 1.926999073446184998e+11
2.143262406518346097e+00 1.998370823270726929e+11
2.164695030583529967e+00 2.046146988956587830e+11
2.186341980889365377e+00 2.044344171079974670e+11
2.208205400698258991e+00 2.043053228572834473e+11
2.230287454705241146e+00 2.027643743198861389e+11
2.252590329252293522e+00 2.007551082717219238e+11
2.275116232544817318e+00 1.968542088980413513e+11
2.297867394870265034e+00 1.837823997733571167e+11
2.320846068818967822e+00 1.732652855059468384e+11
2.344054529507157536e+00 1.664517925440065613e+11
2.367495074802228761e+00 1.587152736469354858e+11
2.391170025550251044e+00 1.498896433770763855e+11
2.415081725805753532e+00 1.362719114411229248e+11
2.439232543063811764e+00 1.241028084028508148e+11
2.463624868494449949e+00 1.147560909369072418e+11
2.488261117179394244e+00 1.068660027944434814e+11
2.513143728351188155e+00 9.476659157641191101e+10
2.538275165634700237e+00 8.999741692664816284e+10
2.563657917291046751e+00 8.643954073986982727e+10
2.589294496463957262e+00 8.527780074982710266e+10
2.615187441428596937e+00 8.811808928724108887e+10
2.641339315842882840e+00 8.769351286047612000e+10
2.667752709001311562e+00 8.591100225525186157e+10
2.694430236091324815e+00 7.996613857430564880e+10
2.721374538452237868e+00 7.747065839860826111e+10
2.748588283836760127e+00 7.538454477401184082e+10
2.776074166675128296e+00 7.117894817918254089e+10
2.803834908341879206e+00 7.156652383776747131e+10
2.831873257425297830e+00 6.876192914116787720e+10
2.860191989999551154e+00 6.838902863427809143e+10
2.888793909899546541e+00 6.924941826819432068e+10
2.917681848998542549e+00 6.429541011696520233e+10
2.946858667488527761e+00 6.638198393466062927e+10
2.976327254163412928e+00 6.513483752741607666e+10
3.006090526705047061e+00 6.643760658416063690e+10
3.036151431972097470e+00 6.565820789141613007e+10
3.066512946291818587e+00 6.819215942271866608e+10
3.097178075754736692e+00 6.740608303450632477e+10
3.128149856512283833e+00 6.840613483817121887e+10
3.159431355077406689e+00 6.892446976563435364e+10
3.191025668628181045e+00 6.931680207743669128e+10
3.222935925314462935e+00 7.023323492934805298e+10
3.255165284567607564e+00 7.179890164974067688e+10
3.287716937413283524e+00 7.155352342206129456e+10
3.320594106787416067e+00 7.232900425237892151e+10
3.353800047855290511e+00 7.134114232281106567e+10
3.387338048333843332e+00 7.112128294941989136e+10
3.421211428817182210e+00 7.110374428787669373e+10
3.455423543105353712e+00 7.142530190131622314e+10
3.489977778536407005e+00 7.019869186998043823e+10
3.524877556321771355e+00 6.944849701413235474e+10
3.560126331884988726e+00 6.952545082221493530e+10
3.595727595203838334e+00 6.896166483806597900e+10
3.631684871155877570e+00 6.844789206790109253e+10
3.668001719867436616e+00 6.750854362284492493e+10
3.704681737066110259e+00 6.772507423834709167e+10
3.741728554436771326e+00 6.707025676166133118e+10
3.779145839981139510e+00 6.659336556419239807e+10
3.816937298380950860e+00 6.526548927992627716e+10
3.855106671364760818e+00 6.460925098575556183e+10
3.893657738078407426e+00 6.334136812901055908e+10
3.932594315459191581e+00 6.170366782569933319e+10
3.971920258613783616e+00 5.909554639526129150e+10
4.011639461199922430e+00 5.630557856671707916e+10
4.051755855811920881e+00 5.368512731075749969e+10
4.092273414370040108e+00 4.982009017113091278e+10
4.133196148513740731e+00 4.815503663338950348e+10
4.174528109998877135e+00 4.590688022731536865e+10
4.216273391098866341e+00 4.225473838872955322e+10
4.258436125009854578e+00 3.815641755963795471e+10
4.301020486259953479e+00 3.582048759324194336e+10
4.344030691122553023e+00 3.364014301384978104e+10
4.387470998033777825e+00 3.213767573519128036e+10
4.431345708014116092e+00 3.041923389708041763e+10
4.475659165094256764e+00 2.921817901983443832e+10
4.520415756745198799e+00 2.818113010302384567e+10
4.565619914312651240e+00 2.734269730536891937e+10
4.611276113455778258e+00 2.722086617558969498e+10
4.657388874590335348e+00 2.690523628209220886e+10
4.703962763336238417e+00 2.631527955190737152e+10
4.751002390969600420e+00 2.551691406081716537e+10
4.798512414879296806e+00 2.475468910178808594e+10
4.846497539028090884e+00 2.410091873821595001e+10
4.894962514418371491e+00 2.333539601946475220e+10
4.943912139562555375e+00 2.248107825879424286e+10
4.993351260958180937e+00 2.215293041427612305e+10
5.043284773567762613e+00 2.123171925854384995e+10
5.093717621303440524e+00 2.100127824409428406e+10
5.144654797516475142e+00 2.018672277531154251e+10
5.196101345491639378e+00 1.966771477593506241e+10
5.248062358946555150e+00 1.931722409987972641e+10
5.300542982536021519e+00 1.851640807463407135e+10
5.353548412361381459e+00 1.816229489242933655e+10
5.407083896484995655e+00 1.740257076719092178e+10
5.461154735449845532e+00 1.716443241087244034e+10
5.515766282804344556e+00 1.663898083129433060e+10
5.570923945632387131e+00 1.595061910300902557e+10
5.626633185088711464e+00 1.571741902242412567e+10
5.682899516939598605e+00 1.511647506304595757e+10
5.739728512108993819e+00 1.465093324801004601e+10
5.797125797230084032e+00 1.432635255019826508e+10
5.855097055202384659e+00 1.373342604566433525e+10
5.913648025754409510e+00 1.358418494075155258e+10
5.972784506011953987e+00 1.336506254109169960e+10
6.032512351072073287e+00 1.291348918235820198e+10
6.092837474582792900e+00 1.303793412915252304e+10
6.153765849328621584e+00 1.295792606076972198e+10
6.215303507821907658e+00 1.267691103690082169e+10
6.277456542900125669e+00 1.238867797976718712e+10
6.340231108329128062e+00 1.196262355274132729e+10
6.403633419412418704e+00 1.115360983260197449e+10
6.467669753606543281e+00 1.005430976043600464e+10
6.532346451142608146e+00 9.392448906670475006e+09
6.597669915654034156e+00 8.510356742560753822e+09
6.663646614810574853e+00 8.209010022894201279e+09
6.730283080958680664e+00 8.387762806349481583e+09
6.797585911768267763e+00 7.905079036696256638e+09
6.865561770885950210e+00 7.758578071678329468e+09
6.934217388594810849e+00 7.676958407914249420e+09
7.003559562480758949e+00 7.634166439543188095e+09
7.073595158105566050e+00 7.237125033055351257e+09
7.144331109686621772e+00 7.138186405053174019e+09
7.215774420783487741e+00 7.023673971888029099e+09
7.287932164991324235e+00 6.805810439499966621e+09
7.360811486641236634e+00 6.555826797291077614e+09
7.434419601507648245e+00 6.361735869021387100e+09
7.508763797522725270e+00 6.227770478046745300e+09
7.583851435497953375e+00 5.920052136788913727e+09
7.659689949852931612e+00 5.859670470481418610e+09
7.736286849351461825e+00 5.579565394298062325e+09
7.813649717844977083e+00 5.619896746489995956e+09
7.891786215023426365e+00 5.088010486160881996e+09
7.970704077173661695e+00 5.116780181965678215e+09
8.050411117945397876e+00 4.935658611772596359e+09
8.130915229124850541e+00 4.782300891601790428e+09
8.212224381416099561e+00 4.643346331624456406e+09
8.294346625230261338e+00 4.471856338821983337e+09
8.377290091482562318e+00 4.353014215885650635e+09
8.461062992397387461e+00 4.264110928253945827e+09
8.545673622321363183e+00 4.161150541681171894e+09
8.631130358544575998e+00 4.109790535560885429e+09
8.717441662130022806e+00 3.946791435659852505e+09
8.804616078751321240e+00 3.842084641155531883e+09
8.892662239538834612e+00 3.823856980217574596e+09
8.981588861934222123e+00 3.648096876512626171e+09
9.071404750553567098e+00 3.601402102667809010e+09
9.162118798059102787e+00 3.527565807924973011e+09
9.253739986039693832e+00 3.384615278958113194e+09
9.346277385900089385e+00 3.344583697582765102e+09
9.439740159759089977e+00 3.198603606874290943e+09
9.534137561356683221e+00 3.182399336499885559e+09
9.629478936970249592e+00 3.007923186913825989e+09
9.725773726339950187e+00 2.974352180254231930e+09
9.823031463603349778e+00 2.892218141264503956e+09
9.921261778239381712e+00 2.733283837911401749e+09
1.002047439602177548e+01 2.696843108675407887e+09
1.012067913998199487e+01 2.589118929947527885e+09
1.022188593138181290e+01 2.526581323258713245e+09
1.032410479069563181e+01 2.399614578683062077e+09
1.042734583860258724e+01 2.303879496123863220e+09
1.053161929698861421e+01 2.245121709527423859e+09
1.063693548995849980e+01 2.170053638995679855e+09
1.074330484485808412e+01 2.089821854875264168e+09
1.085073789330666472e+01 2.032469652997814417e+09
1.095924527223973222e+01 1.905216494387371302e+09
1.106883772496212970e+01 1.845092802023462534e+09
1.117952610221174936e+01 1.778462474676647902e+09
1.129132136323386781e+01 1.715555849505803108e+09
1.140423457686620701e+01 1.669626822269846678e+09
1.151827692263487002e+01 1.587111853104018927e+09
1.163345969186121920e+01 1.534412342253397703e+09
1.174979428877982990e+01 1.432576227714544535e+09
1.186729223166762992e+01 1.398491260236810923e+09
1.198596515398430462e+01 1.366598055070864201e+09
1.210582480552414708e+01 1.293992887669552326e+09
1.222688305357938887e+01 1.263066809725183487e+09
1.234915188411518194e+01 1.210897103869342327e+09
1.247264340295633467e+01 1.135494827472961664e+09
1.259736983698589619e+01 1.104444527431383133e+09
1.272334353535575424e+01 1.073883914801380634e+09
1.285057697070931226e+01 1.029497341469088554e+09
1.297908274041640553e+01 9.746787947241170406e+08
1.310887356782057012e+01 9.623828312119138241e+08
1.323996230349877479e+01 9.018259610253504515e+08
1.337236192653376321e+01 8.793892739192678928e+08
1.350608554579910248e+01 8.321823973042343855e+08
1.364114640125709244e+01 8.194701193275824785e+08
1.377755786526966197e+01 7.733958393856939077e+08
1.391533344392236238e+01 7.581681267300878763e+08
1.405448677836158211e+01 7.271691967593373060e+08
1.419503164614519974e+01 6.798853698242379427e+08
1.433698196260665192e+01 6.692910850758082867e+08
1.448035178223271835e+01 6.347672125228018761e+08
1.462515530005504516e+01 6.105629483984801769e+08
1.477140685305559664e+01 6.037064840674805641e+08
1.491912092158615089e+01 5.565892621689708233e+08
1.506831213080201159e+01 5.518513472093315125e+08
1.521899525211003024e+01 5.334839344307082295e+08
1.537118520463113214e+01 5.067134403052423000e+08
1.552489705667744246e+01 4.884037567601414323e+08
1.568014602724421813e+01 4.721231066185988784e+08
1.583694748751665848e+01 4.588006695147491693e+08
1.599531696239182388e+01 4.368189354596989751e+08
1.615527013201574391e+01 4.159691376504671574e+08
1.631682283333590178e+01 4.106559146938857436e+08
1.647999106166925998e+01 3.867856183146075010e+08
1.664479097228595350e+01 3.695866561044185162e+08
1.681123888200881211e+01 3.687363121219630241e+08
1.697935127082889650e+01 3.583550093245145679e+08
1.714914478353718863e+01 3.311772911650806069e+08
1.732063623137256059e+01 3.168103570284853578e+08
1.749384259368628847e+01 3.149416036937881708e+08
1.766878101962314673e+01 2.951560084405126572e+08
1.784546882981938509e+01 2.907499413171247244e+08
1.802392351811757720e+01 2.810376680952822566e+08
1.820416275329875333e+01 2.669145083173369765e+08
1.838620438083173880e+01 2.608294171496951282e+08
1.857006642464005353e+01 2.385722371167513430e+08
1.875576708888645427e+01 2.386673655015713573e+08
1.894332475977532226e+01 2.305104340501517951e+08
1.913275800737307719e+01 2.254389722003180087e+08
1.969740769490774923e+01 1.975809338275230229e+08
2.068227807965313403e+01 1.638825489969022274e+08
2.171639198363579126e+01 1.361282963830589354e+08
2.280221158281758420e+01 1.145931885674481839e+08
2.394232216195846163e+01 9.470064193837366998e+07
2.513943827005638454e+01 7.835479634747155011e+07
2.639641018355920465e+01 6.558211665522065759e+07
2.771623069273716311e+01 5.426954915093851835e+07
2.910204222737402446e+01 4.527555421468855441e+07
3.055714433874272729e+01 3.666946452710400522e+07
3.208500155567985956e+01 3.129622363210513070e+07
3.368925163346385432e+01 2.523955385078318417e+07
3.537371421513704206e+01 2.064077707535584643e+07
3.714239992589390482e+01 1.732086715471708775e+07
3.899951992218858976e+01 1.451431014007215761e+07
4.094949591829801960e+01 1.173466761532383040e+07
4.299697071421292094e+01 9.812415348451029509e+06
4.514681924992356699e+01 8.166131292251783423e+06
4.740416021241974676e+01 6.805164223966100253e+06
4.977436822304073161e+01 5.600350977648551576e+06
5.226308663419276712e+01 4.646939378331274725e+06
5.487624096590241152e+01 3.877802984517722391e+06
5.762005301419753067e+01 3.197237021589917596e+06
6.050105566490740472e+01 2.690681879965135828e+06
6.352610844815276891e+01 2.186468545332050417e+06
6.670241387056040594e+01 1.843210756109551759e+06
7.003753456408843192e+01 1.542034497627492994e+06
7.353941129229284002e+01 1.249547669006200274e+06
7.721638185690748912e+01 1.054485779009972466e+06
8.107720094975286429e+01 8.599689091219685506e+05
8.513106099724051035e+01 7.143297101152990945e+05
8.938761404710253089e+01 6.213626061865437077e+05
9.385699474945765530e+01 5.011195610686058644e+05
