3.401114059005487245e-01 1.482025791148136902e+10
3.435125199595542300e-01 1.090346284087064934e+10
3.469476451591497201e-01 1.463853239099992371e+10
3.504171216107412334e-01 2.058775519641533279e+10
3.539212928268486436e-01 2.260611487992453766e+10
3.574605057551171750e-01 1.038092892034314919e+10
3.610351108126682584e-01 1.373348230662171745e+10
3.646454619207949999e-01 1.842016485054259872e+10
3.682919165400029282e-01 2.385952838074657059e+10
3.719748357054029064e-01 8.909982860897953033e+09
3.756945840624569266e-01 9.709484307650485992e+09
3.794515299030815081e-01 1.677836510424189949e+10
3.832460452021123065e-01 6.843793415323410034e+09
3.870785056541334312e-01 6.884839217773658752e+09
3.909492907106748016e-01 8.973863591487867355e+09
3.948587836177815391e-01 5.421827352701204300e+09
3.988073714539593917e-01 1.086338056057094574e+10
4.027954451684989667e-01 1.121561571752324295e+10
4.068233996201839342e-01 9.479847217289846420e+09
4.108916336163858096e-01 8.947400954880598068e+09
4.150005499525497021e-01 5.465151178538612366e+09
4.191505554520751908e-01 3.522777403737988949e+09
4.233420610065958822e-01 2.243855400886401176e+09
4.275754816166618122e-01 3.204189135776078701e+09
4.318512364328284114e-01 5.435964742869703293e+09
4.361697487971567533e-01 8.792952986481204987e+09
4.405314462851282475e-01 9.150605725646566391e+09
4.449367607479796094e-01 1.097373857662565994e+10
4.493861283554593800e-01 1.429939431993735695e+10
4.538799896390139921e-01 1.414607525220921326e+10
4.584187895354041031e-01 1.565769274485630989e+10
4.630029774307581336e-01 1.768059752334138870e+10
4.676330072050656761e-01 1.671937271908588409e+10
4.723093372771162701e-01 1.457818721021091652e+10
4.770324306498874289e-01 1.145788801984783745e+10
4.818027549563863032e-01 1.195904559995910263e+10
4.866207825059500891e-01 1.348816761313917542e+10
4.914869903310095656e-01 1.323703726294432640e+10
4.964018602343197584e-01 1.149077268352583504e+10
5.013658788366629482e-01 7.649907567446384430e+09
5.063795376250295188e-01 5.724886153687182426e+09
5.114433330012797541e-01 5.098992000720342636e+09
5.165577663312926893e-01 4.963323265968574524e+09
5.217233439946056262e-01 7.757861676822149277e+09
5.269405774345515825e-01 7.781041023244735718e+09
5.322099832088971194e-01 8.415537970980876923e+09
5.375320830409860973e-01 9.309560408626901627e+09
5.429074038713960215e-01 9.351015674218605042e+09
5.483364779101099762e-01 7.343098160358577728e+09
5.538198426892112503e-01 7.350831667755910873e+09
5.593580411161032107e-01 8.332247359114757538e+09
5.649516215272641917e-01 9.159797181090518951e+09
5.706011377425368458e-01 8.937035172217603683e+09
5.763071491199621699e-01 6.593491151890225410e+09
5.820702206111618704e-01 6.515488130366593361e+09
5.878909228172733981e-01 3.155206636229523659e+09
5.937698320454461998e-01 6.373907739731365204e+09
5.997075303659007428e-01 1.015589908997045326e+10
6.057046056695597480e-01 1.320996249786730576e+10
6.117616517262552955e-01 1.213772216707761574e+10
6.178792682435179096e-01 1.507544152477962494e+10
6.240580609259530620e-01 1.821559101168881226e+10
6.302986415352126448e-01 2.075664705786519241e+10
6.366016279505647413e-01 2.344164288410228348e+10
6.429676442300703565e-01 2.641001653551876450e+10
6.493973206723711034e-01 2.554993344451650238e+10
6.558912938790947278e-01 2.371653508057794952e+10
6.624502068178856895e-01 2.552705606702938080e+10
6.690747088860645730e-01 2.933196131867480087e+10
6.757654559749252110e-01 3.434531794816166306e+10
6.825231105346745153e-01 3.927841559487937927e+10
6.893483416400212338e-01 3.909778607595267487e+10
6.962418250564214039e-01 3.151340342709548950e+10
7.032042433069857212e-01 3.053608580458340454e+10
7.102362857400554841e-01 3.546865837919280243e+10
7.173386485974559967e-01 4.300027840243118286e+10
7.245120350834306500e-01 5.083976034561612701e+10
7.317571554342650053e-01 5.392964836941462708e+10
7.390747269886076554e-01 4.130628819131422424e+10
7.464654742584937441e-01 3.415946786272472382e+10
7.539301290010786971e-01 4.041109188682390594e+10
7.614694302910893775e-01 4.684012340477375793e+10
7.690841245940003290e-01 2.987096909178473282e+10
7.767749658399403234e-01 6.295255960122626495e+10
7.845427154983398710e-01 6.897725488455213928e+10
7.923881426533231354e-01 5.410074765449238586e+10
8.003120240798563545e-01 5.035053498074210358e+10
8.083151443206548770e-01 6.694314725775617218e+10
8.163982957638614701e-01 8.540538966918305969e+10
8.245622787215000082e-01 9.850528600974021912e+10
8.328079015087149761e-01 1.056754206107188110e+11
8.411359805238021181e-01 1.116869831406649933e+11
8.495473403290402237e-01 1.161927140913955688e+11
8.580428137323306004e-01 1.040384316473584442e+11
8.666232418696537820e-01 8.927668540133335876e+10
8.752894742883503554e-01 9.589679962975015259e+10
8.840423690312340099e-01 1.130849628392969513e+11
8.928827927215462479e-01 1.249992633699959869e+11
9.018116206487618580e-01 1.355542715112474670e+11
9.108297368552494833e-01 1.438724842197478027e+11
9.199380342238018260e-01 1.490245914168742065e+11
9.291374145660399320e-01 1.436300427336515808e+11
9.384287887117003235e-01 1.477447235270095825e+11
9.478130765988174167e-01 1.501479133406457520e+11
9.572912073648053299e-01 1.494381360230916138e+11
9.668641194384535176e-01 1.499335666571024780e+11
9.765327606328380039e-01 1.544214355706991272e+11
9.862980882391664261e-01 1.651044547141699524e+11
9.961610691215579960e-01 1.739935881211283875e+11
1.006122679812773590e+00 1.781211657668398438e+11
1.016183906610901300e+00 1.905258882663405762e+11
1.026345745677010202e+00 2.004142219208500977e+11
1.036609203133780355e+00 2.087144887800446472e+11
1.046975295165118336e+00 2.041605760823477173e+11
1.057445048116769204e+00 1.937563237293885803e+11
1.068019498597936989e+00 2.069519203769309082e+11
1.078699693583916597e+00 2.202829457174174805e+11
1.089486690519755552e+00 2.240907013254827576e+11
1.100381557424953138e+00 2.170177226048234863e+11
1.111385372999202481e+00 2.148103104244969177e+11
1.122499226729194666e+00 2.182124984616160278e+11
1.133724218996486455e+00 2.152834341119890442e+11
1.145061461186451135e+00 2.212630195457020569e+11
1.156512075798315831e+00 2.244142885100932312e+11
1.168077196556299047e+00 2.273331927925454407e+11
1.179757968521861988e+00 2.236995442906321106e+11
1.191555548207080761e+00 2.362643130246434021e+11
1.203471103689151889e+00 2.469230791983577881e+11
1.215505814726043354e+00 2.574458266499870300e+11
1.227660872873303610e+00 2.665377116156120605e+11
1.239937481602036762e+00 2.739026008822145386e+11
1.252336856418057032e+00 2.803487139620746460e+11
1.264860224982237824e+00 2.848259194808551636e+11
1.277508827232060051e+00 2.869603830176367188e+11
1.290283915504380818e+00 2.882374403218024292e+11
1.303186754659424462e+00 2.879742432648347778e+11
1.316218622206019040e+00 2.850279379093897095e+11
1.329380808428079153e+00 2.570800580145260315e+11
1.342674616512359975e+00 2.121966553804256592e+11
1.356101362677483380e+00 2.010449839436076660e+11
1.369662376304258355e+00 2.023486153060006409e+11
1.383359000067300837e+00 2.076220886118000183e+11
1.397192590067974027e+00 2.027006832812637939e+11
1.411164515968653665e+00 1.963674328456791077e+11
1.425276161128340213e+00 1.915880230630088501e+11
1.439528922739623740e+00 1.963498116137498779e+11
1.453924211967019708e+00 2.066103475148281860e+11
1.468463454086690101e+00 2.061462890768383179e+11
1.483148088627556760e+00 2.117548921145660706e+11
1.497979569513832487e+00 2.185879987731027222e+11
1.512959365208970564e+00 2.269856140375476074e+11
1.528088958861060442e+00 2.352505086615039978e+11
1.543369848449671178e+00 2.429128497885059204e+11
1.558803546934167894e+00 2.534540043469527893e+11
1.574391582403509737e+00 2.647175207464937134e+11
1.590135498227544852e+00 2.731458076773487244e+11
1.606036853209820148e+00 2.793163202046234741e+11
1.622097221741918505e+00 2.876210158532354126e+11
1.638318193959337421e+00 2.921438027190203247e+11
1.654701375898931071e+00 2.944763530376432495e+11
1.671248389657920441e+00 2.979540374408826904e+11
1.687960873554499530e+00 2.965082203553997803e+11
1.704840482290044701e+00 2.864013018855958862e+11
1.721888887112944966e+00 2.679745979546013184e+11
1.739107775984074289e+00 2.579283663955169678e+11
1.756498853743915012e+00 2.471978882722216492e+11
1.774063842281354608e+00 2.317525339820247803e+11
1.791804480704168201e+00 2.229306600121044006e+11
1.809722525511209934e+00 2.122814161567002258e+11
1.827819750766321860e+00 2.101719346821534729e+11
1.846097948273984990e+00 1.990221161703653870e+11
1.864558927756724938e+00 1.910756902052938843e+11
1.883204517034292147e+00 1.993200498271263428e+11
1.902036562204635128e+00 2.033478292035911865e+11
1.921056927826681582e+00 2.032407387429366150e+11
1.940267497104948502e+00 2.001205001599757690e+11
1.959670172075998140e+00 1.990635005079324341e+11
1.979266873796758031e+00 1.958848285695229492e+11
1.999059542534725509e+00 1.918808132237902222e+11
2.019050137960073155e+00 1.925532125469083862e+11
2.039240639339673589e+00 1.951862524250524902e+11
2.059633045733070489e+00 1.988703950346359253e+11
2.080229376190401158e+00 2.023357713362224731e+11
2.101031669952305059e+00 2.082015706595344543e+11
2.122041986651828083e+00 2.120105953115066223e+11
2.143262406518346097e+00 2.156271464261805115e+11
2.164695030583529967e+00 2.181589070147139282e+11
2.186341980889365377e+00 2.173511100836316833e+11
2.208205400698258991e+00 2.166584714140801392e+11
2.230287454705241146e+00 2.149368811403020630e+11
2.252590329252293522e+00 2.127000627705451355e+11
2.275116232544817318e+00 2.092194958079832458e+11
2.297867394870265034e+00 1.997299377707844238e+11
2.320846068818967822e+00 1.916148520349649048e+11
2.344054529507157536e+00 1.857779416718709106e+11
2.367495074802228761e+00 1.796138304148504028e+11
2.391170025550251044e+00 1.721242612994352722e+11
2.415081725805753532e+00 1.619712396104053955e+11
2.439232543063811764e+00 1.530568275036250916e+11
2.463624868494449949e+00 1.452514010058718262e+11
2.488261117179394244e+00 1.387349178757814941e+11
2.513143728351188155e+00 1.298182779047019958e+11
2.538275165634700237e+00 1.256683042873783722e+11
2.563657917291046751e+00 1.224417345586577454e+11
2.589294496463957262e+00 1.205183229203584137e+11
2.615187441428596937e+00 1.213377073744564667e+11
2.641339315842882840e+00 1.197362702981967468e+11
2.667752709001311562e+00 1.182865438152578278e+11
2.694430236091324815e+00 1.132386737560458069e+11
2.721374538452237868e+00 1.096655135321698914e+11
2.748588283836760127e+00 1.065024882474994812e+11
2.776074166675128296e+00 1.026237296246712646e+11
2.803834908341879206e+00 1.015371011057087708e+11
2.831873257425297830e+00 9.838463171906431580e+10
2.860191989999551154e+00 9.719210292058012390e+10
2.888793909899546541e+00 9.676459787009379578e+10
2.917681848998542549e+00 9.214418532978912354e+10
2.946858667488527761e+00 9.244366150998776245e+10
2.976327254163412928e+00 9.047937484199198914e+10
3.006090526705047061e+00 9.039099112560423279e+10
3.036151431972097470e+00 8.863994952274725342e+10
3.066512946291818587e+00 8.940321464467127991e+10
3.097178075754736692e+00 8.786664872203826904e+10
3.128149856512283833e+00 8.745018735209910583e+10
3.159431355077406689e+00 8.694052921857211304e+10
3.191025668628181045e+00 8.616899873654469299e+10
3.222935925314462935e+00 8.586981497543087769e+10
3.255165284567607564e+00 8.584220314883181763e+10
3.287716937413283524e+00 8.485725360829710388e+10
3.320594106787416067e+00 8.441602880862670898e+10
3.353800047855290511e+00 8.294426966015029907e+10
3.387338048333843332e+00 8.199581083000865173e+10
3.421211428817182210e+00 8.110601674189360046e+10
3.455423543105353712e+00 8.043945548720799255e+10
3.489977778536407005e+00 7.884440592349983215e+10
3.524877556321771355e+00 7.746160779368778992e+10
3.560126331884988726e+00 7.667064720568316650e+10
3.595727595203838334e+00 7.563264130174975586e+10
3.631684871155877570e+00 7.442051520196553040e+10
3.668001719867436616e+00 7.303909270953398132e+10
3.704681737066110259e+00 7.231355933069548035e+10
3.741728554436771326e+00 7.116741996105442810e+10
3.779145839981139510e+00 7.011400855019665527e+10
3.816937298380950860e+00 6.848708664067020416e+10
3.855106671364760818e+00 6.729897871695982361e+10
3.893657738078407426e+00 6.584115481493476868e+10
3.932594315459191581e+00 6.409577134148685455e+10
3.971920258613783616e+00 6.188091948901861572e+10
4.011639461199922430e+00 5.968596672931784821e+10
4.051755855811920881e+00 5.746930410600889587e+10
4.092273414370040108e+00 5.454869543672303009e+10
4.133196148513740731e+00 5.292922929393601990e+10
4.174528109998877135e+00 5.083380352359653473e+10
4.216273391098866341e+00 4.827913688958040619e+10
4.258436125009854578e+00 4.543385416640106201e+10
4.301020486259953479e+00 4.399624223711064911e+10
4.344030691122553023e+00 4.207521727704577637e+10
4.387470998033777825e+00 4.021153716882489777e+10
4.431345708014116092e+00 3.863368606666301727e+10
4.475659165094256764e+00 3.744574871896202087e+10
4.520415756745198799e+00 3.624611607586256409e+10
4.565619914312651240e+00 3.521232687922966766e+10
4.611276113455778258e+00 3.439300916911196136e+10
4.657388874590335348e+00 3.345122882617409515e+10
4.703962763336238417e+00 3.262042087604199982e+10
4.751002390969600420e+00 3.172462886178793716e+10
4.798512414879296806e+00 3.075164151154677963e+10
4.846497539028090884e+00 2.985368189117390442e+10
4.894962514418371491e+00 2.895168306336153030e+10
4.943912139562555375e+00 2.795178034767768097e+10
4.993351260958180937e+00 2.719286207118587494e+10
5.043284773567762613e+00 2.612117814083773804e+10
5.093717621303440524e+00 2.550272582291712570e+10
5.144654797516475142e+00 2.457723005186108398e+10
5.196101345491639378e+00 2.389238384590292740e+10
5.248062358946555150e+00 2.328882673086572266e+10
5.300542982536021519e+00 2.248309073211736679e+10
5.353548412361381459e+00 2.193876490890024567e+10
5.407083896484995655e+00 2.114125590003023148e+10
5.461154735449845532e+00 2.065504278111653900e+10
5.515766282804344556e+00 2.002041420642700958e+10
5.570923945632387131e+00 1.931087983150119400e+10
5.626633185088711464e+00 1.887095225633155441e+10
5.682899516939598605e+00 1.822664696250350571e+10
5.739728512108993819e+00 1.768151467575712585e+10
5.797125797230084032e+00 1.723394787090401840e+10
5.855097055202384659e+00 1.662373692300361824e+10
5.913648025754409510e+00 1.626395904478334808e+10
5.972784506011953987e+00 1.585992362883812904e+10
6.032512351072073287e+00 1.533882515591932297e+10
6.092837474582792900e+00 1.516348297538560677e+10
6.153765849328621584e+00 1.485856576066684532e+10
6.215303507821907658e+00 1.447418059957180405e+10
6.277456542900125669e+00 1.403600242579626846e+10
6.340231108329128062e+00 1.359122134798781586e+10
6.403633419412418704e+00 1.293747719471829987e+10
6.467669753606543281e+00 1.208785176905152512e+10
6.532346451142608146e+00 1.149274892923631668e+10
6.597669915654034156e+00 1.073323711325188637e+10
6.663646614810574853e+00 1.031987539330505943e+10
6.730283080958680664e+00 1.028414263923220444e+10
6.797585911768267763e+00 9.816051810232143402e+09
6.865561770885950210e+00 9.559789959807756424e+09
6.934217388594810849e+00 9.335038569227867126e+09
7.003559562480758949e+00 9.169723040486782074e+09
7.073595158105566050e+00 8.778366571437534332e+09
7.144331109686621772e+00 8.567693799087934494e+09
7.215774420783487741e+00 8.365674086954230309e+09
7.287932164991324235e+00 8.088488894714649200e+09
7.360811486641236634e+00 7.817148107373083115e+09
7.434419601507648245e+00 7.580651172027562141e+09
7.508763797522725270e+00 7.358860550739010811e+09
7.583851435497953375e+00 7.082980328997405052e+09
7.659689949852931612e+00 6.891356031221354485e+09
7.736286849351461825e+00 6.631206994058688164e+09
7.813649717844977083e+00 6.542727360280793190e+09
7.891786215023426365e+00 6.128434538725930214e+09
7.970704077173661695e+00 6.025315446155652046e+09
8.050411117945397876e+00 5.820047233117272377e+09
8.130915229124850541e+00 5.621927710771392822e+09
8.212224381416099561e+00 5.436639146863206863e+09
8.294346625230261338e+00 5.244012741934272766e+09
8.377290091482562318e+00 5.083546509358842850e+09
8.461062992397387461e+00 4.939179049274307251e+09
8.545673622321363183e+00 4.792043343467102051e+09
8.631130358544575998e+00 4.683655138085844040e+09
8.717441662130022806e+00 4.511890606938262939e+09
8.804616078751321240e+00 4.382205838921578407e+09
8.892662239538834612e+00 4.294882790020372391e+09
8.981588861934222123e+00 4.131343295662828445e+09
9.071404750553567098e+00 4.038687649019360542e+09
9.162118798059102787e+00 3.917616887312737465e+09
9.253739986039693832e+00 3.774541352816060066e+09
9.346277385900089385e+00 3.684347128150732994e+09
9.439740159759089977e+00 3.548990861317405224e+09
9.534137561356683221e+00 3.476875847960259914e+09
9.629478936970249592e+00 3.317826623003177643e+09
9.725773726339950187e+00 3.241754287709249973e+09
9.823031463603349778e+00 3.142336069076236248e+09
9.921261778239381712e+00 3.004336188471869469e+09
1.002047439602177548e+01 2.928557893253947258e+09
1.012067913998199487e+01 2.818268776631393909e+09
1.022188593138181290e+01 2.735977479499442577e+09
1.032410479069563181e+01 2.622353097305101871e+09
1.042734583860258724e+01 2.528334582997754574e+09
1.053161929698861421e+01 2.444792444640289783e+09
1.063693548995849980e+01 2.356808075767897606e+09
1.074330484485808412e+01 2.272160562193195820e+09
1.085073789330666472e+01 2.200943232190869331e+09
1.095924527223973222e+01 2.097343635594943523e+09
1.106883772496212970e+01 2.027622766353354692e+09
1.117952610221174936e+01 1.948328211135588408e+09
1.129132136323386781e+01 1.880193198720881224e+09
1.140423457686620701e+01 1.819246345721927404e+09
1.151827692263487002e+01 1.744968744948963642e+09
1.163345969186121920e+01 1.683589251678120613e+09
1.174979428877982990e+01 1.603287842660943747e+09
1.186729223166762992e+01 1.551569609549462557e+09
1.198596515398430462e+01 1.505938123977030039e+09
1.210582480552414708e+01 1.440701726063042879e+09
1.222688305357938887e+01 1.399264038538297176e+09
1.234915188411518194e+01 1.346497871928632021e+09
1.247264340295633467e+01 1.280429547278414011e+09
1.259736983698589619e+01 1.241079495779183626e+09
1.272334353535575424e+01 1.197721124696642399e+09
1.285057697070931226e+01 1.153020803184482098e+09
1.297908274041640553e+01 1.103415118480934858e+09
1.310887356782057012e+01 1.076933518561763525e+09
1.323996230349877479e+01 1.022670265505005121e+09
1.337236192653376321e+01 9.946435008033818007e+08
1.350608554579910248e+01 9.493272169328559637e+08
1.364114640125709244e+01 9.250103568197114468e+08
1.377755786526966197e+01 8.811720454159668684e+08
1.391533344392236238e+01 8.564168149894171953e+08
1.405448677836158211e+01 8.233951923883367777e+08
1.419503164614519974e+01 7.826930019379706383e+08
1.433698196260665192e+01 7.634320046428920031e+08
1.448035178223271835e+01 7.314014019822784662e+08
1.462515530005504516e+01 6.999749365048228502e+08
1.477140685305559664e+01 6.852957581664133072e+08
1.491912092158615089e+01 6.507427389404079914e+08
1.506831213080201159e+01 6.327080923865879774e+08
1.521899525211003024e+01 6.089895846352078915e+08
1.537118520463113214e+01 5.839078250787955523e+08
1.552489705667744246e+01 5.633941106901856661e+08
1.568014602724421813e+01 5.443120565853124857e+08
1.583694748751665848e+01 5.250817167416454554e+08
1.599531696239182388e+01 5.045795758261328936e+08
1.615527013201574391e+01 4.813852081542658806e+08
1.631682283333590178e+01 4.710850063064993620e+08
1.647999106166925998e+01 4.484833668788195252e+08
1.664479097228595350e+01 4.313269347244513035e+08
1.681123888200881211e+01 4.214898270762107372e+08
1.697935127082889650e+01 4.084600942777010202e+08
1.714914478353718863e+01 3.857679138184512258e+08
1.732063623137256059e+01 3.701264310071802139e+08
1.749384259368628847e+01 3.623280946446142793e+08
1.766878101962314673e+01 3.445008458239051700e+08
1.784546882981938509e+01 3.358866192338274121e+08
1.802392351811757720e+01 3.229492723676255941e+08
1.820416275329875333e+01 3.098954667870390415e+08
1.838620438083173880e+01 3.004515540040776134e+08
1.857006642464005353e+01 2.824502953168348074e+08
1.875576708888645427e+01 2.769710818610982895e+08
1.894332475977532226e+01 2.670400879257768691e+08
1.913275800737307719e+01 2.585981487360577583e+08
1.969740769490774923e+01 2.301461729002129734e+08
2.068227807965313403e+01 1.910879244941414893e+08
2.171639198363579126e+01 1.587851541905607283e+08
2.280221158281758420e+01 1.326553027958887219e+08
2.394232216195846163e+01 1.099788515969947577e+08
2.513943827005638454e+01 9.120356688806442916e+07
2.639641018355920465e+01 7.596902854345777631e+07
2.771623069273716311e+01 6.279886023079754412e+07
2.910204222737402446e+01 5.220749414499826729e+07
3.055714433874272729e+01 4.283641848149203509e+07
3.208500155567985956e+01 3.584890617650552094e+07
3.368925163346385432e+01 2.930196564045344666e+07
3.537371421513704206e+01 2.414295568579543009e+07
3.714239992589390482e+01 2.009581004946550354e+07
3.899951992218858976e+01 1.676742132441194355e+07
4.094949591829801960e+01 1.374862840547604673e+07
4.299697071421292094e+01 1.147539871560308151e+07
4.514681924992356699e+01 9.510066699430936947e+06
4.740416021241974676e+01 7.869141990718339570e+06
4.977436822304073161e+01 6.512412921899130568e+06
5.226308663419276712e+01 5.400928169534071349e+06
5.487624096590241152e+01 4.484074492085193284e+06
5.762005301419753067e+01 3.704179226553312503e+06
6.050105566490740472e+01 3.081888641241515055e+06
6.352610844815276891e+01 2.537294757459122688e+06
6.670241387056040594e+01 2.107482329077899922e+06
7.003753456408843192e+01 1.751178195388707332e+06
7.353941129229284002e+01 1.436614841006851522e+06
7.721638185690748912e+01 1.196890935565135907e+06
8.107720094975286429e+01 9.841115180777985370e+05
8.513106099724051035e+01 8.142805311475526541e+05
8.938761404710253089e+01 6.868504831255361205e+05
9.385699474945765530e+01 5.625325827001497382e+05
