3.401114059005487245e-01 9.012010718028829346e+11
3.435125199595542300e-01 1.198529549244067871e+12
3.469476451591497201e-01 1.127408509873469482e+12
3.504171216107412334e-01 1.185699259391987549e+12
3.539212928268486436e-01 1.326452698858932861e+12
3.574605057551171750e-01 2.033825742838178223e+12
3.610351108126682584e-01 1.773755787104711182e+12
3.646454619207949999e-01 1.766270959448953613e+12
3.682919165400029282e-01 1.766577196739354248e+12
3.719748357054029064e-01 2.508446494408479980e+12
3.756945840624569266e-01 2.571502030328619141e+12
3.794515299030815081e-01 2.143890070690621826e+12
3.832460452021123065e-01 2.945971829136875488e+12
3.870785056541334312e-01 2.681016008829999512e+12
3.909492907106748016e-01 2.426156702914364258e+12
3.948587836177815391e-01 1.998821113826344238e+12
3.988073714539593917e-01 1.847060054065498291e+12
4.027954451684989667e-01 1.891516897462746338e+12
4.068233996201839342e-01 2.327070253428207031e+12
4.108916336163858096e-01 1.750084571839134277e+12
4.150005499525497021e-01 2.170072230049285400e+12
4.191505554520751908e-01 2.414864759989166504e+12
4.233420610065958822e-01 2.583736106038139160e+12
4.275754816166618122e-01 2.546683673481835938e+12
4.318512364328284114e-01 2.634394043399251465e+12
4.361697487971567533e-01 2.279449305867288086e+12
4.405314462851282475e-01 2.844502246851035645e+12
4.449367607479796094e-01 2.571528105098073242e+12
4.493861283554593800e-01 2.352486233732204590e+12
4.538799896390139921e-01 2.270154021062533203e+12
4.584187895354041031e-01 2.353317656297357910e+12
4.630029774307581336e-01 2.344886471576346191e+12
4.676330072050656761e-01 2.460525460724463379e+12
4.723093372771162701e-01 2.572496217528892090e+12
4.770324306498874289e-01 2.632960845728576660e+12
4.818027549563863032e-01 2.728117776412963867e+12
4.866207825059500891e-01 2.981797539286437012e+12
4.914869903310095656e-01 3.154922501207838379e+12
4.964018602343197584e-01 3.252641810345334961e+12
5.013658788366629482e-01 3.484051314006143555e+12
5.063795376250295188e-01 3.708907519218459961e+12
5.114433330012797541e-01 3.912629698505796387e+12
5.165577663312926893e-01 4.358373322660159668e+12
5.217233439946056262e-01 4.160420550062747559e+12
5.269405774345515825e-01 4.215542527092331543e+12
5.322099832088971194e-01 4.032495395125715820e+12
5.375320830409860973e-01 4.215732865749367676e+12
5.429074038713960215e-01 4.664557421863459961e+12
5.483364779101099762e-01 4.281316952094418457e+12
5.538198426892112503e-01 4.170459423143729492e+12
5.593580411161032107e-01 4.433201410709002930e+12
5.649516215272641917e-01 4.401105747703956055e+12
5.706011377425368458e-01 4.339678843913653809e+12
5.763071491199621699e-01 4.425569412792709961e+12
5.820702206111618704e-01 4.414306071096532227e+12
5.878909228172733981e-01 4.704159216763909180e+12
5.937698320454461998e-01 4.824969356680965820e+12
5.997075303659007428e-01 4.894055144080993164e+12
6.057046056695597480e-01 4.796231150093970703e+12
6.117616517262552955e-01 4.923940197945177734e+12
6.178792682435179096e-01 5.169118756934728516e+12
6.240580609259530620e-01 5.513734127499407227e+12
6.302986415352126448e-01 5.278746984227586914e+12
6.366016279505647413e-01 5.294279680107085938e+12
6.429676442300703565e-01 5.260513335483565430e+12
6.493973206723711034e-01 5.322388094645111328e+12
6.558912938790947278e-01 5.308569205424108398e+12
6.624502068178856895e-01 5.523026293827140625e+12
6.690747088860645730e-01 5.697769567009738281e+12
6.757654559749252110e-01 5.727059901628258789e+12
6.825231105346745153e-01 5.802708492624734375e+12
6.893483416400212338e-01 5.666340736323325195e+12
6.962418250564214039e-01 5.694068453083228516e+12
7.032042433069857212e-01 5.690626899354709961e+12
7.102362857400554841e-01 5.890128856464263672e+12
7.173386485974559967e-01 6.042197985401276367e+12
7.245120350834306500e-01 5.940415626180832031e+12
7.317571554342650053e-01 5.906230455507498047e+12
7.390747269886076554e-01 5.846701724408358398e+12
7.464654742584937441e-01 5.878033580332196289e+12
7.539301290010786971e-01 5.813422282169764648e+12
7.614694302910893775e-01 5.865347113706853516e+12
7.690841245940003290e-01 6.010834477461854492e+12
7.767749658399403234e-01 6.038333617566351562e+12
7.845427154983398710e-01 6.018435779200961914e+12
7.923881426533231354e-01 6.080968224222060547e+12
8.003120240798563545e-01 5.976032750122093750e+12
8.083151443206548770e-01 6.017398872901710938e+12
8.163982957638614701e-01 5.917011306416326172e+12
8.245622787215000082e-01 6.019997123166039062e+12
8.328079015087149761e-01 6.159004072225922852e+12
8.411359805238021181e-01 6.106937326097774414e+12
8.495473403290402237e-01 6.174532812269176758e+12
8.580428137323306004e-01 6.083736338363341797e+12
8.666232418696537820e-01 6.228418199118061523e+12
8.752894742883503554e-01 6.032937313354078125e+12
8.840423690312340099e-01 6.114983036300774414e+12
8.928827927215462479e-01 6.032173892221953125e+12
9.018116206487618580e-01 6.047696562509887695e+12
9.108297368552494833e-01 6.051072807385797852e+12
9.199380342238018260e-01 5.888266574475238281e+12
9.291374145660399320e-01 5.843890725257458984e+12
9.384287887117003235e-01 5.873341701115055664e+12
9.478130765988174167e-01 5.729367608663705078e+12
9.572912073648053299e-01 5.688492654603561523e+12
9.668641194384535176e-01 5.640248542177395508e+12
9.765327606328380039e-01 5.653609810562182617e+12
9.862980882391664261e-01 5.588823999679167969e+12
9.961610691215579960e-01 5.662413853523544922e+12
1.006122679812773590e+00 5.589798892958929688e+12
1.016183906610901300e+00 5.512025456387449219e+12
1.026345745677010202e+00 5.487828798629441406e+12
1.036609203133780355e+00 5.432019682520285156e+12
1.046975295165118336e+00 5.295853926563400391e+12
1.057445048116769204e+00 5.218781204618581055e+12
1.068019498597936989e+00 5.169305299999181641e+12
1.078699693583916597e+00 5.105516336862467773e+12
1.089486690519755552e+00 5.036253754173586914e+12
1.100381557424953138e+00 4.965714394696370117e+12
1.111385372999202481e+00 4.908225371965501953e+12
1.122499226729194666e+00 4.836847560552211914e+12
1.133724218996486455e+00 4.762509729338610352e+12
1.145061461186451135e+00 4.704846580650911133e+12
1.156512075798315831e+00 4.668987266333281250e+12
1.168077196556299047e+00 4.595865270734872070e+12
1.179757968521861988e+00 4.470204850639532227e+12
1.191555548207080761e+00 4.528550037936686523e+12
1.203471103689151889e+00 4.344809553457265137e+12
1.215505814726043354e+00 4.237079878144923828e+12
1.227660872873303610e+00 4.150193606343948730e+12
1.239937481602036762e+00 4.086894598569458008e+12
1.252336856418057032e+00 4.026077551760063477e+12
1.264860224982237824e+00 3.943631971100217773e+12
1.277508827232060051e+00 3.847433066150812012e+12
1.290283915504380818e+00 3.799047960553490723e+12
1.303186754659424462e+00 3.703839319275212891e+12
1.316218622206019040e+00 3.621623662115142578e+12
1.329380808428079153e+00 3.580566137071068848e+12
1.342674616512359975e+00 3.526781093891380371e+12
1.356101362677483380e+00 3.456941158447611328e+12
1.369662376304258355e+00 3.375915502943902832e+12
1.383359000067300837e+00 3.285000058004358398e+12
1.397192590067974027e+00 3.218746015405880859e+12
1.411164515968653665e+00 3.161507125521013672e+12
1.425276161128340213e+00 3.116431581542056152e+12
1.439528922739623740e+00 3.023223086588743164e+12
1.453924211967019708e+00 2.974842561421913574e+12
1.468463454086690101e+00 2.895658033976165039e+12
1.483148088627556760e+00 2.802576311758945312e+12
1.497979569513832487e+00 2.738925835303858887e+12
1.512959365208970564e+00 2.645371388672157715e+12
1.528088958861060442e+00 2.588234368828091797e+12
1.543369848449671178e+00 2.489744950888570312e+12
1.558803546934167894e+00 2.461469587152638672e+12
1.574391582403509737e+00 2.389760261254083984e+12
1.590135498227544852e+00 2.328314210758211426e+12
1.606036853209820148e+00 2.234587904517566406e+12
1.622097221741918505e+00 2.180286584507924316e+12
1.638318193959337421e+00 2.092728484864959229e+12
1.654701375898931071e+00 2.036276492190082520e+12
1.671248389657920441e+00 1.980510540959933594e+12
1.687960873554499530e+00 1.936535360924876221e+12
1.704840482290044701e+00 1.892656598913449463e+12
1.721888887112944966e+00 1.870722390282416016e+12
1.739107775984074289e+00 1.842992140194187256e+12
1.756498853743915012e+00 1.827917988507123779e+12
1.774063842281354608e+00 1.803189688441018555e+12
1.791804480704168201e+00 1.776059996772091797e+12
1.809722525511209934e+00 1.747722583908313232e+12
1.827819750766321860e+00 1.709534011937341309e+12
1.846097948273984990e+00 1.687300846438185059e+12
1.864558927756724938e+00 1.661045874775001465e+12
1.883204517034292147e+00 1.620479980112458740e+12
1.902036562204635128e+00 1.573157090537120117e+12
1.921056927826681582e+00 1.528153312398019775e+12
1.940267497104948502e+00 1.507664915313632568e+12
1.959670172075998140e+00 1.456371599876978760e+12
1.979266873796758031e+00 1.440895106955004639e+12
1.999059542534725509e+00 1.388637979542187988e+12
2.019050137960073155e+00 1.359494350951919922e+12
2.039240639339673589e+00 1.323261835805177979e+12
2.059633045733070489e+00 1.297274519849556152e+12
2.080229376190401158e+00 1.260800385844555176e+12
2.101031669952305059e+00 1.222147523016734863e+12
2.122041986651828083e+00 1.190958101339034912e+12
2.143262406518346097e+00 1.154412939728746826e+12
2.164695030583529967e+00 1.117330220499736816e+12
2.186341980889365377e+00 1.084022159373727051e+12
2.208205400698258991e+00 1.047418707759086914e+12
2.230287454705241146e+00 1.019317315640860352e+12
2.252590329252293522e+00 9.875922409399511719e+11
2.275116232544817318e+00 9.542361171693038330e+11
2.297867394870265034e+00 9.699721059336774902e+11
2.320846068818967822e+00 9.591222068101308594e+11
2.344054529507157536e+00 9.402994147600892334e+11
2.367495074802228761e+00 9.185556520591074219e+11
2.391170025550251044e+00 9.200105505721990967e+11
2.415081725805753532e+00 8.999990091178822021e+11
2.439232543063811764e+00 8.790640342077281494e+11
2.463624868494449949e+00 8.560271126970024414e+11
2.488261117179394244e+00 8.425081234000476074e+11
2.513143728351188155e+00 8.197699164267521973e+11
2.538275165634700237e+00 7.940333279996287842e+11
2.563657917291046751e+00 7.702922814117772217e+11
2.589294496463957262e+00 7.469045220562303467e+11
2.615187441428596937e+00 7.209228231874730225e+11
2.641339315842882840e+00 6.914083604509597168e+11
2.667752709001311562e+00 6.724270636794110107e+11
2.694430236091324815e+00 6.489378200732762451e+11
2.721374538452237868e+00 6.306887885937945557e+11
2.748588283836760127e+00 6.143852825901730957e+11
2.776074166675128296e+00 5.982548308071320801e+11
2.803834908341879206e+00 5.796199374764378662e+11
2.831873257425297830e+00 5.644818073311311035e+11
2.860191989999551154e+00 5.479622651786356201e+11
2.888793909899546541e+00 5.297663527773803101e+11
2.917681848998542549e+00 5.162141836075094604e+11
2.946858667488527761e+00 5.005988864753948364e+11
2.976327254163412928e+00 4.858198858351387939e+11
3.006090526705047061e+00 4.696977497696741943e+11
3.036151431972097470e+00 4.580274861731687622e+11
3.066512946291818587e+00 4.416108923971359253e+11
3.097178075754736692e+00 4.298171058918712769e+11
3.128149856512283833e+00 4.157647371286524658e+11
3.159431355077406689e+00 4.023522021583101196e+11
3.191025668628181045e+00 3.895661870347764893e+11
3.222935925314462935e+00 3.761766133006535034e+11
3.255165284567607564e+00 3.640715788044166260e+11
3.287716937413283524e+00 3.522121795012991943e+11
3.320594106787416067e+00 3.406444735276647949e+11
3.353800047855290511e+00 3.286552666608331909e+11
3.387338048333843332e+00 3.174784959382769775e+11
3.421211428817182210e+00 3.075730114356419067e+11
3.455423543105353712e+00 2.964085507053830566e+11
3.489977778536407005e+00 2.863765537734406128e+11
3.524877556321771355e+00 2.770371126004249878e+11
3.560126331884988726e+00 2.672616311413804626e+11
3.595727595203838334e+00 2.581475538578042297e+11
3.631684871155877570e+00 2.495070624246076965e+11
3.668001719867436616e+00 2.413905421658624878e+11
3.704681737066110259e+00 2.334453553989830017e+11
3.741728554436771326e+00 2.250996597708776245e+11
3.779145839981139510e+00 2.176447907015055237e+11
3.816937298380950860e+00 2.102578610123838806e+11
3.855106671364760818e+00 2.028370273094978638e+11
3.893657738078407426e+00 1.966338896856835327e+11
3.932594315459191581e+00 1.898587422180386963e+11
3.971920258613783616e+00 1.846594457559113770e+11
4.011639461199922430e+00 1.784199133978153076e+11
4.051755855811920881e+00 1.732384369975354614e+11
4.092273414370040108e+00 1.681762412296778870e+11
4.133196148513740731e+00 1.629297566600675964e+11
4.174528109998877135e+00 1.576821289296941223e+11
4.216273391098866341e+00 1.525316067855776672e+11
4.258436125009854578e+00 1.481424472904123840e+11
4.301020486259953479e+00 1.483555575541854858e+11
4.344030691122553023e+00 1.454055198430056458e+11
4.387470998033777825e+00 1.432667316510971680e+11
4.431345708014116092e+00 1.415501381513025208e+11
4.475659165094256764e+00 1.385769038057345886e+11
4.520415756745198799e+00 1.346252424343741302e+11
4.565619914312651240e+00 1.301400052236347504e+11
4.611276113455778258e+00 1.260604235579052277e+11
4.657388874590335348e+00 1.211076657930809937e+11
4.703962763336238417e+00 1.166277444512166138e+11
4.751002390969600420e+00 1.120935414186711884e+11
4.798512414879296806e+00 1.086466046674443665e+11
4.846497539028090884e+00 1.043317250398082581e+11
4.894962514418371491e+00 1.009976509691325989e+11
4.943912139562555375e+00 9.754304100976701355e+10
4.993351260958180937e+00 9.407915541374253845e+10
5.043284773567762613e+00 9.066315555176017761e+10
5.093717621303440524e+00 8.745218955113999939e+10
5.144654797516475142e+00 8.435238542452937317e+10
5.196101345491639378e+00 8.116225177225790405e+10
5.248062358946555150e+00 7.837618051268086243e+10
5.300542982536021519e+00 7.540747439728514099e+10
5.353548412361381459e+00 7.262682348050578308e+10
5.407083896484995655e+00 6.997731915313572693e+10
5.461154735449845532e+00 6.742727963486235046e+10
5.515766282804344556e+00 6.496862580796050262e+10
5.570923945632387131e+00 6.245391438806539154e+10
5.626633185088711464e+00 6.016254977612580109e+10
5.682899516939598605e+00 5.794466021705789948e+10
5.739728512108993819e+00 5.585109596819104767e+10
5.797125797230084032e+00 5.369162203905587006e+10
5.855097055202384659e+00 5.187869186636600494e+10
5.913648025754409510e+00 4.987524688884811401e+10
5.972784506011953987e+00 4.802985396852076721e+10
6.032512351072073287e+00 4.628812065738625336e+10
6.092837474582792900e+00 4.459116709606078339e+10
6.153765849328621584e+00 4.292626028988829041e+10
6.215303507821907658e+00 4.133748293115855408e+10
6.277456542900125669e+00 3.986581981143302155e+10
6.340231108329128062e+00 3.848649360711560822e+10
6.403633419412418704e+00 3.714567820894696808e+10
6.467669753606543281e+00 3.598242740693955231e+10
6.532346451142608146e+00 3.479578112227433777e+10
6.597669915654034156e+00 3.367690025381362915e+10
6.663646614810574853e+00 3.256331403276707840e+10
6.730283080958680664e+00 3.133889167196725082e+10
6.797585911768267763e+00 3.028581288009197617e+10
6.865561770885950210e+00 2.918122962812976837e+10
6.934217388594810849e+00 2.817368668931528473e+10
7.003559562480758949e+00 2.713729554071653366e+10
7.073595158105566050e+00 2.619379595569506073e+10
7.144331109686621772e+00 2.525136405444914246e+10
7.215774420783487741e+00 2.435487643739669418e+10
7.287932164991324235e+00 2.349459740565659714e+10
7.360811486641236634e+00 2.264925682363946915e+10
7.434419601507648245e+00 2.184291407732691193e+10
7.508763797522725270e+00 2.106985878343273544e+10
7.583851435497953375e+00 2.032320263947215652e+10
7.659689949852931612e+00 1.959793294745908356e+10
7.736286849351461825e+00 1.890805049111389160e+10
7.813649717844977083e+00 1.820439055566290283e+10
7.891786215023426365e+00 1.759795753575878906e+10
7.970704077173661695e+00 1.696457826055945206e+10
8.050411117945397876e+00 1.636095643646080971e+10
8.130915229124850541e+00 1.578593732344813347e+10
8.212224381416099561e+00 1.522220124803521729e+10
8.294346625230261338e+00 1.468614692512694359e+10
8.377290091482562318e+00 1.416047573047493362e+10
8.461062992397387461e+00 1.365468535716688347e+10
8.545673622321363183e+00 1.316758134081018066e+10
8.631130358544575998e+00 1.268749709319931602e+10
8.717441662130022806e+00 1.223806230193733788e+10
8.804616078751321240e+00 1.179666257314525223e+10
8.892662239538834612e+00 1.136555392017249298e+10
8.981588861934222123e+00 1.095862832639839745e+10
9.071404750553567098e+00 1.055932834289875412e+10
9.162118798059102787e+00 1.018029849892283630e+10
9.253739986039693832e+00 9.813705512828149796e+09
9.346277385900089385e+00 9.460491631103031158e+09
9.439740159759089977e+00 9.121977650145359039e+09
9.534137561356683221e+00 8.787617624982675552e+09
9.629478936970249592e+00 8.477978609226809502e+09
9.725773726339950187e+00 8.169586035033988953e+09
9.823031463603349778e+00 7.875320550395391464e+09
9.921261778239381712e+00 7.595458986921834946e+09
1.002047439602177548e+01 7.318550258904545784e+09
1.012067913998199487e+01 7.057464188197666168e+09
1.022188593138181290e+01 6.800718231764396667e+09
1.032410479069563181e+01 6.558073169793163300e+09
1.042734583860258724e+01 6.319882680542525291e+09
1.053161929698861421e+01 6.092172776342084885e+09
1.063693548995849980e+01 5.870784265035843849e+09
1.074330484485808412e+01 5.659670241764825821e+09
1.085073789330666472e+01 5.452083393475975037e+09
1.095924527223973222e+01 5.258186731979748726e+09
1.106883772496212970e+01 5.064723161385940552e+09
1.117952610221174936e+01 4.882180867223628998e+09
1.129132136323386781e+01 4.703270297408312798e+09
1.140423457686620701e+01 4.532333320928797722e+09
1.151827692263487002e+01 4.367099866094214439e+09
1.163345969186121920e+01 4.207382095102343082e+09
1.174979428877982990e+01 4.054805527882788658e+09
1.186729223166762992e+01 3.906269403724425793e+09
1.198596515398430462e+01 3.760780709808534622e+09
1.210582480552414708e+01 3.625801805800285816e+09
1.222688305357938887e+01 3.491126928904619217e+09
1.234915188411518194e+01 3.363485638052048683e+09
1.247264340295633467e+01 3.240663950786608219e+09
1.259736983698589619e+01 3.119979911159927368e+09
1.272334353535575424e+01 3.005350520553963184e+09
1.285057697070931226e+01 2.895178479364127636e+09
1.297908274041640553e+01 2.789535266964263916e+09
1.310887356782057012e+01 2.685948760689479828e+09
1.323996230349877479e+01 2.587272744547292233e+09
1.337236192653376321e+01 2.491979024228850365e+09
1.350608554579910248e+01 2.400211456960703850e+09
1.364114640125709244e+01 2.310476930669043541e+09
1.377755786526966197e+01 2.226137920741456032e+09
1.391533344392236238e+01 2.142464867427301645e+09
1.405448677836158211e+01 2.063432431804474831e+09
1.419503164614519974e+01 1.988772864346329689e+09
1.433698196260665192e+01 1.914332762980117083e+09
1.448035178223271835e+01 1.843457873612918377e+09
1.462515530005504516e+01 1.776042600567731619e+09
1.477140685305559664e+01 1.709185361985898972e+09
1.491912092158615089e+01 1.646262478797003984e+09
1.506831213080201159e+01 1.584822908788966417e+09
1.521899525211003024e+01 1.526213800592731237e+09
1.537118520463113214e+01 1.469944419604099512e+09
1.552489705667744246e+01 1.414942624815267801e+09
1.568014602724421813e+01 1.362613043029483557e+09
1.583694748751665848e+01 1.311793708505890608e+09
1.599531696239182388e+01 1.263151316492689610e+09
1.615527013201574391e+01 1.216590992976165771e+09
1.631682283333590178e+01 1.170762183505202293e+09
1.647999106166925998e+01 1.127352704169087172e+09
1.664479097228595350e+01 1.085456461562842131e+09
1.681123888200881211e+01 1.044910545738852501e+09
1.697935127082889650e+01 1.005942689338585734e+09
1.714914478353718863e+01 9.684349345891120434e+08
1.732063623137256059e+01 9.326445654550696611e+08
1.749384259368628847e+01 8.975186457636543512e+08
1.766878101962314673e+01 8.641907334731920958e+08
1.784546882981938509e+01 8.317500260656324625e+08
1.802392351811757720e+01 8.008969695844745636e+08
1.820416275329875333e+01 7.708567468764060736e+08
1.838620438083173880e+01 7.420684865111081600e+08
1.857006642464005353e+01 7.143903024771444798e+08
1.875576708888645427e+01 6.876470815909349918e+08
1.894332475977532226e+01 6.618684837912672758e+08
1.913275800737307719e+01 6.371171643762323856e+08
1.969740769490774923e+01 5.593750502542673349e+08
2.068227807965313403e+01 4.314556136258768439e+08
2.171639198363579126e+01 3.563393979128404856e+08
2.280221158281758420e+01 2.941577532404004335e+08
2.394232216195846163e+01 2.432023424320383370e+08
2.513943827005638454e+01 2.005853680857348740e+08
2.639641018355920465e+01 1.656106193727110326e+08
2.771623069273716311e+01 1.370373572353973687e+08
2.910204222737402446e+01 1.132456689557652622e+08
3.055714433874272729e+01 9.371147133854460716e+07
3.208500155567985956e+01 7.727753786250409484e+07
3.368925163346385432e+01 6.395034627451758087e+07
3.537371421513704206e+01 5.271916585202356428e+07
3.714239992589390482e+01 4.341716364936808497e+07
3.899951992218858976e+01 3.567416562716829032e+07
4.094949591829801960e+01 2.939812913707675785e+07
4.299697071421292094e+01 2.417339904588771611e+07
4.514681924992356699e+01 1.988226368281204626e+07
4.740416021241974676e+01 1.632291436248122342e+07
4.977436822304073161e+01 1.343559243467062712e+07
5.226308663419276712e+01 1.106902630373352394e+07
5.487624096590241152e+01 9.077469546672180295e+06
5.762005301419753067e+01 7.484717560454537161e+06
6.050105566490740472e+01 6.137196910575012676e+06
6.352610844815276891e+01 5.043354621781389229e+06
6.670241387056040594e+01 4.148831614662073087e+06
7.003753456408843192e+01 3.407241330605591647e+06
7.353941129229284002e+01 2.803055068672637921e+06
7.721638185690748912e+01 2.294159190578102134e+06
8.107720094975286429e+01 1.890082180582656292e+06
8.513106099724051035e+01 1.553321644019514089e+06
8.938761404710253089e+01 1.270513760522772791e+06
9.385699474945765530e+01 1.041828812883064849e+06
