3.401114059005487245e-01 3.224570229738924789e+10
3.435125199595542300e-01 2.557369125554991150e+10
3.469476451591497201e-01 3.323511804386555099e+10
3.504171216107412334e-01 4.139389540989995575e+10
3.539212928268486436e-01 4.375381150753331757e+10
3.574605057551171750e-01 4.312780687521968842e+10
3.610351108126682584e-01 4.537374465901653290e+10
3.646454619207949999e-01 4.563118302256952667e+10
3.682919165400029282e-01 4.222191888185719299e+10
3.719748357054029064e-01 4.471352512058235168e+10
3.756945840624569266e-01 5.181780794647537994e+10
3.794515299030815081e-01 6.277431662026987457e+10
3.832460452021123065e-01 6.169296470781929779e+10
3.870785056541334312e-01 7.025111570917095947e+10
3.909492907106748016e-01 6.840278561705574036e+10
3.948587836177815391e-01 5.661069079796872711e+10
3.988073714539593917e-01 5.048415972780126953e+10
4.027954451684989667e-01 2.874153026756051254e+10
4.068233996201839342e-01 3.070170198615382004e+10
4.108916336163858096e-01 4.754408689223585510e+10
4.150005499525497021e-01 7.004675819218493652e+10
4.191505554520751908e-01 7.442192995702441406e+10
4.233420610065958822e-01 7.766361285924821472e+10
4.275754816166618122e-01 7.836936473245513916e+10
4.318512364328284114e-01 6.966367620054417419e+10
4.361697487971567533e-01 6.989500684065055847e+10
4.405314462851282475e-01 7.788249174358662415e+10
4.449367607479796094e-01 7.778558149066404724e+10
4.493861283554593800e-01 7.886126466228106689e+10
4.538799896390139921e-01 7.677680457153627014e+10
4.584187895354041031e-01 6.788811926119711304e+10
4.630029774307581336e-01 5.985453562287445068e+10
4.676330072050656761e-01 5.152182849012108612e+10
4.723093372771162701e-01 3.901064063290187836e+10
4.770324306498874289e-01 2.602783917883543015e+10
4.818027549563863032e-01 1.665730909259611320e+10
4.866207825059500891e-01 8.944078752229526520e+09
4.914869903310095656e-01 7.929636099793699265e+09
4.964018602343197584e-01 5.783768594102705956e+09
5.013658788366629482e-01 3.882791350598207951e+09
5.063795376250295188e-01 2.923720318473696232e+09
5.114433330012797541e-01 2.515948352126915455e+09
5.165577663312926893e-01 2.106919308734574795e+09
5.217233439946056262e-01 1.824948205087611675e+09
5.269405774345515825e-01 1.545302351453382015e+09
5.322099832088971194e-01 1.330729646177322149e+09
5.375320830409860973e-01 1.158644741990895510e+09
5.429074038713960215e-01 9.822763247402551174e+08
5.483364779101099762e-01 8.442342053231796026e+08
5.538198426892112503e-01 7.229070667127532959e+08
5.593580411161032107e-01 6.020832970191159248e+08
5.649516215272641917e-01 5.067297618524770141e+08
5.706011377425368458e-01 4.152320227328484654e+08
5.763071491199621699e-01 3.310213066751786470e+08
5.820702206111618704e-01 2.513214601248766482e+08
5.878909228172733981e-01 1.403993007935524583e+08
5.937698320454461998e-01 1.896103769140900970e+08
5.997075303659007428e-01 2.602707338442134559e+08
6.057046056695597480e-01 3.248512084047136903e+08
6.117616517262552955e-01 3.813094980835472345e+08
6.178792682435179096e-01 4.378157251483136415e+08
6.240580609259530620e-01 4.932598964882842898e+08
6.302986415352126448e-01 5.500582479335360527e+08
6.366016279505647413e-01 6.067103730056260824e+08
6.429676442300703565e-01 6.598001218829755783e+08
6.493973206723711034e-01 7.087347556954087019e+08
6.558912938790947278e-01 6.735563798347177505e+08
6.624502068178856895e-01 8.265451538765996695e+08
6.690747088860645730e-01 8.941183517788491249e+08
6.757654559749252110e-01 9.488693968116753101e+08
6.825231105346745153e-01 9.614755245582880974e+08
6.893483416400212338e-01 8.827935921205894947e+08
6.962418250564214039e-01 7.721449522725098133e+08
7.032042433069857212e-01 7.170588374899204969e+08
7.102362857400554841e-01 6.822076118467878103e+08
7.173386485974559967e-01 6.134067006756554842e+08
7.245120350834306500e-01 5.529288651968415976e+08
7.317571554342650053e-01 4.780899332659313679e+08
7.390747269886076554e-01 4.074357527627617121e+08
7.464654742584937441e-01 3.407489598431477547e+08
7.539301290010786971e-01 2.662748088702507615e+08
7.614694302910893775e-01 1.686971141921457648e+08
7.690841245940003290e-01 4.577905282710874826e+07
7.767749658399403234e-01 1.797162499066663384e+08
7.845427154983398710e-01 2.799207939323621392e+08
7.923881426533231354e-01 3.739240797572542429e+08
8.003120240798563545e-01 4.742268394375652075e+08
8.083151443206548770e-01 5.621749456892172098e+08
8.163982957638614701e-01 6.533473587637498379e+08
8.245622787215000082e-01 7.779842666675444841e+08
8.328079015087149761e-01 9.103165741583936214e+08
8.411359805238021181e-01 1.051729823738795519e+09
8.495473403290402237e-01 1.243325748720663548e+09
8.580428137323306004e-01 1.463737683214823961e+09
8.666232418696537820e-01 1.702873327872958183e+09
8.752894742883503554e-01 1.949353269085417509e+09
8.840423690312340099e-01 2.146749612957386971e+09
8.928827927215462479e-01 2.041502296975325108e+09
9.018116206487618580e-01 2.302653867501929760e+09
9.108297368552494833e-01 2.793243785318348408e+09
9.199380342238018260e-01 2.975136064083557606e+09
9.291374145660399320e-01 2.270667120192595959e+09
9.384287887117003235e-01 2.393946328438843250e+09
9.478130765988174167e-01 2.737395919039643288e+09
9.572912073648053299e-01 2.882754267799780369e+09
9.668641194384535176e-01 3.248676718208260536e+09
9.765327606328380039e-01 3.611495779737916470e+09
9.862980882391664261e-01 4.158517196019311428e+09
9.961610691215579960e-01 4.914189290957914352e+09
1.006122679812773590e+00 5.818188793184911728e+09
1.016183906610901300e+00 7.106946333876273155e+09
1.026345745677010202e+00 8.344425153710028648e+09
1.036609203133780355e+00 9.651886804386680603e+09
1.046975295165118336e+00 1.066658370893878937e+10
1.057445048116769204e+00 1.155308105965192223e+10
1.068019498597936989e+00 1.201998154017459106e+10
1.078699693583916597e+00 1.235041875199531364e+10
1.089486690519755552e+00 1.011566271870992470e+10
1.100381557424953138e+00 6.857918962805282593e+09
1.111385372999202481e+00 5.360325594293797493e+09
1.122499226729194666e+00 5.053922881659461021e+09
1.133724218996486455e+00 4.807633615642103195e+09
1.145061461186451135e+00 5.238872587394845009e+09
1.156512075798315831e+00 4.227135134514342308e+09
1.168077196556299047e+00 4.988063339606496811e+09
1.179757968521861988e+00 5.408624704683935165e+09
1.191555548207080761e+00 7.958929527746653557e+09
1.203471103689151889e+00 1.072349045506284523e+10
1.215505814726043354e+00 1.378754049612109756e+10
1.227660872873303610e+00 1.688693518615917587e+10
1.239937481602036762e+00 1.941496525040096283e+10
1.252336856418057032e+00 2.181180340217608261e+10
1.264860224982237824e+00 2.268839806260402679e+10
1.277508827232060051e+00 2.134772187202621841e+10
1.290283915504380818e+00 1.934430425978199387e+10
1.303186754659424462e+00 1.755999415783900452e+10
1.316218622206019040e+00 1.541668798596934700e+10
1.329380808428079153e+00 9.657485437021305084e+09
1.342674616512359975e+00 4.499720759874696732e+09
1.356101362677483380e+00 3.135786862909701347e+09
1.369662376304258355e+00 3.477159749112241268e+09
1.383359000067300837e+00 3.443164407654438019e+09
1.397192590067974027e+00 3.298458350361870766e+09
1.411164515968653665e+00 3.499660168139270306e+09
1.425276161128340213e+00 3.717453006221064091e+09
1.439528922739623740e+00 4.429704806172969818e+09
1.453924211967019708e+00 6.265942670573078156e+09
1.468463454086690101e+00 6.954536067219538689e+09
1.483148088627556760e+00 8.156747209351276398e+09
1.497979569513832487e+00 9.806142457817405701e+09
1.512959365208970564e+00 1.180821138861061096e+10
1.528088958861060442e+00 1.423560446704462051e+10
1.543369848449671178e+00 1.699272420437547493e+10
1.558803546934167894e+00 1.855493490623982620e+10
1.574391582403509737e+00 2.105508775226577377e+10
1.590135498227544852e+00 2.147412200443568802e+10
1.606036853209820148e+00 1.626226496662037659e+10
1.622097221741918505e+00 1.089324751822290230e+10
1.638318193959337421e+00 1.072039417885917091e+10
1.654701375898931071e+00 1.204518688266659737e+10
1.671248389657920441e+00 8.415167860038041115e+09
1.687960873554499530e+00 9.732228599347841263e+09
1.704840482290044701e+00 9.159797300402021408e+09
1.721888887112944966e+00 1.033607051835599709e+10
1.739107775984074289e+00 9.467368568596744537e+09
1.756498853743915012e+00 1.025400846845749474e+10
1.774063842281354608e+00 9.075500316729410172e+09
1.791804480704168201e+00 8.359967548219818115e+09
1.809722525511209934e+00 8.477168897528138161e+09
1.827819750766321860e+00 8.927674035670614243e+09
1.846097948273984990e+00 8.658704369901885986e+09
1.864558927756724938e+00 8.005207011283237457e+09
1.883204517034292147e+00 1.058307231069103241e+10
1.902036562204635128e+00 1.184615417116800690e+10
1.921056927826681582e+00 1.211018307409076691e+10
1.940267497104948502e+00 1.086143114094994926e+10
1.959670172075998140e+00 1.150569577183675575e+10
1.979266873796758031e+00 1.259998625956990433e+10
1.999059542534725509e+00 1.374203644138517380e+10
2.019050137960073155e+00 1.593500347323340225e+10
2.039240639339673589e+00 1.833880957336775970e+10
2.059633045733070489e+00 2.044453559731031418e+10
2.080229376190401158e+00 2.127985364972510147e+10
2.101031669952305059e+00 2.118836816140657806e+10
2.122041986651828083e+00 1.955154904908738327e+10
2.143262406518346097e+00 1.717577225781135178e+10
2.164695030583529967e+00 1.394218153081997299e+10
2.186341980889365377e+00 1.008607768431689072e+10
2.208205400698258991e+00 4.818915489699334145e+09
2.230287454705241146e+00 5.483960012155807495e+09
2.252590329252293522e+00 3.921570533234932423e+09
2.275116232544817318e+00 3.379060168688960075e+09
2.297867394870265034e+00 3.193623998939693928e+09
2.320846068818967822e+00 3.457895809397245884e+09
2.344054529507157536e+00 2.716265241325577736e+09
2.367495074802228761e+00 3.280974824659777641e+09
2.391170025550251044e+00 3.566215369359766960e+09
2.415081725805753532e+00 4.706375806105969429e+09
2.439232543063811764e+00 4.977059733967500687e+09
2.463624868494449949e+00 5.932023473821737289e+09
2.488261117179394244e+00 6.834053767978657722e+09
2.513143728351188155e+00 7.029276459874238968e+09
2.538275165634700237e+00 7.013934803349727631e+09
2.563657917291046751e+00 6.574852560471479416e+09
2.589294496463957262e+00 6.364703086667572021e+09
2.615187441428596937e+00 7.359735866085708618e+09
2.641339315842882840e+00 8.671488560784807205e+09
2.667752709001311562e+00 7.620373810045438766e+09
2.694430236091324815e+00 7.370326149629340172e+09
2.721374538452237868e+00 8.276592000096437454e+09
2.748588283836760127e+00 8.887743260504592896e+09
2.776074166675128296e+00 8.073917012722592354e+09
2.803834908341879206e+00 8.919289679060960770e+09
2.831873257425297830e+00 8.844687318608810425e+09
2.860191989999551154e+00 8.910597205833993912e+09
2.888793909899546541e+00 9.794316690434610367e+09
2.917681848998542549e+00 9.282572241107191086e+09
2.946858667488527761e+00 1.026092683557962036e+10
2.976327254163412928e+00 1.018279827305055428e+10
3.006090526705047061e+00 1.007684378652985001e+10
3.036151431972097470e+00 8.679224841895240784e+09
3.066512946291818587e+00 6.487124456155557632e+09
3.097178075754736692e+00 4.753858071534132957e+09
3.128149856512283833e+00 3.614347152897756577e+09
3.159431355077406689e+00 2.894903248837625504e+09
3.191025668628181045e+00 2.566757146507174969e+09
3.222935925314462935e+00 2.599975352025468349e+09
3.255165284567607564e+00 2.873369050004659176e+09
3.287716937413283524e+00 3.441693538517484188e+09
3.320594106787416067e+00 1.803396314821696997e+09
3.353800047855290511e+00 2.194385178663524628e+09
3.387338048333843332e+00 3.097757970105471134e+09
3.421211428817182210e+00 2.942464672711511135e+09
3.455423543105353712e+00 2.871516336799324512e+09
3.489977778536407005e+00 3.054995425546735287e+09
3.524877556321771355e+00 3.400984325185423374e+09
3.560126331884988726e+00 3.560325776732146740e+09
3.595727595203838334e+00 4.129203139949699402e+09
3.631684871155877570e+00 4.676837992168854713e+09
3.668001719867436616e+00 5.693221983859364510e+09
3.704681737066110259e+00 6.563389587595866203e+09
3.741728554436771326e+00 7.330946523323291779e+09
3.779145839981139510e+00 7.713210527515121460e+09
3.816937298380950860e+00 8.865065072158323288e+09
3.855106671364760818e+00 9.203004055382587433e+09
3.893657738078407426e+00 9.775882046658124924e+09
3.932594315459191581e+00 1.039052182949704933e+10
3.971920258613783616e+00 1.053918791673558426e+10
4.011639461199922430e+00 1.045070386540101624e+10
4.051755855811920881e+00 1.025364603416542053e+10
4.092273414370040108e+00 9.707908937667345047e+09
4.133196148513740731e+00 9.569232369334978104e+09
4.174528109998877135e+00 9.552054219989461899e+09
4.216273391098866341e+00 8.555183508387797356e+09
4.258436125009854578e+00 7.502912687230390549e+09
4.301020486259953479e+00 5.567308531490322113e+09
4.344030691122553023e+00 5.710670830378551483e+09
4.387470998033777825e+00 6.512075342326372147e+09
4.431345708014116092e+00 6.432908061526062012e+09
4.475659165094256764e+00 6.219122716712764740e+09
4.520415756745198799e+00 6.111629367726669312e+09
4.565619914312651240e+00 5.969821885978828430e+09
4.611276113455778258e+00 6.168830310378421783e+09
4.657388874590335348e+00 6.592454682556266785e+09
4.703962763336238417e+00 6.392864445498536110e+09
4.751002390969600420e+00 6.172652788710028648e+09
4.798512414879296806e+00 6.182675975655553818e+09
4.846497539028090884e+00 6.164301421515162468e+09
4.894962514418371491e+00 6.155673054668434143e+09
4.943912139562555375e+00 6.029746503850111961e+09
4.993351260958180937e+00 6.191529057172187805e+09
5.043284773567762613e+00 6.052815397129403114e+09
5.093717621303440524e+00 6.139094264485233307e+09
5.144654797516475142e+00 5.804351925316472054e+09
5.196101345491639378e+00 5.640249804399765968e+09
5.248062358946555150e+00 5.707740971882628441e+09
5.300542982536021519e+00 5.322267926944085121e+09
5.353548412361381459e+00 5.135910980661679268e+09
5.407083896484995655e+00 4.696749925994042397e+09
5.461154735449845532e+00 4.668340063217215538e+09
5.515766282804344556e+00 4.494383802088563919e+09
5.570923945632387131e+00 4.101137025959561348e+09
5.626633185088711464e+00 4.013978503137493610e+09
5.682899516939598605e+00 3.950271741269307613e+09
5.739728512108993819e+00 3.848578398899215698e+09
5.797125797230084032e+00 3.633086149555039883e+09
5.855097055202384659e+00 3.193723940942784786e+09
5.913648025754409510e+00 3.564421324197855949e+09
5.972784506011953987e+00 3.410058793682279110e+09
6.032512351072073287e+00 3.217632727133096218e+09
6.092837474582792900e+00 3.235017281741047859e+09
6.153765849328621584e+00 3.283452302394481659e+09
6.215303507821907658e+00 3.231402027443546295e+09
6.277456542900125669e+00 3.234011835866542339e+09
6.340231108329128062e+00 3.058025534444361687e+09
6.403633419412418704e+00 2.634443918469289303e+09
6.467669753606543281e+00 2.266532949432208061e+09
6.532346451142608146e+00 2.453013603830860138e+09
6.597669915654034156e+00 2.375200910765293598e+09
6.663646614810574853e+00 2.485983564179854870e+09
6.730283080958680664e+00 2.480967009767877579e+09
6.797585911768267763e+00 2.226184542215850830e+09
6.865561770885950210e+00 2.230708034004913330e+09
6.934217388594810849e+00 2.261098017595688820e+09
7.003559562480758949e+00 2.113366608639864445e+09
7.073595158105566050e+00 1.879769596150484324e+09
7.144331109686621772e+00 1.690262308569278955e+09
7.215774420783487741e+00 1.526291539969497681e+09
7.287932164991324235e+00 1.383080171656672001e+09
7.360811486641236634e+00 1.279628667059762239e+09
7.434419601507648245e+00 1.256614491946463108e+09
7.508763797522725270e+00 1.315685744631572247e+09
7.583851435497953375e+00 1.393387483164500237e+09
7.659689949852931612e+00 1.306747747000286341e+09
7.736286849351461825e+00 1.012652439331915498e+09
7.813649717844977083e+00 1.055403749232406139e+09
7.891786215023426365e+00 1.117421848168375969e+09
7.970704077173661695e+00 1.192458256518338442e+09
8.050411117945397876e+00 1.193066791553440571e+09
8.130915229124850541e+00 1.205180810618672848e+09
8.212224381416099561e+00 1.172742583133173227e+09
8.294346625230261338e+00 1.178189793232725143e+09
8.377290091482562318e+00 1.181144373119000196e+09
8.461062992397387461e+00 1.206884276550719261e+09
8.545673622321363183e+00 1.220008397611516476e+09
8.631130358544575998e+00 1.264498071010377884e+09
8.717441662130022806e+00 1.270715354548241138e+09
8.804616078751321240e+00 1.295488117794179678e+09
8.892662239538834612e+00 1.305442853322654247e+09
8.981588861934222123e+00 1.302361458590049267e+09
9.071404750553567098e+00 1.353588992328660965e+09
9.162118798059102787e+00 1.374483803256299257e+09
9.253739986039693832e+00 1.374135826424467802e+09
9.346277385900089385e+00 1.386978750859177351e+09
9.439740159759089977e+00 1.346966096355289221e+09
9.534137561356683221e+00 1.372533757092855692e+09
9.629478936970249592e+00 1.333923353325613260e+09
9.725773726339950187e+00 1.341530781809716225e+09
9.823031463603349778e+00 1.315109557449499846e+09
9.921261778239381712e+00 1.261632383625137329e+09
1.002047439602177548e+01 1.262150814687375307e+09
1.012067913998199487e+01 1.193781549861789465e+09
1.022188593138181290e+01 1.169002838699008226e+09
1.032410479069563181e+01 1.091470357933526516e+09
1.042734583860258724e+01 1.028705219777065039e+09
1.053161929698861421e+01 1.058268171520550489e+09
1.063693548995849980e+01 1.051683487456327915e+09
1.074330484485808412e+01 1.017669420496244550e+09
1.085073789330666472e+01 1.004119679312603831e+09
1.095924527223973222e+01 9.235766779765712023e+08
1.106883772496212970e+01 9.211444983441981077e+08
1.117952610221174936e+01 9.179825945775024891e+08
1.129132136323386781e+01 8.813637967154992819e+08
1.140423457686620701e+01 8.834761076567300558e+08
1.151827692263487002e+01 8.309901523426039219e+08
1.163345969186121920e+01 7.985797912303327322e+08
1.174979428877982990e+01 7.232314774163327217e+08
1.186729223166762992e+01 7.379028470536491871e+08
1.198596515398430462e+01 7.287633785487835407e+08
1.210582480552414708e+01 6.844389938500506878e+08
1.222688305357938887e+01 6.690939388838686943e+08
1.234915188411518194e+01 6.307995929006711245e+08
1.247264340295633467e+01 5.885606842657638788e+08
1.259736983698589619e+01 5.705266020144534111e+08
1.272334353535575424e+01 5.664738500271990299e+08
1.285057697070931226e+01 5.499212957690544128e+08
1.297908274041640553e+01 5.157654499478930831e+08
1.310887356782057012e+01 5.133270077523207664e+08
1.323996230349877479e+01 4.682950132500802875e+08
1.337236192653376321e+01 4.606811840064368844e+08
1.350608554579910248e+01 4.233640124747027159e+08
1.364114640125709244e+01 4.267411026392713785e+08
1.377755786526966197e+01 4.065714497204515934e+08
1.391533344392236238e+01 3.883952112315438986e+08
1.405448677836158211e+01 3.747621364489445090e+08
1.419503164614519974e+01 3.461277068049162030e+08
1.433698196260665192e+01 3.432277220291932225e+08
1.448035178223271835e+01 3.116465797623134851e+08
1.462515530005504516e+01 3.150454480251173377e+08
1.477140685305559664e+01 3.106892457628654242e+08
1.491912092158615089e+01 2.614181234463688731e+08
1.506831213080201159e+01 2.869194106032494903e+08
1.521899525211003024e+01 2.749526392177137733e+08
1.537118520463113214e+01 2.580143946102238894e+08
1.552489705667744246e+01 2.488949031823998690e+08
1.568014602724421813e+01 2.377014260495352447e+08
1.583694748751665848e+01 2.374575553392321169e+08
1.599531696239182388e+01 2.266957691407902837e+08
1.615527013201574391e+01 2.162001814528919160e+08
1.631682283333590178e+01 2.117011905859017074e+08
1.647999106166925998e+01 2.005580411200545728e+08
1.664479097228595350e+01 1.885727088437969983e+08
1.681123888200881211e+01 1.947847011927506626e+08
1.697935127082889650e+01 1.872298717082846165e+08
1.714914478353718863e+01 1.675607355713753402e+08
1.732063623137256059e+01 1.633405628426550329e+08
1.749384259368628847e+01 1.641554196688386798e+08
1.766878101962314673e+01 1.546621598549399078e+08
1.784546882981938509e+01 1.529110647137456834e+08
1.802392351811757720e+01 1.478615195035861433e+08
1.820416275329875333e+01 1.376599417945260108e+08
1.838620438083173880e+01 1.372859901703816652e+08
1.857006642464005353e+01 1.203096343800583333e+08
1.875576708888645427e+01 1.261370811570354253e+08
1.894332475977532226e+01 1.210440089661497027e+08
1.913275800737307719e+01 1.218991648375814259e+08
1.969740769490774923e+01 1.014910067790186405e+08
2.068227807965313403e+01 8.495045618795059621e+07
2.171639198363579126e+01 6.998989725881171227e+07
2.280221158281758420e+01 6.042863388236503303e+07
2.394232216195846163e+01 4.980584995271224529e+07
2.513943827005638454e+01 4.084342283066908270e+07
2.639641018355920465e+01 3.456164989638931304e+07
2.771623069273716311e+01 2.907615230081724748e+07
2.910204222737402446e+01 2.399720382058528811e+07
3.055714433874272729e+01 1.929938038685661554e+07
3.208500155567985956e+01 1.720572435707841441e+07
3.368925163346385432e+01 1.361563463830864802e+07
3.537371421513704206e+01 1.086902742710263096e+07
3.714239992589390482e+01 9.448866381285214797e+06
3.899951992218858976e+01 7.958147852511081845e+06
4.094949591829801960e+01 6.348033020691148005e+06
4.299697071421292094e+01 5.275196333165658638e+06
4.514681924992356699e+01 4.370168326419956051e+06
4.740416021241974676e+01 3.646144044645343907e+06
4.977436822304073161e+01 2.984593182710971218e+06
5.226308663419276712e+01 2.533399315168285277e+06
5.487624096590241152e+01 2.096791805065729422e+06
5.762005301419753067e+01 1.708991009464059491e+06
6.050105566490740472e+01 1.481209136397626717e+06
6.352610844815276891e+01 1.155187762868298450e+06
6.670241387056040594e+01 9.856646561498236842e+05
7.003753456408843192e+01 8.380055955834046472e+05
7.353941129229284002e+01 6.684857255576344905e+05
7.721638185690748912e+01 5.594387830697742756e+05
8.107720094975286429e+01 4.611288983186804107e+05
8.513106099724051035e+01 3.879880897850181791e+05
8.938761404710253089e+01 3.471036567331061233e+05
9.385699474945765530e+01 2.631938216340080835e+05
