3.401114059005487245e-01 1.994052270222513962e+10
3.435125199595542300e-01 3.256052584031364822e+10
3.469476451591497201e-01 3.369776990797362900e+10
3.504171216107412334e-01 3.539601125711392212e+10
3.539212928268486436e-01 3.321973297880290222e+10
3.574605057551171750e-01 6.012005791995709991e+10
3.610351108126682584e-01 4.858939161342353058e+10
3.646454619207949999e-01 5.084093538075583649e+10
3.682919165400029282e-01 5.452795892663584900e+10
3.719748357054029064e-01 9.411643351698156738e+10
3.756945840624569266e-01 9.602934081243734741e+10
3.794515299030815081e-01 7.393853242451861572e+10
3.832460452021123065e-01 1.131774922371632233e+11
3.870785056541334312e-01 1.184303981952938232e+11
3.909492907106748016e-01 1.078688937615724335e+11
3.948587836177815391e-01 7.326762517295033264e+10
3.988073714539593917e-01 7.135240399703027344e+10
4.027954451684989667e-01 7.961332177490315247e+10
4.068233996201839342e-01 9.334884262244953918e+10
4.108916336163858096e-01 8.307011928352886963e+10
4.150005499525497021e-01 1.014832785461125946e+11
4.191505554520751908e-01 1.172955332466779785e+11
4.233420610065958822e-01 1.713054774707877197e+11
4.275754816166618122e-01 1.413289313855493774e+11
4.318512364328284114e-01 1.547755741175395813e+11
4.361697487971567533e-01 1.564403867216558228e+11
4.405314462851282475e-01 1.843566350578356628e+11
4.449367607479796094e-01 1.935660692694518738e+11
4.493861283554593800e-01 2.050693350174202576e+11
4.538799896390139921e-01 2.120998277035520020e+11
4.584187895354041031e-01 2.322309857090959167e+11
4.630029774307581336e-01 2.569321018604924622e+11
4.676330072050656761e-01 2.720183305244071960e+11
4.723093372771162701e-01 2.767405482507634277e+11
4.770324306498874289e-01 3.149102061928227539e+11
4.818027549563863032e-01 3.358584287071472778e+11
4.866207825059500891e-01 3.458450627973110352e+11
4.914869903310095656e-01 3.360486141510780029e+11
4.964018602343197584e-01 3.786187502153381348e+11
5.013658788366629482e-01 4.207514546352001953e+11
5.063795376250295188e-01 4.410108297489697876e+11
5.114433330012797541e-01 4.525120624965501709e+11
5.165577663312926893e-01 5.301631717722069702e+11
5.217233439946056262e-01 5.230085613796699829e+11
5.269405774345515825e-01 5.445894968593027344e+11
5.322099832088971194e-01 5.568674167628472900e+11
5.375320830409860973e-01 6.017215838632473145e+11
5.429074038713960215e-01 6.591291061407800293e+11
5.483364779101099762e-01 7.070681488371145020e+11
5.538198426892112503e-01 7.128321332274217529e+11
5.593580411161032107e-01 7.807723326472314453e+11
5.649516215272641917e-01 8.778702610836099854e+11
5.706011377425368458e-01 8.858815190776357422e+11
5.763071491199621699e-01 8.965243980388050537e+11
5.820702206111618704e-01 8.972704221350294189e+11
5.878909228172733981e-01 1.042347206050132324e+12
5.937698320454461998e-01 1.135034110991695801e+12
5.997075303659007428e-01 1.132045435277620605e+12
6.057046056695597480e-01 1.080681343296417725e+12
6.117616517262552955e-01 1.021726098350469116e+12
6.178792682435179096e-01 1.226242182892216309e+12
6.240580609259530620e-01 1.363421495942537109e+12
6.302986415352126448e-01 1.292911573115231689e+12
6.366016279505647413e-01 1.209029643211017334e+12
6.429676442300703565e-01 1.171939021064764404e+12
6.493973206723711034e-01 1.172861923842617188e+12
6.558912938790947278e-01 1.228602959764683838e+12
6.624502068178856895e-01 1.378274297943062500e+12
6.690747088860645730e-01 1.500196080702262451e+12
6.757654559749252110e-01 1.543396974533871826e+12
6.825231105346745153e-01 1.510283983596559570e+12
6.893483416400212338e-01 1.441689714441702881e+12
6.962418250564214039e-01 1.344029343730296631e+12
7.032042433069857212e-01 1.314613039839456299e+12
7.102362857400554841e-01 1.522829564972725830e+12
7.173386485974559967e-01 1.612869869211842773e+12
7.245120350834306500e-01 1.557365775833471191e+12
7.317571554342650053e-01 1.429229902986817871e+12
7.390747269886076554e-01 1.328313562206947266e+12
7.464654742584937441e-01 1.294891753713332520e+12
7.539301290010786971e-01 1.288081973245441406e+12
7.614694302910893775e-01 1.431030525959722412e+12
7.690841245940003290e-01 1.615854865533686768e+12
7.767749658399403234e-01 1.661814539172543701e+12
7.845427154983398710e-01 1.675534425339492920e+12
7.923881426533231354e-01 1.667137484512488037e+12
8.003120240798563545e-01 1.609038550119583252e+12
8.083151443206548770e-01 1.530210977070103027e+12
8.163982957638614701e-01 1.458954723001599609e+12
8.245622787215000082e-01 1.561104939193495605e+12
8.328079015087149761e-01 1.636444382696983154e+12
8.411359805238021181e-01 1.682647399630483887e+12
8.495473403290402237e-01 1.856850184794110352e+12
8.580428137323306004e-01 1.778536737057270264e+12
8.666232418696537820e-01 1.686719510272268311e+12
8.752894742883503554e-01 1.618672717994136963e+12
8.840423690312340099e-01 1.628661383381317627e+12
8.928827927215462479e-01 1.735341966629731934e+12
9.018116206487618580e-01 1.715885423390699707e+12
9.108297368552494833e-01 1.662050525333730713e+12
9.199380342238018260e-01 1.618922463620572510e+12
9.291374145660399320e-01 1.642876560504772949e+12
9.384287887117003235e-01 1.651984185133194824e+12
9.478130765988174167e-01 1.627027796785750244e+12
9.572912073648053299e-01 1.610282411462608643e+12
9.668641194384535176e-01 1.593508869453293213e+12
9.765327606328380039e-01 1.674220806670073975e+12
9.862980882391664261e-01 1.723749841319536377e+12
9.961610691215579960e-01 1.774426347688631348e+12
1.006122679812773590e+00 1.752113567398329590e+12
1.016183906610901300e+00 1.718932335066511475e+12
1.026345745677010202e+00 1.715338946815839844e+12
1.036609203133780355e+00 1.681481015160341797e+12
1.046975295165118336e+00 1.651101528609022217e+12
1.057445048116769204e+00 1.636411641183865723e+12
1.068019498597936989e+00 1.632574734723576172e+12
1.078699693583916597e+00 1.627340977669012451e+12
1.089486690519755552e+00 1.639657069009532227e+12
1.100381557424953138e+00 1.667272233416851318e+12
1.111385372999202481e+00 1.678116572550263672e+12
1.122499226729194666e+00 1.664851301652216797e+12
1.133724218996486455e+00 1.656800432787863037e+12
1.145061461186451135e+00 1.644241050796099854e+12
1.156512075798315831e+00 1.639057003580986328e+12
1.168077196556299047e+00 1.629344039719360596e+12
1.179757968521861988e+00 1.621240638639294922e+12
1.191555548207080761e+00 1.626589510532126953e+12
1.203471103689151889e+00 1.602191048400376465e+12
1.215505814726043354e+00 1.583600026843684326e+12
1.227660872873303610e+00 1.567630505949910156e+12
1.239937481602036762e+00 1.569747660807106445e+12
1.252336856418057032e+00 1.561181686989489258e+12
1.264860224982237824e+00 1.547252599405877197e+12
1.277508827232060051e+00 1.526441139562988037e+12
1.290283915504380818e+00 1.518501153956924805e+12
1.303186754659424462e+00 1.502218655147070557e+12
1.316218622206019040e+00 1.491032212095048584e+12
1.329380808428079153e+00 1.514038134610196777e+12
1.342674616512359975e+00 1.560185799151524170e+12
1.356101362677483380e+00 1.553387838014510986e+12
1.369662376304258355e+00 1.534536098301793213e+12
1.383359000067300837e+00 1.518605553872717285e+12
1.397192590067974027e+00 1.518556711009306641e+12
1.411164515968653665e+00 1.512869872289661133e+12
1.425276161128340213e+00 1.503674938903945557e+12
1.439528922739623740e+00 1.483037779986918457e+12
1.453924211967019708e+00 1.462587800847890625e+12
1.468463454086690101e+00 1.450073672599711426e+12
1.483148088627556760e+00 1.428414838653379150e+12
1.497979569513832487e+00 1.405174911924895996e+12
1.512959365208970564e+00 1.379866793022632568e+12
1.528088958861060442e+00 1.355955216885821777e+12
1.543369848449671178e+00 1.334769414893526123e+12
1.558803546934167894e+00 1.310554335237324219e+12
1.574391582403509737e+00 1.282857536102432373e+12
1.590135498227544852e+00 1.256788562146393799e+12
1.606036853209820148e+00 1.232882611411725342e+12
1.622097221741918505e+00 1.205718026415678467e+12
1.638318193959337421e+00 1.177903827420524414e+12
1.654701375898931071e+00 1.150895404827282715e+12
1.671248389657920441e+00 1.125248132097181885e+12
1.687960873554499530e+00 1.106796186540296875e+12
1.704840482290044701e+00 1.096616732265619873e+12
1.721888887112944966e+00 1.094069581505513672e+12
1.739107775984074289e+00 1.084280291963573730e+12
1.756498853743915012e+00 1.078298339764800903e+12
1.774063842281354608e+00 1.073398086969796631e+12
1.791804480704168201e+00 1.062359095152506958e+12
1.809722525511209934e+00 1.051290290079612183e+12
1.827819750766321860e+00 1.032502078302215332e+12
1.846097948273984990e+00 1.022889214136207520e+12
1.864558927756724938e+00 1.011663283240753906e+12
1.883204517034292147e+00 9.837696959488229980e+11
1.902036562204635128e+00 9.608148909842346191e+11
1.921056927826681582e+00 9.403799384451064453e+11
1.940267497104948502e+00 9.205950085213023682e+11
1.959670172075998140e+00 8.993043115990516357e+11
1.979266873796758031e+00 8.848898894601138916e+11
1.999059542534725509e+00 8.685736391424580078e+11
2.019050137960073155e+00 8.521985800244715576e+11
2.039240639339673589e+00 8.331170645789210205e+11
2.059633045733070489e+00 8.142773371434149170e+11
2.080229376190401158e+00 7.952958731670234375e+11
2.101031669952305059e+00 7.734303757332473145e+11
2.122041986651828083e+00 7.534200866409395752e+11
2.143262406518346097e+00 7.324221940308919678e+11
2.164695030583529967e+00 7.104077965971241455e+11
2.186341980889365377e+00 6.908128759305092773e+11
2.208205400698258991e+00 6.705507957577419434e+11
2.230287454705241146e+00 6.510215723513072510e+11
2.252590329252293522e+00 6.332150059795407715e+11
2.275116232544817318e+00 6.163572585092592773e+11
2.297867394870265034e+00 6.147217414863585205e+11
2.320846068818967822e+00 6.061195121279415283e+11
2.344054529507157536e+00 5.940566916486630859e+11
2.367495074802228761e+00 5.815733182010593262e+11
2.391170025550251044e+00 5.772821076900173340e+11
2.415081725805753532e+00 5.680777768112191162e+11
2.439232543063811764e+00 5.591192585249908447e+11
2.463624868494449949e+00 5.512824897122073975e+11
2.488261117179394244e+00 5.406875738974183350e+11
2.513143728351188155e+00 5.298268327464817505e+11
2.538275165634700237e+00 5.165677179965980835e+11
2.563657917291046751e+00 5.032165290741463013e+11
2.589294496463957262e+00 4.887829850442565308e+11
2.615187441428596937e+00 4.728260905018061523e+11
2.641339315842882840e+00 4.584059744289243164e+11
2.667752709001311562e+00 4.445588621514758301e+11
2.694430236091324815e+00 4.344619009230571899e+11
2.721374538452237868e+00 4.250057251820520630e+11
2.748588283836760127e+00 4.162829209326478271e+11
2.776074166675128296e+00 4.065799718371959839e+11
2.803834908341879206e+00 3.954424023980927124e+11
2.831873257425297830e+00 3.864432361128745117e+11
2.860191989999551154e+00 3.757172057689360962e+11
2.888793909899546541e+00 3.639127883525097656e+11
2.917681848998542549e+00 3.563412539295900879e+11
2.946858667488527761e+00 3.456236021845751953e+11
2.976327254163412928e+00 3.367267230893739014e+11
3.006090526705047061e+00 3.259505481407658691e+11
3.036151431972097470e+00 3.180033897940997925e+11
3.066512946291818587e+00 3.071404580491718140e+11
3.097178075754736692e+00 2.989416834849410400e+11
3.128149856512283833e+00 2.896476761262119751e+11
3.159431355077406689e+00 2.804716472494619141e+11
3.191025668628181045e+00 2.719830898000799866e+11
3.222935925314462935e+00 2.627617449662579956e+11
3.255165284567607564e+00 2.544642858743624573e+11
3.287716937413283524e+00 2.460705076029348450e+11
3.320594106787416067e+00 2.378853424902456360e+11
3.353800047855290511e+00 2.302880115708781738e+11
3.387338048333843332e+00 2.225465343257277832e+11
3.421211428817182210e+00 2.152610751109117737e+11
3.455423543105353712e+00 2.079868988933005981e+11
3.489977778536407005e+00 2.012617571476901245e+11
3.524877556321771355e+00 1.947247929250794067e+11
3.560126331884988726e+00 1.882925113587197571e+11
3.595727595203838334e+00 1.819782404879833374e+11
3.631684871155877570e+00 1.761257347027651672e+11
3.668001719867436616e+00 1.704063889013233337e+11
3.704681737066110259e+00 1.646644920591862488e+11
3.741728554436771326e+00 1.590082970289601135e+11
3.779145839981139510e+00 1.536330034430626221e+11
3.816937298380950860e+00 1.487062753456154785e+11
3.855106671364760818e+00 1.437701814976130676e+11
3.893657738078407426e+00 1.391127990342482300e+11
3.932594315459191581e+00 1.348192885118307495e+11
3.971920258613783616e+00 1.310199411201522827e+11
4.011639461199922430e+00 1.271190716091464996e+11
4.051755855811920881e+00 1.235452731297504120e+11
4.092273414370040108e+00 1.203059830705791626e+11
4.133196148513740731e+00 1.164566389081967926e+11
4.174528109998877135e+00 1.130742819289761047e+11
4.216273391098866341e+00 1.095742708196713562e+11
4.258436125009854578e+00 1.066033571896952515e+11
4.301020486259953479e+00 1.043512243354838257e+11
4.344030691122553023e+00 1.013017456780042725e+11
4.387470998033777825e+00 9.857415379338076782e+10
4.431345708014116092e+00 9.629596143734617615e+10
4.475659165094256764e+00 9.379140610202598572e+10
4.520415756745198799e+00 9.094919073453099060e+10
4.565619914312651240e+00 8.809754994425813293e+10
4.611276113455778258e+00 8.548260716739884949e+10
4.657388874590335348e+00 8.259213496755319214e+10
4.703962763336238417e+00 7.977750240233811951e+10
4.751002390969600420e+00 7.717215766392210388e+10
4.798512414879296806e+00 7.472272421469688416e+10
4.846497539028090884e+00 7.214512183084315491e+10
4.894962514418371491e+00 6.989029825139709473e+10
4.943912139562555375e+00 6.755330840494080353e+10
4.993351260958180937e+00 6.537378955085086823e+10
5.043284773567762613e+00 6.340329827971400452e+10
5.093717621303440524e+00 6.120031904015606689e+10
5.144654797516475142e+00 5.918143751128837585e+10
5.196101345491639378e+00 5.719040694092587280e+10
5.248062358946555150e+00 5.529735960584737396e+10
5.300542982536021519e+00 5.344570956999944305e+10
5.353548412361381459e+00 5.163522926716319275e+10
5.407083896484995655e+00 4.999153818222325134e+10
5.461154735449845532e+00 4.824744805884313965e+10
5.515766282804344556e+00 4.659286235092947388e+10
5.570923945632387131e+00 4.497041095220967102e+10
5.626633185088711464e+00 4.341396933449980927e+10
5.682899516939598605e+00 4.189236815391499329e+10
5.739728512108993819e+00 4.046830674057098389e+10
5.797125797230084032e+00 3.895818835023979950e+10
5.855097055202384659e+00 3.763360427672055054e+10
5.913648025754409510e+00 3.623461630710955048e+10
5.972784506011953987e+00 3.496074017115053558e+10
6.032512351072073287e+00 3.375583987137593842e+10
6.092837474582792900e+00 3.247299541745198059e+10
6.153765849328621584e+00 3.129099038160728073e+10
6.215303507821907658e+00 3.017330418742399216e+10
6.277456542900125669e+00 2.914814827682841492e+10
6.340231108329128062e+00 2.816871376828392410e+10
6.403633419412418704e+00 2.730213766773790741e+10
6.467669753606543281e+00 2.661663420066651917e+10
6.532346451142608146e+00 2.583650902204839706e+10
6.597669915654034156e+00 2.515705602833092499e+10
6.663646614810574853e+00 2.441567627379910660e+10
6.730283080958680664e+00 2.343090765781981659e+10
6.797585911768267763e+00 2.273393122997483826e+10
6.865561770885950210e+00 2.190318344422639465e+10
6.934217388594810849e+00 2.115501896479488754e+10
7.003559562480758949e+00 2.034036137327359390e+10
7.073595158105566050e+00 1.966124877510835266e+10
7.144331109686621772e+00 1.894681407844099426e+10
7.215774420783487741e+00 1.826167666814228058e+10
7.287932164991324235e+00 1.762224309760534286e+10
7.360811486641236634e+00 1.698720860912561417e+10
7.434419601507648245e+00 1.638394462342937469e+10
7.508763797522725270e+00 1.580621741353002739e+10
7.583851435497953375e+00 1.525045530838222885e+10
7.659689949852931612e+00 1.470561931667175293e+10
7.736286849351461825e+00 1.419732665670590019e+10
7.813649717844977083e+00 1.362052259010744476e+10
7.891786215023426365e+00 1.323531953853880692e+10
7.970704077173661695e+00 1.273669506802745438e+10
8.050411117945397876e+00 1.229109685985770607e+10
8.130915229124850541e+00 1.187457697563057327e+10
8.212224381416099561e+00 1.144151967297394753e+10
8.294346625230261338e+00 1.105679987304796219e+10
8.377290091482562318e+00 1.065981787957917213e+10
8.461062992397387461e+00 1.027842701668003845e+10
8.545673622321363183e+00 9.917520940854351044e+09
8.631130358544575998e+00 9.543918051795274734e+09
8.717441662130022806e+00 9.208204121087314606e+09
8.804616078751321240e+00 8.871712645058191299e+09
8.892662239538834612e+00 8.533222652376184464e+09
8.981588861934222123e+00 8.224105829837782860e+09
9.071404750553567098e+00 7.911971394553103447e+09
9.162118798059102787e+00 7.626010289912908554e+09
9.253739986039693832e+00 7.346401924324974060e+09
9.346277385900089385e+00 7.081851255548864365e+09
9.439740159759089977e+00 6.822947511706415176e+09
9.534137561356683221e+00 6.563859839824095726e+09
9.629478936970249592e+00 6.346002153472039223e+09
9.725773726339950187e+00 6.104712021939126968e+09
9.823031463603349778e+00 5.887181728914653778e+09
9.921261778239381712e+00 5.688991373678064346e+09
1.002047439602177548e+01 5.469090256562958717e+09
1.012067913998199487e+01 5.284795386866568565e+09
1.022188593138181290e+01 5.084611833953105927e+09
1.032410479069563181e+01 4.914650891620737076e+09
1.042734583860258724e+01 4.732221837556674004e+09
1.053161929698861421e+01 4.567619005415247917e+09
1.063693548995849980e+01 4.401508882659842491e+09
1.074330484485808412e+01 4.248552814860741615e+09
1.085073789330666472e+01 4.088969016586821556e+09
1.095924527223973222e+01 3.957200179752687931e+09
1.106883772496212970e+01 3.808616119320429802e+09
1.117952610221174936e+01 3.672895220250678062e+09
1.129132136323386781e+01 3.539300759028603554e+09
1.140423457686620701e+01 3.411399716590721130e+09
1.151827692263487002e+01 3.291600931780531883e+09
1.163345969186121920e+01 3.170882110748732567e+09
1.174979428877982990e+01 3.057792705643594265e+09
1.186729223166762992e+01 2.946169108882372856e+09
1.198596515398430462e+01 2.832983486440790653e+09
1.210582480552414708e+01 2.730912600618060589e+09
1.222688305357938887e+01 2.629187310489252567e+09
1.234915188411518194e+01 2.535196347816228390e+09
1.247264340295633467e+01 2.443562007142182827e+09
1.259736983698589619e+01 2.348441703739705563e+09
1.272334353535575424e+01 2.264268299300459862e+09
1.285057697070931226e+01 2.180098304533966541e+09
1.297908274041640553e+01 2.103448426094777107e+09
1.310887356782057012e+01 2.022879319161141157e+09
1.323996230349877479e+01 1.950710591051970959e+09
1.337236192653376321e+01 1.878675457285547495e+09
1.350608554579910248e+01 1.809483019342456579e+09
1.364114640125709244e+01 1.736317771228300095e+09
1.377755786526966197e+01 1.678821059280239105e+09
1.391533344392236238e+01 1.612364357286011934e+09
1.405448677836158211e+01 1.552303728419136524e+09
1.419503164614519974e+01 1.502777502180576563e+09
1.433698196260665192e+01 1.439231931777348280e+09
1.448035178223271835e+01 1.388357740951723576e+09
1.462515530005504516e+01 1.339297962480686665e+09
1.477140685305559664e+01 1.285561732093410492e+09
1.491912092158615089e+01 1.240206163208579063e+09
1.506831213080201159e+01 1.192016205169906139e+09
1.521899525211003024e+01 1.148520548403223991e+09
1.537118520463113214e+01 1.106838085971048117e+09
1.552489705667744246e+01 1.062605957165288687e+09
1.568014602724421813e+01 1.024851182902992964e+09
1.583694748751665848e+01 9.855039645092047453e+08
1.599531696239182388e+01 9.512913090641072989e+08
1.615527013201574391e+01 9.167899533904075623e+08
1.631682283333590178e+01 8.776895016590611935e+08
1.647999106166925998e+01 8.481822070732231140e+08
1.664479097228595350e+01 8.162168598267052174e+08
1.681123888200881211e+01 7.832665046226627827e+08
1.697935127082889650e+01 7.534649981128981113e+08
1.714914478353718863e+01 7.263983990913170576e+08
1.732063623137256059e+01 7.011818225921779871e+08
1.749384259368628847e+01 6.723017049717969894e+08
1.766878101962314673e+01 6.490974690338711739e+08
1.784546882981938509e+01 6.216528619553641081e+08
1.802392351811757720e+01 5.999936340497500896e+08
1.820416275329875333e+01 5.771717910845816135e+08
1.838620438083173880e+01 5.553098570733529329e+08
1.857006642464005353e+01 5.351423058253551722e+08
1.875576708888645427e+01 5.138305726267978549e+08
1.894332475977532226e+01 4.946830435754723549e+08
1.913275800737307719e+01 4.752149647047361135e+08
1.969740769490774923e+01 4.247006056243406534e+08
2.068227807965313403e+01 3.506846561107462049e+08
2.171639198363579126e+01 2.896872678845633864e+08
2.280221158281758420e+01 2.396090150370208323e+08
2.394232216195846163e+01 1.981202294411691129e+08
2.513943827005638454e+01 1.637436401197545230e+08
2.639641018355920465e+01 1.355693973202239275e+08
2.771623069273716311e+01 1.121504844689502716e+08
2.910204222737402446e+01 9.263402906541340053e+07
3.055714433874272729e+01 7.673376625007957220e+07
3.208500155567985956e+01 6.336718551281468570e+07
3.368925163346385432e+01 5.248314151306494325e+07
3.537371421513704206e+01 4.327357500278486311e+07
3.714239992589390482e+01 3.569434495965839922e+07
3.899951992218858976e+01 2.939246005810809880e+07
4.094949591829801960e+01 2.418268691948694736e+07
4.299697071421292094e+01 1.990183187606184557e+07
4.514681924992356699e+01 1.635507618270649947e+07
4.740416021241974676e+01 1.347611124516369589e+07
4.977436822304073161e+01 1.109501974729297869e+07
5.226308663419276712e+01 9.150693662221133709e+06
5.487624096590241152e+01 7.514143802804695442e+06
5.762005301419753067e+01 6.198101139247545041e+06
6.050105566490740472e+01 5.093567797420280054e+06
6.352610844815276891e+01 4.188519890129250940e+06
6.670241387056040594e+01 3.459594282774540596e+06
7.003753456408843192e+01 2.839543944662462920e+06
7.353941129229284002e+01 2.335036720656109508e+06
7.721638185690748912e+01 1.918815404008589219e+06
8.107720094975286429e+01 1.579637129069969524e+06
8.513106099724051035e+01 1.299708792004004586e+06
8.938761404710253089e+01 1.064394487577049760e+06
9.385699474945765530e+01 8.776060753217836609e+05
