3.401114059005487245e-01 8.160247574763965607e+09
3.435125199595542300e-01 7.092796364266608238e+09
3.469476451591497201e-01 8.503365542893609047e+09
3.504171216107412334e-01 1.006308254369055748e+10
3.539212928268486436e-01 1.054226992580883026e+10
3.574605057551171750e-01 1.035178388237691307e+10
3.610351108126682584e-01 1.086657354006933022e+10
3.646454619207949999e-01 1.091501533748747253e+10
3.682919165400029282e-01 1.009395783783742714e+10
3.719748357054029064e-01 1.068983277171604347e+10
3.756945840624569266e-01 1.239568639090439606e+10
3.794515299030815081e-01 1.503765374804593277e+10
3.832460452021123065e-01 1.481527523000205803e+10
3.870785056541334312e-01 1.694273816590408516e+10
3.909492907106748016e-01 1.661911974985173416e+10
3.948587836177815391e-01 1.393621262166022682e+10
3.988073714539593917e-01 1.278651361700962067e+10
4.027954451684989667e-01 8.462827147355591774e+09
4.068233996201839342e-01 8.766827561284900665e+09
4.108916336163858096e-01 1.204602242498426628e+10
4.150005499525497021e-01 1.731588671511317825e+10
4.191505554520751908e-01 1.818223654811406326e+10
4.233420610065958822e-01 1.885888839740930176e+10
4.275754816166618122e-01 1.894409403062210846e+10
4.318512364328284114e-01 1.679861729343308258e+10
4.361697487971567533e-01 1.679967525867352867e+10
4.405314462851282475e-01 1.873862337087577438e+10
4.449367607479796094e-01 1.861054970577951431e+10
4.493861283554593800e-01 1.894919991859741974e+10
4.538799896390139921e-01 1.835446952463561249e+10
4.584187895354041031e-01 1.628368316072803116e+10
4.630029774307581336e-01 1.430196275232192039e+10
4.676330072050656761e-01 1.215419365410496140e+10
4.723093372771162701e-01 9.246050715137655258e+09
4.770324306498874289e-01 6.610603478097072601e+09
4.818027549563863032e-01 4.642622768064250946e+09
4.866207825059500891e-01 2.711854724739926338e+09
4.914869903310095656e-01 2.622706194908350945e+09
4.964018602343197584e-01 2.177566473931340694e+09
5.013658788366629482e-01 1.777357315791747808e+09
5.063795376250295188e-01 1.550945438072789669e+09
5.114433330012797541e-01 1.423088923508935690e+09
5.165577663312926893e-01 1.268459515462852716e+09
5.217233439946056262e-01 1.172586656937716722e+09
5.269405774345515825e-01 1.065189861462170005e+09
5.322099832088971194e-01 9.857339745333787203e+08
5.375320830409860973e-01 9.228827349743278027e+08
5.429074038713960215e-01 8.426700204160351753e+08
5.483364779101099762e-01 7.857594901981885433e+08
5.538198426892112503e-01 7.354077227617752552e+08
5.593580411161032107e-01 6.748565668420391083e+08
5.649516215272641917e-01 6.339328349496724606e+08
5.706011377425368458e-01 5.888066222634849548e+08
5.763071491199621699e-01 5.542091699231331348e+08
5.820702206111618704e-01 5.208903378031648397e+08
5.878909228172733981e-01 4.779093312751336694e+08
5.937698320454461998e-01 4.537818350631310940e+08
5.997075303659007428e-01 4.328288333230150938e+08
6.057046056695597480e-01 4.214891409703168869e+08
6.117616517262552955e-01 4.061116372730345130e+08
6.178792682435179096e-01 3.961803883759391308e+08
6.240580609259530620e-01 3.893658378692320585e+08
6.302986415352126448e-01 3.858531483020635247e+08
6.366016279505647413e-01 3.829349244225488901e+08
6.429676442300703565e-01 3.760222264748926163e+08
6.493973206723711034e-01 3.642447758603250384e+08
6.558912938790947278e-01 3.187068980848347545e+08
6.624502068178856895e-01 3.629778956653096676e+08
6.690747088860645730e-01 3.655899746439594626e+08
6.757654559749252110e-01 3.647169484429146051e+08
6.825231105346745153e-01 3.551856700263124704e+08
6.893483416400212338e-01 3.244369052050368786e+08
6.962418250564214039e-01 2.871052471782307625e+08
7.032042433069857212e-01 2.659016703769134581e+08
7.102362857400554841e-01 2.492422456393410563e+08
7.173386485974559967e-01 2.134420766933453679e+08
7.245120350834306500e-01 1.934016801283059418e+08
7.317571554342650053e-01 1.736431125648052692e+08
7.390747269886076554e-01 1.564917505148633122e+08
7.464654742584937441e-01 1.420001562190221846e+08
7.539301290010786971e-01 1.229302969131795466e+08
7.614694302910893775e-01 9.642486574623914063e+07
7.690841245940003290e-01 5.792811112678178400e+07
7.767749658399403234e-01 9.080914338660745323e+07
7.845427154983398710e-01 1.064102946302904636e+08
7.923881426533231354e-01 1.196794337337458879e+08
8.003120240798563545e-01 1.318937214151805937e+08
8.083151443206548770e-01 1.381255261765949726e+08
8.163982957638614701e-01 1.437418422501164675e+08
8.245622787215000082e-01 1.626405027818459272e+08
8.328079015087149761e-01 1.811994945115163922e+08
8.411359805238021181e-01 1.888261648604739904e+08
8.495473403290402237e-01 2.189424643460711241e+08
8.580428137323306004e-01 2.554598638988807201e+08
8.666232418696537820e-01 2.869595340884341002e+08
8.752894742883503554e-01 3.106154887476851344e+08
8.840423690312340099e-01 2.804407994084858298e+08
8.928827927215462479e-01 1.495262673867422342e+08
9.018116206487618580e-01 1.673605802946588099e+08
9.108297368552494833e-01 2.916238725422549844e+08
9.199380342238018260e-01 3.829018489856494069e+08
9.291374145660399320e-01 2.618570797485594749e+08
9.384287887117003235e-01 2.569909014387257397e+08
9.478130765988174167e-01 2.929088514536163807e+08
9.572912073648053299e-01 2.970108904699378610e+08
9.668641194384535176e-01 3.525829484443298578e+08
9.765327606328380039e-01 3.950078724500597119e+08
9.862980882391664261e-01 4.492065107653366327e+08
9.961610691215579960e-01 5.038724019192776680e+08
1.006122679812773590e+00 5.900574366369291544e+08
1.016183906610901300e+00 8.220778186751992702e+08
1.026345745677010202e+00 1.053656716483192205e+09
1.036609203133780355e+00 1.416895417591052771e+09
1.046975295165118336e+00 1.807378311863550663e+09
1.057445048116769204e+00 2.113655380866462708e+09
1.068019498597936989e+00 2.219341534723948002e+09
1.078699693583916597e+00 2.204767449535653114e+09
1.089486690519755552e+00 1.583777681430408716e+09
1.100381557424953138e+00 8.658075274747959375e+08
1.111385372999202481e+00 4.461764089975346327e+08
1.122499226729194666e+00 2.614735165114301145e+08
1.133724218996486455e+00 2.780242147750392556e+08
1.145061461186451135e+00 2.818407956399231553e+08
1.156512075798315831e+00 8.932057382707388699e+07
1.168077196556299047e+00 1.727777380155710578e+08
1.179757968521861988e+00 1.728814644783959389e+08
1.191555548207080761e+00 4.028448774821929336e+08
1.203471103689151889e+00 8.976784859800509214e+08
1.215505814726043354e+00 1.826971995811856747e+09
1.227660872873303610e+00 2.918125607648081303e+09
1.239937481602036762e+00 3.875730100215914249e+09
1.252336856418057032e+00 4.936757061383837700e+09
1.264860224982237824e+00 5.188014550089673042e+09
1.277508827232060051e+00 4.542317060746062279e+09
1.290283915504380818e+00 3.516233878925948620e+09
1.303186754659424462e+00 2.602927618192249298e+09
1.316218622206019040e+00 1.789823530486019611e+09
1.329380808428079153e+00 7.353248753454173803e+08
1.342674616512359975e+00 2.182269142370273173e+08
1.356101362677483380e+00 6.449238037068673223e+07
1.369662376304258355e+00 7.860317179245875776e+07
1.383359000067300837e+00 5.108119171864892542e+07
1.397192590067974027e+00 4.558455159576346725e+07
1.411164515968653665e+00 7.744541637198160589e+07
1.425276161128340213e+00 1.188113031497977823e+08
1.439528922739623740e+00 2.187864930816204846e+08
1.453924211967019708e+00 5.003746317564410567e+08
1.468463454086690101e+00 6.536124445556634665e+08
1.483148088627556760e+00 9.049200559006040096e+08
1.497979569513832487e+00 1.391232791491463661e+09
1.512959365208970564e+00 1.915753202242795944e+09
1.528088958861060442e+00 2.784969752123452187e+09
1.543369848449671178e+00 3.778371687621532440e+09
1.558803546934167894e+00 4.434554509263969421e+09
1.574391582403509737e+00 5.234109450940841675e+09
1.590135498227544852e+00 4.529813920050449371e+09
1.606036853209820148e+00 1.910878651254801750e+09
1.622097221741918505e+00 5.786292619301900864e+08
1.638318193959337421e+00 4.075202141480712295e+08
1.654701375898931071e+00 4.454629144838391542e+08
1.671248389657920441e+00 2.159013843601713479e+08
1.687960873554499530e+00 2.728184190272698402e+08
1.704840482290044701e+00 1.912804408354620934e+08
1.721888887112944966e+00 2.904721073874031305e+08
1.739107775984074289e+00 2.590031211678882241e+08
1.756498853743915012e+00 3.833961675724242926e+08
1.774063842281354608e+00 3.386310868707178235e+08
1.791804480704168201e+00 2.805535339944153428e+08
1.809722525511209934e+00 3.688489430418236256e+08
1.827819750766321860e+00 4.107313457381598949e+08
1.846097948273984990e+00 4.419218600569659472e+08
1.864558927756724938e+00 3.907027461862698793e+08
1.883204517034292147e+00 9.270870783193120956e+08
1.902036562204635128e+00 1.146251775851224661e+09
1.921056927826681582e+00 1.027002566079480052e+09
1.940267497104948502e+00 8.200144640708657503e+08
1.959670172075998140e+00 1.134642772094256163e+09
1.979266873796758031e+00 1.595783794934737682e+09
1.999059542534725509e+00 2.239967148285785675e+09
2.019050137960073155e+00 3.035153363706853867e+09
2.039240639339673589e+00 3.958779862919396877e+09
2.059633045733070489e+00 4.671829279070179939e+09
2.080229376190401158e+00 4.664405511162086487e+09
2.101031669952305059e+00 3.870392452602378845e+09
2.122041986651828083e+00 2.808290555210504532e+09
2.143262406518346097e+00 1.863833818190721512e+09
2.164695030583529967e+00 1.050652239601765871e+09
2.186341980889365377e+00 5.722267758683170080e+08
2.208205400698258991e+00 1.299443980973622054e+08
2.230287454705241146e+00 1.649982681088428199e+08
2.252590329252293522e+00 7.693209510456098616e+07
2.275116232544817318e+00 6.488162317688736320e+07
2.297867394870265034e+00 6.103913619138696045e+07
2.320846068818967822e+00 8.455921763625307381e+07
2.344054529507157536e+00 5.859057022754969448e+07
2.367495074802228761e+00 7.929890919041734934e+07
2.391170025550251044e+00 1.078804616124740690e+08
2.415081725805753532e+00 1.761653478322662711e+08
2.439232543063811764e+00 2.045763500922367573e+08
2.463624868494449949e+00 3.133132928813430071e+08
2.488261117179394244e+00 4.231136283773375750e+08
2.513143728351188155e+00 4.302619197836946845e+08
2.538275165634700237e+00 3.515748913208180070e+08
2.563657917291046751e+00 2.717106694844228029e+08
2.589294496463957262e+00 2.388883893954793811e+08
2.615187441428596937e+00 3.290242674591593742e+08
2.641339315842882840e+00 6.002162442674591541e+08
2.667752709001311562e+00 3.227516198253333569e+08
2.694430236091324815e+00 3.867791024749346375e+08
2.721374538452237868e+00 5.956908762393561602e+08
2.748588283836760127e+00 6.319174987217111588e+08
2.776074166675128296e+00 4.336561985272005200e+08
2.803834908341879206e+00 6.237429468096783161e+08
2.831873257425297830e+00 6.946516757474318743e+08
2.860191989999551154e+00 7.232661911768193245e+08
2.888793909899546541e+00 1.027123828389494419e+09
2.917681848998542549e+00 1.059233558354714751e+09
2.946858667488527761e+00 1.380010756423372984e+09
2.976327254163412928e+00 1.406520773043076277e+09
3.006090526705047061e+00 1.103270348335424662e+09
3.036151431972097470e+00 1.231073362696728468e+09
3.066512946291818587e+00 8.946351531909732819e+08
3.097178075754736692e+00 5.759414641121208668e+08
3.128149856512283833e+00 3.737188976473633647e+08
3.159431355077406689e+00 2.624605554905014038e+08
3.191025668628181045e+00 2.025495417996547818e+08
3.222935925314462935e+00 1.935247209090763927e+08
3.255165284567607564e+00 2.099008589332034588e+08
3.287716937413283524e+00 3.042719991904245019e+08
3.320594106787416067e+00 1.222247832559102029e+08
3.353800047855290511e+00 1.821468802908106744e+08
3.387338048333843332e+00 2.540728268298373222e+08
3.421211428817182210e+00 2.421533374621808827e+08
3.455423543105353712e+00 2.384780755507753193e+08
3.489977778536407005e+00 2.695410796449798942e+08
3.524877556321771355e+00 3.477399393371309042e+08
3.560126331884988726e+00 4.005370214476525784e+08
3.595727595203838334e+00 4.653680908051744699e+08
3.631684871155877570e+00 5.462851680854364634e+08
3.668001719867436616e+00 8.007632880996143818e+08
3.704681737066110259e+00 9.676985431777483225e+08
3.741728554436771326e+00 1.127233125016020536e+09
3.779145839981139510e+00 1.172619922272468090e+09
3.816937298380950860e+00 1.651984970836105108e+09
3.855106671364760818e+00 1.528317620375980616e+09
3.893657738078407426e+00 1.762716094380718231e+09
3.932594315459191581e+00 2.077631839072021723e+09
3.971920258613783616e+00 2.315930918207919598e+09
4.011639461199922430e+00 2.476766888684788227e+09
4.051755855811920881e+00 2.579921999118678570e+09
4.092273414370040108e+00 2.480526187066804409e+09
4.133196148513740731e+00 2.441437061212278843e+09
4.174528109998877135e+00 2.692732918359652996e+09
4.216273391098866341e+00 2.922464594393388748e+09
4.258436125009854578e+00 3.110126994782474995e+09
4.301020486259953479e+00 1.523889755171077967e+09
4.344030691122553023e+00 2.033157962813455105e+09
4.387470998033777825e+00 2.992883704890480995e+09
4.431345708014116092e+00 2.940313017157607555e+09
4.475659165094256764e+00 2.730542629748229027e+09
4.520415756745198799e+00 2.763074884867071152e+09
4.565619914312651240e+00 3.029855454351030827e+09
4.611276113455778258e+00 3.136934848337435246e+09
4.657388874590335348e+00 3.094129486560040474e+09
4.703962763336238417e+00 3.291399218540569305e+09
4.751002390969600420e+00 3.386160370851527214e+09
4.798512414879296806e+00 3.106295474969448090e+09
4.846497539028090884e+00 3.153047428115927696e+09
4.894962514418371491e+00 3.018162127536939144e+09
4.943912139562555375e+00 2.609490224235816956e+09
4.993351260958180937e+00 2.618163646881994247e+09
5.043284773567762613e+00 2.334573811339763641e+09
5.093717621303440524e+00 2.184614875304369450e+09
5.144654797516475142e+00 1.828807498279169559e+09
5.196101345491639378e+00 1.664487995313406944e+09
5.248062358946555150e+00 1.741598060073338509e+09
5.300542982536021519e+00 1.482311206268759489e+09
5.353548412361381459e+00 1.321806570673853397e+09
5.407083896484995655e+00 1.127939056388111830e+09
5.461154735449845532e+00 1.097251184913836241e+09
5.515766282804344556e+00 1.099770594972043991e+09
5.570923945632387131e+00 8.616794728319762945e+08
5.626633185088711464e+00 8.180562137876235247e+08
5.682899516939598605e+00 8.188259071486419439e+08
5.739728512108993819e+00 7.277938687719920874e+08
5.797125797230084032e+00 7.707520296103409529e+08
5.855097055202384659e+00 6.329343217875540257e+08
5.913648025754409510e+00 7.098364502223125696e+08
5.972784506011953987e+00 7.102341581055035591e+08
6.032512351072073287e+00 6.849237193354641199e+08
6.092837474582792900e+00 6.778392920886265039e+08
6.153765849328621584e+00 6.842655787091578245e+08
6.215303507821907658e+00 7.411576530033222437e+08
6.277456542900125669e+00 8.079419415860499144e+08
6.340231108329128062e+00 7.462211587187727690e+08
6.403633419412418704e+00 5.748294159124398232e+08
6.467669753606543281e+00 4.803669073196192384e+08
6.532346451142608146e+00 5.311584312413097024e+08
6.597669915654034156e+00 5.035108462944414616e+08
6.663646614810574853e+00 5.806166248160001040e+08
6.730283080958680664e+00 6.026144276004264355e+08
6.797585911768267763e+00 5.324621262883481383e+08
6.865561770885950210e+00 5.549205255354775190e+08
6.934217388594810849e+00 6.069183477463439703e+08
7.003559562480758949e+00 5.713941924361367226e+08
7.073595158105566050e+00 5.103252581319583654e+08
7.144331109686621772e+00 4.712621604248149395e+08
7.215774420783487741e+00 4.409512014786130786e+08
7.287932164991324235e+00 3.946679168524303436e+08
7.360811486641236634e+00 3.603578636058731675e+08
7.434419601507648245e+00 3.554844084443037510e+08
7.508763797522725270e+00 3.837065587708063722e+08
7.583851435497953375e+00 4.206915885549515486e+08
7.659689949852931612e+00 3.850248804376998544e+08
7.736286849351461825e+00 2.982287992931368947e+08
7.813649717844977083e+00 3.346532493603283167e+08
7.891786215023426365e+00 3.541376866470639110e+08
7.970704077173661695e+00 3.889049881225827932e+08
8.050411117945397876e+00 3.784541345200553536e+08
8.130915229124850541e+00 4.003714882785986066e+08
8.212224381416099561e+00 3.943767408354875445e+08
8.294346625230261338e+00 4.164387266704735756e+08
8.377290091482562318e+00 4.143096734665151834e+08
8.461062992397387461e+00 4.457659628790701628e+08
8.545673622321363183e+00 4.653360853223906159e+08
8.631130358544575998e+00 4.995556372781055570e+08
8.717441662130022806e+00 5.156710814007449150e+08
8.804616078751321240e+00 5.197257317977284193e+08
8.892662239538834612e+00 5.313551421203835011e+08
8.981588861934222123e+00 5.298536252512653470e+08
9.071404750553567098e+00 5.832801779726729393e+08
9.162118798059102787e+00 5.927006802576622963e+08
9.253739986039693832e+00 5.998202388642774820e+08
9.346277385900089385e+00 6.073368016629626751e+08
9.439740159759089977e+00 6.032943915292354822e+08
9.534137561356683221e+00 6.440641263232676983e+08
9.629478936970249592e+00 6.237926625800908804e+08
9.725773726339950187e+00 6.413329940841590166e+08
9.823031463603349778e+00 6.566689969793699980e+08
9.921261778239381712e+00 6.312880824466573000e+08
1.002047439602177548e+01 6.671227347169893980e+08
1.012067913998199487e+01 5.811532215618429184e+08
1.022188593138181290e+01 6.001616579863880873e+08
1.032410479069563181e+01 4.444553349395092130e+08
1.042734583860258724e+01 3.366882765378322601e+08
1.053161929698861421e+01 4.051512333119087219e+08
1.063693548995849980e+01 4.434496725411397219e+08
1.074330484485808412e+01 3.364016772035695314e+08
1.085073789330666472e+01 4.294283634297292829e+08
1.095924527223973222e+01 3.883822594246148467e+08
1.106883772496212970e+01 4.581103151435041428e+08
1.117952610221174936e+01 4.803643034502682090e+08
1.129132136323386781e+01 4.587175316016604304e+08
1.140423457686620701e+01 4.891534536751332879e+08
1.151827692263487002e+01 4.423008045777311325e+08
1.163345969186121920e+01 4.400018603698885441e+08
1.174979428877982990e+01 3.405866146460388303e+08
1.186729223166762992e+01 4.108859460172098875e+08
1.198596515398430462e+01 3.867005330263182521e+08
1.210582480552414708e+01 3.541835437573463917e+08
1.222688305357938887e+01 3.535241304425894022e+08
1.234915188411518194e+01 3.171883857055578232e+08
1.247264340295633467e+01 3.005883331080535054e+08
1.259736983698589619e+01 2.874648153227325082e+08
1.272334353535575424e+01 2.895132325901541710e+08
1.285057697070931226e+01 2.847952279037502408e+08
1.297908274041640553e+01 2.663358111824440360e+08
1.310887356782057012e+01 2.790540610096486211e+08
1.323996230349877479e+01 2.410825413748110831e+08
1.337236192653376321e+01 2.302169375273678005e+08
1.350608554579910248e+01 2.227896278033265173e+08
1.364114640125709244e+01 2.281258542290476859e+08
1.377755786526966197e+01 2.191170521415321827e+08
1.391533344392236238e+01 2.268288354115992486e+08
1.405448677836158211e+01 1.995317841368542314e+08
1.419503164614519974e+01 1.793753834375234842e+08
1.433698196260665192e+01 1.850098785172751248e+08
1.448035178223271835e+01 1.538705623352238238e+08
1.462515530005504516e+01 1.855375649458467364e+08
1.477140685305559664e+01 1.755176383505940139e+08
1.491912092158615089e+01 1.502857752406738698e+08
1.506831213080201159e+01 1.581106175647142828e+08
1.521899525211003024e+01 1.583989646556525826e+08
1.537118520463113214e+01 1.445024092027992606e+08
1.552489705667744246e+01 1.297301310583033413e+08
1.568014602724421813e+01 1.185794207564373612e+08
1.583694748751665848e+01 1.202763364538596123e+08
1.599531696239182388e+01 1.163356919531784356e+08
1.615527013201574391e+01 1.150660895740530938e+08
1.631682283333590178e+01 1.124016279265283495e+08
1.647999106166925998e+01 1.070326153232202679e+08
1.664479097228595350e+01 9.581862654386757314e+07
1.681123888200881211e+01 1.036745839128000885e+08
1.697935127082889650e+01 9.998901873039913177e+07
1.714914478353718863e+01 8.469314280525901914e+07
1.732063623137256059e+01 8.545811054886280000e+07
1.749384259368628847e+01 8.520934006642293930e+07
1.766878101962314673e+01 8.318152338396911323e+07
1.784546882981938509e+01 8.298813313629509509e+07
1.802392351811757720e+01 7.879226229950265586e+07
1.820416275329875333e+01 7.004164045046396554e+07
1.838620438083173880e+01 7.310435128775992990e+07
1.857006642464005353e+01 6.248228642662737519e+07
1.875576708888645427e+01 6.876029764805376530e+07
1.894332475977532226e+01 6.491855170234582573e+07
1.913275800737307719e+01 6.592940318404506147e+07
1.969740769490774923e+01 5.080907119852408767e+07
2.068227807965313403e+01 4.331985341287486255e+07
2.171639198363579126e+01 3.559007341613356769e+07
2.280221158281758420e+01 3.165714633147599921e+07
2.394232216195846163e+01 2.643345655172057822e+07
2.513943827005638454e+01 2.161585889140861481e+07
2.639641018355920465e+01 1.817168738862898573e+07
2.771623069273716311e+01 1.567814981650130637e+07
2.910204222737402446e+01 1.247961656542715617e+07
3.055714433874272729e+01 1.011777004318279214e+07
3.208500155567985956e+01 9.208679336795810610e+06
3.368925163346385432e+01 7.324527535763708875e+06
3.537371421513704206e+01 5.702705398860164918e+06
3.714239992589390482e+01 5.152324680437066592e+06
3.899951992218858976e+01 4.306478721457604319e+06
4.094949591829801960e+01 3.565581664938437752e+06
4.299697071421292094e+01 2.893560746810727753e+06
4.514681924992356699e+01 2.412658760377303697e+06
4.740416021241974676e+01 1.986381852147875121e+06
4.977436822304073161e+01 1.639719841725425329e+06
5.226308663419276712e+01 1.416355039266876644e+06
5.487624096590241152e+01 1.179963586889805971e+06
5.762005301419753067e+01 9.392293328883148497e+05
6.050105566490740472e+01 8.415693089357664576e+05
6.352610844815276891e+01 6.488370612444475992e+05
6.670241387056040594e+01 5.517397789912162116e+05
7.003753456408843192e+01 4.777549816538636223e+05
7.353941129229284002e+01 3.770979877489884384e+05
7.721638185690748912e+01 3.148214486198028317e+05
8.107720094975286429e+01 2.622437263688055100e+05
8.513106099724051035e+01 2.212734841819805151e+05
8.938761404710253089e+01 2.023702978724178683e+05
9.385699474945765530e+01 1.494339105089937511e+05
