3.401114059005487245e-01 8.154249533595411479e+07
3.435125199595542300e-01 6.273535078192580491e+07
3.469476451591497201e-01 7.626228293797193468e+07
3.504171216107412334e-01 1.026356228633579165e+08
3.539212928268486436e-01 1.644446342615423501e+08
3.574605057551171750e-01 8.792388293537773192e+07
3.610351108126682584e-01 1.104073184616314322e+08
3.646454619207949999e-01 1.765791229094943404e+08
3.682919165400029282e-01 2.320917547730117738e+08
3.719748357054029064e-01 1.044008538654676676e+08
3.756945840624569266e-01 1.404616454155556262e+08
3.794515299030815081e-01 2.778760603281181455e+08
3.832460452021123065e-01 1.633830585666661859e+08
3.870785056541334312e-01 1.684065581233232319e+08
3.909492907106748016e-01 2.298696127164044678e+08
3.948587836177815391e-01 1.509734885473752022e+08
3.988073714539593917e-01 3.228401332686006427e+08
4.027954451684989667e-01 2.485224369521327615e+08
4.068233996201839342e-01 3.083028415204787254e+08
4.108916336163858096e-01 4.801959573992407322e+08
4.150005499525497021e-01 5.198592957302182317e+08
4.191505554520751908e-01 4.137356118829238415e+08
4.233420610065958822e-01 2.024794795708709061e+08
4.275754816166618122e-01 3.829092443712341785e+08
4.318512364328284114e-01 5.394964776314817667e+08
4.361697487971567533e-01 6.737551951827045679e+08
4.405314462851282475e-01 6.175107528837078810e+08
4.449367607479796094e-01 5.406687302880098820e+08
4.493861283554593800e-01 6.667521200508983135e+08
4.538799896390139921e-01 6.361515308804435730e+08
4.584187895354041031e-01 5.768234552579178810e+08
4.630029774307581336e-01 4.827447274575856924e+08
4.676330072050656761e-01 4.248192100864551663e+08
4.723093372771162701e-01 3.737843347850161195e+08
4.770324306498874289e-01 2.431391689544725120e+08
4.818027549563863032e-01 2.186423653776991069e+08
4.866207825059500891e-01 2.335696050894861221e+08
4.914869903310095656e-01 2.725317713933302760e+08
4.964018602343197584e-01 1.781526823734465837e+08
5.013658788366629482e-01 1.336602309173756540e+08
5.063795376250295188e-01 1.471518977501571476e+08
5.114433330012797541e-01 1.704266179571037591e+08
5.165577663312926893e-01 1.346636995096988380e+08
5.217233439946056262e-01 1.613386742159546316e+08
5.269405774345515825e-01 1.824082504817031026e+08
5.322099832088971194e-01 1.974570997544681430e+08
5.375320830409860973e-01 1.941958828185410798e+08
5.429074038713960215e-01 1.763063815507994890e+08
5.483364779101099762e-01 1.306941351055611968e+08
5.538198426892112503e-01 1.476931494461784363e+08
5.593580411161032107e-01 1.284337759015229493e+08
5.649516215272641917e-01 1.132487487386032641e+08
5.706011377425368458e-01 1.254487437308262140e+08
5.763071491199621699e-01 1.312761080969876796e+08
5.820702206111618704e-01 1.251470924161036760e+08
5.878909228172733981e-01 5.481871789384530485e+07
5.937698320454461998e-01 6.674979587044516206e+07
5.997075303659007428e-01 9.211831869323442876e+07
6.057046056695597480e-01 1.283382429439018369e+08
6.117616517262552955e-01 1.487586301293247938e+08
6.178792682435179096e-01 9.942695065342937410e+07
6.240580609259530620e-01 8.135381071838921309e+07
6.302986415352126448e-01 1.087769225863024592e+08
6.366016279505647413e-01 1.226470255839360058e+08
6.429676442300703565e-01 1.369312649824349582e+08
6.493973206723711034e-01 1.535140467164904475e+08
6.558912938790947278e-01 1.679173736754677594e+08
6.624502068178856895e-01 1.542630552573465109e+08
6.690747088860645730e-01 1.161913695604113489e+08
6.757654559749252110e-01 1.003154636582109928e+08
6.825231105346745153e-01 1.022786049433990866e+08
6.893483416400212338e-01 9.935186770425944030e+07
6.962418250564214039e-01 1.185985564063293785e+08
7.032042433069857212e-01 1.334068082023957521e+08
7.102362857400554841e-01 8.943940151473577321e+07
7.173386485974559967e-01 6.683293559110306203e+07
7.245120350834306500e-01 8.368086165008513629e+07
7.317571554342650053e-01 1.050785444439513385e+08
7.390747269886076554e-01 1.182774943911987245e+08
7.464654742584937441e-01 1.201415537818469852e+08
7.539301290010786971e-01 1.143726232936886996e+08
7.614694302910893775e-01 8.449616838090136647e+07
7.690841245940003290e-01 4.606625952188551426e+07
7.767749658399403234e-01 6.766776428432066739e+07
7.845427154983398710e-01 8.127370194183208048e+07
7.923881426533231354e-01 9.674543495971405506e+07
8.003120240798563545e-01 1.100564983248706758e+08
8.083151443206548770e-01 1.150981766247073412e+08
8.163982957638614701e-01 1.117044954678972661e+08
8.245622787215000082e-01 1.208358900373246819e+08
8.328079015087149761e-01 1.228091367952699810e+08
8.411359805238021181e-01 1.099414003900264949e+08
8.495473403290402237e-01 1.071782100669937730e+08
8.580428137323306004e-01 1.269487241758336276e+08
8.666232418696537820e-01 1.358076233929470778e+08
8.752894742883503554e-01 1.352843748980565369e+08
8.840423690312340099e-01 1.000800962565661967e+08
8.928827927215462479e-01 3.319108418145401031e+07
9.018116206487618580e-01 3.664234884559672326e+07
9.108297368552494833e-01 6.711119998064038157e+07
9.199380342238018260e-01 1.055210932639955878e+08
9.291374145660399320e-01 6.725964311140288413e+07
9.384287887117003235e-01 6.067037094524589181e+07
9.478130765988174167e-01 6.588284624722278118e+07
9.572912073648053299e-01 6.321578092079670727e+07
9.668641194384535176e-01 7.625804962294244766e+07
9.765327606328380039e-01 8.220190851589769125e+07
9.862980882391664261e-01 8.728496343944889307e+07
9.961610691215579960e-01 8.870699933890585601e+07
1.006122679812773590e+00 9.583541065452507138e+07
1.016183906610901300e+00 1.305522240564117134e+08
1.026345745677010202e+00 1.614652592461649477e+08
1.036609203133780355e+00 2.271110861857869625e+08
1.046975295165118336e+00 3.250563138908908367e+08
1.057445048116769204e+00 4.056945508128053546e+08
1.068019498597936989e+00 4.344045941153239012e+08
1.078699693583916597e+00 4.336710416443239450e+08
1.089486690519755552e+00 3.087343971596540213e+08
1.100381557424953138e+00 1.603203538450310528e+08
1.111385372999202481e+00 6.436014014494864643e+07
1.122499226729194666e+00 2.789281704745956883e+07
1.133724218996486455e+00 3.329573109758035839e+07
1.145061461186451135e+00 3.433728457978253812e+07
1.156512075798315831e+00 7.732338351504360326e+06
1.168077196556299047e+00 1.678873816715065017e+07
1.179757968521861988e+00 1.705976421232903376e+07
1.191555548207080761e+00 4.130662499022965133e+07
1.203471103689151889e+00 1.252736704140219688e+08
1.215505814726043354e+00 3.240656263966245651e+08
1.227660872873303610e+00 5.684142575118688345e+08
1.239937481602036762e+00 8.023965481060411930e+08
1.252336856418057032e+00 1.059749996506513834e+09
1.264860224982237824e+00 1.194737798906515360e+09
1.277508827232060051e+00 1.019210280524507046e+09
1.290283915504380818e+00 7.280675533266352415e+08
1.303186754659424462e+00 5.049460030775502324e+08
1.316218622206019040e+00 3.119274641794292927e+08
1.329380808428079153e+00 1.043901402655053288e+08
1.342674616512359975e+00 2.311844712091182172e+07
1.356101362677483380e+00 5.180052598376884125e+06
1.369662376304258355e+00 6.663001130241129547e+06
1.383359000067300837e+00 4.271238906467516907e+06
1.397192590067974027e+00 3.997111521533180028e+06
1.411164515968653665e+00 7.238937584976703860e+06
1.425276161128340213e+00 1.212251880662739649e+07
1.439528922739623740e+00 2.554796084243710339e+07
1.453924211967019708e+00 6.997536541330121458e+07
1.468463454086690101e+00 8.446357699200795591e+07
1.483148088627556760e+00 1.184126887383185029e+08
1.497979569513832487e+00 2.101675165164843202e+08
1.512959365208970564e+00 2.866284344417735934e+08
1.528088958861060442e+00 4.962187393270511031e+08
1.543369848449671178e+00 7.778551101862901449e+08
1.558803546934167894e+00 9.991162001308773756e+08
1.574391582403509737e+00 1.380184209967001438e+09
1.590135498227544852e+00 1.271881274717432499e+09
1.606036853209820148e+00 4.496370401561435461e+08
1.622097221741918505e+00 1.017535333949953914e+08
1.638318193959337421e+00 6.144094827246300876e+07
1.654701375898931071e+00 6.608712378979200870e+07
1.671248389657920441e+00 3.386252244749625027e+07
1.687960873554499530e+00 4.285333026843787730e+07
1.704840482290044701e+00 2.847848077860494331e+07
1.721888887112944966e+00 4.465439694374939054e+07
1.739107775984074289e+00 4.126842186122266203e+07
1.756498853743915012e+00 6.140402256325053424e+07
1.774063842281354608e+00 5.704094232889843732e+07
1.791804480704168201e+00 4.744015905810674280e+07
1.809722525511209934e+00 6.138925384032502770e+07
1.827819750766321860e+00 6.644237525756863505e+07
1.846097948273984990e+00 7.416626963240270317e+07
1.864558927756724938e+00 6.863901818012411892e+07
1.883204517034292147e+00 1.625606943539017737e+08
1.902036562204635128e+00 1.799263523458763063e+08
1.921056927826681582e+00 1.437760819581609368e+08
1.940267497104948502e+00 1.198423486065452844e+08
1.959670172075998140e+00 1.769544674430176020e+08
1.979266873796758031e+00 2.624151960161876976e+08
1.999059542534725509e+00 4.098208463230388761e+08
2.019050137960073155e+00 5.668724241817781925e+08
2.039240639339673589e+00 7.942179308334150314e+08
2.059633045733070489e+00 1.016012160408178329e+09
2.080229376190401158e+00 1.092272690074018717e+09
2.101031669952305059e+00 9.270073562540941238e+08
2.122041986651828083e+00 6.715558837072281837e+08
2.143262406518346097e+00 4.370040916218239069e+08
2.164695030583529967e+00 2.429954183197780550e+08
2.186341980889365377e+00 1.539463078641215861e+08
2.208205400698258991e+00 5.821792110269041359e+07
2.230287454705241146e+00 6.847696466497415304e+07
2.252590329252293522e+00 5.006704441265597194e+07
2.275116232544817318e+00 4.960553124134354293e+07
2.297867394870265034e+00 5.103026622807729244e+07
2.320846068818967822e+00 5.938259326863806695e+07
2.344054529507157536e+00 5.548713662387947738e+07
2.367495074802228761e+00 6.380236416567608714e+07
2.391170025550251044e+00 7.506858959069840610e+07
2.415081725805753532e+00 9.736747189309644699e+07
2.439232543063811764e+00 1.097362459716869891e+08
2.463624868494449949e+00 1.456663770989232063e+08
2.488261117179394244e+00 1.807155572768794894e+08
2.513143728351188155e+00 1.866736710923357606e+08
2.538275165634700237e+00 1.645327198428272307e+08
2.563657917291046751e+00 1.444643440015807748e+08
2.589294496463957262e+00 1.380759457405982316e+08
2.615187441428596937e+00 1.659639007430403829e+08
2.641339315842882840e+00 2.440573965122853220e+08
2.667752709001311562e+00 1.714862344460232258e+08
2.694430236091324815e+00 1.988049700780093670e+08
2.721374538452237868e+00 2.598431285794543028e+08
2.748588283836760127e+00 2.661509088164257407e+08
2.776074166675128296e+00 2.198441166166244745e+08
2.803834908341879206e+00 2.731578675035817623e+08
2.831873257425297830e+00 2.989547002537487745e+08
2.860191989999551154e+00 3.184575299250434637e+08
2.888793909899546541e+00 4.084139989283711910e+08
2.917681848998542549e+00 4.357866582401146293e+08
2.946858667488527761e+00 5.344450690326557755e+08
2.976327254163412928e+00 5.578991466695538759e+08
3.006090526705047061e+00 4.477204284366591573e+08
3.036151431972097470e+00 5.519066325467444658e+08
3.066512946291818587e+00 4.680660984481441975e+08
3.097178075754736692e+00 3.610958106889028549e+08
3.128149856512283833e+00 2.921231799426201582e+08
3.159431355077406689e+00 2.543102526613335013e+08
3.191025668628181045e+00 2.362634363687466681e+08
3.222935925314462935e+00 2.393265027578265071e+08
3.255165284567607564e+00 2.511428529664240777e+08
3.287716937413283524e+00 2.915499080256183147e+08
3.320594106787416067e+00 2.296138239843960404e+08
3.353800047855290511e+00 2.604171461968686879e+08
3.387338048333843332e+00 2.907887301473181248e+08
3.421211428817182210e+00 2.925846637066223025e+08
3.455423543105353712e+00 2.980715767963843346e+08
3.489977778536407005e+00 3.151874057095225453e+08
3.524877556321771355e+00 3.501897377245568633e+08
3.560126331884988726e+00 3.765566562538925409e+08
3.595727595203838334e+00 4.081314956389023662e+08
3.631684871155877570e+00 4.434909079576342702e+08
3.668001719867436616e+00 5.532792468642463684e+08
3.704681737066110259e+00 6.252475010124895573e+08
3.741728554436771326e+00 6.923886108306825161e+08
3.779145839981139510e+00 7.117744430219318867e+08
3.816937298380950860e+00 9.281133996829072237e+08
3.855106671364760818e+00 8.527826029211353064e+08
3.893657738078407426e+00 9.560569536615562439e+08
3.932594315459191581e+00 1.099598972346265316e+09
3.971920258613783616e+00 1.201237370014354944e+09
4.011639461199922430e+00 1.267068334083160162e+09
4.051755855811920881e+00 1.315332966724583626e+09
4.092273414370040108e+00 1.261663598831207275e+09
4.133196148513740731e+00 1.239404521989212275e+09
4.174528109998877135e+00 1.360857896106927395e+09
4.216273391098866341e+00 1.513635717768145800e+09
4.258436125009854578e+00 1.695664976254935741e+09
4.301020486259953479e+00 8.957368534619114399e+08
4.344030691122553023e+00 1.166455352291729927e+09
4.387470998033777825e+00 1.663526280326585531e+09
4.431345708014116092e+00 1.613347678275537968e+09
4.475659165094256764e+00 1.519553633695899725e+09
4.520415756745198799e+00 1.551899700015989780e+09
4.565619914312651240e+00 1.771322799521753788e+09
4.611276113455778258e+00 1.854349513319309473e+09
4.657388874590335348e+00 1.814346742926513195e+09
4.703962763336238417e+00 2.007342704239962816e+09
4.751002390969600420e+00 2.128892684215584755e+09
4.798512414879296806e+00 1.899639803794934034e+09
4.846497539028090884e+00 1.950763866164316416e+09
4.894962514418371491e+00 1.847940996944028616e+09
4.943912139562555375e+00 1.583612762787142277e+09
4.993351260958180937e+00 1.583590443991528273e+09
5.043284773567762613e+00 1.426795568128099442e+09
5.093717621303440524e+00 1.333268087958666563e+09
5.144654797516475142e+00 1.150536727870958567e+09
5.196101345491639378e+00 1.065100304838197827e+09
5.248062358946555150e+00 1.090836327134896994e+09
5.300542982536021519e+00 9.760046947316690683e+08
5.353548412361381459e+00 8.984907950620822906e+08
5.407083896484995655e+00 8.179960497643061876e+08
5.461154735449845532e+00 7.965631892153943777e+08
5.515766282804344556e+00 8.056185321496311426e+08
5.570923945632387131e+00 7.005444341413849592e+08
5.626633185088711464e+00 6.815068443769518137e+08
5.682899516939598605e+00 6.834573639864983559e+08
5.739728512108993819e+00 6.437874825849359035e+08
5.797125797230084032e+00 6.629810835126652718e+08
5.855097055202384659e+00 6.076193944315344095e+08
5.913648025754409510e+00 6.341677305627723932e+08
5.972784506011953987e+00 6.336041533142091036e+08
6.032512351072073287e+00 6.246189359686617851e+08
6.092837474582792900e+00 6.175493602403759956e+08
6.153765849328621584e+00 6.140615228595935106e+08
6.215303507821907658e+00 6.368926548640027046e+08
6.277456542900125669e+00 6.619927048390114307e+08
6.340231108329128062e+00 6.371899741227300167e+08
6.403633419412418704e+00 5.683205185792959929e+08
6.467669753606543281e+00 5.300348013566629291e+08
6.532346451142608146e+00 5.458126677077274323e+08
6.597669915654034156e+00 5.317552495321102738e+08
6.663646614810574853e+00 5.603773274738724232e+08
6.730283080958680664e+00 5.661849222833415270e+08
6.797585911768267763e+00 5.346806011330159903e+08
6.865561770885950210e+00 5.407757691985847950e+08
6.934217388594810849e+00 5.588901076004893780e+08
7.003559562480758949e+00 5.404392231300923824e+08
7.073595158105566050e+00 5.124221949576676488e+08
7.144331109686621772e+00 4.923994347848044038e+08
7.215774420783487741e+00 4.767894224341452122e+08
7.287932164991324235e+00 4.562382289115106463e+08
7.360811486641236634e+00 4.408017703577890992e+08
7.434419601507648245e+00 4.353955625573734641e+08
7.508763797522725270e+00 4.402976821971299052e+08
7.583851435497953375e+00 4.499478085042780638e+08
7.659689949852931612e+00 4.343711628878068924e+08
7.736286849351461825e+00 4.001066757141224742e+08
7.813649717844977083e+00 4.066715500715386868e+08
7.891786215023426365e+00 4.087469922562139034e+08
7.970704077173661695e+00 4.170734415944196582e+08
8.050411117945397876e+00 4.092643332618718147e+08
8.130915229124850541e+00 4.140542473452130556e+08
8.212224381416099561e+00 4.073117133542252183e+08
8.294346625230261338e+00 4.130713027679470778e+08
8.377290091482562318e+00 4.078221494914773703e+08
8.461062992397387461e+00 4.191923705648455024e+08
8.545673622321363183e+00 4.236729738109127283e+08
8.631130358544575998e+00 4.365963042772057652e+08
8.717441662130022806e+00 4.426023805716565847e+08
8.804616078751321240e+00 4.371383293958377838e+08
8.892662239538834612e+00 4.405434343587976694e+08
8.981588861934222123e+00 4.333150588859661818e+08
9.071404750553567098e+00 4.554645020255616903e+08
9.162118798059102787e+00 4.512214092410972118e+08
9.253739986039693832e+00 4.501035930295023322e+08
9.346277385900089385e+00 4.452329909456197619e+08
9.439740159759089977e+00 4.469266600813679695e+08
9.534137561356683221e+00 4.559184018985592127e+08
9.629478936970249592e+00 4.456600657713205218e+08
9.725773726339950187e+00 4.496395717341286540e+08
9.823031463603349778e+00 4.587058115277389884e+08
9.921261778239381712e+00 4.431010760704930425e+08
1.002047439602177548e+01 4.622279944452115893e+08
1.012067913998199487e+01 4.079642080386857986e+08
1.022188593138181290e+01 4.174581344245622754e+08
1.032410479069563181e+01 3.372501055694394708e+08
1.042734583860258724e+01 2.830083322172887325e+08
1.053161929698861421e+01 3.020647961405721903e+08
1.063693548995849980e+01 3.133156557208290696e+08
1.074330484485808412e+01 2.666257821387048364e+08
1.085073789330666472e+01 2.979049751209580302e+08
1.095924527223973222e+01 2.852073766120626330e+08
1.106883772496212970e+01 3.173626745852560997e+08
1.117952610221174936e+01 3.259994163537207246e+08
1.129132136323386781e+01 3.176803747686515450e+08
1.140423457686620701e+01 3.312972538813400865e+08
1.151827692263487002e+01 3.044589397215543389e+08
1.163345969186121920e+01 3.090190820634457469e+08
1.174979428877982990e+01 2.532862174756980240e+08
1.186729223166762992e+01 2.888236031096723080e+08
1.198596515398430462e+01 2.630591289317848682e+08
1.210582480552414708e+01 2.506394115711184144e+08
1.222688305357938887e+01 2.484293980481462777e+08
1.234915188411518194e+01 2.298749470545150042e+08
1.247264340295633467e+01 2.257064675105060637e+08
1.259736983698589619e+01 2.149747960230508745e+08
1.272334353535575424e+01 2.115010425122366846e+08
1.285057697070931226e+01 2.074088128187201619e+08
1.297908274041640553e+01 1.973984601796588004e+08
1.310887356782057012e+01 2.018614488881610930e+08
1.323996230349877479e+01 1.852637860182442367e+08
1.337236192653376321e+01 1.748986151363210976e+08
1.350608554579910248e+01 1.755124082548352778e+08
1.364114640125709244e+01 1.746764857391881347e+08
1.377755786526966197e+01 1.666108431764551997e+08
1.391533344392236238e+01 1.732623267701137066e+08
1.405448677836158211e+01 1.557452784697699845e+08
1.419503164614519974e+01 1.462151291613221169e+08
1.433698196260665192e+01 1.468971966635657847e+08
1.448035178223271835e+01 1.310399456082767397e+08
1.462515530005504516e+01 1.453696165286454558e+08
1.477140685305559664e+01 1.380261317324807942e+08
1.491912092158615089e+01 1.258261424695195109e+08
1.506831213080201159e+01 1.272466238950328082e+08
1.521899525211003024e+01 1.260050443713340759e+08
1.537118520463113214e+01 1.184749974912915230e+08
1.552489705667744246e+01 1.094622802741990089e+08
1.568014602724421813e+01 1.026737429280497581e+08
1.583694748751665848e+01 1.007642102771650106e+08
1.599531696239182388e+01 9.846703207835307717e+07
1.615527013201574391e+01 9.764853702876117826e+07
1.631682283333590178e+01 9.497493486620131135e+07
1.647999106166925998e+01 9.198881193368805945e+07
1.664479097228595350e+01 8.514001416052138805e+07
1.681123888200881211e+01 8.739311150002025068e+07
1.697935127082889650e+01 8.517130317867143452e+07
1.714914478353718863e+01 7.645081332302989066e+07
1.732063623137256059e+01 7.591418090460839868e+07
1.749384259368628847e+01 7.469761207159410417e+07
1.766878101962314673e+01 7.306529599919767678e+07
1.784546882981938509e+01 7.205259790845735371e+07
1.802392351811757720e+01 6.881822355877034366e+07
1.820416275329875333e+01 6.343585085645767301e+07
1.838620438083173880e+01 6.434953828408765048e+07
1.857006642464005353e+01 5.815830528924543411e+07
1.875576708888645427e+01 6.046670674042620510e+07
1.894332475977532226e+01 5.772261639976045489e+07
1.913275800737307719e+01 5.707797764185450226e+07
1.969740769490774923e+01 4.770597591653729975e+07
2.068227807965313403e+01 4.071998075394742936e+07
2.171639198363579126e+01 3.405673418899090588e+07
2.280221158281758420e+01 2.966410648387132213e+07
2.394232216195846163e+01 2.506474684965178370e+07
2.513943827005638454e+01 2.088527106901234388e+07
2.639641018355920465e+01 1.759891598484491929e+07
2.771623069273716311e+01 1.503899104644168913e+07
2.910204222737402446e+01 1.234305782306575775e+07
3.055714433874272729e+01 1.024701726098116115e+07
3.208500155567985956e+01 8.902707719386762008e+06
3.368925163346385432e+01 7.332869402051753365e+06
3.537371421513704206e+01 5.983358065444068052e+06
3.714239992589390482e+01 5.157375543460460380e+06
3.899951992218858976e+01 4.320462840142383240e+06
4.094949591829801960e+01 3.610352463112181053e+06
4.299697071421292094e+01 2.982224953137192875e+06
4.514681924992356699e+01 2.488174493455629796e+06
4.740416021241974676e+01 2.069926925259745680e+06
4.977436822304073161e+01 1.721399032187178032e+06
5.226308663419276712e+01 1.453804998752681771e+06
5.487624096590241152e+01 1.210796475888450164e+06
5.762005301419753067e+01 9.940230441527989460e+05
6.050105566490740472e+01 8.481925665238955989e+05
6.352610844815276891e+01 6.878402694345293567e+05
6.670241387056040594e+01 5.766714744725970086e+05
7.003753456408843192e+01 4.857417546518882737e+05
7.353941129229284002e+01 3.961992161850740667e+05
7.721638185690748912e+01 3.300238597026588977e+05
8.107720094975286429e+01 2.737588651745573152e+05
8.513106099724051035e+01 2.286177501588780724e+05
8.938761404710253089e+01 1.965330083435901033e+05
9.385699474945765530e+01 1.562463854306231660e+05
