3.401114059005487245e-01 4.921892190347055664e+11
3.435125199595542300e-01 7.150842745809229736e+11
3.469476451591497201e-01 6.357832863903620605e+11
3.504171216107412334e-01 6.671520460571134033e+11
3.539212928268486436e-01 7.565164415131340332e+11
3.574605057551171750e-01 1.380649346995163818e+12
3.610351108126682584e-01 1.105563203677608398e+12
3.646454619207949999e-01 1.083108471476449585e+12
3.682919165400029282e-01 1.059945647985021240e+12
3.719748357054029064e-01 1.740572652485785400e+12
3.756945840624569266e-01 1.765927829161927979e+12
3.794515299030815081e-01 1.318748465749851807e+12
3.832460452021123065e-01 2.061583440426882324e+12
3.870785056541334312e-01 1.790228990334287842e+12
3.909492907106748016e-01 1.514270829339949707e+12
3.948587836177815391e-01 1.080030411638991333e+12
3.988073714539593917e-01 9.456088758204173584e+11
4.027954451684989667e-01 9.669680544293289795e+11
4.068233996201839342e-01 1.259422328974030762e+12
4.108916336163858096e-01 8.126015000548312988e+11
4.150005499525497021e-01 1.113337499533525146e+12
4.191505554520751908e-01 1.270107371469973633e+12
4.233420610065958822e-01 1.442493621457783936e+12
4.275754816166618122e-01 1.314220971084796875e+12
4.318512364328284114e-01 1.345187081942742432e+12
4.361697487971567533e-01 1.069222656590248779e+12
4.405314462851282475e-01 1.465468957241553711e+12
4.449367607479796094e-01 1.278449366811209717e+12
4.493861283554593800e-01 1.114441345043403076e+12
4.538799896390139921e-01 1.035831872160262329e+12
4.584187895354041031e-01 1.087167512983096558e+12
4.630029774307581336e-01 1.073390414229676392e+12
4.676330072050656761e-01 1.139761352103668945e+12
4.723093372771162701e-01 1.171333705509333252e+12
4.770324306498874289e-01 1.202143926860554932e+12
4.818027549563863032e-01 1.253549572168564697e+12
4.866207825059500891e-01 1.414573489111247070e+12
4.914869903310095656e-01 1.498875830124541748e+12
4.964018602343197584e-01 1.555562517298891602e+12
5.013658788366629482e-01 1.759793696354678711e+12
5.063795376250295188e-01 1.885877090920919434e+12
5.114433330012797541e-01 2.000130763783607178e+12
5.165577663312926893e-01 2.340654503961153320e+12
5.217233439946056262e-01 2.143992828746936768e+12
5.269405774345515825e-01 2.173262345389306152e+12
5.322099832088971194e-01 1.984766066376443115e+12
5.375320830409860973e-01 2.138941169927283203e+12
5.429074038713960215e-01 2.492816959915422852e+12
5.483364779101099762e-01 2.236805548720909668e+12
5.538198426892112503e-01 2.139471372871849121e+12
5.593580411161032107e-01 2.360788638099963379e+12
5.649516215272641917e-01 2.416156097315090332e+12
5.706011377425368458e-01 2.338983242374726074e+12
5.763071491199621699e-01 2.364237154951110840e+12
5.820702206111618704e-01 2.303354094248873535e+12
5.878909228172733981e-01 2.633009958202937988e+12
5.937698320454461998e-01 2.788085068993654785e+12
5.997075303659007428e-01 2.801019606665000488e+12
6.057046056695597480e-01 2.613040363728128418e+12
6.117616517262552955e-01 2.583463781936118164e+12
6.178792682435179096e-01 2.923791424024349121e+12
6.240580609259530620e-01 3.332928871496539062e+12
6.302986415352126448e-01 3.032539027721608887e+12
6.366016279505647413e-01 2.891261677654229980e+12
6.429676442300703565e-01 2.781021507113698242e+12
6.493973206723711034e-01 2.768101707077773438e+12
6.558912938790947278e-01 2.805600569944031738e+12
6.624502068178856895e-01 3.121424596513469727e+12
6.690747088860645730e-01 3.333012851785269531e+12
6.757654559749252110e-01 3.364818484359238281e+12
6.825231105346745153e-01 3.346347476646467773e+12
6.893483416400212338e-01 3.115225423902446289e+12
6.962418250564214039e-01 2.981536882349634277e+12
7.032042433069857212e-01 2.888893936065409180e+12
7.102362857400554841e-01 3.244359061473155273e+12
7.173386485974559967e-01 3.444151343678373047e+12
7.245120350834306500e-01 3.265868329213964355e+12
7.317571554342650053e-01 3.053051775293412598e+12
7.390747269886076554e-01 2.842716017402834473e+12
7.464654742584937441e-01 2.779736554477000488e+12
7.539301290010786971e-01 2.692739729301159668e+12
7.614694302910893775e-01 2.884726046432832031e+12
7.690841245940003290e-01 3.218326464385122559e+12
7.767749658399403234e-01 3.274935150523927734e+12
7.845427154983398710e-01 3.255837945551312988e+12
7.923881426533231354e-01 3.282300550050828613e+12
8.003120240798563545e-01 3.113797525019003906e+12
8.083151443206548770e-01 3.021792802401953613e+12
8.163982957638614701e-01 2.830904111125868164e+12
8.245622787215000082e-01 3.004216902745479004e+12
8.328079015087149761e-01 3.214276800677138672e+12
8.411359805238021181e-01 3.213842354743989258e+12
8.495473403290402237e-01 3.483710555021344727e+12
8.580428137323306004e-01 3.316451711173957031e+12
8.666232418696537820e-01 3.314201526964626465e+12
8.752894742883503554e-01 3.063498657757592773e+12
8.840423690312340099e-01 3.125281621510673340e+12
8.928827927215462479e-01 3.186407269760588867e+12
9.018116206487618580e-01 3.190836900499131836e+12
9.108297368552494833e-01 3.122935177010085449e+12
9.199380342238018260e-01 2.923394625207041992e+12
9.291374145660399320e-01 2.930258981774257324e+12
9.384287887117003235e-01 2.982378829813951660e+12
9.478130765988174167e-01 2.841275716305414062e+12
9.572912073648053299e-01 2.794705160943303711e+12
9.668641194384535176e-01 2.747644666963038086e+12
9.765327606328380039e-01 2.880630202864465820e+12
9.862980882391664261e-01 2.926814794777583008e+12
9.961610691215579960e-01 3.074276891257479004e+12
1.006122679812773590e+00 3.012805379004242676e+12
1.016183906610901300e+00 2.914978979190220215e+12
1.026345745677010202e+00 2.915753941043672363e+12
1.036609203133780355e+00 2.836402461312547363e+12
1.046975295165118336e+00 2.713384152370341797e+12
1.057445048116769204e+00 2.655626601441894531e+12
1.068019498597936989e+00 2.639744109899063477e+12
1.078699693583916597e+00 2.610209590591458008e+12
1.089486690519755552e+00 2.602164697470081055e+12
1.100381557424953138e+00 2.610086992174923340e+12
1.111385372999202481e+00 2.607977864716335449e+12
1.122499226729194666e+00 2.557556176590911621e+12
1.133724218996486455e+00 2.523457752684305176e+12
1.145061461186451135e+00 2.491692126578812012e+12
1.156512075798315831e+00 2.498306808832275879e+12
1.168077196556299047e+00 2.460985166481574707e+12
1.179757968521861988e+00 2.381288703792789551e+12
1.191555548207080761e+00 2.479408551840345703e+12
1.203471103689151889e+00 2.333965648507829102e+12
1.215505814726043354e+00 2.272691462562619629e+12
1.227660872873303610e+00 2.222061670435974609e+12
1.239937481602036762e+00 2.219073022745413086e+12
1.252336856418057032e+00 2.199784574613231445e+12
1.264860224982237824e+00 2.156882372982880615e+12
1.277508827232060051e+00 2.099516843211123291e+12
1.290283915504380818e+00 2.091736822165466553e+12
1.303186754659424462e+00 2.038578489165532715e+12
1.316218622206019040e+00 2.001599670810050537e+12
1.329380808428079153e+00 2.047584244843977783e+12
1.342674616512359975e+00 2.114151945317593506e+12
1.356101362677483380e+00 2.105137092961737061e+12
1.369662376304258355e+00 2.057876382556571045e+12
1.383359000067300837e+00 2.005898362389464355e+12
1.397192590067974027e+00 1.999786797614792969e+12
1.411164515968653665e+00 1.994584615567011475e+12
1.425276161128340213e+00 1.994439807694819824e+12
1.439528922739623740e+00 1.939378862389670166e+12
1.453924211967019708e+00 1.925424237261123291e+12
1.468463454086690101e+00 1.894609501284612061e+12
1.483148088627556760e+00 1.838450837315477783e+12
1.497979569513832487e+00 1.803678419964498535e+12
1.512959365208970564e+00 1.743805106439772217e+12
1.528088958861060442e+00 1.709584252935293213e+12
1.543369848449671178e+00 1.654281833075920410e+12
1.558803546934167894e+00 1.639091467078220703e+12
1.574391582403509737e+00 1.583410693785174316e+12
1.590135498227544852e+00 1.550092503981630371e+12
1.606036853209820148e+00 1.486498870406575684e+12
1.622097221741918505e+00 1.451379808066498535e+12
1.638318193959337421e+00 1.387821152491528564e+12
1.654701375898931071e+00 1.347182640584583984e+12
1.671248389657920441e+00 1.305831510207930908e+12
1.687960873554499530e+00 1.281020853645189697e+12
1.704840482290044701e+00 1.263974538802545898e+12
1.721888887112944966e+00 1.275796640323646240e+12
1.739107775984074289e+00 1.268268130646195557e+12
1.756498853743915012e+00 1.276120335779458496e+12
1.774063842281354608e+00 1.281453681522467041e+12
1.791804480704168201e+00 1.274946780656632080e+12
1.809722525511209934e+00 1.267180468067195801e+12
1.827819750766321860e+00 1.244430367178011963e+12
1.846097948273984990e+00 1.241888868108953857e+12
1.864558927756724938e+00 1.236285631814514404e+12
1.883204517034292147e+00 1.195542976544043457e+12
1.902036562204635128e+00 1.159582932198888184e+12
1.921056927826681582e+00 1.131291014304634033e+12
1.940267497104948502e+00 1.110769191749389404e+12
1.959670172075998140e+00 1.073871173261622070e+12
1.979266873796758031e+00 1.071334244255390503e+12
1.999059542534725509e+00 1.037562454964342529e+12
2.019050137960073155e+00 1.021256902537134521e+12
2.039240639339673589e+00 9.947067935887260742e+11
2.059633045733070489e+00 9.780168781947208252e+11
2.080229376190401158e+00 9.481525308077237549e+11
2.101031669952305059e+00 9.161663198682949219e+11
2.122041986651828083e+00 8.899413868703896484e+11
2.143262406518346097e+00 8.590153027396580811e+11
2.164695030583529967e+00 8.255554440498278809e+11
2.186341980889365377e+00 7.973221416810853271e+11
2.208205400698258991e+00 7.665010577106373291e+11
2.230287454705241146e+00 7.425900511710775146e+11
2.252590329252293522e+00 7.173669317870241699e+11
2.275116232544817318e+00 6.913614291410522461e+11
2.297867394870265034e+00 7.224175507835010986e+11
2.320846068818967822e+00 7.222007783319331055e+11
2.344054529507157536e+00 7.121690695116960449e+11
2.367495074802228761e+00 6.978751315445827637e+11
2.391170025550251044e+00 7.126626417209929199e+11
2.415081725805753532e+00 7.026508113380964355e+11
2.439232543063811764e+00 6.916333365594541016e+11
2.463624868494449949e+00 6.823527580549267578e+11
2.488261117179394244e+00 6.759563321792961426e+11
2.513143728351188155e+00 6.614220352575261230e+11
2.538275165634700237e+00 6.404531845366888428e+11
2.563657917291046751e+00 6.222516969558935547e+11
2.589294496463957262e+00 6.014469906648616943e+11
2.615187441428596937e+00 5.768148716285206299e+11
2.641339315842882840e+00 5.541718562695211182e+11
2.667752709001311562e+00 5.351780370884972534e+11
2.694430236091324815e+00 5.205712505812586670e+11
2.721374538452237868e+00 5.087352135716171875e+11
2.748588283836760127e+00 4.989776580162871094e+11
2.776074166675128296e+00 4.880153996654556885e+11
2.803834908341879206e+00 4.739494034206324463e+11
2.831873257425297830e+00 4.640807778833239746e+11
2.860191989999551154e+00 4.506281259423997803e+11
2.888793909899546541e+00 4.350957191560169678e+11
2.917681848998542549e+00 4.267331825164221191e+11
2.946858667488527761e+00 4.135694271208516235e+11
2.976327254163412928e+00 4.025609661290198975e+11
3.006090526705047061e+00 3.887566669033057861e+11
3.036151431972097470e+00 3.801058775680032349e+11
3.066512946291818587e+00 3.655417386535336914e+11
3.097178075754736692e+00 3.566350514547698364e+11
3.128149856512283833e+00 3.446618595130034180e+11
3.159431355077406689e+00 3.331053994336523438e+11
3.191025668628181045e+00 3.224144258968141479e+11
3.222935925314462935e+00 3.105056656359622192e+11
3.255165284567607564e+00 3.000759513821387329e+11
3.287716937413283524e+00 2.895226762480760498e+11
3.320594106787416067e+00 2.790870586960302734e+11
3.353800047855290511e+00 2.690550594729759216e+11
3.387338048333843332e+00 2.589418341250682373e+11
3.421211428817182210e+00 2.500876215372944336e+11
3.455423543105353712e+00 2.401557835072774658e+11
3.489977778536407005e+00 2.316063045494442139e+11
3.524877556321771355e+00 2.234466807746137695e+11
3.560126331884988726e+00 2.151192402825366516e+11
3.595727595203838334e+00 2.070494191697575989e+11
3.631684871155877570e+00 1.998099537245334778e+11
3.668001719867436616e+00 1.928480512170319824e+11
3.704681737066110259e+00 1.860563058266919250e+11
3.741728554436771326e+00 1.784644047079288940e+11
3.779145839981139510e+00 1.718793500146102600e+11
3.816937298380950860e+00 1.659353774177047729e+11
3.855106671364760818e+00 1.597958288982493591e+11
3.893657738078407426e+00 1.545058576327405701e+11
3.932594315459191581e+00 1.494746215396370239e+11
3.971920258613783616e+00 1.459466516854737244e+11
4.011639461199922430e+00 1.413521368555572510e+11
4.051755855811920881e+00 1.378309959574062195e+11
4.092273414370040108e+00 1.347111852727395325e+11
4.133196148513740731e+00 1.304490110560363922e+11
4.174528109998877135e+00 1.267038844668898163e+11
4.216273391098866341e+00 1.227237957683805389e+11
4.258436125009854578e+00 1.198756570547621460e+11
4.301020486259953479e+00 1.215840682274712524e+11
4.344030691122553023e+00 1.197190447052735901e+11
4.387470998033777825e+00 1.183790745048335266e+11
4.431345708014116092e+00 1.182146150693748779e+11
4.475659165094256764e+00 1.166870314687833862e+11
4.520415756745198799e+00 1.136307569698485565e+11
4.565619914312651240e+00 1.101100568923473816e+11
4.611276113455778258e+00 1.071024161834179840e+11
4.657388874590335348e+00 1.027778229404455872e+11
4.703962763336238417e+00 9.886147818686743164e+10
4.751002390969600420e+00 9.498716994012852478e+10
4.798512414879296806e+00 9.218130573279595947e+10
4.846497539028090884e+00 8.842773113721226501e+10
4.894962514418371491e+00 8.573597901242520142e+10
4.943912139562555375e+00 8.279528194762078857e+10
4.993351260958180937e+00 7.985251395861738586e+10
5.043284773567762613e+00 7.724098873008630371e+10
5.093717621303440524e+00 7.436666376883726501e+10
5.144654797516475142e+00 7.188119286937603760e+10
5.196101345491639378e+00 6.906704335276376343e+10
5.248062358946555150e+00 6.678484261204920197e+10
5.300542982536021519e+00 6.421107458307295227e+10
5.353548412361381459e+00 6.182649118039969635e+10
5.407083896484995655e+00 5.960502472978042603e+10
5.461154735449845532e+00 5.742239069544904327e+10
5.515766282804344556e+00 5.526901682226802063e+10
5.570923945632387131e+00 5.317080058194745636e+10
5.626633185088711464e+00 5.119000643648655701e+10
5.682899516939598605e+00 4.927479184240881348e+10
5.739728512108993819e+00 4.750065219884868622e+10
5.797125797230084032e+00 4.556681839398820496e+10
5.855097055202384659e+00 4.401748804226570892e+10
5.913648025754409510e+00 4.214867105494306183e+10
5.972784506011953987e+00 4.045305939045677185e+10
6.032512351072073287e+00 3.901044711701800537e+10
6.092837474582792900e+00 3.742901108833598328e+10
6.153765849328621584e+00 3.595732610209494019e+10
6.215303507821907658e+00 3.459102415011139679e+10
6.277456542900125669e+00 3.341009012736962891e+10
6.340231108329128062e+00 3.228935456191715622e+10
6.403633419412418704e+00 3.128038452510686874e+10
6.467669753606543281e+00 3.057348668450420761e+10
6.532346451142608146e+00 2.973175584225355530e+10
6.597669915654034156e+00 2.900996030657101822e+10
6.663646614810574853e+00 2.820109746879578018e+10
6.730283080958680664e+00 2.705351001624135590e+10
6.797585911768267763e+00 2.624095886643003845e+10
6.865561770885950210e+00 2.525298350703164291e+10
6.934217388594810849e+00 2.441657519448102188e+10
7.003559562480758949e+00 2.344684701104728699e+10
7.073595158105566050e+00 2.267081187416246033e+10
7.144331109686621772e+00 2.183515461342368698e+10
7.215774420783487741e+00 2.104858897490109253e+10
7.287932164991324235e+00 2.031077357239430618e+10
7.360811486641236634e+00 1.955575499739662552e+10
7.434419601507648245e+00 1.885326370854543686e+10
7.508763797522725270e+00 1.819299653653863144e+10
7.583851435497953375e+00 1.754197198856133652e+10
7.659689949852931612e+00 1.691270228146287155e+10
7.736286849351461825e+00 1.633882969007706833e+10
7.813649717844977083e+00 1.565405534157126617e+10
7.891786215023426365e+00 1.523353554512433052e+10
7.970704077173661695e+00 1.466426768432035446e+10
8.050411117945397876e+00 1.415431573612022781e+10
8.130915229124850541e+00 1.367424241334030724e+10
8.212224381416099561e+00 1.317457993583818245e+10
8.294346625230261338e+00 1.273004012526527023e+10
8.377290091482562318e+00 1.228103452431730080e+10
8.461062992397387461e+00 1.184866222913697052e+10
8.545673622321363183e+00 1.142876867999567032e+10
8.631130358544575998e+00 1.099946947386678123e+10
8.717441662130022806e+00 1.061949628546344376e+10
8.804616078751321240e+00 1.023687313429973030e+10
8.892662239538834612e+00 9.838854708224910736e+09
8.981588861934222123e+00 9.487572376544649124e+09
9.071404750553567098e+00 9.128411390726236343e+09
9.162118798059102787e+00 8.802166041571794510e+09
9.253739986039693832e+00 8.486082708678685188e+09
9.346277385900089385e+00 8.182506608801247597e+09
9.439740159759089977e+00 7.885805606113376617e+09
9.534137561356683221e+00 7.581551570675652504e+09
9.629478936970249592e+00 7.339236134036512375e+09
9.725773726339950187e+00 7.059704368508785248e+09
9.823031463603349778e+00 6.814254251670093536e+09
9.921261778239381712e+00 6.585776956867918968e+09
1.002047439602177548e+01 6.338374050678121567e+09
1.012067913998199487e+01 6.125071708598690033e+09
1.022188593138181290e+01 5.892585678524876595e+09
1.032410479069563181e+01 5.706434942307225227e+09
1.042734583860258724e+01 5.490371278988448143e+09
1.053161929698861421e+01 5.304713550918873787e+09
1.063693548995849980e+01 5.115239921801529884e+09
1.074330484485808412e+01 4.941230976530831337e+09
1.085073789330666472e+01 4.754702894526406288e+09
1.095924527223973222e+01 4.602765267296316147e+09
1.106883772496212970e+01 4.424186815493982315e+09
1.117952610221174936e+01 4.279381827462931156e+09
1.129132136323386781e+01 4.117931674073892117e+09
1.140423457686620701e+01 3.971607364336061001e+09
1.151827692263487002e+01 3.833701284870906830e+09
1.163345969186121920e+01 3.694367732497437000e+09
1.174979428877982990e+01 3.564050211401508808e+09
1.186729223166762992e+01 3.430511773295441628e+09
1.198596515398430462e+01 3.298067060775150299e+09
1.210582480552414708e+01 3.184087574100796700e+09
1.222688305357938887e+01 3.064790080268716812e+09
1.234915188411518194e+01 2.956496782608982086e+09
1.247264340295633467e+01 2.848768661650349617e+09
1.259736983698589619e+01 2.739632296488646984e+09
1.272334353535575424e+01 2.640722235008755207e+09
1.285057697070931226e+01 2.545310438033043385e+09
1.297908274041640553e+01 2.456002336945094585e+09
1.310887356782057012e+01 2.363131937035106659e+09
1.323996230349877479e+01 2.278183347223432541e+09
1.337236192653376321e+01 2.194486585227502346e+09
1.350608554579910248e+01 2.116166477788818598e+09
1.364114640125709244e+01 2.032909555015769482e+09
1.377755786526966197e+01 1.962339149735132933e+09
1.391533344392236238e+01 1.884893654242489815e+09
1.405448677836158211e+01 1.815458096259474993e+09
1.419503164614519974e+01 1.759296015467986822e+09
1.433698196260665192e+01 1.686152670950643778e+09
1.448035178223271835e+01 1.626201755413755417e+09
1.462515530005504516e+01 1.571261464728353024e+09
1.477140685305559664e+01 1.504619479423556805e+09
1.491912092158615089e+01 1.454078042920473814e+09
1.506831213080201159e+01 1.397166029307996035e+09
1.521899525211003024e+01 1.346715673500934124e+09
1.537118520463113214e+01 1.298754759814888954e+09
1.552489705667744246e+01 1.248743562032008648e+09
1.568014602724421813e+01 1.204197279874189854e+09
1.583694748751665848e+01 1.157920036981987476e+09
1.599531696239182388e+01 1.116608020791915417e+09
1.615527013201574391e+01 1.078243030956909180e+09
1.631682283333590178e+01 1.033708344725765705e+09
1.647999106166925998e+01 9.977528868910828829e+08
1.664479097228595350e+01 9.612996039748865366e+08
1.681123888200881211e+01 9.250370997040605545e+08
1.697935127082889650e+01 8.897786337689931393e+08
1.714914478353718863e+01 8.577598482184730768e+08
1.732063623137256059e+01 8.271589251719748974e+08
1.749384259368628847e+01 7.935855001473026276e+08
1.766878101962314673e+01 7.668101701694364548e+08
1.784546882981938509e+01 7.357417569386836290e+08
1.802392351811757720e+01 7.096811183426947594e+08
1.820416275329875333e+01 6.834495260918115377e+08
1.838620438083173880e+01 6.577183683443031311e+08
1.857006642464005353e+01 6.344811172028532028e+08
1.875576708888645427e+01 6.106894717142137289e+08
1.894332475977532226e+01 5.877574594718780518e+08
1.913275800737307719e+01 5.647642276565424204e+08
1.969740769490774923e+01 4.984891046463887095e+08
2.068227807965313403e+01 3.916908279649477601e+08
2.171639198363579126e+01 3.231906174710010290e+08
2.280221158281758420e+01 2.665058927429561615e+08
2.394232216195846163e+01 2.207209868960676789e+08
2.513943827005638454e+01 1.820905776707593501e+08
2.639641018355920465e+01 1.505471219920077324e+08
2.771623069273716311e+01 1.244755050099331886e+08
2.910204222737402446e+01 1.030528644091981351e+08
3.055714433874272729e+01 8.526491627159081399e+07
3.208500155567985956e+01 7.039542235043546557e+07
3.368925163346385432e+01 5.839390419500309229e+07
3.537371421513704206e+01 4.814430366716308892e+07
3.714239992589390482e+01 3.959243669566892833e+07
3.899951992218858976e+01 3.245975883243262395e+07
4.094949591829801960e+01 2.670306937549684942e+07
4.299697071421292094e+01 2.194629823049582168e+07
4.514681924992356699e+01 1.803667021055504680e+07
4.740416021241974676e+01 1.479619956665466167e+07
4.977436822304073161e+01 1.216411766834876314e+07
5.226308663419276712e+01 1.002601051331106573e+07
5.487624096590241152e+01 8.190722625055930577e+06
5.762005301419753067e+01 6.760645653143742122e+06
6.050105566490740472e+01 5.532325414465189911e+06
6.352610844815276891e+01 4.536969733839527704e+06
6.670241387056040594e+01 3.734036620137750637e+06
7.003753456408843192e+01 3.057904701575675048e+06
7.353941129229284002e+01 2.515399208349946886e+06
7.721638185690748912e+01 2.050836647923691431e+06
8.107720094975286429e+01 1.690785649371362291e+06
8.513106099724051035e+01 1.386502250217157649e+06
8.938761404710253089e+01 1.131103346769242082e+06
9.385699474945765530e+01 9.278544618222446879e+05
