1.10000  1.08249e-18 1.04205e-18 
1.10110  1.13574e-18 1.00888e-18 
1.10221  9.96724e-19 9.76826e-19 
1.10331  1.08928e-18 9.44767e-19 
1.10441  8.63646e-19 9.16829e-19 
1.10551  7.46361e-19 8.89719e-19 
1.10662  5.95068e-19 8.64454e-19 
1.10772  5.14649e-19 8.39187e-19 
1.10882  3.11699e-19 8.19241e-19 
1.10992  4.44852e-19 8.02427e-19 
1.11103  4.80171e-19 7.85615e-19 
1.11213  6.13439e-19 7.68801e-19 
1.11323  5.55638e-19 7.54156e-19 
1.11433  4.17897e-19 7.43366e-19 
1.11544  1.27116e-19 7.32965e-19 
1.11654  1.42389e-19 7.22563e-19 
1.11764  1.80345e-19 7.13026e-19 
1.11874  2.64022e-19 7.06735e-19 
1.11985  3.70897e-19 7.01919e-19 
1.12095  3.98304e-19 7.01243e-19 
1.12205  3.43728e-19 7.00792e-19 
1.12315  3.85803e-19 6.94571e-19 
1.12426  5.52309e-19 6.88350e-19 
1.12536  4.96183e-19 6.82466e-19 
1.12646  5.14610e-19 6.79482e-19 
1.12756  5.33439e-19 6.76480e-19 
1.12867  6.28448e-19 6.72728e-19 
1.12977  6.11623e-19 6.70022e-19 
1.13087  5.96687e-19 6.68117e-19 
1.13197  5.31431e-19 6.64386e-19 
1.13308  4.83342e-19 6.61296e-19 
1.13418  6.71843e-19 6.58206e-19 
1.13528  7.22598e-19 6.55116e-19 
1.13638  6.77111e-19 6.53010e-19 
1.13749  6.67565e-19 6.52567e-19 
1.13859  9.06818e-19 6.52124e-19 
1.13969  1.17952e-18 6.51682e-19 
1.14079  1.21246e-18 6.49320e-19 
1.14190  1.16882e-18 6.47216e-19 
1.14300  1.28637e-18 6.46026e-19 
1.14410  1.44284e-18 6.43581e-19 
1.14520  1.54664e-18 6.41732e-19 
1.14631  1.48876e-18 6.43909e-19 
1.14741  1.45038e-18 6.46166e-19 
1.14851  1.41126e-18 6.48543e-19 
1.14961  1.32305e-18 6.53301e-19 
1.15072  1.38780e-18 6.50693e-19 
1.15182  1.29154e-18 6.45528e-19 
1.15292  1.22195e-18 6.40362e-19 
1.15402  1.29893e-18 6.35229e-19 
1.15513  1.47303e-18 6.35831e-19 
1.15623  1.73837e-18 6.38769e-19 
1.15733  2.18712e-18 6.41707e-19 
1.15843  2.19861e-18 6.44009e-19 
1.15954  2.28285e-18 6.43439e-19 
1.16064  2.08037e-18 6.39159e-19 
1.16174  2.02622e-18 6.34308e-19 
1.16284  2.01526e-18 6.29456e-19 
1.16395  1.81635e-18 6.25590e-19 
1.16505  1.95124e-18 6.22644e-19 
1.16615  2.12966e-18 6.20899e-19 
1.16725  2.52866e-18 6.20699e-19 
1.16836  2.82751e-18 6.20500e-19 
1.16946  3.00160e-18 6.16035e-19 
1.17056  3.11258e-18 6.11721e-19 
1.17166  3.13264e-18 6.06194e-19 
1.17277  3.09181e-18 6.01274e-19 
1.17387  3.24364e-18 5.98848e-19 
1.17497  3.50038e-18 5.97524e-19 
1.17607  3.66246e-18 5.96199e-19 
1.17718  3.88775e-18 5.93570e-19 
1.17828  4.12597e-18 5.91514e-19 
1.17938  4.23643e-18 5.88799e-19 
1.18049  4.16354e-18 5.85166e-19 
1.18159  4.03893e-18 5.85104e-19 
1.18269  4.13450e-18 5.85158e-19 
1.18379  4.23652e-18 5.84018e-19 
1.18490  4.53261e-18 5.84848e-19 
1.18600  4.79848e-18 5.84693e-19 
1.18710  4.98381e-18 5.85987e-19 
1.18820  5.17517e-18 5.83755e-19 
1.18931  5.34451e-18 5.87577e-19 
1.19041  5.16917e-18 5.91400e-19 
1.19151  5.55520e-18 5.95222e-19 
1.19261  5.49915e-18 5.89780e-19 
1.19372  5.40084e-18 5.82768e-19 
1.19482  5.39516e-18 5.75757e-19 
1.19592  5.57305e-18 5.73709e-19 
1.19702  5.56732e-18 5.72846e-19 
1.19813  5.73707e-18 5.71063e-19 
1.19923  5.80191e-18 5.72856e-19 
1.20033  5.82220e-18 5.75584e-19 
1.20143  5.86554e-18 5.76656e-19 
1.20254  5.88881e-18 5.75581e-19 
1.20364  5.96914e-18 5.71374e-19 
1.20474  6.07806e-18 5.66968e-19 
1.20584  6.02118e-18 5.66225e-19 
1.20695  6.08999e-18 5.63031e-19 
1.20805  6.30625e-18 5.63941e-19 
1.20915  6.54663e-18 5.66163e-19 
1.21025  6.67627e-18 5.65743e-19 
1.21136  6.78360e-18 5.65483e-19 
1.21246  6.92516e-18 5.65222e-19 
1.21356  7.09441e-18 5.63302e-19 
1.21466  7.25537e-18 5.60869e-19 
1.21577  7.36952e-18 5.58627e-19 
1.21687  7.42288e-18 5.58065e-19 
1.21797  7.41737e-18 5.58298e-19 
1.21907  7.50798e-18 5.56315e-19 
1.22018  7.75654e-18 5.56848e-19 
1.22128  8.02668e-18 5.55548e-19 
1.22238  8.26070e-18 5.58991e-19 
1.22348  8.42207e-18 5.60357e-19 
1.22459  8.47284e-18 5.61042e-19 
1.22569  8.60779e-18 5.58726e-19 
1.22679  8.78899e-18 5.56488e-19 
1.22789  8.80649e-18 5.55529e-19 
1.22900  8.88385e-18 5.54105e-19 
1.23010  8.78927e-18 5.53493e-19 
1.23120  8.69415e-18 5.52882e-19 
1.23230  8.73471e-18 5.52270e-19 
1.23341  9.00138e-18 5.51658e-19 
1.23451  8.90572e-18 5.51501e-19 
1.23561  8.96415e-18 5.47952e-19 
1.23671  8.98155e-18 5.49662e-19 
1.23782  9.02398e-18 5.52860e-19 
1.23892  8.93503e-18 5.51839e-19 
1.24002  8.82268e-18 5.49473e-19 
1.24112  8.81934e-18 5.47106e-19 
1.24223  8.67416e-18 5.45828e-19 
1.24333  8.58381e-18 5.44498e-19 
1.24443  8.42999e-18 5.43528e-19 
1.24553  8.21851e-18 5.42182e-19 
1.24664  8.27992e-18 5.40506e-19 
1.24774  8.37762e-18 5.37937e-19 
1.24884  8.18877e-18 5.34184e-19 
1.24994  7.99996e-18 5.32937e-19 
1.25105  7.83525e-18 5.30174e-19 
1.25215  7.69463e-18 5.27203e-19 
1.25325  7.62405e-18 5.22828e-19 
1.25436  7.67846e-18 5.18453e-19 
1.25546  7.64063e-18 5.16433e-19 
1.25656  7.62867e-18 5.14158e-19 
1.25766  7.49221e-18 5.10809e-19 
1.25877  7.26757e-18 5.06897e-19 
1.25987  7.00795e-18 5.06465e-19 
1.26097  6.70799e-18 5.06826e-19 
1.26207  6.64230e-18 5.06357e-19 
1.26318  6.56673e-18 5.04640e-19 
1.26428  6.57418e-18 5.02730e-19 
1.26538  6.30021e-18 5.00418e-19 
1.26648  6.15883e-18 4.99141e-19 
1.26759  6.07063e-18 4.97692e-19 
1.26869  5.91459e-18 4.96076e-19 
1.26979  5.75012e-18 4.94113e-19 
1.27089  5.60824e-18 4.92449e-19 
1.27200  5.52818e-18 4.90191e-19 
1.27310  5.42781e-18 4.90582e-19 
1.27420  5.48095e-18 4.90720e-19 
1.27530  5.56598e-18 4.88232e-19 
1.27641  5.18148e-18 4.84946e-19 
1.27751  4.97940e-18 4.75853e-19 
1.27861  4.65135e-18 4.67506e-19 
1.27971  4.37731e-18 4.60597e-19 
1.28082  4.12466e-18 4.59492e-19 
1.28192  3.96417e-18 4.59246e-19 
1.28302  3.80533e-18 4.59000e-19 
1.28412  3.77226e-18 4.58754e-19 
1.28523  3.60917e-18 4.56315e-19 
1.28633  3.53466e-18 4.54848e-19 
1.28743  3.40146e-18 4.55557e-19 
1.28853  3.21976e-18 4.53444e-19 
1.28964  3.07774e-18 4.50954e-19 
1.29074  2.77676e-18 4.48435e-19 
1.29184  2.49957e-18 4.45916e-19 
1.29294  2.22890e-18 4.43397e-19 
1.29405  1.97176e-18 4.40246e-19 
1.29515  1.63268e-18 4.31941e-19 
1.29625  1.30067e-18 4.25029e-19 
1.29735  1.18546e-18 4.18117e-19 
1.29846  9.64661e-19 4.11316e-19 
1.29956  8.99568e-19 4.07848e-19 
1.30066  6.65407e-19 4.04380e-19 
1.30176  4.83149e-19 4.01346e-19 
1.30287  3.46445e-20 3.99973e-19 
1.30397  1.33399e-19 3.98575e-19 
1.30507  2.30281e-19 3.98834e-19 
1.30617  2.56394e-19 3.99642e-19 
1.30728  3.99975e-19 4.01123e-19 
1.30838  3.30188e-19 4.00120e-19 
1.30948  3.35918e-19 3.97548e-19 
1.31058  2.54170e-19 3.94977e-19 
1.31169  1.73851e-19 3.93846e-19 
1.31279  8.65723e-20 3.93006e-19 
1.31389 -6.13227e-20 3.92111e-19 
1.31499 -1.58905e-19 3.92001e-19 
1.31610 -2.09028e-19 3.92316e-19 
1.31720 -3.58673e-19 3.92000e-19 
1.31830 -2.94101e-19 3.89512e-19 
1.31940 -2.03239e-19 3.89438e-19 
1.32051 -2.09966e-19 3.89364e-19 
1.32161 -1.11422e-19 3.89290e-19 
1.32271 -8.06066e-20 3.87086e-19 
1.32381 -4.92510e-20 3.84847e-19 
1.32492  1.02204e-20 3.82608e-19 
1.32602  3.76117e-20 3.80368e-19 
1.32712 -4.62781e-20 3.80311e-19 
1.32822  1.06531e-20 3.80890e-19 
1.32933 -6.46663e-20 3.80342e-19 
1.33043 -1.38484e-19 3.79583e-19 
1.33153 -1.96080e-19 3.80046e-19 
1.33264 -2.03127e-19 3.80571e-19 
1.33374  5.67885e-20 3.80925e-19 
1.33484 -6.34221e-20 3.81535e-19 
1.33594 -1.35516e-19 3.82262e-19 
1.33705 -8.15202e-20 3.83121e-19 
1.33815  1.33792e-19 3.84853e-19 
1.33925  2.29053e-19 3.86055e-19 
1.34035  2.76953e-19 3.87029e-19 
1.34146  1.85986e-19 3.86615e-19 
1.34256  1.58215e-19 3.83282e-19 
1.34366  1.07859e-19 3.79949e-19 
1.34476  7.51848e-20 3.76616e-19 
1.34587  7.91189e-20 3.76484e-19 
1.34697  7.37210e-20 3.76574e-19 
1.34807  1.37345e-19 3.76663e-19 
1.34917  8.97010e-20 3.76752e-19 
1.35028  4.09637e-20 3.75973e-19 
1.35138  2.45997e-20 3.74865e-19 
1.35248 -9.30021e-20 3.73757e-19 
1.35358 -2.03750e-19 3.73686e-19 
1.35469 -1.94640e-19 3.74436e-19 
1.35579 -1.16885e-19 3.75111e-19 
1.35689 -6.97368e-20 3.75787e-19 
1.35799 -6.19063e-20 3.76463e-19 
1.35910 -1.94078e-20 3.76238e-19 
1.36020  1.11306e-19 3.73973e-19 
1.36130  1.66752e-19 3.71708e-19 
1.36240  5.78514e-20 3.69443e-19 
1.36351  4.38103e-20 3.68569e-19 
1.36461  4.92787e-20 3.68432e-19 
1.36571  4.40011e-20 3.68668e-19 
1.36681 -6.70589e-20 3.69187e-19 
1.36792 -1.60134e-19 3.69705e-19 
1.36902 -9.03587e-20 3.68839e-19 
1.37012 -3.94094e-20 3.68766e-19 
1.37122  5.81892e-20 3.69170e-19 
1.37233  4.32341e-20 3.69574e-19 
1.37343 -6.05330e-21 3.69287e-19 
1.37453 -5.57738e-20 3.68669e-19 
1.37563 -9.36682e-20 3.68052e-19 
1.37674 -2.14343e-19 3.67435e-19 
1.37784 -2.36538e-19 3.67337e-19 
1.37894 -1.75167e-19 3.67833e-19 
1.38004 -1.24246e-19 3.68329e-19 
1.38115 -4.45187e-20 3.68825e-19 
1.38225  2.58545e-20 3.69714e-19 
1.38335  1.28484e-19 3.71736e-19 
1.38445  1.12673e-19 3.73758e-19 
1.38556  7.19566e-20 3.73761e-19 
1.38666  1.06361e-19 3.72220e-19 
1.38776  1.06837e-19 3.71662e-19 
1.38886  8.19913e-20 3.71594e-19 
1.38997  1.15671e-19 3.71525e-19 
1.39107  1.77144e-19 3.69784e-19 
1.39217  1.08513e-19 3.68547e-19 
1.39327  8.27075e-20 3.67450e-19 
1.39438  5.79156e-20 3.66353e-19 
1.39548 -4.73759e-20 3.65256e-19 
1.39658 -6.42865e-20 3.64366e-19 
1.39768 -9.15200e-20 3.64248e-19 
1.39879  1.18370e-20 3.64154e-19 
1.39989  1.75174e-20 3.64060e-19 
1.40099  4.52141e-20 3.63771e-19 
1.40209  7.12611e-21 3.62931e-19 
1.40320  7.33923e-20 3.62092e-19 
1.40430  1.12591e-19 3.61253e-19 
1.40540  4.02021e-20 3.60303e-19 
1.40650  1.33328e-19 3.59818e-19 
1.40761  2.78415e-19 3.59334e-19 
1.40871  2.60727e-19 3.58849e-19 
1.40981  2.27215e-19 3.58364e-19 
1.41092  1.55048e-19 3.57116e-19 
1.41202  1.16382e-19 3.56443e-19 
1.41312  1.31161e-19 3.56169e-19 
1.41422  1.01192e-19 3.55895e-19 
1.41533  2.01004e-19 3.55725e-19 
1.41643  1.71651e-19 3.55582e-19 
1.41753  2.19080e-19 3.56562e-19 
1.41863  3.28836e-19 3.58373e-19 
1.41974  3.72726e-19 3.59228e-19 
1.42084  2.16920e-19 3.59391e-19 
1.42194  1.82835e-19 3.59553e-19 
1.42304  1.96344e-19 3.59155e-19 
1.42415  2.54014e-19 3.58730e-19 
1.42525  3.28334e-19 3.57957e-19 
1.42635  3.91965e-19 3.56599e-19 
1.42745  2.69399e-19 3.55432e-19 
1.42856  3.42037e-19 3.56028e-19 
1.42966  3.68882e-19 3.53088e-19 
1.43076  4.21900e-19 3.52063e-19 
1.43186  2.92918e-19 3.51866e-19 
1.43297  2.41325e-19 3.51670e-19 
1.43407  3.17409e-19 3.51863e-19 
1.43517  4.02146e-19 3.52077e-19 
1.43627  4.56333e-19 3.52291e-19 
1.43738  5.25644e-19 3.54342e-19 
1.43848  4.93224e-19 3.54007e-19 
1.43958  4.93726e-19 3.53179e-19 
1.44068  5.44368e-19 3.53317e-19 
1.44179  5.00368e-19 3.52358e-19 
1.44289  4.76230e-19 3.52722e-19 
1.44399  5.20328e-19 3.54508e-19 
1.44509  5.53967e-19 3.55841e-19 
1.44620  5.55955e-19 3.55933e-19 
1.44730  5.84573e-19 3.55630e-19 
1.44840  5.33315e-19 3.54496e-19 
1.44950  4.64508e-19 3.54303e-19 
1.45061  4.15661e-19 3.54203e-19 
1.45171  3.58135e-19 3.53924e-19 
1.45281  4.80457e-19 3.55017e-19 
1.45391  6.02782e-19 3.55350e-19 
1.45502  8.43598e-19 3.56554e-19 
1.45612  8.53562e-19 3.57451e-19 
1.45722  8.35970e-19 3.56139e-19 
1.45832  8.01001e-19 3.54599e-19 
1.45943  6.48874e-19 3.53058e-19 
1.46053  5.37172e-19 3.52938e-19 
1.46163  6.36296e-19 3.53013e-19 
1.46273  6.82861e-19 3.53157e-19 
1.46384  6.77483e-19 3.54059e-19 
1.46494  7.62703e-19 3.55178e-19 
1.46604  9.20616e-19 3.56066e-19 
1.46714  1.01426e-18 3.56704e-19 
1.46825  1.03780e-18 3.57343e-19 
1.46935  1.01121e-18 3.58985e-19 
1.47045  1.03892e-18 3.60571e-19 
1.47155  1.17909e-18 3.60300e-19 
1.47266  1.21335e-18 3.60029e-19 
1.47376  1.30486e-18 3.61859e-19 
1.47486  1.28643e-18 3.60969e-19 
1.47596  1.27676e-18 3.62352e-19 
1.47707  1.25869e-18 3.60022e-19 
1.47817  1.29842e-18 3.59636e-19 
1.47927  1.25364e-18 3.59651e-19 
1.48037  1.27279e-18 3.60323e-19 
1.48148  1.27917e-18 3.61107e-19 
1.48258  1.28139e-18 3.61891e-19 
1.48368  1.30031e-18 3.62675e-19 
1.48479  1.44863e-18 3.64030e-19 
1.48589  1.53328e-18 3.65701e-19 
1.48699  1.60936e-18 3.67373e-19 
1.48809  1.68722e-18 3.69044e-19 
1.48920  1.82677e-18 3.69172e-19 
1.49030  1.85744e-18 3.67294e-19 
1.49140  1.81185e-18 3.68149e-19 
1.49250  1.87864e-18 3.69873e-19 
1.49361  1.84575e-18 3.70281e-19 
1.49471  1.84585e-18 3.66150e-19 
1.49581  1.77940e-18 3.64644e-19 
1.49691  1.77217e-18 3.63453e-19 
1.49802  1.78175e-18 3.62304e-19 
1.49912  1.90770e-18 3.62790e-19 
1.50022  2.01011e-18 3.63292e-19 
1.50132  2.19175e-18 3.64176e-19 
1.50243  2.33584e-18 3.65395e-19 
1.50353  2.45470e-18 3.65717e-19 
1.50463  2.52029e-18 3.66232e-19 
1.50573  2.62159e-18 3.68846e-19 
1.50684  2.73009e-18 3.68270e-19 
1.50794  2.71314e-18 3.69025e-19 
1.50904  2.55445e-18 3.71781e-19 
1.51014  2.45053e-18 3.70856e-19 
1.51125  2.52042e-18 3.69931e-19 
1.51235  2.60066e-18 3.71782e-19 
1.51345  2.61522e-18 3.72247e-19 
1.51455  2.77355e-18 3.75376e-19 
1.51566  2.76421e-18 3.78575e-19 
1.51676  2.93394e-18 3.79190e-19 
1.51786  2.96081e-18 3.76146e-19 
1.51896  3.11486e-18 3.72980e-19 
1.52007  3.16480e-18 3.72302e-19 
1.52117  3.23468e-18 3.71623e-19 
1.52227  3.23167e-18 3.73109e-19 
1.52337  3.20103e-18 3.74670e-19 
1.52448  3.18088e-18 3.74343e-19 
1.52558  3.23609e-18 3.73539e-19 
1.52668  3.49694e-18 3.73894e-19 
1.52778  3.53435e-18 3.74745e-19 
1.52889  3.57569e-18 3.76685e-19 
1.52999  3.47400e-18 3.78081e-19 
1.53109  3.52540e-18 3.80335e-19 
1.53219  3.67603e-18 3.83298e-19 
1.53330  3.68393e-18 3.84236e-19 
1.53440  3.64288e-18 3.85082e-19 
1.53550  3.67624e-18 3.86556e-19 
1.53660  3.82858e-18 3.87319e-19 
1.53771  4.06671e-18 3.88694e-19 
1.53881  4.21639e-18 3.91218e-19 
1.53991  4.06366e-18 3.91290e-19 
1.54101  4.21838e-18 3.91780e-19 
1.54212  4.21899e-18 3.91852e-19 
1.54322  4.30424e-18 3.92760e-19 
1.54432  4.25826e-18 3.92547e-19 
1.54542  4.23795e-18 3.92032e-19 
1.54653  4.26543e-18 3.89592e-19 
1.54763  4.22104e-18 3.91195e-19 
1.54873  4.16495e-18 3.93197e-19 
1.54983  4.10598e-18 3.96688e-19 
1.55094  4.07392e-18 3.99534e-19 
1.55204  4.02218e-18 4.01087e-19 
1.55314  3.94962e-18 4.02640e-19 
1.55424  3.89625e-18 4.03518e-19 
1.55535  3.75721e-18 4.01456e-19 
1.55645  3.70017e-18 3.97635e-19 
1.55755  3.67701e-18 3.93815e-19 
1.55865  3.62897e-18 3.90529e-19 
1.55976  3.51818e-18 3.88320e-19 
1.56086  3.24725e-18 3.86166e-19 
1.56196  3.11851e-18 3.78044e-19 
1.56307  3.03271e-18 3.76358e-19 
1.56417  2.85862e-18 3.71386e-19 
1.56527  2.69852e-18 3.66413e-19 
1.56637  2.45680e-18 3.61760e-19 
1.56748  2.13764e-18 3.59908e-19 
1.56858  2.02188e-18 3.59945e-19 
1.56968  1.88395e-18 3.60568e-19 
1.57078  1.85391e-18 3.61818e-19 
1.57189  1.81022e-18 3.63067e-19 
1.57299  1.74802e-18 3.60744e-19 
1.57409  1.57279e-18 3.57540e-19 
1.57519  1.36627e-18 3.54114e-19 
1.57630  1.16060e-18 3.51987e-19 
1.57740  1.12524e-18 3.50303e-19 
1.57850  9.60205e-19 3.48668e-19 
1.57960  9.41053e-19 3.47033e-19 
1.58071  7.41799e-19 3.45294e-19 
1.58181  6.44345e-19 3.42959e-19 
1.58291  7.39835e-19 3.43219e-19 
1.58401  7.48363e-19 3.42522e-19 
1.58512  7.56891e-19 3.42551e-19 
1.58622  6.88822e-19 3.41495e-19 
1.58732  5.77952e-19 3.40180e-19 
1.58842  4.83787e-19 3.39407e-19 
1.58953  5.03505e-19 3.38745e-19 
1.59063  4.24453e-19 3.38462e-19 
1.59173  5.03508e-19 3.38630e-19 
1.59283  5.93548e-19 3.39661e-19 
1.59394  5.66475e-19 3.40724e-19 
1.59504  6.26957e-19 3.41788e-19 
1.59614  6.15318e-19 3.41823e-19 
1.59724  6.94456e-19 3.41204e-19 
1.59835  7.35467e-19 3.40586e-19 
1.59945  7.51091e-19 3.39967e-19 
1.60055  7.72902e-19 3.39886e-19 
1.60165  6.99880e-19 3.40604e-19 
1.60276  8.04229e-19 3.41322e-19 
1.60386  8.33511e-19 3.42268e-19 
1.60496  8.41328e-19 3.42852e-19 
1.60606  7.32783e-19 3.43076e-19 
1.60717  6.16025e-19 3.43299e-19 
1.60827  5.41820e-19 3.43523e-19 
1.60937  4.86085e-19 3.43746e-19 
1.61047  4.98801e-19 3.44559e-19 
1.61158  6.29267e-19 3.42253e-19 
1.61268  5.98079e-19 3.42243e-19 
1.61378  5.76543e-19 3.42332e-19 
1.61488  5.65093e-19 3.42513e-19 
1.61599  6.46305e-19 3.42721e-19 
1.61709  6.77473e-19 3.42928e-19 
1.61819  7.53108e-19 3.43021e-19 
1.61929  7.04220e-19 3.43171e-19 
1.62040  7.37370e-19 3.43074e-19 
1.62150  6.37140e-19 3.43536e-19 
1.62260  6.34146e-19 3.45057e-19 
1.62370  6.56796e-19 3.46455e-19 
1.62481  5.59203e-19 3.50335e-19 
1.62591  7.44002e-19 3.54293e-19 
1.62701  5.46230e-19 3.56214e-19 
1.62811  4.53523e-19 3.57178e-19 
1.62922  5.36574e-19 3.54621e-19 
1.63032  5.65369e-19 3.51817e-19 
1.63142  5.18353e-19 3.48999e-19 
1.63252  4.48754e-19 3.43381e-19 
1.63363  3.80234e-19 3.45805e-19 
1.63473  2.47269e-19 3.45841e-19 
1.63583 -5.75806e-20 3.45761e-19 
1.63693 -7.24716e-20 3.45681e-19 
1.63804 -5.89946e-20 3.45988e-19 
1.63914 -5.01655e-21 3.46443e-19 
1.64024 -1.58429e-20 3.46106e-19 
1.64135 -2.95919e-20 3.44099e-19 
1.64245 -2.62869e-20 3.44221e-19 
1.64355  7.53238e-21 3.43437e-19 
1.64465  5.97611e-20 3.44495e-19 
1.64576  9.17146e-20 3.45302e-19 
1.64686  1.28695e-19 3.45212e-19 
1.64796  9.51285e-20 3.46391e-19 
1.64906  2.71489e-19 3.47497e-19 
1.65017  2.31750e-19 3.48021e-19 
