1.10000 2.45981e-16 3.96003e-19 
1.10430 2.17658e-16 3.29239e-19 
1.10861 1.94046e-16 3.16628e-19 
1.11291 1.71897e-16 2.38257e-19 
1.11722 1.57063e-16 3.09509e-19 
1.12152 1.53232e-16 3.41039e-19 
1.12583 1.60385e-16 2.85736e-19 
1.13013 1.57369e-16 2.78985e-19 
1.13444 1.42068e-16 2.40548e-19 
1.13874 1.36746e-16 2.15460e-19 
1.14305 1.42609e-16 2.28217e-19 
1.14735 1.50659e-16 2.37013e-19 
1.15166 1.56309e-16 2.37289e-19 
1.15596 1.54498e-16 2.70934e-19 
1.16026 1.51850e-16 2.56110e-19 
1.16457 1.49501e-16 2.97644e-19 
1.16887 1.40647e-16 2.53182e-19 
1.17318 1.43814e-16 2.77879e-19 
1.17748 1.52432e-16 3.02624e-19 
1.18179 1.76917e-16 3.07327e-19 
1.18609 2.02219e-16 2.57402e-19 
1.19040 2.25145e-16 2.71891e-19 
1.19470 2.45674e-16 2.21857e-19 
1.19901 2.60550e-16 2.14516e-19 
1.20331 2.76203e-16 2.28630e-19 
1.20762 2.94770e-16 2.11799e-19 
1.21192 3.13431e-16 2.21155e-19 
1.21623 3.32735e-16 2.24161e-19 
1.22053 3.52875e-16 2.84780e-19 
1.22483 3.67682e-16 2.92680e-19 
1.22914 3.78576e-16 3.08534e-19 
1.23344 3.87397e-16 2.89974e-19 
1.23775 3.92093e-16 2.92589e-19 
1.24205 3.89557e-16 2.92258e-19 
1.24636 3.91142e-16 2.79293e-19 
1.25066 3.95171e-16 2.61969e-19 
1.25497 4.16839e-16 2.70494e-19 
1.25927 4.46543e-16 2.93409e-19 
1.26358 4.65716e-16 2.90773e-19 
1.26788 4.73194e-16 2.56154e-19 
1.27219 4.73335e-16 2.16641e-19 
1.27649 4.67224e-16 2.31502e-19 
1.28079 4.61426e-16 2.47265e-19 
1.28510 4.54882e-16 2.21308e-19 
1.28940 4.47861e-16 2.70547e-19 
1.29371 4.41309e-16 3.62567e-19 
1.29801 4.28666e-16 3.37075e-19 
1.30232 4.15518e-16 3.01794e-19 
1.30662 4.02482e-16 2.28107e-19 
1.31093 3.88922e-16 2.16087e-19 
1.31523 3.69557e-16 2.49958e-19 
1.31954 3.43007e-16 2.32123e-19 
1.32384 3.00918e-16 2.23851e-19 
1.32815 2.36731e-16 2.39999e-19 
1.33245 1.58837e-16 2.45158e-19 
1.33676 9.43642e-17 2.08165e-19 
1.34106 5.29431e-17 1.46608e-19 
1.34536 3.53068e-17 1.31241e-19 
1.34967 2.69817e-17 1.23120e-19 
1.35397 2.20781e-17 1.10453e-19 
1.35828 1.92854e-17 1.21686e-19 
1.36258 2.04382e-17 1.36160e-19 
1.36689 2.13360e-17 1.06941e-19 
1.37119 2.24817e-17 9.87005e-20 
1.37550 2.48637e-17 1.12879e-19 
1.37980 2.67602e-17 1.19562e-19 
1.38411 2.67307e-17 9.40929e-20 
1.38841 2.61084e-17 1.04693e-19 
1.39272 2.55635e-17 1.17440e-19 
1.39702 2.41500e-17 1.23285e-19 
1.40132 2.18850e-17 1.41427e-19 
1.40563 2.03053e-17 1.33162e-19 
1.40993 2.02246e-17 1.51712e-19 
1.41424 1.93276e-17 1.54412e-19 
1.41854 1.91836e-17 1.17765e-19 
1.42285 2.08118e-17 9.97416e-20 
1.42715 2.34723e-17 1.03063e-19 
1.43146 2.51529e-17 9.02527e-20 
1.43576 2.61982e-17 8.66204e-20 
1.44007 2.83202e-17 1.01570e-19 
1.44437 3.34021e-17 1.17032e-19 
1.44868 4.02679e-17 1.04544e-19 
1.45298 4.76083e-17 1.11399e-19 
1.45728 5.08276e-17 1.30621e-19 
1.46159 5.17377e-17 1.42579e-19 
1.46589 5.32777e-17 1.60303e-19 
1.47020 5.59450e-17 1.25870e-19 
1.47450 5.86025e-17 1.23193e-19 
1.47881 6.28011e-17 1.29573e-19 
1.48311 6.80949e-17 1.42104e-19 
1.48742 7.26448e-17 1.10585e-19 
1.49172 7.74879e-17 1.01933e-19 
1.49603 8.33987e-17 1.32880e-19 
1.50033 8.99316e-17 1.54584e-19 
1.50464 9.77021e-17 1.20535e-19 
1.50894 1.06392e-16 1.30051e-19 
1.51325 1.15795e-16 1.57941e-19 
1.51755 1.23431e-16 1.58504e-19 
1.52185 1.32825e-16 1.51124e-19 
1.52616 1.42170e-16 1.62270e-19 
1.53046 1.53473e-16 1.84512e-19 
1.53477 1.66980e-16 1.74032e-19 
1.53907 1.79023e-16 1.55069e-19 
1.54338 1.90979e-16 1.61173e-19 
1.54768 2.02431e-16 1.81973e-19 
1.55199 2.10888e-16 1.67046e-19 
1.55629 2.18725e-16 1.64947e-19 
1.56060 2.27713e-16 1.70617e-19 
1.56490 2.39164e-16 2.02897e-19 
1.56921 2.49710e-16 2.15704e-19 
1.57351 2.56876e-16 1.65291e-19 
1.57781 2.59682e-16 1.59646e-19 
1.58212 2.62121e-16 1.91310e-19 
1.58642 2.64847e-16 1.74462e-19 
1.59073 2.60276e-16 2.05590e-19 
1.59503 2.52981e-16 1.61771e-19 
1.59934 2.40577e-16 1.76563e-19 
1.60364 2.23235e-16 1.93871e-19 
1.60795 2.02404e-16 1.64073e-19 
1.61225 1.81482e-16 1.41198e-19 
1.61656 1.64017e-16 1.65405e-19 
1.62086 1.51151e-16 1.68950e-19 
1.62517 1.42073e-16 1.61651e-19 
1.62947 1.35721e-16 1.61428e-19 
1.63377 1.36036e-16 1.55959e-19 
1.63808 1.38948e-16 1.57140e-19 
1.64238 1.43863e-16 1.31754e-19 
1.64669 1.48140e-16 1.92154e-19 
1.65099 1.52564e-16 1.80001e-19 
1.65530 1.51776e-16 1.72135e-19 
1.65960 1.45986e-16 1.58079e-19 
1.66391 1.30634e-16 1.56634e-19 
1.66821 1.10857e-16 1.67688e-19 
1.67252 9.95656e-17 1.94254e-19 
1.67682 1.01511e-16 1.92631e-19 
1.68113 1.08953e-16 2.65048e-19 
1.68543 1.13199e-16 2.88399e-19 
1.68974 1.10812e-16 3.37486e-19 
1.69404 1.05518e-16 4.80095e-19 
1.69834 9.55094e-17 5.39707e-19 
1.70265 9.50735e-17 6.85023e-19 
1.70695 7.13678e-17 9.31470e-19 
1.71126 6.98400e-17 1.11487e-18 
1.71556 7.89448e-17 1.33777e-18 
1.71987 9.46953e-17 1.79073e-18 
1.72417 8.43011e-17 2.14443e-18 
1.72848 6.05677e-17 2.33206e-18 
1.73278 5.71803e-17 2.78455e-18 
1.73709 7.40433e-17 4.09014e-18 
1.74139 4.75544e-17 5.27676e-18 
1.74570 3.32916e-17 5.62544e-18 
