1.10000 1.58210e-16 2.39709e-19 
1.10430 1.37700e-16 1.66369e-19 
1.10861 1.17277e-16 2.11777e-19 
1.11291 9.30832e-17 1.55060e-19 
1.11722 7.48904e-17 1.27739e-19 
1.12152 6.87744e-17 1.32306e-19 
1.12583 7.13202e-17 1.31117e-19 
1.13013 7.35164e-17 1.22093e-19 
1.13444 6.36884e-17 1.02558e-19 
1.13874 5.78051e-17 1.11424e-19 
1.14305 5.83465e-17 9.88963e-20 
1.14735 5.95963e-17 1.21379e-19 
1.15166 5.85467e-17 1.02895e-19 
1.15596 5.79162e-17 8.63840e-20 
1.16026 5.85028e-17 1.05076e-19 
1.16457 5.66258e-17 1.24074e-19 
1.16887 5.75019e-17 1.20462e-19 
1.17318 6.15535e-17 1.38270e-19 
1.17748 6.89792e-17 1.61630e-19 
1.18179 8.13278e-17 1.30462e-19 
1.18609 9.56298e-17 1.07454e-19 
1.19040 1.11061e-16 1.20665e-19 
1.19470 1.27608e-16 1.15202e-19 
1.19901 1.44362e-16 1.00116e-19 
1.20331 1.64006e-16 1.15530e-19 
1.20762 1.84089e-16 1.29709e-19 
1.21192 2.03034e-16 1.75936e-19 
1.21623 2.22258e-16 1.99527e-19 
1.22053 2.45804e-16 1.73645e-19 
1.22483 2.66270e-16 1.56584e-19 
1.22914 2.89410e-16 1.90844e-19 
1.23344 3.06707e-16 2.09605e-19 
1.23775 3.20658e-16 1.29398e-19 
1.24205 3.25833e-16 1.77820e-19 
1.24636 3.37336e-16 2.08170e-19 
1.25066 3.52546e-16 1.41951e-19 
1.25497 3.70259e-16 1.63579e-19 
1.25927 3.97850e-16 1.16836e-19 
1.26358 4.18917e-16 1.49361e-19 
1.26788 4.24808e-16 1.40273e-19 
1.27219 4.23221e-16 2.07567e-19 
1.27649 4.12687e-16 2.63174e-19 
1.28079 4.03114e-16 2.24176e-19 
1.28510 3.89330e-16 2.25438e-19 
1.28940 3.65584e-16 1.45240e-19 
1.29371 3.56403e-16 1.95532e-19 
1.29801 3.43909e-16 1.89502e-19 
1.30232 3.22817e-16 1.51700e-19 
1.30662 3.02257e-16 1.44411e-19 
1.31093 2.79985e-16 1.37639e-19 
1.31523 2.54001e-16 8.93765e-20 
1.31954 2.26922e-16 1.36896e-19 
1.32384 1.92889e-16 1.40209e-19 
1.32815 1.44994e-16 1.42216e-19 
1.33245 9.07645e-17 1.44900e-19 
1.33676 4.44731e-17 9.48418e-20 
1.34106 2.62005e-17 5.16818e-20 
1.34536 1.79106e-17 7.12795e-20 
1.34967 1.33923e-17 6.83839e-20 
1.35397 8.89023e-18 4.28945e-20 
1.35828 7.86002e-18 6.38047e-20 
1.36258 8.25686e-18 5.61619e-20 
1.36689 8.69264e-18 5.64259e-20 
1.37119 8.52483e-18 5.24754e-20 
1.37550 9.93036e-18 4.74955e-20 
1.37980 1.04564e-17 3.84042e-20 
1.38411 1.00727e-17 5.01302e-20 
1.38841 9.68148e-18 3.90436e-20 
1.39272 9.88923e-18 6.58696e-20 
1.39702 9.93288e-18 6.79185e-20 
1.40132 9.13892e-18 5.24448e-20 
1.40563 1.02118e-17 7.62429e-20 
1.40993 8.45963e-18 5.24288e-20 
1.41424 9.16149e-18 7.07690e-20 
1.41854 9.09828e-18 7.30779e-20 
1.42285 8.67668e-18 4.15039e-20 
1.42715 1.04489e-17 5.18265e-20 
1.43146 1.26005e-17 4.87964e-20 
1.43576 1.39287e-17 4.97001e-20 
1.44007 1.51500e-17 4.71580e-20 
1.44437 1.72362e-17 5.85500e-20 
1.44868 2.07291e-17 5.29271e-20 
1.45298 2.47668e-17 5.54274e-20 
1.45728 2.75883e-17 6.48060e-20 
1.46159 3.01218e-17 6.14328e-20 
1.46589 3.10053e-17 8.91728e-20 
1.47020 3.02624e-17 6.53282e-20 
1.47450 3.38473e-17 6.58008e-20 
1.47881 3.74655e-17 6.49282e-20 
1.48311 4.03836e-17 5.84147e-20 
1.48742 4.37817e-17 7.34319e-20 
1.49172 4.75052e-17 9.73976e-20 
1.49603 5.07435e-17 1.00697e-19 
1.50033 5.51292e-17 5.73393e-20 
1.50464 6.03988e-17 8.22650e-20 
1.50894 6.64349e-17 9.30412e-20 
1.51325 7.23435e-17 9.26279e-20 
1.51755 8.00262e-17 6.65868e-20 
1.52185 8.62044e-17 1.06109e-19 
1.52616 9.40355e-17 9.89060e-20 
1.53046 1.03906e-16 1.04198e-19 
1.53477 1.14366e-16 1.19199e-19 
1.53907 1.23397e-16 1.23719e-19 
1.54338 1.33308e-16 8.27874e-20 
1.54768 1.43638e-16 1.10608e-19 
1.55199 1.51786e-16 9.65239e-20 
1.55629 1.57707e-16 8.06843e-20 
1.56060 1.64937e-16 1.00907e-19 
1.56490 1.74505e-16 1.10243e-19 
1.56921 1.86753e-16 1.02697e-19 
1.57351 1.95695e-16 1.31829e-19 
1.57781 2.01651e-16 9.47608e-20 
1.58212 2.02680e-16 9.85759e-20 
1.58642 2.04406e-16 1.49951e-19 
1.59073 1.96716e-16 1.03603e-19 
1.59503 1.87805e-16 8.91335e-20 
1.59934 1.68048e-16 9.64754e-20 
1.60364 1.45003e-16 8.54883e-20 
1.60795 1.21905e-16 8.34620e-20 
1.61225 1.00700e-16 9.39877e-20 
1.61656 8.36530e-17 7.82609e-20 
1.62086 7.19729e-17 7.22755e-20 
1.62517 6.40467e-17 8.53323e-20 
1.62947 5.90543e-17 6.07701e-20 
1.63377 5.76823e-17 1.01580e-19 
1.63808 6.00756e-17 1.06509e-19 
1.64238 6.30837e-17 8.59071e-20 
1.64669 6.68895e-17 9.87225e-20 
1.65099 7.09844e-17 8.84349e-20 
1.65530 7.11346e-17 8.14759e-20 
1.65960 7.02190e-17 8.98492e-20 
1.66391 6.11822e-17 5.95404e-20 
1.66821 4.73211e-17 8.92942e-20 
1.67252 3.88837e-17 9.57969e-20 
1.67682 4.12596e-17 1.05034e-19 
1.68113 4.91063e-17 1.35658e-19 
1.68543 5.26667e-17 1.66007e-19 
1.68974 4.99303e-17 2.20995e-19 
1.69404 4.40440e-17 2.70796e-19 
1.69834 4.39478e-17 3.41677e-19 
1.70265 4.07460e-17 2.60713e-19 
1.70695 3.31190e-17 5.83915e-19 
1.71126 4.05422e-17 5.34907e-19 
1.71556 4.15531e-17 8.88363e-19 
1.71987 3.52720e-17 7.79287e-19 
1.72417 3.63202e-17 9.93245e-19 
1.72848 3.04670e-17 1.48281e-18 
1.73278 1.35076e-17 1.47574e-18 
1.73709 2.22366e-17 2.34183e-18 
1.74139 3.63385e-17 2.65281e-18 
1.74570 1.46364e-17 3.03089e-18 
