1.10000 9.38857e-17 7.91711e-20 
1.10430 9.20052e-17 7.01883e-20 
1.10861 8.98881e-17 8.10821e-20 
1.11291 8.64487e-17 9.44411e-20 
1.11722 8.44921e-17 1.14172e-19 
1.12152 8.48301e-17 1.19577e-19 
1.12583 8.55919e-17 1.05843e-19 
1.13013 8.61318e-17 8.54752e-20 
1.13444 8.45481e-17 7.84511e-20 
1.13874 8.21954e-17 7.68981e-20 
1.14305 8.30593e-17 1.03480e-19 
1.14735 8.73443e-17 9.91782e-20 
1.15166 8.91436e-17 1.03457e-19 
1.15596 9.00153e-17 7.04323e-20 
1.16026 8.93406e-17 6.47833e-20 
1.16457 8.72293e-17 7.64973e-20 
1.16887 8.63501e-17 8.88917e-20 
1.17318 8.60965e-17 6.57600e-20 
1.17748 8.70701e-17 6.16921e-20 
1.18179 9.12682e-17 5.24736e-20 
1.18609 9.71424e-17 8.21994e-20 
1.19040 1.01663e-16 9.85474e-20 
1.19470 1.04270e-16 1.02092e-19 
1.19901 1.03096e-16 1.26778e-19 
1.20331 1.01710e-16 1.24886e-19 
1.20762 1.00457e-16 1.23108e-19 
1.21192 9.94051e-17 1.21618e-19 
1.21623 9.83701e-17 1.20146e-19 
1.22053 9.72550e-17 1.18575e-19 
1.22483 9.61589e-17 1.17040e-19 
1.22914 9.51812e-17 1.15647e-19 
1.23344 9.42892e-17 1.14369e-19 
1.23775 9.34159e-17 1.13120e-19 
1.24205 9.25849e-17 1.11922e-19 
1.24636 9.18633e-17 1.10864e-19 
1.25066 9.19927e-17 1.07172e-19 
1.25497 9.66694e-17 9.10037e-20 
1.25927 1.11864e-16 7.93192e-20 
1.26358 1.30233e-16 8.24988e-20 
1.26788 1.38152e-16 6.99960e-20 
1.27219 1.39113e-16 7.67077e-20 
1.27649 1.38802e-16 8.58692e-20 
1.28079 1.39128e-16 8.90440e-20 
1.28510 1.39283e-16 7.91697e-20 
1.28940 1.39310e-16 7.76236e-20 
1.29371 1.40052e-16 6.57536e-20 
1.29801 1.40187e-16 8.29848e-20 
1.30232 1.38602e-16 1.18799e-19 
1.30662 1.36990e-16 9.44650e-20 
1.31093 1.37198e-16 7.33921e-20 
1.31523 1.35050e-16 1.02182e-19 
1.31954 1.31464e-16 1.18341e-19 
1.32384 1.26484e-16 6.52030e-20 
1.32815 1.14349e-16 6.49931e-20 
1.33245 9.67873e-17 6.91623e-20 
1.33676 7.97996e-17 5.47729e-20 
1.34106 6.81612e-17 5.55721e-20 
1.34536 5.84581e-17 6.70602e-20 
1.34967 5.04894e-17 6.50104e-20 
1.35397 4.62496e-17 4.74123e-20 
1.35828 4.49034e-17 3.15772e-20 
1.36258 4.61245e-17 4.22225e-20 
1.36689 4.86783e-17 6.34419e-20 
1.37119 4.93912e-17 4.76043e-20 
1.37550 5.03417e-17 4.48679e-20 
1.37980 5.16202e-17 6.07347e-20 
1.38411 5.19618e-17 5.84627e-20 
1.38841 5.18894e-17 4.23820e-20 
1.39272 5.11028e-17 4.07402e-20 
1.39702 4.99504e-17 2.73694e-20 
1.40132 4.89120e-17 3.02762e-20 
1.40563 4.81090e-17 3.11698e-20 
1.40993 4.70062e-17 4.32409e-20 
1.41424 4.55171e-17 6.40382e-20 
1.41854 4.51669e-17 5.67082e-20 
1.42285 4.49259e-17 5.27818e-20 
1.42715 4.56191e-17 3.84143e-20 
1.43146 4.65224e-17 5.05392e-20 
1.43576 4.84156e-17 4.97050e-20 
1.44007 5.02624e-17 3.01015e-20 
1.44437 5.21307e-17 2.77811e-20 
1.44868 5.55633e-17 3.53962e-20 
1.45298 5.94240e-17 4.31083e-20 
1.45728 6.21970e-17 4.90721e-20 
1.46159 6.38813e-17 4.48241e-20 
1.46589 6.47440e-17 3.35955e-20 
1.47020 6.54577e-17 3.36333e-20 
1.47450 6.68852e-17 4.63822e-20 
1.47881 7.00662e-17 5.47816e-20 
1.48311 7.20665e-17 6.78820e-20 
1.48742 7.36567e-17 4.70093e-20 
1.49172 7.52600e-17 4.31006e-20 
1.49603 7.72984e-17 2.70109e-20 
1.50033 7.96509e-17 3.26533e-20 
1.50464 8.26600e-17 4.19670e-20 
1.50894 8.59431e-17 5.04278e-20 
1.51325 8.92927e-17 5.95023e-20 
1.51755 9.21101e-17 6.34603e-20 
1.52185 9.44554e-17 5.05767e-20 
1.52616 9.68334e-17 4.15401e-20 
1.53046 1.00021e-16 4.22826e-20 
1.53477 1.03650e-16 3.35793e-20 
1.53907 1.06691e-16 6.40699e-20 
1.54338 1.09337e-16 7.58604e-20 
1.54768 1.12128e-16 4.78627e-20 
1.55199 1.14571e-16 4.48257e-20 
1.55629 1.16303e-16 3.73654e-20 
1.56060 1.18087e-16 4.19640e-20 
1.56490 1.21014e-16 4.92887e-20 
1.56921 1.24210e-16 5.35383e-20 
1.57351 1.26970e-16 7.16485e-20 
1.57781 1.28582e-16 8.34286e-20 
1.58212 1.29925e-16 6.67955e-20 
1.58642 1.31666e-16 5.69754e-20 
1.59073 1.33100e-16 8.68559e-20 
1.59503 1.34668e-16 6.25896e-20 
1.59934 1.34334e-16 4.96823e-20 
1.60364 1.34910e-16 5.14287e-20 
1.60795 1.35887e-16 4.85140e-20 
1.61225 1.35888e-16 5.10898e-20 
1.61656 1.35373e-16 4.77646e-20 
1.62086 1.35460e-16 4.65922e-20 
1.62517 1.35826e-16 4.24843e-20 
1.62947 1.36384e-16 4.34914e-20 
1.63377 1.37262e-16 4.50527e-20 
1.63808 1.38085e-16 5.41442e-20 
1.64238 1.39783e-16 5.55897e-20 
1.64669 1.39850e-16 6.16445e-20 
1.65099 1.39879e-16 8.45515e-20 
1.65530 1.40503e-16 8.06596e-20 
1.65960 1.39978e-16 7.03639e-20 
1.66391 1.37377e-16 5.80885e-20 
1.66821 1.34516e-16 5.64123e-20 
1.67252 1.31481e-16 5.33407e-20 
1.67682 1.29313e-16 9.36488e-20 
1.68113 1.29052e-16 1.85393e-19 
1.68543 1.29702e-16 2.24664e-19 
1.68974 1.28462e-16 2.19537e-19 
1.69404 1.25214e-16 2.18107e-19 
1.69834 1.23363e-16 1.79482e-19 
1.70265 1.22095e-16 1.98682e-19 
1.70695 1.19202e-16 2.26236e-19 
1.71126 1.07205e-16 2.16034e-19 
1.71556 9.52608e-17 3.49781e-19 
1.71987 9.11380e-17 4.57477e-19 
1.72417 8.78322e-17 3.04524e-19 
1.72848 8.79262e-17 6.22917e-19 
1.73278 8.68481e-17 1.02543e-18 
1.73709 7.01817e-17 1.15203e-18 
1.74139 6.74663e-17 1.15313e-18 
1.74570 6.61868e-17 1.35651e-18 
