1.10000 1.43716e-16 1.92218e-19 
1.10430 1.47758e-16 2.45644e-19 
1.10861 1.44752e-16 1.66028e-19 
1.11291 1.43418e-16 2.73406e-19 
1.11722 1.41898e-16 2.27475e-19 
1.12152 1.42074e-16 2.26007e-19 
1.12583 1.45113e-16 1.74507e-19 
1.13013 1.48317e-16 1.56129e-19 
1.13444 1.44221e-16 1.42175e-19 
1.13874 1.37539e-16 1.33858e-19 
1.14305 1.38302e-16 1.65562e-19 
1.14735 1.47809e-16 1.46937e-19 
1.15166 1.57223e-16 1.35302e-19 
1.15596 1.57110e-16 1.40364e-19 
1.16026 1.58894e-16 2.07352e-19 
1.16457 1.56825e-16 1.30924e-19 
1.16887 1.52155e-16 1.54452e-19 
1.17318 1.49577e-16 1.48120e-19 
1.17748 1.48685e-16 1.77089e-19 
1.18179 1.48369e-16 1.24318e-19 
1.18609 1.55018e-16 1.12567e-19 
1.19040 1.58994e-16 1.00357e-19 
1.19470 1.57157e-16 7.87931e-20 
1.19901 1.50134e-16 1.64195e-19 
1.20331 1.49464e-16 1.55837e-19 
1.20762 1.58278e-16 1.75676e-19 
1.21192 1.66291e-16 1.20661e-19 
1.21623 1.71047e-16 1.23092e-19 
1.22053 1.82021e-16 1.34699e-19 
1.22483 1.87736e-16 1.12436e-19 
1.22914 1.93603e-16 1.92857e-19 
1.23344 1.94343e-16 1.41469e-19 
1.23775 1.92655e-16 2.13866e-19 
1.24205 1.85653e-16 1.22664e-19 
1.24636 1.81959e-16 1.14465e-19 
1.25066 1.86794e-16 1.39921e-19 
1.25497 1.93268e-16 1.54203e-19 
1.25927 2.03624e-16 1.51492e-19 
1.26358 2.14792e-16 1.17701e-19 
1.26788 2.21580e-16 1.46907e-19 
1.27219 2.26565e-16 1.45296e-19 
1.27649 2.27484e-16 1.34303e-19 
1.28079 2.30889e-16 9.88557e-20 
1.28510 2.33953e-16 1.11560e-19 
1.28940 2.33511e-16 1.36693e-19 
1.29371 2.31903e-16 1.93422e-19 
1.29801 2.33214e-16 1.60115e-19 
1.30232 2.32603e-16 1.17862e-19 
1.30662 2.33170e-16 1.53298e-19 
1.31093 2.33483e-16 1.41999e-19 
1.31523 2.33966e-16 1.38551e-19 
1.31954 2.34377e-16 1.14254e-19 
1.32384 2.29372e-16 1.44262e-19 
1.32815 2.15132e-16 1.19909e-19 
1.33245 1.88564e-16 1.42435e-19 
1.33676 1.55735e-16 1.20681e-19 
1.34106 1.35831e-16 1.08463e-19 
1.34536 1.25319e-16 1.26820e-19 
1.34967 1.18841e-16 1.19974e-19 
1.35397 1.11598e-16 1.22817e-19 
1.35828 1.10350e-16 9.96460e-20 
1.36258 1.12974e-16 6.95883e-20 
1.36689 1.13938e-16 7.79615e-20 
1.37119 1.12633e-16 9.18473e-20 
1.37550 1.12424e-16 9.79819e-20 
1.37980 1.15881e-16 1.10020e-19 
1.38411 1.19729e-16 1.25298e-19 
1.38841 1.21711e-16 6.69613e-20 
1.39272 1.19888e-16 9.81701e-20 
1.39702 1.15917e-16 7.87233e-20 
1.40132 1.13634e-16 1.31353e-19 
1.40563 1.10920e-16 1.15469e-19 
1.40993 1.08035e-16 1.34188e-19 
1.41424 1.08175e-16 9.77092e-20 
1.41854 1.07630e-16 8.69845e-20 
1.42285 1.06699e-16 8.04814e-20 
1.42715 1.05648e-16 8.36754e-20 
1.43146 1.06027e-16 9.73698e-20 
1.43576 1.07255e-16 1.02099e-19 
1.44007 1.10328e-16 1.08688e-19 
1.44437 1.13300e-16 9.88440e-20 
1.44868 1.16267e-16 8.33851e-20 
1.45298 1.21039e-16 9.70461e-20 
1.45728 1.24808e-16 1.02152e-19 
1.46159 1.26694e-16 1.41586e-19 
1.46589 1.28254e-16 1.12707e-19 
1.47020 1.26982e-16 1.27995e-19 
1.47450 1.28685e-16 1.18343e-19 
1.47881 1.31476e-16 1.20355e-19 
1.48311 1.34315e-16 9.96933e-20 
1.48742 1.37686e-16 9.28366e-20 
1.49172 1.40909e-16 1.13069e-19 
1.49603 1.43465e-16 9.96830e-20 
1.50033 1.46727e-16 7.75552e-20 
1.50464 1.50660e-16 9.17984e-20 
1.50894 1.56381e-16 1.35056e-19 
1.51325 1.60823e-16 1.01136e-19 
1.51755 1.64190e-16 1.41106e-19 
1.52185 1.69110e-16 1.51733e-19 
1.52616 1.71320e-16 1.39680e-19 
1.53046 1.75144e-16 1.59899e-19 
1.53477 1.81298e-16 1.36879e-19 
1.53907 1.85275e-16 1.18146e-19 
1.54338 1.89258e-16 1.04560e-19 
1.54768 1.94704e-16 9.21729e-20 
1.55199 2.00194e-16 1.21026e-19 
1.55629 2.04772e-16 1.43823e-19 
1.56060 2.07757e-16 8.75999e-20 
1.56490 2.09653e-16 1.05295e-19 
1.56921 2.14369e-16 9.83805e-20 
1.57351 2.18419e-16 1.43752e-19 
1.57781 2.18622e-16 1.57057e-19 
1.58212 2.17158e-16 1.75110e-19 
1.58642 2.17242e-16 1.39371e-19 
1.59073 2.21669e-16 1.35432e-19 
1.59503 2.26277e-16 9.96518e-20 
1.59934 2.30903e-16 1.10788e-19 
1.60364 2.30485e-16 1.34652e-19 
1.60795 2.30569e-16 1.36109e-19 
1.61225 2.30037e-16 1.15443e-19 
1.61656 2.30144e-16 1.15386e-19 
1.62086 2.31440e-16 1.23042e-19 
1.62517 2.32568e-16 1.43239e-19 
1.62947 2.31354e-16 1.02146e-19 
1.63377 2.36178e-16 1.46175e-19 
1.63808 2.38857e-16 1.33806e-19 
1.64238 2.45010e-16 2.14835e-19 
1.64669 2.50620e-16 9.51082e-20 
1.65099 2.53996e-16 1.36625e-19 
1.65530 2.56981e-16 1.71626e-19 
1.65960 2.56413e-16 1.50569e-19 
1.66391 2.57729e-16 1.59449e-19 
1.66821 2.56044e-16 1.69318e-19 
1.67252 2.51728e-16 1.52553e-19 
1.67682 2.47933e-16 1.99424e-19 
1.68113 2.46386e-16 2.70623e-19 
1.68543 2.41794e-16 3.64406e-19 
1.68974 2.32823e-16 3.63343e-19 
1.69404 2.25342e-16 3.77553e-19 
1.69834 2.19142e-16 4.97163e-19 
1.70265 2.07698e-16 5.49317e-19 
1.70695 1.98955e-16 6.76903e-19 
1.71126 1.91108e-16 6.95884e-19 
1.71556 1.79182e-16 7.34028e-19 
1.71987 1.82719e-16 9.30755e-19 
1.72417 1.84218e-16 1.43509e-18 
1.72848 1.60424e-16 1.82414e-18 
1.73278 1.52386e-16 1.18778e-18 
1.73709 1.58963e-16 1.75073e-18 
1.74139 1.66084e-16 1.82555e-18 
1.74570 1.60057e-16 3.12203e-18 
