1.10000 7.14139e-16 6.82855e-19 
1.10430 7.19214e-16 6.87417e-19 
1.10861 7.09916e-16 5.29696e-19 
1.11291 6.98004e-16 4.41491e-19 
1.11722 6.89497e-16 4.27967e-19 
1.12152 6.92839e-16 3.78208e-19 
1.12583 7.06246e-16 3.52514e-19 
1.13013 7.06182e-16 3.58574e-19 
1.13444 6.76221e-16 3.54169e-19 
1.13874 6.40936e-16 3.35736e-19 
1.14305 6.49403e-16 3.71110e-19 
1.14735 6.99005e-16 4.05721e-19 
1.15166 7.39306e-16 3.91095e-19 
1.15596 7.46642e-16 3.77085e-19 
1.16026 7.36616e-16 4.22893e-19 
1.16457 7.15551e-16 4.51422e-19 
1.16887 6.78520e-16 3.15369e-19 
1.17318 6.61459e-16 3.58115e-19 
1.17748 6.49763e-16 4.55869e-19 
1.18179 6.73891e-16 4.22432e-19 
1.18609 7.21579e-16 3.90775e-19 
1.19040 7.40214e-16 3.89412e-19 
1.19470 7.18660e-16 3.99743e-19 
1.19901 6.84019e-16 3.85989e-19 
1.20331 6.77423e-16 3.35129e-19 
1.20762 7.04519e-16 2.92887e-19 
1.21192 7.39919e-16 3.60533e-19 
1.21623 7.68924e-16 3.94554e-19 
1.22053 7.99436e-16 4.00627e-19 
1.22483 8.24773e-16 4.35160e-19 
1.22914 8.34706e-16 2.62573e-19 
1.23344 8.26497e-16 4.32198e-19 
1.23775 7.95561e-16 4.18191e-19 
1.24205 7.59716e-16 3.96720e-19 
1.24636 7.52589e-16 3.33379e-19 
1.25066 7.65238e-16 3.27033e-19 
1.25497 8.01109e-16 4.12038e-19 
1.25927 8.56621e-16 4.08501e-19 
1.26358 8.99327e-16 3.47908e-19 
1.26788 9.17218e-16 3.14699e-19 
1.27219 9.30105e-16 3.34418e-19 
1.27649 9.37154e-16 4.29825e-19 
1.28079 9.36489e-16 4.68035e-19 
1.28510 9.31997e-16 3.77526e-19 
1.28940 9.34912e-16 3.77165e-19 
1.29371 9.35608e-16 3.69289e-19 
1.29801 9.30497e-16 3.84755e-19 
1.30232 9.24794e-16 3.81374e-19 
1.30662 9.21768e-16 3.46870e-19 
1.31093 9.22347e-16 2.71556e-19 
1.31523 9.22221e-16 3.68290e-19 
1.31954 9.15305e-16 3.80562e-19 
1.32384 8.87178e-16 3.71715e-19 
1.32815 8.17911e-16 4.33735e-19 
1.33245 6.96000e-16 5.27978e-19 
1.33676 5.60488e-16 4.58882e-19 
1.34106 4.70831e-16 3.88447e-19 
1.34536 4.27757e-16 4.07090e-19 
1.34967 3.92164e-16 2.48413e-19 
1.35397 3.70090e-16 2.15621e-19 
1.35828 3.69339e-16 2.56052e-19 
1.36258 3.82923e-16 2.21545e-19 
1.36689 3.93976e-16 2.22814e-19 
1.37119 3.93667e-16 2.39974e-19 
1.37550 3.96697e-16 2.07590e-19 
1.37980 4.06453e-16 2.14553e-19 
1.38411 4.15910e-16 2.39613e-19 
1.38841 4.16660e-16 2.31245e-19 
1.39272 4.03726e-16 2.20012e-19 
1.39702 3.88149e-16 1.87991e-19 
1.40132 3.79258e-16 2.04153e-19 
1.40563 3.71270e-16 2.28898e-19 
1.40993 3.60572e-16 2.33860e-19 
1.41424 3.53705e-16 2.28354e-19 
1.41854 3.55031e-16 1.96645e-19 
1.42285 3.53116e-16 2.19679e-19 
1.42715 3.52672e-16 2.12325e-19 
1.43146 3.55004e-16 2.19426e-19 
1.43576 3.59281e-16 2.28121e-19 
1.44007 3.67427e-16 2.37079e-19 
1.44437 3.80957e-16 2.03535e-19 
1.44868 3.98623e-16 2.22060e-19 
1.45298 4.20679e-16 2.46310e-19 
1.45728 4.35853e-16 2.46724e-19 
1.46159 4.37057e-16 2.80670e-19 
1.46589 4.41583e-16 2.39747e-19 
1.47020 4.52307e-16 2.31536e-19 
1.47450 4.60466e-16 2.64681e-19 
1.47881 4.66119e-16 2.73236e-19 
1.48311 4.72969e-16 2.24274e-19 
1.48742 4.84119e-16 2.54882e-19 
1.49172 4.94879e-16 2.52447e-19 
1.49603 5.06078e-16 2.43090e-19 
1.50033 5.20964e-16 2.69172e-19 
1.50464 5.37350e-16 2.61216e-19 
1.50894 5.52498e-16 2.05285e-19 
1.51325 5.68650e-16 2.66358e-19 
1.51755 5.83524e-16 2.71660e-19 
1.52185 5.95899e-16 2.40044e-19 
1.52616 6.10661e-16 3.47228e-19 
1.53046 6.20166e-16 2.82758e-19 
1.53477 6.28411e-16 2.58053e-19 
1.53907 6.42453e-16 2.41746e-19 
1.54338 6.62032e-16 2.49521e-19 
1.54768 6.76583e-16 2.70648e-19 
1.55199 6.87042e-16 2.69812e-19 
1.55629 6.96465e-16 2.75078e-19 
1.56060 7.08216e-16 2.32349e-19 
1.56490 7.20279e-16 2.13725e-19 
1.56921 7.30971e-16 2.20536e-19 
1.57351 7.37591e-16 2.32612e-19 
1.57781 7.32115e-16 2.45345e-19 
1.58212 7.16147e-16 2.78119e-19 
1.58642 7.10806e-16 3.61582e-19 
1.59073 7.14583e-16 3.34421e-19 
1.59503 7.22265e-16 2.81035e-19 
1.59934 7.30083e-16 2.77171e-19 
1.60364 7.31757e-16 2.64913e-19 
1.60795 7.26408e-16 2.92772e-19 
1.61225 7.17365e-16 2.21014e-19 
1.61656 7.16058e-16 2.46415e-19 
1.62086 7.17264e-16 2.49410e-19 
1.62517 7.11708e-16 2.73230e-19 
1.62947 7.11277e-16 2.26117e-19 
1.63377 7.23510e-16 2.62008e-19 
1.63808 7.33063e-16 2.81645e-19 
1.64238 7.44295e-16 3.31193e-19 
1.64669 7.53463e-16 2.85821e-19 
1.65099 7.54493e-16 3.08426e-19 
1.65530 7.52243e-16 2.96919e-19 
1.65960 7.49980e-16 2.97311e-19 
1.66391 7.39726e-16 3.94139e-19 
1.66821 7.23776e-16 5.05274e-19 
1.67252 7.03605e-16 5.91516e-19 
1.67682 6.87792e-16 6.53252e-19 
1.68113 6.75006e-16 6.82196e-19 
1.68543 6.60762e-16 7.22350e-19 
1.68974 6.38436e-16 7.83210e-19 
1.69404 6.07306e-16 8.62986e-19 
1.69834 5.86987e-16 9.94873e-19 
1.70265 5.65676e-16 1.13217e-18 
1.70695 5.33046e-16 1.38654e-18 
1.71126 5.03613e-16 1.48821e-18 
1.71556 4.77418e-16 1.37735e-18 
1.71987 4.67769e-16 1.73757e-18 
1.72417 4.69396e-16 2.26850e-18 
1.72848 4.38041e-16 2.64202e-18 
1.73278 3.77859e-16 3.42256e-18 
1.73709 3.46467e-16 3.96524e-18 
1.74139 3.41578e-16 5.28600e-18 
1.74570 3.09278e-16 6.42449e-18 
