1.10000 7.84962e-16 1.02157e-18 
1.10430 7.10328e-16 9.15688e-19 
1.10861 6.29544e-16 8.59151e-19 
1.11291 5.44434e-16 6.45244e-19 
1.11722 5.01043e-16 5.64139e-19 
1.12152 4.87554e-16 5.88391e-19 
1.12583 5.02589e-16 5.03427e-19 
1.13013 4.98522e-16 6.27295e-19 
1.13444 4.58559e-16 7.01967e-19 
1.13874 4.32693e-16 5.45132e-19 
1.14305 4.50213e-16 5.85250e-19 
1.14735 4.73001e-16 6.29967e-19 
1.15166 4.90694e-16 6.57155e-19 
1.15596 4.85014e-16 6.83588e-19 
1.16026 4.76331e-16 7.43118e-19 
1.16457 4.57926e-16 6.93084e-19 
1.16887 4.32217e-16 5.70532e-19 
1.17318 4.38143e-16 6.01927e-19 
1.17748 4.64034e-16 6.39675e-19 
1.18179 5.34807e-16 6.71040e-19 
1.18609 6.22373e-16 5.82384e-19 
1.19040 6.96009e-16 6.04636e-19 
1.19470 7.53949e-16 6.49493e-19 
1.19901 7.98455e-16 7.27229e-19 
1.20331 8.43004e-16 6.40388e-19 
1.20762 9.03266e-16 5.68885e-19 
1.21192 9.62425e-16 7.06559e-19 
1.21623 1.02456e-15 6.42941e-19 
1.22053 1.07830e-15 6.37286e-19 
1.22483 1.12326e-15 6.30703e-19 
1.22914 1.16165e-15 5.95849e-19 
1.23344 1.18551e-15 5.27853e-19 
1.23775 1.17971e-15 5.74465e-19 
1.24205 1.15322e-15 5.94173e-19 
1.24636 1.15916e-15 6.48716e-19 
1.25066 1.20208e-15 6.99552e-19 
1.25497 1.26359e-15 7.31375e-19 
1.25927 1.36508e-15 7.79770e-19 
1.26358 1.41574e-15 7.61223e-19 
1.26788 1.44901e-15 8.42216e-19 
1.27219 1.45482e-15 7.88755e-19 
1.27649 1.43941e-15 7.70142e-19 
1.28079 1.43029e-15 7.12005e-19 
1.28510 1.40825e-15 7.48763e-19 
1.28940 1.38333e-15 7.04039e-19 
1.29371 1.36639e-15 6.58209e-19 
1.29801 1.34545e-15 6.22202e-19 
1.30232 1.31395e-15 5.77752e-19 
1.30662 1.27483e-15 5.29063e-19 
1.31093 1.22701e-15 5.74109e-19 
1.31523 1.17179e-15 6.08952e-19 
1.31954 1.08743e-15 5.85738e-19 
1.32384 9.57925e-16 8.20810e-19 
1.32815 7.51731e-16 9.56514e-19 
1.33245 4.65623e-16 9.13284e-19 
1.33676 2.60747e-16 6.09071e-19 
1.34106 1.59698e-16 4.07122e-19 
1.34536 1.11651e-16 3.38525e-19 
1.34967 8.37915e-17 2.74388e-19 
1.35397 6.88427e-17 2.58373e-19 
1.35828 6.09141e-17 2.36956e-19 
1.36258 6.39995e-17 2.67494e-19 
1.36689 7.15938e-17 2.40723e-19 
1.37119 7.06856e-17 2.48143e-19 
1.37550 7.79077e-17 3.23976e-19 
1.37980 8.58518e-17 3.49834e-19 
1.38411 8.05601e-17 3.43674e-19 
1.38841 7.85432e-17 2.74120e-19 
1.39272 7.64791e-17 2.61830e-19 
1.39702 6.93783e-17 2.42915e-19 
1.40132 7.15620e-17 2.31970e-19 
1.40563 7.23903e-17 2.62762e-19 
1.40993 6.92093e-17 2.42913e-19 
1.41424 6.83157e-17 2.16117e-19 
1.41854 6.78976e-17 2.22401e-19 
1.42285 6.79036e-17 2.35952e-19 
1.42715 7.52163e-17 2.79096e-19 
1.43146 8.53311e-17 3.16993e-19 
1.43576 9.24965e-17 3.21860e-19 
1.44007 9.43121e-17 2.80731e-19 
1.44437 1.03329e-16 2.30888e-19 
1.44868 1.24943e-16 3.16241e-19 
1.45298 1.44773e-16 2.56361e-19 
1.45728 1.60635e-16 2.56780e-19 
1.46159 1.70790e-16 2.52783e-19 
1.46589 1.74743e-16 2.33836e-19 
1.47020 1.81259e-16 2.43220e-19 
1.47450 1.95043e-16 2.65979e-19 
1.47881 2.08051e-16 3.15623e-19 
1.48311 2.18945e-16 2.93191e-19 
1.48742 2.31580e-16 3.13725e-19 
1.49172 2.48958e-16 3.51586e-19 
1.49603 2.64960e-16 3.03528e-19 
1.50033 2.85929e-16 3.18121e-19 
1.50464 3.11323e-16 3.31551e-19 
1.50894 3.34219e-16 3.07406e-19 
1.51325 3.59900e-16 3.37218e-19 
1.51755 3.90925e-16 3.88047e-19 
1.52185 4.21594e-16 3.89247e-19 
1.52616 4.52095e-16 3.79719e-19 
1.53046 4.85193e-16 3.80918e-19 
1.53477 5.19358e-16 3.77297e-19 
1.53907 5.51930e-16 4.23390e-19 
1.54338 5.86934e-16 5.43692e-19 
1.54768 6.21521e-16 5.32651e-19 
1.55199 6.49044e-16 4.74702e-19 
1.55629 6.70066e-16 4.47621e-19 
1.56060 6.91636e-16 4.31468e-19 
1.56490 7.26969e-16 4.42193e-19 
1.56921 7.56936e-16 3.59664e-19 
1.57351 7.75912e-16 4.01501e-19 
1.57781 7.82596e-16 4.09335e-19 
1.58212 7.81199e-16 4.34951e-19 
1.58642 7.78447e-16 4.39207e-19 
1.59073 7.66571e-16 4.49419e-19 
1.59503 7.39267e-16 5.13944e-19 
1.59934 6.96682e-16 5.30188e-19 
1.60364 6.37503e-16 5.80630e-19 
1.60795 5.66170e-16 5.92655e-19 
1.61225 4.95970e-16 5.66523e-19 
1.61656 4.37523e-16 4.17694e-19 
1.62086 4.00915e-16 4.28015e-19 
1.62517 3.74941e-16 3.87907e-19 
1.62947 3.61776e-16 3.58547e-19 
1.63377 3.61066e-16 3.58988e-19 
1.63808 3.69840e-16 3.45687e-19 
1.64238 3.86570e-16 3.52743e-19 
1.64669 4.02004e-16 3.16953e-19 
1.65099 4.10905e-16 3.46723e-19 
1.65530 4.09618e-16 4.55461e-19 
1.65960 3.96537e-16 4.52669e-19 
1.66391 3.42196e-16 5.65584e-19 
1.66821 2.86282e-16 5.17856e-19 
1.67252 2.67976e-16 5.03449e-19 
1.67682 2.79409e-16 4.95972e-19 
1.68113 2.98180e-16 6.40241e-19 
1.68543 3.01363e-16 7.64373e-19 
1.68974 2.92327e-16 1.00151e-18 
1.69404 2.83951e-16 1.24333e-18 
1.69834 2.65626e-16 1.30533e-18 
1.70265 2.45992e-16 1.52024e-18 
1.70695 2.46702e-16 1.94342e-18 
1.71126 2.67914e-16 1.96021e-18 
1.71556 2.84727e-16 2.73837e-18 
1.71987 2.90737e-16 3.60146e-18 
1.72417 2.50201e-16 5.45651e-18 
1.72848 2.28467e-16 5.36021e-18 
1.73278 2.08430e-16 6.49736e-18 
1.73709 1.85282e-16 8.03565e-18 
1.74139 1.96484e-16 1.05110e-17 
1.74570 2.33111e-16 1.13325e-17 
