1.10000 8.22771e-17 7.77664e-20 
1.10430 8.29174e-17 1.33132e-19 
1.10861 8.22243e-17 8.40224e-20 
1.11291 8.07362e-17 1.05045e-19 
1.11722 7.90587e-17 1.04439e-19 
1.12152 7.94319e-17 5.64630e-20 
1.12583 8.13126e-17 4.63723e-20 
1.13013 8.19465e-17 6.58514e-20 
1.13444 7.89436e-17 7.51418e-20 
1.13874 7.55035e-17 4.49413e-20 
1.14305 7.50159e-17 5.71805e-20 
1.14735 7.88658e-17 7.83899e-20 
1.15166 8.42384e-17 7.73443e-20 
1.15596 8.57496e-17 8.80631e-20 
1.16026 8.47904e-17 6.49503e-20 
1.16457 8.32578e-17 7.14977e-20 
1.16887 7.87337e-17 7.17840e-20 
1.17318 7.83762e-17 7.44607e-20 
1.17748 7.62072e-17 8.45629e-20 
1.18179 7.94098e-17 7.65293e-20 
1.18609 8.39991e-17 6.27506e-20 
1.19040 8.69854e-17 7.27909e-20 
1.19470 8.67859e-17 8.57957e-20 
1.19901 8.47668e-17 5.57784e-20 
1.20331 8.45216e-17 6.43185e-20 
1.20762 8.71426e-17 4.71095e-20 
1.21192 9.03948e-17 6.13109e-20 
1.21623 9.34380e-17 6.37776e-20 
1.22053 9.60423e-17 7.40731e-20 
1.22483 9.82241e-17 9.14999e-20 
1.22914 9.98032e-17 7.65115e-20 
1.23344 1.00701e-16 8.04112e-20 
1.23775 9.89649e-17 5.92143e-20 
1.24205 9.51371e-17 6.24910e-20 
1.24636 9.47728e-17 6.83361e-20 
1.25066 9.49281e-17 4.56599e-20 
1.25497 9.75214e-17 4.11179e-20 
1.25927 1.02639e-16 5.49829e-20 
1.26358 1.06485e-16 5.97410e-20 
1.26788 1.08570e-16 6.66044e-20 
1.27219 1.09574e-16 6.29875e-20 
1.27649 1.10464e-16 6.71311e-20 
1.28079 1.11178e-16 6.43211e-20 
1.28510 1.12099e-16 8.12645e-20 
1.28940 1.11951e-16 5.60536e-20 
1.29371 1.12397e-16 8.38543e-20 
1.29801 1.11525e-16 7.33161e-20 
1.30232 1.10565e-16 5.12611e-20 
1.30662 1.10630e-16 7.26465e-20 
1.31093 1.10818e-16 4.99595e-20 
1.31523 1.10649e-16 6.01377e-20 
1.31954 1.09608e-16 5.76293e-20 
1.32384 1.06528e-16 4.85985e-20 
1.32815 9.97408e-17 2.94905e-20 
1.33245 8.72717e-17 5.48413e-20 
1.33676 7.18352e-17 6.53873e-20 
1.34106 6.14840e-17 4.65672e-20 
1.34536 5.63996e-17 3.70344e-20 
1.34967 5.20383e-17 5.49003e-20 
1.35397 4.84622e-17 3.46336e-20 
1.35828 4.75118e-17 2.44340e-20 
1.36258 4.87215e-17 3.82207e-20 
1.36689 5.01081e-17 2.85847e-20 
1.37119 4.94818e-17 4.74843e-20 
1.37550 4.96797e-17 4.34602e-20 
1.37980 5.13142e-17 5.46109e-20 
1.38411 5.25100e-17 6.15116e-20 
1.38841 5.29859e-17 4.18953e-20 
1.39272 5.20379e-17 2.96117e-20 
1.39702 5.06603e-17 4.30109e-20 
1.40132 4.93177e-17 5.06543e-20 
1.40563 4.90850e-17 3.75273e-20 
1.40993 4.74126e-17 3.18730e-20 
1.41424 4.67705e-17 3.25952e-20 
1.41854 4.60681e-17 2.60731e-20 
1.42285 4.59193e-17 2.81737e-20 
1.42715 4.56400e-17 3.51112e-20 
1.43146 4.61552e-17 3.31530e-20 
1.43576 4.75055e-17 4.25011e-20 
1.44007 4.88637e-17 4.63329e-20 
1.44437 5.01005e-17 3.49838e-20 
1.44868 5.17615e-17 4.04718e-20 
1.45298 5.39059e-17 5.32210e-20 
1.45728 5.59106e-17 5.87957e-20 
1.46159 5.69141e-17 4.91402e-20 
1.46589 5.75707e-17 3.18589e-20 
1.47020 5.83186e-17 5.25435e-20 
1.47450 5.96534e-17 4.51653e-20 
1.47881 6.03153e-17 3.98391e-20 
1.48311 6.19257e-17 4.56853e-20 
1.48742 6.27894e-17 4.16522e-20 
1.49172 6.41394e-17 4.34931e-20 
1.49603 6.52820e-17 4.51497e-20 
1.50033 6.63438e-17 5.32470e-20 
1.50464 6.82668e-17 5.27331e-20 
1.50894 7.05215e-17 4.40089e-20 
1.51325 7.24822e-17 3.60297e-20 
1.51755 7.41726e-17 4.83215e-20 
1.52185 7.62144e-17 4.96411e-20 
1.52616 7.71570e-17 4.37884e-20 
1.53046 7.88008e-17 3.38090e-20 
1.53477 8.02350e-17 3.07819e-20 
1.53907 8.17246e-17 4.98314e-20 
1.54338 8.37123e-17 2.81514e-20 
1.54768 8.53987e-17 2.96079e-20 
1.55199 8.65681e-17 5.24131e-20 
1.55629 8.78204e-17 5.39658e-20 
1.56060 8.89718e-17 4.31227e-20 
1.56490 9.09801e-17 3.66799e-20 
1.56921 9.27687e-17 5.36757e-20 
1.57351 9.36279e-17 5.86251e-20 
1.57781 9.43113e-17 5.47625e-20 
1.58212 9.35948e-17 5.33891e-20 
1.58642 9.39854e-17 4.99466e-20 
1.59073 9.47684e-17 5.13971e-20 
1.59503 9.54605e-17 5.64518e-20 
1.59934 9.64951e-17 3.82439e-20 
1.60364 9.67973e-17 4.81038e-20 
1.60795 9.66397e-17 5.05711e-20 
1.61225 9.64105e-17 5.66033e-20 
1.61656 9.62540e-17 5.00752e-20 
1.62086 9.66086e-17 4.95073e-20 
1.62517 9.67806e-17 4.11616e-20 
1.62947 9.70171e-17 4.70889e-20 
1.63377 9.77513e-17 4.33995e-20 
1.63808 9.86391e-17 6.57776e-20 
1.64238 1.00119e-16 4.74622e-20 
1.64669 1.00969e-16 5.75463e-20 
1.65099 1.01632e-16 6.55176e-20 
1.65530 1.02590e-16 3.33223e-20 
1.65960 1.02917e-16 5.12778e-20 
1.66391 1.02471e-16 6.42469e-20 
1.66821 1.01326e-16 8.56732e-20 
1.67252 1.00332e-16 1.18324e-19 
1.67682 9.92016e-17 1.58269e-19 
1.68113 9.80071e-17 1.71782e-19 
1.68543 9.73659e-17 1.70278e-19 
1.68974 9.42879e-17 1.52222e-19 
1.69404 8.93917e-17 1.94805e-19 
1.69834 8.68380e-17 2.22990e-19 
1.70265 8.38622e-17 2.63650e-19 
1.70695 8.04401e-17 4.45422e-19 
1.71126 7.82045e-17 3.15814e-19 
1.71556 7.37319e-17 3.37662e-19 
1.71987 7.32793e-17 4.36969e-19 
1.72417 8.26740e-17 5.02600e-19 
1.72848 8.70055e-17 7.23693e-19 
1.73278 8.67255e-17 1.07389e-18 
1.73709 7.10654e-17 1.30969e-18 
1.74139 6.04152e-17 1.33320e-18 
1.74570 5.85422e-17 1.20358e-18 
