1.10000 8.85791e-16 1.02962e-18 
1.10430 7.43415e-16 9.86918e-19 
1.10861 6.31540e-16 7.90727e-19 
1.11291 5.13702e-16 7.83631e-19 
1.11722 4.21189e-16 7.39224e-19 
1.12152 3.85784e-16 6.00191e-19 
1.12583 3.95738e-16 6.06421e-19 
1.13013 4.01635e-16 6.50992e-19 
1.13444 3.60313e-16 6.18011e-19 
1.13874 3.32318e-16 5.24210e-19 
1.14305 3.35513e-16 4.20261e-19 
1.14735 3.39777e-16 5.38279e-19 
1.15166 3.40594e-16 5.16459e-19 
1.15596 3.39448e-16 5.34699e-19 
1.16026 3.23945e-16 5.58875e-19 
1.16457 3.21720e-16 5.30887e-19 
1.16887 3.23224e-16 5.42429e-19 
1.17318 3.50709e-16 6.17711e-19 
1.17748 3.94627e-16 6.39460e-19 
1.18179 4.61342e-16 5.28386e-19 
1.18609 5.49439e-16 5.49219e-19 
1.19040 6.24360e-16 5.77662e-19 
1.19470 7.17067e-16 6.06227e-19 
1.19901 8.08571e-16 6.39426e-19 
1.20331 9.00185e-16 6.69057e-19 
1.20762 1.00566e-15 5.84318e-19 
1.21192 1.11088e-15 5.61755e-19 
1.21623 1.21387e-15 6.44660e-19 
1.22053 1.32210e-15 6.63204e-19 
1.22483 1.42451e-15 7.48757e-19 
1.22914 1.53121e-15 8.68249e-19 
1.23344 1.61121e-15 8.69989e-19 
1.23775 1.66796e-15 9.87938e-19 
1.24205 1.71908e-15 1.06351e-18 
1.24636 1.75850e-15 9.91238e-19 
1.25066 1.84175e-15 1.00105e-18 
1.25497 1.90953e-15 1.14966e-18 
1.25927 2.08335e-15 1.04876e-18 
1.26358 2.19278e-15 8.17184e-19 
1.26788 2.21100e-15 7.81214e-19 
1.27219 2.18357e-15 9.15158e-19 
1.27649 2.15127e-15 9.53036e-19 
1.28079 2.11742e-15 9.52821e-19 
1.28510 2.04520e-15 9.24715e-19 
1.28940 1.95674e-15 7.84960e-19 
1.29371 1.88520e-15 8.20166e-19 
1.29801 1.80867e-15 8.89999e-19 
1.30232 1.74740e-15 7.75678e-19 
1.30662 1.64017e-15 7.74220e-19 
1.31093 1.51912e-15 7.91855e-19 
1.31523 1.38042e-15 7.13712e-19 
1.31954 1.23330e-15 5.89269e-19 
1.32384 1.04578e-15 6.25603e-19 
1.32815 7.85754e-16 5.93521e-19 
1.33245 4.85137e-16 4.77625e-19 
1.33676 2.55445e-16 3.72684e-19 
1.34106 1.46956e-16 2.99099e-19 
1.34536 9.97236e-17 2.75023e-19 
1.34967 7.00629e-17 2.76272e-19 
1.35397 5.41239e-17 2.59417e-19 
1.35828 4.49588e-17 2.84276e-19 
1.36258 4.10309e-17 3.24778e-19 
1.36689 4.79514e-17 2.89549e-19 
1.37119 4.47155e-17 2.97348e-19 
1.37550 5.04338e-17 2.59714e-19 
1.37980 5.18191e-17 2.40997e-19 
1.38411 4.89324e-17 2.50350e-19 
1.38841 5.11164e-17 2.43794e-19 
1.39272 5.01514e-17 2.22303e-19 
1.39702 4.92468e-17 2.38806e-19 
1.40132 5.12364e-17 2.69830e-19 
1.40563 5.38454e-17 2.42247e-19 
1.40993 5.18933e-17 2.74594e-19 
1.41424 5.01925e-17 2.43722e-19 
1.41854 5.58697e-17 2.92055e-19 
1.42285 5.63602e-17 2.90912e-19 
1.42715 6.05614e-17 3.16709e-19 
1.43146 6.72949e-17 2.74643e-19 
1.43576 7.09476e-17 2.53232e-19 
1.44007 7.92661e-17 2.41746e-19 
1.44437 8.85117e-17 2.60197e-19 
1.44868 1.05646e-16 2.48751e-19 
1.45298 1.29301e-16 2.26672e-19 
1.45728 1.47401e-16 2.70105e-19 
1.46159 1.54012e-16 2.71479e-19 
1.46589 1.58263e-16 2.89381e-19 
1.47020 1.66126e-16 2.85032e-19 
1.47450 1.75472e-16 2.86639e-19 
1.47881 1.92441e-16 3.49960e-19 
1.48311 2.11751e-16 3.40228e-19 
1.48742 2.23590e-16 4.13743e-19 
1.49172 2.41655e-16 3.60928e-19 
1.49603 2.61767e-16 3.46103e-19 
1.50033 2.92566e-16 3.30530e-19 
1.50464 3.17065e-16 3.44088e-19 
1.50894 3.47780e-16 3.48996e-19 
1.51325 3.83176e-16 3.61078e-19 
1.51755 4.13915e-16 3.79008e-19 
1.52185 4.48358e-16 3.39942e-19 
1.52616 4.91966e-16 3.47003e-19 
1.53046 5.41618e-16 4.20892e-19 
1.53477 5.93617e-16 4.16306e-19 
1.53907 6.42257e-16 4.39868e-19 
1.54338 6.95358e-16 4.69468e-19 
1.54768 7.58675e-16 5.63139e-19 
1.55199 7.89087e-16 4.90985e-19 
1.55629 8.31056e-16 5.37856e-19 
1.56060 8.64190e-16 4.72051e-19 
1.56490 9.09748e-16 5.09920e-19 
1.56921 9.76599e-16 4.96469e-19 
1.57351 1.02286e-15 4.89659e-19 
1.57781 1.03989e-15 5.43619e-19 
1.58212 1.04748e-15 5.67907e-19 
1.58642 1.04214e-15 4.76043e-19 
1.59073 1.00230e-15 5.47223e-19 
1.59503 9.40064e-16 5.69438e-19 
1.59934 8.80739e-16 5.44093e-19 
1.60364 7.62488e-16 6.16151e-19 
1.60795 6.25938e-16 5.21004e-19                     
