1.10000 2.45362e-16 6.28546e-18 
1.10110 2.45256e-16 6.30720e-18 
1.10221 2.45174e-16 6.33032e-18 
1.10331 2.44518e-16 6.33790e-18 
1.10441 2.44119e-16 6.20984e-18 
1.10551 2.43834e-16 6.08369e-18 
1.10662 2.43290e-16 5.95728e-18 
1.10772 2.42387e-16 5.82609e-18 
1.10882 2.40977e-16 5.76565e-18 
1.10992 2.39034e-16 5.70097e-18 
1.11103 2.37889e-16 5.65620e-18 
1.11213 2.36573e-16 5.60502e-18 
1.11323 2.35642e-16 5.55418e-18 
1.11433 2.34596e-16 5.49236e-18 
1.11544 2.33329e-16 5.43146e-18 
1.11654 2.32389e-16 5.37435e-18 
1.11764 2.32155e-16 5.33918e-18 
1.11874 2.32318e-16 5.33658e-18 
1.11985 2.32980e-16 5.33502e-18 
1.12095 2.33281e-16 5.33706e-18 
1.12205 2.34030e-16 5.33782e-18 
1.12315 2.35634e-16 5.35408e-18 
1.12426 2.36880e-16 5.37229e-18 
1.12536 2.37987e-16 5.38866e-18 
1.12646 2.38842e-16 5.40928e-18 
1.12756 2.38897e-16 5.38872e-18 
1.12867 2.38922e-16 5.38217e-18 
1.12977 2.39417e-16 5.38011e-18 
1.13087 2.39348e-16 5.36996e-18 
1.13197 2.37720e-16 5.33312e-18 
1.13308 2.35347e-16 5.28960e-18 
1.13418 2.33276e-16 5.25528e-18 
1.13528 2.31630e-16 5.21324e-18 
1.13638 2.30854e-16 5.19472e-18 
1.13749 2.30835e-16 5.18818e-18 
1.13859 2.30141e-16 5.16622e-18 
1.13969 2.29497e-16 5.14776e-18 
1.14079 2.30108e-16 5.15091e-18 
1.14190 2.32495e-16 5.18538e-18 
1.14300 2.35318e-16 5.22137e-18 
1.14410 2.37926e-16 5.25804e-18 
1.14520 2.40329e-16 5.29375e-18 
1.14631 2.42437e-16 5.33237e-18 
1.14741 2.45000e-16 5.37567e-18 
1.14851 2.47306e-16 5.41363e-18 
1.14961 2.49559e-16 5.44711e-18 
1.15072 2.50161e-16 5.45462e-18 
1.15182 2.50563e-16 5.45681e-18 
1.15292 2.51656e-16 5.46932e-18 
1.15402 2.53097e-16 5.48817e-18 
1.15513 2.53162e-16 5.49124e-18 
1.15623 2.53024e-16 5.48872e-18 
1.15733 2.52827e-16 5.49112e-18 
1.15843 2.52661e-16 5.49119e-18 
1.15954 2.51991e-16 5.47846e-18 
1.16064 2.51362e-16 5.46179e-18 
1.16174 2.50456e-16 5.44640e-18 
1.16284 2.49399e-16 5.42871e-18 
1.16395 2.48483e-16 5.41029e-18 
1.16505 2.47272e-16 5.38263e-18 
1.16615 2.46087e-16 5.35914e-18 
1.16725 2.44921e-16 5.33274e-18 
1.16836 2.44190e-16 5.31130e-18 
1.16946 2.44454e-16 5.30943e-18 
1.17056 2.44706e-16 5.30961e-18 
1.17166 2.44814e-16 5.30876e-18 
1.17277 2.44874e-16 5.30715e-18 
1.17387 2.45680e-16 5.33542e-18 
1.17497 2.46115e-16 5.36036e-18 
1.17607 2.46782e-16 5.39344e-18 
1.17718 2.47703e-16 5.42366e-18 
1.17828 2.49895e-16 5.43831e-18 
1.17938 2.51997e-16 5.43968e-18 
1.18049 2.54196e-16 5.44131e-18 
1.18159 2.56613e-16 5.44407e-18 
1.18269 2.59752e-16 5.48096e-18 
1.18379 2.63429e-16 5.54242e-18 
1.18490 2.67687e-16 5.61161e-18 
1.18600 2.71541e-16 5.68102e-18 
1.18710 2.85297e-16 6.01965e-18 
1.18820 3.22114e-16 6.97985e-18 
1.18931 3.59070e-16 7.94129e-18 
1.19041 3.96098e-16 8.90930e-18 
1.19151 4.30677e-16 9.81369e-18 
1.19261 4.41985e-16 1.01848e-17 
1.19372 4.52101e-16 1.05392e-17 
1.19482 4.62262e-16 1.08862e-17 
1.19592 4.73342e-16 1.12368e-17 
1.19702 4.34191e-16 1.01141e-17 
1.19813 3.88297e-16 8.82750e-18 
1.19923 3.42324e-16 7.52289e-18 
1.20033 2.97369e-16 6.22894e-18 
1.20143 2.84429e-16 5.84399e-18 
1.20254 2.85704e-16 5.86586e-18 
1.20364 2.87316e-16 5.89232e-18 
1.20474 2.89336e-16 5.92357e-18 
1.20584 2.91661e-16 5.96281e-18 
1.20695 2.94740e-16 6.01330e-18 
1.20805 2.97039e-16 6.05203e-18 
1.20915 2.99838e-16 6.09664e-18 
1.21025 3.02339e-16 6.13857e-18 
1.21136 3.03944e-16 6.16241e-18 
1.21246 3.04851e-16 6.17819e-18 
1.21356 3.05930e-16 6.19327e-18 
1.21466 3.06766e-16 6.20875e-18 
1.21577 3.08308e-16 6.23474e-18 
1.21687 3.09881e-16 6.26003e-18 
1.21797 3.11502e-16 6.28171e-18 
1.21907 3.12922e-16 6.30202e-18 
1.22018 3.14670e-16 6.32230e-18 
1.22128 3.16858e-16 6.34636e-18 
1.22238 3.18999e-16 6.37366e-18 
1.22348 3.20531e-16 6.38880e-18 
1.22459 3.21895e-16 6.41216e-18 
1.22569 3.23268e-16 6.44847e-18 
1.22679 3.24438e-16 6.47822e-18 
1.22789 3.25317e-16 6.50333e-18 
1.22900 3.26253e-16 6.52510e-18 
1.23010 3.27052e-16 6.53756e-18 
1.23120 3.27820e-16 6.54964e-18 
1.23230 3.28603e-16 6.56473e-18 
1.23341 3.29261e-16 6.57434e-18 
1.23451 3.29192e-16 6.56904e-18 
1.23561 3.29001e-16 6.56216e-18 
1.23671 3.29321e-16 6.56545e-18 
1.23782 3.29106e-16 6.55745e-18 
1.23892 3.28280e-16 6.54120e-18 
1.24002 3.27719e-16 6.52456e-18 
1.24112 3.27274e-16 6.51768e-18 
1.24223 3.26613e-16 6.50415e-18 
1.24333 3.26793e-16 6.50668e-18 
1.24443 3.26685e-16 6.50325e-18 
1.24553 3.26612e-16 6.50514e-18 
1.24664 3.26785e-16 6.50544e-18 
1.24774 3.27362e-16 6.51370e-18 
1.24884 3.27969e-16 6.52614e-18 
1.24994 3.28535e-16 6.53409e-18 
1.25105 3.29287e-16 6.54358e-18 
1.25215 3.30132e-16 6.56322e-18 
1.25325 3.31538e-16 6.58607e-18 
1.25436 3.33134e-16 6.60677e-18 
1.25546 3.34563e-16 6.63014e-18 
1.25656 3.36488e-16 6.66254e-18 
1.25766 3.39709e-16 6.72197e-18 
1.25877 3.43297e-16 6.78780e-18 
1.25987 3.46852e-16 6.85262e-18 
1.26097 3.50491e-16 6.91434e-18 
1.26207 3.51919e-16 6.93941e-18 
1.26318 3.53290e-16 6.96626e-18 
1.26428 3.54488e-16 6.98778e-18 
1.26538 3.55773e-16 7.01089e-18 
1.26648 3.55990e-16 7.01514e-18 
1.26759 3.55936e-16 7.01081e-18 
1.26869 3.56456e-16 7.02208e-18 
1.26979 3.57661e-16 7.04140e-18 
1.27089 3.57793e-16 7.03905e-18 
1.27200 3.57401e-16 7.02472e-18 
1.27310 3.56885e-16 7.01438e-18 
1.27420 3.57034e-16 7.00823e-18 
1.27530 3.57248e-16 7.00665e-18 
1.27641 3.57453e-16 6.99761e-18 
1.27751 3.57396e-16 6.98502e-18 
1.27861 3.57926e-16 6.98331e-18 
1.27971 3.58151e-16 6.97332e-18 
1.28082 3.58489e-16 6.98718e-18 
1.28192 3.59535e-16 7.00365e-18 
1.28302 3.60109e-16 7.01619e-18 
1.28412 3.60567e-16 7.02674e-18 
1.28523 3.60859e-16 7.03778e-18 
1.28633 3.60870e-16 7.04285e-18 
1.28743 3.61270e-16 7.05313e-18 
1.28853 3.61563e-16 7.06057e-18 
1.28964 3.61875e-16 7.07128e-18 
1.29074 3.62197e-16 7.08258e-18 
1.29184 3.62569e-16 7.09139e-18 
1.29294 3.62575e-16 7.09467e-18 
1.29405 3.62372e-16 7.09451e-18 
1.29515 3.62121e-16 7.08220e-18 
1.29625 3.61818e-16 7.06918e-18 
1.29735 3.61680e-16 7.06135e-18 
1.29846 3.61544e-16 7.05196e-18 
1.29956 3.61520e-16 7.05087e-18 
1.30066 3.61264e-16 7.04307e-18 
1.30176 3.61686e-16 7.04954e-18 
1.30287 3.61349e-16 7.04190e-18 
1.30397 3.60755e-16 7.02910e-18 
1.30507 3.60247e-16 7.01796e-18 
1.30617 3.59636e-16 7.00570e-18 
1.30728 3.60024e-16 7.01541e-18 
1.30838 3.59129e-16 6.99798e-18 
1.30948 3.58858e-16 6.99475e-18 
1.31058 3.58242e-16 6.98275e-18 
1.31169 3.58032e-16 6.98129e-18 
1.31279 3.57732e-16 6.98116e-18 
1.31389 3.57042e-16 6.97823e-18 
1.31499 3.56351e-16 6.97529e-18 
1.31610 3.55535e-16 6.97236e-18 
1.31720 3.54236e-16 6.97001e-18 
1.31830 3.52636e-16 6.96311e-18 
1.31940 3.51394e-16 6.95534e-18 
1.32051 3.50106e-16 6.94768e-18 
1.32161 3.47432e-16 6.91702e-18 
1.32271 3.43717e-16 6.85446e-18 
1.32381 3.39630e-16 6.78737e-18 
1.32492 3.35478e-16 6.71840e-18 
1.32602 3.31264e-16 6.64617e-18 
1.32712 3.23170e-16 6.51676e-18 
1.32822 3.14975e-16 6.38229e-18 
1.32933 3.06924e-16 6.25500e-18 
1.33043 2.99159e-16 6.13111e-18 
1.33153 2.88912e-16 5.96704e-18 
1.33264 2.78811e-16 5.80663e-18 
1.33374 2.68941e-16 5.63592e-18 
1.33484 2.58574e-16 5.46695e-18 
1.33594 2.49177e-16 5.31364e-18 
1.33705 2.40503e-16 5.17528e-18 
1.33815 2.31442e-16 5.02609e-18 
1.33925 2.22621e-16 4.88088e-18 
1.34035 2.15090e-16 4.81696e-18 
1.34146 2.08830e-16 4.83578e-18 
1.34256 2.02792e-16 4.86438e-18 
1.34366 1.96790e-16 4.89786e-18 
1.34476 1.91154e-16 4.88698e-18 
1.34587 1.87136e-16 4.73276e-18 
1.34697 1.83623e-16 4.60163e-18 
1.34807 1.80089e-16 4.45929e-18 
1.34917 1.76266e-16 4.31745e-18 
1.35028 1.73983e-16 4.23050e-18 
1.35138 1.71488e-16 4.14200e-18 
1.35248 1.69224e-16 4.05703e-18 
1.35358 1.67058e-16 3.97486e-18 
1.35469 1.65983e-16 3.91366e-18 
1.35579 1.65286e-16 3.86535e-18 
1.35689 1.64531e-16 3.81684e-18 
1.35799 1.64005e-16 3.77278e-18 
1.35910 1.64397e-16 3.75680e-18 
1.36020 1.66007e-16 3.76909e-18 
1.36130 1.67082e-16 3.77156e-18 
1.36240 1.68477e-16 3.78229e-18 
1.36351 1.69620e-16 3.78122e-18 
1.36461 1.71114e-16 3.77619e-18 
1.36571 1.72599e-16 3.76997e-18 
1.36681 1.74129e-16 3.76280e-18 
1.36792 1.75329e-16 3.75323e-18 
1.36902 1.75699e-16 3.74475e-18 
1.37012 1.75945e-16 3.73252e-18 
1.37122 1.76236e-16 3.72502e-18 
1.37233 1.77140e-16 3.72063e-18 
1.37343 1.77985e-16 3.74681e-18 
1.37453 1.78991e-16 3.77792e-18 
1.37563 1.79971e-16 3.81045e-18 
1.37674 1.81180e-16 3.84563e-18 
1.37784 1.82077e-16 3.86696e-18 
1.37894 1.82784e-16 3.88174e-18 
1.38004 1.83734e-16 3.90082e-18 
1.38115 1.84525e-16 3.92028e-18 
1.38225 1.85043e-16 3.93219e-18 
1.38335 1.85084e-16 3.93391e-18 
1.38445 1.85165e-16 3.93662e-18 
1.38556 1.85074e-16 3.93735e-18 
1.38666 1.85294e-16 3.93477e-18 
1.38776 1.85163e-16 3.91680e-18 
1.38886 1.85094e-16 3.90536e-18 
1.38997 1.85150e-16 3.88888e-18 
1.39107 1.84870e-16 3.87091e-18 
1.39217 1.83440e-16 3.84790e-18 
1.39327 1.82047e-16 3.82209e-18 
1.39438 1.81096e-16 3.80244e-18 
1.39548 1.79790e-16 3.77748e-18 
1.39658 1.78966e-16 3.76362e-18 
1.39768 1.78016e-16 3.74427e-18 
1.39879 1.77452e-16 3.72897e-18 
1.39989 1.76995e-16 3.72022e-18 
1.40099 1.76554e-16 3.71889e-18 
1.40209 1.76295e-16 3.72307e-18 
1.40320 1.75946e-16 3.72569e-18 
1.40430 1.75739e-16 3.73463e-18 
1.40540 1.74913e-16 3.72141e-18 
1.40650 1.74064e-16 3.70181e-18 
1.40761 1.73004e-16 3.68049e-18 
1.40871 1.71993e-16 3.65850e-18 
1.40981 1.71246e-16 3.63729e-18 
1.41092 1.70322e-16 3.61072e-18 
1.41202 1.69398e-16 3.58101e-18 
1.41312 1.68533e-16 3.55644e-18 
1.41422 1.67563e-16 3.52681e-18 
1.41533 1.67153e-16 3.51906e-18 
1.41643 1.66958e-16 3.51217e-18 
1.41753 1.66930e-16 3.51279e-18 
1.41863 1.66630e-16 3.50330e-18 
1.41974 1.66442e-16 3.49999e-18 
1.42084 1.66242e-16 3.49438e-18 
1.42194 1.66043e-16 3.49052e-18 
1.42304 1.66069e-16 3.49276e-18 
1.42415 1.66178e-16 3.49616e-18 
1.42525 1.66764e-16 3.49677e-18 
1.42635 1.67650e-16 3.51156e-18 
1.42745 1.67978e-16 3.51575e-18 
1.42856 1.68732e-16 3.53399e-18 
1.42966 1.70034e-16 3.56552e-18 
1.43076 1.71583e-16 3.59776e-18 
1.43186 1.72617e-16 3.63183e-18 
1.43297 1.73953e-16 3.65743e-18 
1.43407 1.75356e-16 3.68011e-18 
1.43517 1.76679e-16 3.69838e-18 
1.43627 1.77809e-16 3.71526e-18 
1.43738 1.79111e-16 3.73526e-18 
1.43848 1.80492e-16 3.75258e-18 
1.43958 1.81959e-16 3.77036e-18 
1.44068 1.83332e-16 3.78595e-18 
1.44179 1.84821e-16 3.80150e-18 
1.44289 1.86773e-16 3.83422e-18 
1.44399 1.88848e-16 3.86818e-18 
1.44509 1.90836e-16 3.89955e-18 
1.44620 1.92714e-16 3.93328e-18 
1.44730 1.95030e-16 3.97421e-18 
1.44840 1.97283e-16 4.01597e-18 
1.44950 2.00084e-16 4.06394e-18 
1.45061 2.02554e-16 4.11326e-18 
1.45171 2.05243e-16 4.15961e-18 
1.45281 2.07980e-16 4.20649e-18 
1.45391 2.10785e-16 4.25737e-18 
1.45502 2.13205e-16 4.30027e-18 
1.45612 2.15772e-16 4.34412e-18 
1.45722 2.16525e-16 4.36374e-18 
1.45832 2.17582e-16 4.38501e-18 
1.45943 2.18622e-16 4.40795e-18 
1.46053 2.19814e-16 4.43840e-18 
1.46163 2.19396e-16 4.42767e-18 
1.46273 2.19235e-16 4.42688e-18 
1.46384 2.18792e-16 4.42046e-18 
1.46494 2.18729e-16 4.42202e-18 
1.46604 2.19635e-16 4.44105e-18 
1.46714 2.20610e-16 4.46202e-18 
1.46825 2.21697e-16 4.48716e-18 
1.46935 2.22784e-16 4.50584e-18 
1.47045 2.23903e-16 4.52536e-18 
1.47155 2.25391e-16 4.53797e-18 
1.47266 2.26636e-16 4.55442e-18 
1.47376 2.28696e-16 4.57456e-18 
1.47486 2.30156e-16 4.59910e-18 
1.47596 2.32019e-16 4.63360e-18 
1.47707 2.33618e-16 4.66873e-18 
1.47817 2.35310e-16 4.70214e-18 
1.47927 2.36839e-16 4.73511e-18 
1.48037 2.37906e-16 4.75128e-18 
1.48148 2.39232e-16 4.77202e-18 
1.48258 2.40478e-16 4.79342e-18 
1.48368 2.41457e-16 4.81129e-18 
1.48479 2.42556e-16 4.82581e-18 
1.48589 2.43541e-16 4.83713e-18 
1.48699 2.44355e-16 4.84774e-18 
1.48809 2.45270e-16 4.85979e-18 
1.48920 2.46469e-16 4.87741e-18 
1.49030 2.47846e-16 4.89981e-18 
1.49140 2.49201e-16 4.91838e-18 
1.49250 2.50259e-16 4.93552e-18 
1.49361 2.51717e-16 4.95038e-18 
1.49471 2.52914e-16 4.96079e-18 
1.49581 2.54217e-16 4.97116e-18 
1.49691 2.55405e-16 4.98161e-18 
1.49802 2.56855e-16 5.00140e-18 
1.49912 2.58595e-16 5.04236e-18 
1.50022 2.60232e-16 5.08159e-18 
1.50132 2.62088e-16 5.12430e-18 
1.50243 2.63988e-16 5.16479e-18 
1.50353 2.66484e-16 5.20580e-18 
1.50463 2.69014e-16 5.24656e-18 
1.50573 2.71530e-16 5.28764e-18 
1.50684 2.73862e-16 5.32708e-18 
1.50794 2.75401e-16 5.38538e-18 
1.50904 2.77058e-16 5.44923e-18 
1.51014 2.78523e-16 5.51212e-18 
1.51125 2.80441e-16 5.58014e-18 
1.51235 2.82269e-16 5.62326e-18 
1.51345 2.83833e-16 5.65172e-18 
1.51455 2.85526e-16 5.68204e-18 
1.51566 2.87248e-16 5.71292e-18 
1.51676 2.89234e-16 5.77092e-18 
1.51786 2.90915e-16 5.84764e-18 
1.51896 2.93175e-16 5.92260e-18 
1.52007 2.95102e-16 5.99765e-18 
1.52117 2.96795e-16 6.09107e-18 
1.52227 2.98312e-16 6.22533e-18 
1.52337 3.00155e-16 6.36645e-18 
1.52448 3.01857e-16 6.51011e-18 
1.52558 3.03508e-16 6.64944e-18 
1.52668 3.04839e-16 6.82268e-18 
1.52778 3.06564e-16 7.00547e-18 
1.52889 3.08115e-16 7.18472e-18 
1.52999 3.09616e-16 7.36257e-18 
1.53109 3.11462e-16 7.55484e-18 
1.53219 3.13172e-16 7.74274e-18 
1.53330 3.15070e-16 7.93673e-18 
1.53440 3.16868e-16 8.12612e-18 
1.53550 3.18606e-16 8.29239e-18 
1.53660 3.20366e-16 8.44851e-18 
1.53771 3.22283e-16 8.60782e-18 
1.53881 3.24104e-16 8.76480e-18 
1.53991 3.25986e-16 8.89549e-18 
1.54101 3.27811e-16 8.99079e-18 
1.54212 3.29927e-16 9.09248e-18 
1.54322 3.31762e-16 9.18768e-18 
1.54432 3.33597e-16 9.26565e-18 
1.54542 3.34982e-16 9.28323e-18 
1.54653 3.36653e-16 9.30172e-18 
1.54763 3.37816e-16 9.30838e-18 
1.54873 3.39298e-16 9.31993e-18 
1.54983 3.39719e-16 9.23554e-18 
1.55094 3.39703e-16 9.14071e-18 
1.55204 3.40447e-16 9.06419e-18 
1.55314 3.40788e-16 8.97773e-18 
1.55424 3.41559e-16 8.85374e-18 
1.55535 3.42417e-16 8.71668e-18 
1.55645 3.43799e-16 8.59735e-18 
1.55755 3.44919e-16 8.46669e-18 
1.55865 3.46362e-16 8.32797e-18 
1.55976 3.47984e-16 8.17483e-18 
1.56086 3.49253e-16 8.01381e-18 
1.56196 3.50702e-16 7.86023e-18 
1.56307 3.52311e-16 7.71842e-18 
1.56417 3.54634e-16 7.60381e-18 
1.56527 3.56832e-16 7.48661e-18 
1.56637 3.58855e-16 7.36690e-18 
1.56748 3.60702e-16 7.26029e-18 
1.56858 3.62434e-16 7.21836e-18 
1.56968 3.64156e-16 7.17098e-18 
1.57078 3.65409e-16 7.11732e-18 
1.57189 3.67134e-16 7.07189e-18 
1.57299 3.67496e-16 7.03437e-18 
1.57409 3.68098e-16 7.00174e-18 
1.57519 3.68693e-16 6.96952e-18 
1.57630 3.69601e-16 6.94181e-18 
1.57740 3.70186e-16 6.93780e-18 
1.57850 3.70627e-16 6.93758e-18 
1.57960 3.71342e-16 6.94576e-18 
1.58071 3.71920e-16 6.94975e-18 
1.58181 3.72678e-16 6.97398e-18 
1.58291 3.73947e-16 7.02132e-18 
1.58401 3.74784e-16 7.07057e-18 
1.58512 3.75644e-16 7.10640e-18 
1.58622 3.76678e-16 7.14290e-18 
1.58732 3.78179e-16 7.17260e-18 
1.58842 3.79569e-16 7.19700e-18 
1.58953 3.80442e-16 7.21915e-18 
1.59063 3.81556e-16 7.23870e-18 
1.59173 3.82287e-16 7.25845e-18 
1.59283 3.83487e-16 7.28454e-18 
1.59394 3.84457e-16 7.30911e-18 
1.59504 3.85641e-16 7.33497e-18 
1.59614 3.86502e-16 7.34559e-18 
1.59724 3.87347e-16 7.35797e-18 
1.59835 3.87817e-16 7.36580e-18 
1.59945 3.88193e-16 7.37084e-18 
1.60055 3.88672e-16 7.38018e-18 
1.60165 3.88551e-16 7.38418e-18 
1.60276 3.88441e-16 7.38226e-18 
1.60386 3.88514e-16 7.38659e-18 
1.60496 3.88356e-16 7.38946e-18 
1.60606 3.88250e-16 7.39424e-18 
1.60717 3.88157e-16 7.39988e-18 
1.60827 3.88216e-16 7.40951e-18 
1.60937 3.88853e-16 7.43599e-18 
1.61047 3.89980e-16 7.48745e-18 
1.61158 3.91007e-16 7.54008e-18 
1.61268 3.92023e-16 7.59550e-18 
1.61378 3.93194e-16 7.64783e-18 
1.61488 3.93733e-16 7.69714e-18 
1.61599 3.93824e-16 7.74118e-18 
1.61709 3.94485e-16 7.79613e-18 
1.61819 3.95297e-16 7.85302e-18 
1.61929 3.94181e-16 7.86903e-18 
1.62040 3.92702e-16 7.87793e-18 
1.62150 3.91619e-16 7.88086e-18 
1.62260 3.90084e-16 7.88364e-18 
1.62370 3.90252e-16 7.91066e-18 
1.62481 3.90765e-16 7.94487e-18 
1.62591 3.91392e-16 7.97726e-18 
1.62701 3.92083e-16 8.01479e-18 
1.62811 3.92341e-16 8.04746e-18 
1.62922 3.92753e-16 8.08702e-18 
1.63032 3.93257e-16 8.13140e-18 
1.63142 3.93482e-16 8.16646e-18 
1.63252 3.93971e-16 8.19716e-18 
1.63363 3.94784e-16 8.20346e-18 
1.63473 3.95735e-16 8.21231e-18 
1.63583 3.96254e-16 8.21349e-18 
1.63693 3.97180e-16 8.21989e-18 
1.63804 3.97853e-16 8.20756e-18 
1.63914 3.98813e-16 8.20390e-18 
1.64024 3.99288e-16 8.18926e-18 
1.64135 4.00265e-16 8.18465e-18 
1.64245 4.00621e-16 8.37198e-18 
1.64355 4.01077e-16 8.59060e-18 
1.64465 4.01439e-16 8.80822e-18 
1.64576 4.01802e-16 9.02789e-18 
1.64686 4.02238e-16 9.13212e-18 
1.64796 4.02169e-16 9.16460e-18 
1.64906 4.02636e-16 9.20621e-18 
1.65017 4.03599e-16 9.25956e-18 
