1.10000 4.35340e-16 9.17234e-18 
1.10110 4.34596e-16 9.31298e-18 
1.10221 4.33874e-16 9.45975e-18 
1.10331 4.33746e-16 9.60847e-18 
1.10441 4.32352e-16 9.49580e-18 
1.10551 4.30489e-16 9.33159e-18 
1.10662 4.29243e-16 9.16687e-18 
1.10772 4.27431e-16 8.98690e-18 
1.10882 4.24943e-16 8.87578e-18 
1.10992 4.22455e-16 8.82309e-18 
1.11103 4.19394e-16 8.76369e-18 
1.11213 4.16071e-16 8.69930e-18 
1.11323 4.13418e-16 8.62560e-18 
1.11433 4.12375e-16 8.53626e-18 
1.11544 4.11683e-16 8.46937e-18 
1.11654 4.09627e-16 8.39114e-18 
1.11764 4.08786e-16 8.32985e-18 
1.11874 4.09995e-16 8.33378e-18 
1.11985 4.09972e-16 8.33946e-18 
1.12095 4.10096e-16 8.32985e-18 
1.12205 4.09919e-16 8.32189e-18 
1.12315 4.12679e-16 8.37181e-18 
1.12426 4.15489e-16 8.41964e-18 
1.12536 4.17987e-16 8.47076e-18 
1.12646 4.20931e-16 8.52121e-18 
1.12756 4.21860e-16 8.51838e-18 
1.12867 4.21482e-16 8.50953e-18 
1.12977 4.21582e-16 8.49613e-18 
1.13087 4.21071e-16 8.47154e-18 
1.13197 4.18119e-16 8.40234e-18 
1.13308 4.12084e-16 8.29715e-18 
1.13418 4.06655e-16 8.19355e-18 
1.13528 4.00741e-16 8.07894e-18 
1.13638 3.96223e-16 7.98707e-18 
1.13749 3.95169e-16 7.97070e-18 
1.13859 3.94180e-16 7.94879e-18 
1.13969 3.93041e-16 7.92120e-18 
1.14079 3.91934e-16 7.89960e-18 
1.14190 3.96660e-16 7.97658e-18 
1.14300 4.01021e-16 8.05006e-18 
1.14410 4.05498e-16 8.13561e-18 
1.14520 4.10259e-16 8.22050e-18 
1.14631 4.16103e-16 8.32138e-18 
1.14741 4.23055e-16 8.43338e-18 
1.14851 4.28537e-16 8.53045e-18 
1.14961 4.34182e-16 8.63808e-18 
1.15072 4.37084e-16 8.68096e-18 
1.15182 4.38425e-16 8.68749e-18 
1.15292 4.39695e-16 8.70366e-18 
1.15402 4.41093e-16 8.71878e-18 
1.15513 4.41527e-16 8.72429e-18 
1.15623 4.41186e-16 8.72744e-18 
1.15733 4.40674e-16 8.72604e-18 
1.15843 4.40499e-16 8.73303e-18 
1.15954 4.39584e-16 8.72360e-18 
1.16064 4.37812e-16 8.69494e-18 
1.16174 4.36240e-16 8.66732e-18 
1.16284 4.34808e-16 8.64172e-18 
1.16395 4.33163e-16 8.61388e-18 
1.16505 4.29280e-16 8.54070e-18 
1.16615 4.25694e-16 8.47148e-18 
1.16725 4.22116e-16 8.40517e-18 
1.16836 4.18538e-16 8.34062e-18 
1.16946 4.15529e-16 8.28715e-18 
1.17056 4.12750e-16 8.23938e-18 
1.17166 4.09408e-16 8.17782e-18 
1.17277 4.05908e-16 8.11958e-18 
1.17387 4.05215e-16 8.12601e-18 
1.17497 4.05585e-16 8.16571e-18 
1.17607 4.05795e-16 8.20112e-18 
1.17718 4.05157e-16 8.23234e-18 
1.17828 4.07698e-16 8.26538e-18 
1.17938 4.14006e-16 8.32229e-18 
1.18049 4.20357e-16 8.38187e-18 
1.18159 4.26945e-16 8.45024e-18 
1.18269 4.33853e-16 8.52153e-18 
1.18379 4.41025e-16 8.65303e-18 
1.18490 4.48617e-16 8.78246e-18 
1.18600 4.55720e-16 8.90471e-18 
1.18710 4.62977e-16 9.03790e-18 
1.18820 4.65454e-16 9.07058e-18 
1.18931 4.67355e-16 9.10483e-18 
1.19041 4.69217e-16 9.13908e-18 
1.19151 4.71853e-16 9.18210e-18 
1.19261 4.71335e-16 9.16704e-18 
1.19372 4.70644e-16 9.14485e-18 
1.19482 4.69491e-16 9.12146e-18 
1.19592 4.67989e-16 9.09202e-18 
1.19702 4.66225e-16 9.05926e-18 
1.19813 4.64639e-16 9.02842e-18 
1.19923 4.63189e-16 8.99365e-18 
1.20033 4.61296e-16 8.95496e-18 
1.20143 4.60965e-16 8.94568e-18 
1.20254 4.64012e-16 8.99713e-18 
1.20364 4.67292e-16 9.05225e-18 
1.20474 4.70277e-16 9.10374e-18 
1.20584 4.72718e-16 9.14651e-18 
1.20695 4.76747e-16 9.21215e-18 
1.20805 4.79975e-16 9.27034e-18 
1.20915 4.83617e-16 9.33368e-18 
1.21025 4.87733e-16 9.40375e-18 
1.21136 4.90518e-16 9.45785e-18 
1.21246 4.93733e-16 9.51144e-18 
1.21356 4.96815e-16 9.56394e-18 
1.21466 5.00065e-16 9.62495e-18 
1.21577 5.03572e-16 9.68602e-18 
1.21687 5.07161e-16 9.74741e-18 
1.21797 5.10945e-16 9.81001e-18 
1.21907 5.14179e-16 9.86985e-18 
1.22018 5.17277e-16 9.91669e-18 
1.22128 5.20036e-16 9.94792e-18 
1.22238 5.23350e-16 9.98827e-18 
1.22348 5.26146e-16 1.00178e-17 
1.22459 5.28875e-16 1.00620e-17 
1.22569 5.31654e-16 1.01289e-17 
1.22679 5.34563e-16 1.01977e-17 
1.22789 5.37347e-16 1.02643e-17 
1.22900 5.39903e-16 1.03244e-17 
1.23010 5.40113e-16 1.03260e-17 
1.23120 5.40012e-16 1.03217e-17 
1.23230 5.39990e-16 1.03247e-17 
1.23341 5.39490e-16 1.03150e-17 
1.23451 5.37638e-16 1.02769e-17 
1.23561 5.35949e-16 1.02404e-17 
1.23671 5.33377e-16 1.01905e-17 
1.23782 5.31146e-16 1.01506e-17 
1.23892 5.27811e-16 1.00955e-17 
1.24002 5.24130e-16 1.00210e-17 
1.24112 5.20687e-16 9.94920e-18 
1.24223 5.16640e-16 9.87687e-18 
1.24333 5.15106e-16 9.84882e-18 
1.24443 5.15755e-16 9.86205e-18 
1.24553 5.16617e-16 9.87820e-18 
1.24664 5.18265e-16 9.90101e-18 
1.24774 5.19490e-16 9.92107e-18 
1.24884 5.20169e-16 9.93725e-18 
1.24994 5.20505e-16 9.94992e-18 
1.25105 5.21926e-16 9.96628e-18 
1.25215 5.22973e-16 9.98095e-18 
1.25325 5.28006e-16 1.00748e-17 
1.25436 5.33699e-16 1.01775e-17 
1.25546 5.39035e-16 1.02718e-17 
1.25656 5.44371e-16 1.03680e-17 
1.25766 5.50361e-16 1.04760e-17 
1.25877 5.56542e-16 1.05911e-17 
1.25987 5.62989e-16 1.07063e-17 
1.26097 5.69349e-16 1.08214e-17 
1.26207 5.73283e-16 1.08930e-17 
1.26318 5.75141e-16 1.09293e-17 
1.26428 5.76895e-16 1.09592e-17 
1.26538 5.79363e-16 1.09991e-17 
1.26648 5.82040e-16 1.10498e-17 
1.26759 5.83445e-16 1.10681e-17 
1.26869 5.85330e-16 1.11019e-17 
1.26979 5.87759e-16 1.11451e-17 
1.27089 5.89608e-16 1.11725e-17 
1.27200 5.89529e-16 1.11672e-17 
1.27310 5.90103e-16 1.11747e-17 
1.27420 5.90542e-16 1.11733e-17 
1.27530 5.91024e-16 1.11782e-17 
1.27641 5.89838e-16 1.11432e-17 
1.27751 5.88665e-16 1.10970e-17 
1.27861 5.87417e-16 1.10582e-17 
1.27971 5.86264e-16 1.10151e-17 
1.28082 5.86221e-16 1.10203e-17 
1.28192 5.86551e-16 1.10271e-17 
1.28302 5.86825e-16 1.10367e-17 
1.28412 5.87346e-16 1.10545e-17 
1.28523 5.87881e-16 1.10676e-17 
1.28633 5.88536e-16 1.10782e-17 
1.28743 5.89212e-16 1.10929e-17 
1.28853 5.90011e-16 1.11134e-17 
1.28964 5.90429e-16 1.11256e-17 
1.29074 5.91216e-16 1.11424e-17 
1.29184 5.91746e-16 1.11626e-17 
1.29294 5.92379e-16 1.11817e-17 
1.29405 5.92460e-16 1.11963e-17 
1.29515 5.92434e-16 1.11809e-17 
1.29625 5.92133e-16 1.11731e-17 
1.29735 5.91397e-16 1.11624e-17 
1.29846 5.91261e-16 1.11518e-17 
1.29956 5.90119e-16 1.11330e-17 
1.30066 5.88745e-16 1.11145e-17 
1.30176 5.87346e-16 1.10806e-17 
1.30287 5.85707e-16 1.10465e-17 
1.30397 5.84349e-16 1.10219e-17 
1.30507 5.83093e-16 1.09998e-17 
1.30617 5.81985e-16 1.09786e-17 
1.30728 5.80620e-16 1.09529e-17 
1.30838 5.79945e-16 1.09464e-17 
1.30948 5.80306e-16 1.09553e-17 
1.31058 5.80741e-16 1.09689e-17 
1.31169 5.80939e-16 1.09827e-17 
1.31279 5.80901e-16 1.09908e-17 
1.31389 5.80566e-16 1.09989e-17 
1.31499 5.79515e-16 1.09934e-17 
1.31610 5.79394e-16 1.10136e-17 
1.31720 5.78616e-16 1.10192e-17 
1.31830 5.75145e-16 1.09913e-17 
1.31940 5.71471e-16 1.09614e-17 
1.32051 5.68143e-16 1.09228e-17 
1.32161 5.64079e-16 1.08822e-17 
1.32271 5.56567e-16 1.07604e-17 
1.32381 5.47834e-16 1.06114e-17 
1.32492 5.39157e-16 1.04643e-17 
1.32602 5.30848e-16 1.03171e-17 
1.32712 5.17122e-16 1.00900e-17 
1.32822 4.99958e-16 9.80234e-18 
1.32933 4.83271e-16 9.51305e-18 
1.33043 4.66604e-16 9.22987e-18 
1.33153 4.47481e-16 8.90353e-18 
1.33264 4.25068e-16 8.51501e-18 
1.33374 4.02939e-16 8.13015e-18 
1.33484 3.80232e-16 7.73815e-18 
1.33594 3.58957e-16 7.37412e-18 
1.33705 3.42925e-16 7.11194e-18 
1.33815 3.26891e-16 6.85123e-18 
1.33925 3.10995e-16 6.59204e-18 
1.34035 2.94942e-16 6.32887e-18 
1.34146 2.85685e-16 6.33192e-18 
1.34256 2.76896e-16 6.34599e-18 
1.34366 2.68142e-16 6.36719e-18 
1.34476 2.59369e-16 6.38623e-18 
1.34587 2.53149e-16 6.22648e-18 
1.34697 2.47183e-16 5.99405e-18 
1.34807 2.40944e-16 5.76140e-18 
1.34917 2.35106e-16 5.53716e-18 
1.35028 2.30080e-16 5.35099e-18 
1.35138 2.25723e-16 5.21124e-18 
1.35248 2.21348e-16 5.07620e-18 
1.35358 2.16906e-16 4.93063e-18 
1.35469 2.13707e-16 4.81977e-18 
1.35579 2.13593e-16 4.77658e-18 
1.35689 2.13977e-16 4.73866e-18 
1.35799 2.13908e-16 4.69798e-18 
1.35910 2.14001e-16 4.65856e-18 
1.36020 2.17007e-16 4.69719e-18 
1.36130 2.19749e-16 4.73215e-18 
1.36240 2.22641e-16 4.76417e-18 
1.36351 2.25925e-16 4.80563e-18 
1.36461 2.28284e-16 4.80790e-18 
1.36571 2.30211e-16 4.79152e-18 
1.36681 2.32220e-16 4.78782e-18 
1.36792 2.34549e-16 4.78316e-18 
1.36902 2.36032e-16 4.77384e-18 
1.37012 2.37252e-16 4.77002e-18 
1.37122 2.38321e-16 4.76130e-18 
1.37233 2.39498e-16 4.75313e-18 
1.37343 2.41079e-16 4.77846e-18 
1.37453 2.43471e-16 4.84016e-18 
1.37563 2.45953e-16 4.89854e-18 
1.37674 2.47932e-16 4.95522e-18 
1.37784 2.49915e-16 5.00871e-18 
1.37894 2.50236e-16 5.02670e-18 
1.38004 2.50884e-16 5.04964e-18 
1.38115 2.51383e-16 5.07551e-18 
1.38225 2.51580e-16 5.09300e-18 
1.38335 2.51116e-16 5.07934e-18 
1.38445 2.50366e-16 5.06663e-18 
1.38556 2.49853e-16 5.05688e-18 
1.38666 2.49439e-16 5.05025e-18 
1.38776 2.47951e-16 5.00679e-18 
1.38886 2.46228e-16 4.95527e-18 
1.38997 2.44310e-16 4.90051e-18 
1.39107 2.42359e-16 4.84925e-18 
1.39217 2.40681e-16 4.80884e-18 
1.39327 2.38930e-16 4.77894e-18 
1.39438 2.37233e-16 4.75078e-18 
1.39548 2.35532e-16 4.72298e-18 
1.39658 2.34234e-16 4.70379e-18 
1.39768 2.33901e-16 4.69737e-18 
1.39879 2.33554e-16 4.68943e-18 
1.39989 2.32977e-16 4.68148e-18 
1.40099 2.32332e-16 4.67584e-18 
1.40209 2.32306e-16 4.69177e-18 
1.40320 2.32185e-16 4.70126e-18 
1.40430 2.32423e-16 4.71431e-18 
1.40540 2.32166e-16 4.72955e-18 
1.40650 2.30287e-16 4.68886e-18 
1.40761 2.28505e-16 4.64224e-18 
1.40871 2.26223e-16 4.59435e-18 
1.40981 2.24352e-16 4.54967e-18 
1.41092 2.23356e-16 4.51774e-18 
1.41202 2.22453e-16 4.48917e-18 
1.41312 2.21777e-16 4.46370e-18 
1.41422 2.21233e-16 4.43111e-18 
1.41533 2.20423e-16 4.41524e-18 
1.41643 2.20287e-16 4.41054e-18 
1.41753 2.19589e-16 4.39476e-18 
1.41863 2.19363e-16 4.39306e-18 
1.41974 2.19208e-16 4.38623e-18 
1.42084 2.18718e-16 4.37750e-18 
1.42194 2.18266e-16 4.37147e-18 
1.42304 2.17554e-16 4.35603e-18 
1.42415 2.17511e-16 4.35094e-18 
1.42525 2.18507e-16 4.37196e-18 
1.42635 2.19312e-16 4.38446e-18 
1.42745 2.19979e-16 4.39391e-18 
1.42856 2.20672e-16 4.40661e-18 
1.42966 2.22106e-16 4.44711e-18 
1.43076 2.23732e-16 4.49198e-18 
1.43186 2.25510e-16 4.53405e-18 
1.43297 2.27202e-16 4.57769e-18 
1.43407 2.28936e-16 4.61210e-18 
1.43517 2.30795e-16 4.63184e-18 
1.43627 2.32628e-16 4.65645e-18 
1.43738 2.34534e-16 4.68267e-18 
1.43848 2.36480e-16 4.70797e-18 
1.43958 2.38480e-16 4.73122e-18 
1.44068 2.40300e-16 4.75178e-18 
1.44179 2.42420e-16 4.77556e-18 
1.44289 2.44804e-16 4.80609e-18 
1.44399 2.47485e-16 4.85780e-18 
1.44509 2.50220e-16 4.90592e-18 
1.44620 2.52698e-16 4.95404e-18 
1.44730 2.55614e-16 5.00747e-18 
1.44840 2.59898e-16 5.08214e-18 
1.44950 2.64281e-16 5.15887e-18 
1.45061 2.68726e-16 5.23889e-18 
1.45171 2.73141e-16 5.31628e-18 
1.45281 2.76815e-16 5.38169e-18 
1.45391 2.80326e-16 5.44526e-18 
1.45502 2.83927e-16 5.50704e-18 
1.45612 2.87626e-16 5.58094e-18 
1.45722 2.90273e-16 5.63106e-18 
1.45832 2.91932e-16 5.67076e-18 
1.45943 2.93389e-16 5.70616e-18 
1.46053 2.94851e-16 5.73883e-18 
1.46163 2.95897e-16 5.76769e-18 
1.46273 2.96974e-16 5.78933e-18 
1.46384 2.98185e-16 5.81450e-18 
1.46494 2.99400e-16 5.84066e-18 
1.46604 3.00539e-16 5.86088e-18 
1.46714 3.01957e-16 5.89030e-18 
1.46825 3.03048e-16 5.91408e-18 
1.46935 3.04005e-16 5.93515e-18 
1.47045 3.05208e-16 5.96386e-18 
1.47155 3.06715e-16 5.97415e-18 
1.47266 3.08410e-16 5.98262e-18 
1.47376 3.10088e-16 5.99770e-18 
1.47486 3.11365e-16 6.00225e-18 
1.47596 3.13407e-16 6.03942e-18 
1.47707 3.15448e-16 6.08666e-18 
1.47817 3.17028e-16 6.12774e-18 
1.47927 3.19299e-16 6.17931e-18 
1.48037 3.21568e-16 6.22273e-18 
1.48148 3.24428e-16 6.26861e-18 
1.48258 3.26984e-16 6.32033e-18 
1.48368 3.30093e-16 6.36450e-18 
1.48479 3.32111e-16 6.39754e-18 
1.48589 3.33799e-16 6.41850e-18 
1.48699 3.35245e-16 6.43893e-18 
1.48809 3.36569e-16 6.45777e-18 
1.48920 3.38186e-16 6.47941e-18 
1.49030 3.39663e-16 6.50412e-18 
1.49140 3.41180e-16 6.52864e-18 
1.49250 3.42702e-16 6.54843e-18 
1.49361 3.44646e-16 6.57847e-18 
1.49471 3.46524e-16 6.59138e-18 
1.49581 3.48735e-16 6.61642e-18 
1.49691 3.51260e-16 6.64493e-18 
1.49802 3.53160e-16 6.66177e-18 
1.49912 3.55633e-16 6.71465e-18 
1.50022 3.58465e-16 6.78749e-18 
1.50132 3.61186e-16 6.85004e-18 
1.50243 3.63487e-16 6.91034e-18 
1.50353 3.66332e-16 6.97541e-18 
1.50463 3.69886e-16 7.02883e-18 
1.50573 3.73213e-16 7.08071e-18 
1.50684 3.76201e-16 7.13342e-18 
1.50794 3.79183e-16 7.20213e-18 
1.50904 3.82011e-16 7.30468e-18 
1.51014 3.84561e-16 7.41416e-18 
1.51125 3.87257e-16 7.51774e-18 
1.51235 3.90155e-16 7.62272e-18 
1.51345 3.92084e-16 7.64619e-18 
1.51455 3.94041e-16 7.67484e-18 
1.51566 3.96163e-16 7.69991e-18 
1.51676 3.97908e-16 7.72228e-18 
1.51786 4.01212e-16 7.84281e-18 
1.51896 4.04809e-16 7.97589e-18 
1.52007 4.08423e-16 8.10783e-18 
1.52117 4.12338e-16 8.24817e-18 
1.52227 4.15126e-16 8.43172e-18 
1.52337 4.17412e-16 8.64325e-18 
1.52448 4.19529e-16 8.85029e-18 
1.52558 4.21706e-16 9.05828e-18 
1.52668 4.24468e-16 9.30164e-18 
1.52778 4.27183e-16 9.57251e-18 
1.52889 4.30011e-16 9.85186e-18 
1.52999 4.32874e-16 1.01284e-17 
1.53109 4.35437e-16 1.03982e-17 
1.53219 4.37981e-16 1.06637e-17 
1.53330 4.40303e-16 1.09280e-17 
1.53440 4.42729e-16 1.11950e-17 
1.53550 4.45027e-16 1.14522e-17 
1.53660 4.46761e-16 1.16436e-17 
1.53771 4.48832e-16 1.18398e-17 
1.53881 4.50811e-16 1.20346e-17 
1.53991 4.52951e-16 1.22295e-17 
1.54101 4.54935e-16 1.23507e-17 
1.54212 4.57382e-16 1.24678e-17 
1.54322 4.59693e-16 1.25815e-17 
1.54432 4.61910e-16 1.26885e-17 
1.54542 4.64159e-16 1.27375e-17 
1.54653 4.65769e-16 1.27331e-17 
1.54763 4.67344e-16 1.27283e-17 
1.54873 4.69035e-16 1.27240e-17 
1.54983 4.71199e-16 1.26931e-17 
1.55094 4.73263e-16 1.26029e-17 
1.55204 4.75348e-16 1.25072e-17 
1.55314 4.77382e-16 1.24128e-17 
1.55424 4.79301e-16 1.22967e-17 
1.55535 4.80847e-16 1.20996e-17 
1.55645 4.82828e-16 1.19205e-17 
1.55755 4.84853e-16 1.17324e-17 
1.55865 4.86943e-16 1.15482e-17 
1.55976 4.89147e-16 1.13314e-17 
1.56086 4.91268e-16 1.11121e-17 
1.56196 4.93677e-16 1.08917e-17 
1.56307 4.95726e-16 1.06697e-17 
1.56417 4.98293e-16 1.04881e-17 
1.56527 5.01170e-16 1.03258e-17 
1.56637 5.03914e-16 1.01621e-17 
1.56748 5.06714e-16 9.99858e-18 
1.56858 5.08766e-16 9.88452e-18 
1.56968 5.09954e-16 9.81579e-18 
1.57078 5.11235e-16 9.75083e-18 
1.57189 5.12333e-16 9.68268e-18 
1.57299 5.13288e-16 9.62132e-18 
1.57409 5.13200e-16 9.56874e-18 
1.57519 5.13431e-16 9.51786e-18 
1.57630 5.13280e-16 9.46818e-18 
1.57740 5.13348e-16 9.42115e-18 
1.57850 5.13104e-16 9.41649e-18 
1.57960 5.12232e-16 9.39837e-18 
1.58071 5.11766e-16 9.39371e-18 
1.58181 5.11815e-16 9.39002e-18 
1.58291 5.12225e-16 9.43352e-18 
1.58401 5.12771e-16 9.48532e-18 
1.58512 5.13563e-16 9.54217e-18 
1.58622 5.14593e-16 9.60266e-18 
1.58732 5.15313e-16 9.62528e-18 
1.58842 5.15493e-16 9.62614e-18 
1.58953 5.15850e-16 9.62795e-18 
1.59063 5.16594e-16 9.63504e-18 
1.59173 5.17652e-16 9.65572e-18 
1.59283 5.18649e-16 9.68534e-18 
1.59394 5.19903e-16 9.71951e-18 
1.59504 5.21216e-16 9.75321e-18 
1.59614 5.22487e-16 9.78166e-18 
1.59724 5.23585e-16 9.79191e-18 
1.59835 5.24966e-16 9.81088e-18 
1.59945 5.26237e-16 9.82828e-18 
1.60055 5.27140e-16 9.84322e-18 
1.60165 5.26762e-16 9.83878e-18 
1.60276 5.26154e-16 9.83290e-18 
1.60386 5.25536e-16 9.82889e-18 
1.60496 5.24683e-16 9.82193e-18 
1.60606 5.23762e-16 9.81189e-18 
1.60717 5.22810e-16 9.80353e-18 
1.60827 5.22283e-16 9.80554e-18 
1.60937 5.21035e-16 9.79367e-18 
1.61047 5.20360e-16 9.82058e-18 
1.61158 5.19834e-16 9.85717e-18 
1.61268 5.19307e-16 9.89541e-18 
1.61378 5.18550e-16 9.92747e-18 
1.61488 5.18141e-16 9.97384e-18 
1.61599 5.18398e-16 1.00367e-17 
1.61709 5.18482e-16 1.00951e-17 
1.61819 5.18875e-16 1.01572e-17 
1.61929 5.18422e-16 1.02103e-17 
1.62040 5.18228e-16 1.02409e-17 
1.62150 5.17788e-16 1.02749e-17 
1.62260 5.17848e-16 1.03125e-17 
1.62370 5.17678e-16 1.03502e-17 
1.62481 5.17621e-16 1.03796e-17 
1.62591 5.17124e-16 1.03985e-17 
1.62701 5.17077e-16 1.04250e-17 
1.62811 5.16886e-16 1.04520e-17 
1.62922 5.17324e-16 1.05015e-17 
1.63032 5.18235e-16 1.05632e-17 
1.63142 5.19672e-16 1.06393e-17 
1.63252 5.20427e-16 1.07001e-17 
1.63363 5.21303e-16 1.07228e-17 
1.63473 5.22033e-16 1.07143e-17 
1.63583 5.23628e-16 1.07142e-17 
1.63693 5.25008e-16 1.07182e-17 
1.63804 5.26298e-16 1.07185e-17 
1.63914 5.27399e-16 1.07056e-17 
1.64024 5.28383e-16 1.06895e-17 
1.64135 5.29354e-16 1.06819e-17 
1.64245 5.30474e-16 1.07028e-17 
1.64355 5.31145e-16 1.10658e-17 
1.64465 5.31817e-16 1.14331e-17 
1.64576 5.32110e-16 1.17941e-17 
1.64686 5.32643e-16 1.21508e-17 
1.64796 5.32540e-16 1.21617e-17 
1.64906 5.32504e-16 1.21315e-17 
1.65017 5.32826e-16 1.21132e-17 
