1.10000 1.18166e-16 1.82151e-19 
1.10430 1.11104e-16 2.00179e-19 
1.10861 1.04359e-16 1.63633e-19 
1.11291 9.64792e-17 1.54236e-19 
1.11722 8.95275e-17 1.80040e-19 
1.12152 8.92886e-17 1.54599e-19 
1.12583 9.26856e-17 1.13691e-19 
1.13013 9.27894e-17 9.24639e-20 
1.13444 8.55167e-17 8.86945e-20 
1.13874 8.50854e-17 7.65668e-20 
1.14305 8.79882e-17 8.36597e-20 
1.14735 9.03076e-17 1.13224e-19 
1.15166 9.10303e-17 1.11306e-19 
1.15596 8.74051e-17 1.26792e-19 
1.16026 9.25737e-17 1.07303e-19 
1.16457 9.58865e-17 1.17786e-19 
1.16887 9.45020e-17 8.69141e-20 
1.17318 9.75295e-17 1.46386e-19 
1.17748 9.92627e-17 1.03116e-19 
1.18179 1.08676e-16 7.54958e-20 
1.18609 1.16704e-16 1.06511e-19 
1.19040 1.25519e-16 1.15790e-19 
1.19470 1.34398e-16 1.18192e-19 
1.19901 1.43393e-16 7.71055e-20 
1.20331 1.51969e-16 1.12717e-19 
1.20762 1.59129e-16 1.57547e-19 
1.21192 1.65804e-16 1.34690e-19 
1.21623 1.73801e-16 1.03899e-19 
1.22053 1.82393e-16 1.60468e-19 
1.22483 1.86796e-16 1.47292e-19 
1.22914 1.91495e-16 2.05211e-19 
1.23344 2.01006e-16 1.59322e-19 
1.23775 2.03041e-16 1.63504e-19 
1.24205 2.03598e-16 1.44710e-19 
1.24636 2.08772e-16 1.17398e-19 
1.25066 2.10411e-16 9.58152e-20 
1.25497 2.14027e-16 1.02652e-19 
1.25927 2.22405e-16 1.31073e-19 
1.26358 2.27698e-16 1.64616e-19 
1.26788 2.29614e-16 1.79320e-19 
1.27219 2.29342e-16 1.72291e-19 
1.27649 2.27397e-16 1.16524e-19 
1.28079 2.25579e-16 1.17203e-19 
1.28510 2.23321e-16 1.27477e-19 
1.28940 2.21226e-16 1.23383e-19 
1.29371 2.19623e-16 1.24301e-19 
1.29801 2.16869e-16 1.43022e-19 
1.30232 2.13112e-16 9.80660e-20 
1.30662 2.09581e-16 9.01842e-20 
1.31093 2.05637e-16 1.02186e-19 
1.31523 2.00340e-16 1.01892e-19 
1.31954 1.91167e-16 1.30719e-19 
1.32384 1.75732e-16 1.09454e-19 
1.32815 1.50133e-16 1.02865e-19 
1.33245 1.14861e-16 1.13573e-19 
1.33676 8.06408e-17 1.10952e-19 
1.34106 6.11711e-17 1.02325e-19 
1.34536 5.04249e-17 8.29531e-20 
1.34967 4.24841e-17 4.38542e-20 
1.35397 3.82181e-17 7.54391e-20 
1.35828 3.61876e-17 6.98661e-20 
1.36258 3.61662e-17 6.44680e-20 
1.36689 3.76231e-17 6.77766e-20 
1.37119 3.90334e-17 7.01409e-20 
1.37550 4.04876e-17 7.36404e-20 
1.37980 4.17833e-17 7.36408e-20 
1.38411 4.23002e-17 7.77980e-20 
1.38841 4.20380e-17 8.36066e-20 
1.39272 4.18311e-17 6.43597e-20 
1.39702 4.15831e-17 5.83357e-20 
1.40132 3.98059e-17 6.50300e-20 
1.40563 4.00008e-17 7.16830e-20 
1.40993 3.92153e-17 8.69858e-20 
1.41424 3.87598e-17 5.27679e-20 
1.41854 3.80307e-17 5.74415e-20 
1.42285 3.82570e-17 5.79519e-20 
1.42715 3.97526e-17 6.45970e-20 
1.43146 4.18092e-17 6.83631e-20 
1.43576 4.36694e-17 6.62554e-20 
1.44007 4.47985e-17 7.83136e-20 
1.44437 4.69886e-17 6.70156e-20 
1.44868 5.26440e-17 5.64094e-20 
1.45298 5.91879e-17 7.90515e-20 
1.45728 6.30789e-17 6.00189e-20 
1.46159 6.43770e-17 7.20191e-20 
1.46589 6.66275e-17 1.04847e-19 
1.47020 6.63573e-17 8.43999e-20 
1.47450 6.96718e-17 1.09960e-19 
1.47881 7.30843e-17 6.67396e-20 
1.48311 7.64707e-17 9.34642e-20 
1.48742 8.03830e-17 9.10815e-20 
1.49172 8.29694e-17 7.86511e-20 
1.49603 8.66616e-17 7.84120e-20 
1.50033 9.12196e-17 7.51289e-20 
1.50464 9.50900e-17 7.02267e-20 
1.50894 9.99737e-17 9.01158e-20 
1.51325 1.04555e-16 7.66276e-20 
1.51755 1.09706e-16 1.00444e-19 
1.52185 1.15852e-16 1.30180e-19 
1.52616 1.20177e-16 1.25880e-19 
1.53046 1.25962e-16 7.69307e-20 
1.53477 1.32515e-16 7.70628e-20 
1.53907 1.39000e-16 8.92987e-20 
1.54338 1.46419e-16 7.31504e-20 
1.54768 1.51987e-16 8.72702e-20 
1.55199 1.55918e-16 9.16838e-20 
1.55629 1.58027e-16 8.02456e-20 
1.56060 1.61064e-16 7.81840e-20 
1.56490 1.68137e-16 8.25712e-20 
1.56921 1.75430e-16 1.27746e-19 
1.57351 1.80382e-16 9.04552e-20 
1.57781 1.84658e-16 8.93767e-20 
1.58212 1.88489e-16 9.56136e-20 
1.58642 1.93531e-16 1.40893e-19 
1.59073 1.97480e-16 1.27893e-19 
1.59503 1.99498e-16 1.08493e-19 
1.59934 2.00801e-16 1.13930e-19 
1.60364 1.97953e-16 9.95969e-20 
1.60795 1.95554e-16 8.33093e-20 
1.61225 1.92587e-16 9.63477e-20 
1.61656 1.88459e-16 1.17369e-19 
1.62086 1.86976e-16 1.11835e-19 
1.62517 1.85997e-16 1.08462e-19 
1.62947 1.84681e-16 8.39634e-20 
1.63377 1.84969e-16 1.03714e-19 
1.63808 1.87578e-16 1.29813e-19 
1.64238 1.88344e-16 9.24368e-20 
1.64669 1.90319e-16 1.42052e-19 
1.65099 1.91770e-16 1.50155e-19 
1.65530 1.94058e-16 9.88061e-20 
1.65960 1.95162e-16 1.16096e-19 
1.66391 1.88456e-16 9.44932e-20 
1.66821 1.77302e-16 6.46191e-20 
1.67252 1.71730e-16 1.13472e-19 
1.67682 1.70807e-16 1.66165e-19 
1.68113 1.69404e-16 1.94718e-19 
1.68543 1.68719e-16 2.26743e-19 
1.68974 1.67368e-16 2.91654e-19 
1.69404 1.56712e-16 3.39915e-19 
1.69834 1.51093e-16 3.92557e-19 
1.70265 1.45469e-16 4.74347e-19 
1.70695 1.42972e-16 5.95321e-19 
1.71126 1.38304e-16 4.78368e-19 
1.71556 1.33215e-16 6.57882e-19 
1.71987 1.38829e-16 7.78928e-19 
1.72417 1.45931e-16 1.19059e-18 
1.72848 1.38031e-16 1.79960e-18 
1.73278 1.35488e-16 1.78926e-18 
1.73709 1.29810e-16 1.82502e-18 
1.74139 1.23141e-16 2.08575e-18 
1.74570 1.47142e-16 2.18697e-18 
