1.10000 6.33733e-16 6.43357e-19 
1.10430 6.37682e-16 6.30094e-19 
1.10861 6.34518e-16 5.05582e-19 
1.11291 6.17624e-16 5.17263e-19 
1.11722 6.10735e-16 5.70903e-19 
1.12152 6.11636e-16 5.03646e-19 
1.12583 6.23813e-16 4.45760e-19 
1.13013 6.29289e-16 4.11429e-19 
1.13444 6.01811e-16 3.48712e-19 
1.13874 5.78377e-16 3.54779e-19 
1.14305 5.90232e-16 3.40129e-19 
1.14735 6.31295e-16 3.91912e-19 
1.15166 6.58097e-16 4.96765e-19 
1.15596 6.55765e-16 3.94248e-19 
1.16026 6.52729e-16 4.11141e-19 
1.16457 6.42371e-16 5.21714e-19 
1.16887 6.09493e-16 3.94607e-19 
1.17318 6.03097e-16 4.40970e-19 
1.17748 5.95369e-16 3.41690e-19 
1.18179 6.21904e-16 4.72176e-19 
1.18609 6.65710e-16 4.64523e-19 
1.19040 6.88429e-16 4.21452e-19 
1.19470 6.86452e-16 4.77685e-19 
1.19901 6.66066e-16 4.50771e-19 
1.20331 6.64896e-16 3.87685e-19 
1.20762 6.89370e-16 3.84851e-19 
1.21192 7.15531e-16 3.94751e-19 
1.21623 7.30690e-16 4.05889e-19 
1.22053 7.56710e-16 4.65688e-19 
1.22483 7.69075e-16 4.69548e-19 
1.22914 7.82721e-16 4.91265e-19 
1.23344 7.73619e-16 5.46555e-19 
1.23775 7.63909e-16 4.47753e-19 
1.24205 7.42602e-16 4.99003e-19 
1.24636 7.37987e-16 3.80885e-19 
1.25066 7.39350e-16 3.76858e-19 
1.25497 7.67989e-16 4.75526e-19 
1.25927 8.12661e-16 5.01342e-19 
1.26358 8.42184e-16 4.12967e-19 
1.26788 8.54467e-16 3.41801e-19 
1.27219 8.62129e-16 3.81404e-19 
1.27649 8.67342e-16 4.02132e-19 
1.28079 8.69384e-16 4.01365e-19 
1.28510 8.69700e-16 3.11885e-19 
1.28940 8.68280e-16 3.37467e-19 
1.29371 8.60396e-16 4.15781e-19 
1.29801 8.63090e-16 4.62499e-19 
1.30232 8.56768e-16 3.60507e-19 
1.30662 8.55996e-16 3.42510e-19 
1.31093 8.53201e-16 3.23281e-19 
1.31523 8.52825e-16 3.24558e-19 
1.31954 8.46261e-16 3.14632e-19 
1.32384 8.18509e-16 3.33043e-19 
1.32815 7.54033e-16 4.68440e-19 
1.33245 6.47299e-16 6.88016e-19 
1.33676 5.18573e-16 5.72602e-19 
1.34106 4.32872e-16 3.64143e-19 
1.34536 3.87844e-16 3.33847e-19 
1.34967 3.55119e-16 2.48700e-19 
1.35397 3.29396e-16 2.47767e-19 
1.35828 3.26848e-16 2.57075e-19 
1.36258 3.40571e-16 2.33377e-19 
1.36689 3.59485e-16 2.14093e-19 
1.37119 3.64211e-16 2.22764e-19 
1.37550 3.70560e-16 1.83622e-19 
1.37980 3.78952e-16 2.32171e-19 
1.38411 3.82473e-16 2.77130e-19 
1.38841 3.78467e-16 2.30030e-19 
1.39272 3.66464e-16 2.51670e-19 
1.39702 3.56259e-16 2.85091e-19 
1.40132 3.49056e-16 2.40635e-19 
1.40563 3.48041e-16 2.72533e-19 
1.40993 3.31835e-16 2.51988e-19 
1.41424 3.30619e-16 2.39674e-19 
1.41854 3.28350e-16 2.09753e-19 
1.42285 3.26954e-16 2.81237e-19 
1.42715 3.28887e-16 2.42913e-19 
1.43146 3.35154e-16 2.22773e-19 
1.43576 3.43699e-16 2.37285e-19 
1.44007 3.55381e-16 2.14521e-19 
1.44437 3.67032e-16 1.81478e-19 
1.44868 3.82884e-16 2.24850e-19 
1.45298 4.05288e-16 2.52808e-19 
1.45728 4.18287e-16 2.47653e-19 
1.46159 4.29006e-16 3.06068e-19 
1.46589 4.38705e-16 3.13596e-19 
1.47020 4.41663e-16 2.69638e-19 
1.47450 4.47030e-16 2.61448e-19 
1.47881 4.59138e-16 2.77670e-19 
1.48311 4.69882e-16 2.56870e-19 
1.48742 4.78732e-16 2.18770e-19 
1.49172 4.88685e-16 1.98885e-19 
1.49603 5.01752e-16 2.40459e-19 
1.50033 5.15358e-16 2.47608e-19 
1.50464 5.30621e-16 2.28724e-19 
1.50894 5.50219e-16 2.28359e-19 
1.51325 5.65454e-16 2.96063e-19 
1.51755 5.78404e-16 3.49835e-19 
1.52185 5.93146e-16 3.29112e-19 
1.52616 6.03630e-16 2.67624e-19 
1.53046 6.11475e-16 3.83566e-19 
1.53477 6.30144e-16 3.06489e-19 
1.53907 6.41870e-16 2.78882e-19 
1.54338 6.52286e-16 3.06975e-19 
1.54768 6.67694e-16 2.52873e-19 
1.55199 6.80258e-16 2.93821e-19 
1.55629 6.90749e-16 3.52635e-19 
1.56060 7.00147e-16 3.27931e-19 
1.56490 7.08010e-16 2.03330e-19 
1.56921 7.19672e-16 2.94393e-19 
1.57351 7.27930e-16 2.95207e-19 
1.57781 7.21945e-16 3.14568e-19 
1.58212 7.14616e-16 3.01266e-19 
1.58642 7.18358e-16 3.53912e-19 
1.59073 7.19679e-16 2.76301e-19 
1.59503 7.26454e-16 2.87910e-19 
1.59934 7.36191e-16 2.48308e-19 
1.60364 7.34087e-16 3.11183e-19 
1.60795 7.26294e-16 2.94022e-19 
1.61225 7.21451e-16 2.65252e-19 
1.61656 7.20541e-16 2.75034e-19 
1.62086 7.20000e-16 3.45529e-19 
1.62517 7.16012e-16 3.35942e-19 
1.62947 7.16413e-16 4.43070e-19 
1.63377 7.17549e-16 3.72728e-19 
1.63808 7.17131e-16 3.43517e-19 
1.64238 7.31078e-16 3.50380e-19 
1.64669 7.39544e-16 3.80969e-19 
1.65099 7.42197e-16 2.72851e-19 
1.65530 7.44742e-16 3.27687e-19 
1.65960 7.42010e-16 3.43589e-19 
1.66391 7.35959e-16 4.49289e-19 
1.66821 7.27314e-16 6.04302e-19 
1.67252 7.07013e-16 7.71243e-19 
1.67682 6.85733e-16 9.03242e-19 
1.68113 6.76769e-16 1.04753e-18 
1.68543 6.65401e-16 1.08682e-18 
1.68974 6.33304e-16 1.08156e-18 
1.69404 5.98028e-16 1.21871e-18 
1.69834 5.86696e-16 1.30243e-18 
1.70265 5.63184e-16 1.27650e-18 
1.70695 5.41286e-16 1.25164e-18 
1.71126 5.19021e-16 1.32870e-18 
1.71556 4.82443e-16 1.35725e-18 
1.71987 4.73931e-16 2.40226e-18 
1.72417 4.54233e-16 2.67294e-18 
1.72848 4.24704e-16 2.61416e-18 
1.73278 3.86727e-16 3.72333e-18 
1.73709 3.77199e-16 3.16852e-18 
1.74139 3.96894e-16 3.69442e-18 
1.74570 3.58720e-16 6.40770e-18 
