1.10331 1.92387e-16 5.27571e-19 
1.10663 1.82740e-16 4.96329e-19 
1.10994 1.71440e-16 4.53031e-19 
1.11326 1.59721e-16 4.22904e-19 
1.11657 1.51062e-16 4.03890e-19 
1.11989 1.48010e-16 3.92685e-19 
1.12320 1.49326e-16 3.92549e-19 
1.12652 1.54396e-16 4.00193e-19 
1.12983 1.60127e-16 4.07684e-19 
1.13315 1.52123e-16 3.91071e-19 
1.13646 1.34713e-16 3.59415e-19 
1.13978 1.40596e-16 3.68731e-19 
1.14309 1.34921e-16 3.56078e-19 
1.14641 1.22736e-16 3.27079e-19 
1.14972 1.45687e-16 3.72623e-19 
1.15304 1.58236e-16 3.96875e-19 
1.15635 1.59519e-16 3.96710e-19 
1.15967 1.64114e-16 4.06405e-19 
1.16298 1.49221e-16 3.75187e-19 
1.16630 1.40222e-16 3.56955e-19 
1.16961 1.49016e-16 3.75949e-19 
1.17293 1.52385e-16 3.79754e-19 
1.17624 1.52906e-16 3.80393e-19 
1.17956 1.59009e-16 3.90973e-19 
1.18287 1.72981e-16 4.11272e-19 
1.18619 1.87750e-16 4.36678e-19 
1.18950 2.00331e-16 4.58892e-19 
1.19282 2.10464e-16 4.78070e-19 
1.19613 2.20937e-16 4.94665e-19 
1.19945 2.31125e-16 5.13437e-19 
1.20276 2.40415e-16 5.32090e-19 
1.20608 2.49654e-16 5.48709e-19 
1.20939 2.58641e-16 5.64494e-19 
1.21271 2.66842e-16 5.79269e-19 
1.21602 2.75696e-16 5.95760e-19 
1.21934 2.85816e-16 6.13813e-19 
1.22265 2.90039e-16 6.19972e-19 
1.22597 2.93496e-16 6.25233e-19 
1.22928 3.06098e-16 6.50847e-19 
1.23260 3.13120e-16 6.64733e-19 
1.23591 3.14668e-16 6.67079e-19 
1.23923 3.16468e-16 6.69653e-19 
1.24254 3.16004e-16 6.68358e-19 
1.24586 3.18199e-16 6.71144e-19 
1.24917 3.22482e-16 6.80945e-19 
1.25249 3.21831e-16 6.78912e-19 
1.25580 3.27518e-16 6.88303e-19 
1.25912 3.40203e-16 7.11866e-19 
1.26243 3.52749e-16 7.35905e-19 
1.26575 3.58167e-16 7.46185e-19 
1.26906 3.57792e-16 7.45356e-19 
1.27238 3.58530e-16 7.45474e-19 
1.27569 3.60236e-16 7.48827e-19 
1.27901 3.42599e-16 7.10436e-19 
1.28232 3.27220e-16 6.79029e-19 
1.28564 3.39456e-16 7.03664e-19 
1.28895 3.45844e-16 7.18746e-19 
1.29227 3.43260e-16 7.12543e-19 
1.29558 3.40393e-16 7.06552e-19 
1.29890 3.38129e-16 7.02230e-19 
1.30221 3.33450e-16 6.91228e-19 
1.30552 3.27553e-16 6.79616e-19 
1.30884 3.24762e-16 6.75243e-19 
1.31215 3.19983e-16 6.67003e-19 
1.31547 3.12025e-16 6.54313e-19 
1.31878 3.00861e-16 6.36740e-19 
1.32210 2.85559e-16 6.08637e-19 
1.32541 2.67272e-16 5.75254e-19 
1.32873 2.41045e-16 5.28052e-19 
1.33204 2.00265e-16 4.50433e-19 
1.33536 1.49377e-16 3.51945e-19 
1.33867 1.05117e-16 2.69285e-19 
1.34199 7.83027e-17 2.27317e-19 
1.34530 6.30599e-17 2.02507e-19 
1.34862 5.36826e-17 1.81981e-19 
1.35193 4.67541e-17 1.64229e-19 
1.35525 4.11991e-17 1.53183e-19 
1.35856 3.77351e-17 1.45544e-19 
1.36188 3.78544e-17 1.43681e-19 
1.36519 4.01561e-17 1.45926e-19 
1.36851 4.17633e-17 1.48068e-19 
1.37182 4.20127e-17 1.48809e-19 
1.37514 4.27497e-17 1.50926e-19 
1.37845 4.57652e-17 1.54570e-19 
1.38177 4.73232e-17 1.57434e-19 
1.38508 4.76457e-17 1.57819e-19 
1.38840 4.79391e-17 1.57477e-19 
1.39171 4.73843e-17 1.56867e-19 
1.39503 4.62197e-17 1.54342e-19 
1.39834 4.40959e-17 1.49615e-19 
1.40166 4.27629e-17 1.47984e-19 
1.40497 4.38145e-17 1.50500e-19 
1.40829 4.29248e-17 1.46139e-19 
1.41160 3.70422e-17 1.32357e-19 
1.41492 3.74232e-17 1.33860e-19 
1.41823 3.98766e-17 1.40392e-19 
1.42155 3.95704e-17 1.40476e-19 
1.42486 4.03796e-17 1.41229e-19 
1.42818 4.15246e-17 1.42472e-19 
1.43149 4.30685e-17 1.45497e-19 
1.43481 4.52738e-17 1.48662e-19 
1.43812 4.76172e-17 1.51664e-19 
1.44144 4.97787e-17 1.53628e-19 
1.44475 5.13749e-17 1.56259e-19 
1.44807 5.41256e-17 1.59628e-19 
1.45138 5.95987e-17 1.67722e-19 
1.45470 6.63683e-17 1.80017e-19 
1.45801 7.09629e-17 1.88798e-19 
1.46133 7.37820e-17 1.93657e-19 
1.46464 7.62211e-17 1.97482e-19 
1.46796 7.81459e-17 2.01053e-19 
1.47127 7.78922e-17 2.01344e-19 
1.47459 7.93989e-17 2.02299e-19 
1.47790 8.34317e-17 2.10288e-19 
1.48122 8.72976e-17 2.17701e-19 
1.48453 9.10673e-17 2.24737e-19 
1.48785 9.44128e-17 2.28843e-19 
1.49116 9.71312e-17 2.33357e-19 
1.49448 1.00177e-16 2.37338e-19 
1.49779 1.04491e-16 2.43829e-19 
1.50110 1.08350e-16 2.50824e-19 
1.50442 1.11723e-16 2.55955e-19 
1.50773 1.16978e-16 2.67893e-19 
1.51105 1.23969e-16 2.85046e-19 
1.51436 1.30210e-16 2.97597e-19 
1.51768 1.35240e-16 3.09502e-19 
1.52099 1.40884e-16 3.27284e-19 
1.52431 1.47705e-16 3.55208e-19 
1.52762 1.52198e-16 3.85736e-19 
1.53094 1.58506e-16 4.22587e-19 
1.53425 1.66418e-16 4.65565e-19 
1.53757 1.74147e-16 5.05587e-19 
1.54088 1.81699e-16 5.42028e-19 
1.54420 1.87783e-16 5.64445e-19 
1.54751 1.92298e-16 5.73005e-19 
1.55083 2.01091e-16 5.87619e-19 
1.55414 2.09855e-16 5.88688e-19 
1.55746 2.14236e-16 5.68396e-19 
1.56077 2.14579e-16 5.35308e-19 
1.56409 2.17752e-16 5.08464e-19 
1.56740 2.25779e-16 4.96970e-19 
1.57072 2.35077e-16 4.97234e-19 
1.57403 2.42488e-16 4.99144e-19 
1.57735 2.46813e-16 5.02219e-19 
1.58066 2.50356e-16 5.08859e-19 
1.58398 2.54286e-16 5.20146e-19 
1.58729 2.64476e-16 5.42262e-19 
1.59061 2.57220e-16 5.29566e-19 
1.59392 2.30277e-16 4.77594e-19 
1.59724 2.45758e-16 5.09067e-19 
1.60055 2.67756e-16 5.51150e-19 
1.60387 2.65991e-16 5.46884e-19 
1.60718 2.62432e-16 5.40775e-19 
1.61050 2.58503e-16 5.38318e-19 
1.61381 2.53868e-16 5.36483e-19 
1.61713 2.48378e-16 5.33364e-19 
1.62044 2.43813e-16 5.32094e-19 
1.62376 2.40187e-16 5.30751e-19 
1.62707 2.36701e-16 5.27420e-19 
1.63039 2.34500e-16 5.28908e-19 
1.63370 2.33265e-16 5.30943e-19 
1.63702 2.33304e-16 5.25853e-19 
1.64033 2.35282e-16 5.23500e-19 
1.64365 2.36537e-16 5.52661e-19 
1.64696 2.38954e-16 5.90914e-19 
1.65028 2.42655e-16 6.04488e-19 
1.65359 2.46655e-16 6.02305e-19 
1.65691 2.51872e-16 5.90386e-19 
1.66022 2.56607e-16 5.86443e-19 
1.66354 2.56528e-16 6.03374e-19 
1.66685 2.49390e-16 6.37597e-19 
1.67017 2.40733e-16 7.86801e-19 
1.67348 2.38196e-16 1.08516e-18 
1.67680 2.40912e-16 1.41344e-18 
1.68011 2.47787e-16 1.80739e-18 
1.68343 2.52341e-16 2.22914e-18 
1.68674 2.53993e-16 2.57043e-18 
