1.10000 1.10725e-16 1.14909e-19 
1.10430 1.11819e-16 9.26931e-20 
1.10861 1.08465e-16 1.13721e-19 
1.11291 1.05842e-16 7.97911e-20 
1.11722 1.04240e-16 9.79135e-20 
1.12152 1.04213e-16 1.08171e-19 
1.12583 1.06201e-16 7.38248e-20 
1.13013 1.06936e-16 6.91212e-20 
1.13444 1.03120e-16 7.74143e-20 
1.13874 1.01751e-16 8.25456e-20 
1.14305 1.03950e-16 5.29599e-20 
1.14735 1.08389e-16 8.99747e-20 
1.15166 1.11056e-16 1.18070e-19 
1.15596 1.11770e-16 9.80770e-20 
1.16026 1.12827e-16 7.98972e-20 
1.16457 1.11626e-16 7.57027e-20 
1.16887 1.09441e-16 8.46148e-20 
1.17318 1.08609e-16 8.99772e-20 
1.17748 1.08989e-16 8.63064e-20 
1.18179 1.14040e-16 8.09370e-20 
1.18609 1.21453e-16 8.13934e-20 
1.19040 1.25275e-16 9.96082e-20 
1.19470 1.27562e-16 7.66468e-20 
1.19901 1.29759e-16 8.16646e-20 
1.20331 1.31776e-16 7.59037e-20 
1.20762 1.34833e-16 7.23098e-20 
1.21192 1.37001e-16 4.27928e-20 
1.21623 1.39885e-16 7.58811e-20 
1.22053 1.43155e-16 7.94577e-20 
1.22483 1.47034e-16 9.39004e-20 
1.22914 1.48731e-16 7.31765e-20 
1.23344 1.47609e-16 8.28855e-20 
1.23775 1.48687e-16 1.05866e-19 
1.24205 1.48969e-16 6.77477e-20 
1.24636 1.48680e-16 9.90654e-20 
1.25066 1.49042e-16 8.26866e-20 
1.25497 1.49881e-16 9.85512e-20 
1.25927 1.54182e-16 8.91869e-20 
1.26358 1.57884e-16 5.51918e-20 
1.26788 1.59044e-16 6.49760e-20 
1.27219 1.59099e-16 7.33845e-20 
1.27649 1.60253e-16 1.04522e-19 
1.28079 1.60549e-16 7.76440e-20 
1.28510 1.60993e-16 6.24007e-20 
1.28940 1.61203e-16 1.15133e-19 
1.29371 1.62962e-16 9.54287e-20 
1.29801 1.62192e-16 7.40618e-20 
1.30232 1.61095e-16 7.02249e-20 
1.30662 1.59736e-16 5.64264e-20 
1.31093 1.60123e-16 5.42422e-20 
1.31523 1.58893e-16 6.96093e-20 
1.31954 1.56656e-16 7.24370e-20 
1.32384 1.51812e-16 8.02331e-20 
1.32815 1.41182e-16 8.64999e-20 
1.33245 1.24172e-16 1.13725e-19 
1.33676 1.01516e-16 1.11044e-19 
1.34106 8.66898e-17 7.69079e-20 
1.34536 7.53597e-17 6.86355e-20 
1.34967 6.87570e-17 6.45089e-20 
1.35397 6.38860e-17 3.45200e-20 
1.35828 6.31152e-17 6.11250e-20 
1.36258 6.48779e-17 5.29736e-20 
1.36689 6.78780e-17 5.63494e-20 
1.37119 6.96322e-17 3.87878e-20 
1.37550 7.20964e-17 3.34179e-20 
1.37980 7.34993e-17 3.59155e-20 
1.38411 7.36893e-17 6.13909e-20 
1.38841 7.24729e-17 5.46510e-20 
1.39272 7.10834e-17 4.63471e-20 
1.39702 7.00876e-17 4.96128e-20 
1.40132 6.84807e-17 8.90684e-20 
1.40563 6.91750e-17 6.69318e-20 
1.40993 6.63589e-17 5.33779e-20 
1.41424 6.53280e-17 4.89234e-20 
1.41854 6.50547e-17 4.91040e-20 
1.42285 6.53921e-17 8.50884e-20 
1.42715 6.55818e-17 4.48137e-20 
1.43146 6.73083e-17 2.68869e-20 
1.43576 6.98507e-17 3.40949e-20 
1.44007 7.16653e-17 4.46769e-20 
1.44437 7.38807e-17 4.95818e-20 
1.44868 7.76364e-17 5.11171e-20 
1.45298 8.23070e-17 6.85877e-20 
1.45728 8.79699e-17 6.48040e-20 
1.46159 9.05013e-17 5.71343e-20 
1.46589 9.01843e-17 7.81224e-20 
1.47020 9.04432e-17 3.57590e-20 
1.47450 9.43187e-17 5.66902e-20 
1.47881 9.69613e-17 6.90696e-20 
1.48311 9.99190e-17 6.16433e-20 
1.48742 1.02523e-16 5.08039e-20 
1.49172 1.03855e-16 4.05704e-20 
1.49603 1.06055e-16 6.30574e-20 
1.50033 1.09172e-16 5.01577e-20 
1.50464 1.12760e-16 4.96288e-20 
1.50894 1.16607e-16 6.71900e-20 
1.51325 1.19812e-16 9.44095e-20 
1.51755 1.23206e-16 7.05734e-20 
1.52185 1.26378e-16 8.46583e-20 
1.52616 1.28936e-16 8.10408e-20 
1.53046 1.32621e-16 6.47208e-20 
1.53477 1.36464e-16 9.35987e-20 
1.53907 1.39127e-16 7.55888e-20 
1.54338 1.41969e-16 6.90394e-20 
1.54768 1.45660e-16 6.55988e-20 
1.55199 1.48627e-16 4.58862e-20 
1.55629 1.49746e-16 4.72568e-20 
1.56060 1.51359e-16 3.88520e-20 
1.56490 1.54230e-16 9.63362e-20 
1.56921 1.57808e-16 8.51270e-20 
1.57351 1.59262e-16 6.75079e-20 
1.57781 1.60339e-16 5.49656e-20 
1.58212 1.62586e-16 1.09477e-19 
1.58642 1.62661e-16 7.93401e-20 
1.59073 1.65012e-16 9.64975e-20 
1.59503 1.66657e-16 7.77690e-20 
1.59934 1.66753e-16 7.17894e-20 
1.60364 1.66944e-16 3.93523e-20 
1.60795 1.66011e-16 5.56865e-20 
1.61225 1.65614e-16 6.06928e-20 
1.61656 1.65462e-16 5.91522e-20 
1.62086 1.65240e-16 5.43608e-20 
1.62517 1.65682e-16 5.62522e-20 
1.62947 1.66169e-16 5.59077e-20 
1.63377 1.65323e-16 4.48395e-20 
1.63808 1.67217e-16 9.35517e-20 
1.64238 1.67709e-16 1.12603e-19 
1.64669 1.69254e-16 9.63802e-20 
1.65099 1.69812e-16 8.54149e-20 
1.65530 1.70339e-16 9.37254e-20 
1.65960 1.70191e-16 1.20622e-19 
1.66391 1.68760e-16 1.38929e-19 
1.66821 1.65435e-16 1.41843e-19 
1.67252 1.61859e-16 1.53744e-19 
1.67682 1.58228e-16 1.71389e-19 
1.68113 1.54743e-16 1.62278e-19 
1.68543 1.51280e-16 1.76089e-19 
1.68974 1.47626e-16 1.76633e-19 
1.69404 1.40598e-16 1.26299e-19 
1.69834 1.34201e-16 2.28722e-19 
1.70265 1.26784e-16 3.20790e-19 
1.70695 1.24388e-16 1.90733e-19 
1.71126 1.18910e-16 2.84229e-19 
1.71556 1.14444e-16 2.54643e-19 
1.71987 1.09171e-16 5.29047e-19 
1.72417 1.09150e-16 4.14342e-19 
1.72848 1.08554e-16 5.48184e-19 
1.73278 9.21265e-17 8.52345e-19 
1.73709 8.33076e-17 1.13414e-18 
1.74139 6.96903e-17 1.12367e-18 
1.74570 5.85855e-17 1.62399e-18 
