1.10000 1.15472e-15 2.18020e-17 
1.10200 1.15065e-15 2.28436e-17 
1.10400 1.14730e-15 2.35123e-17 
1.10600 1.13526e-15 2.27204e-17 
1.10800 1.12340e-15 2.19182e-17 
1.11000 1.11305e-15 2.17129e-17 
1.11200 1.10198e-15 2.15649e-17 
1.11400 1.09665e-15 2.13622e-17 
1.11600 1.09750e-15 2.11508e-17 
1.11800 1.09827e-15 2.10022e-17 
1.12000 1.10510e-15 2.11362e-17 
1.12200 1.11055e-15 2.12631e-17 
1.12400 1.12185e-15 2.14999e-17 
1.12600 1.13250e-15 2.17356e-17 
1.12800 1.13501e-15 2.17613e-17 
1.13000 1.13024e-15 2.16301e-17 
1.13200 1.11657e-15 2.13606e-17 
1.13400 1.08845e-15 2.08273e-17 
1.13600 1.05842e-15 2.02457e-17 
1.13800 1.04231e-15 1.99250e-17 
1.14000 1.02517e-15 1.95934e-17 
1.14200 1.03583e-15 1.97901e-17 
1.14400 1.06379e-15 2.03079e-17 
1.14600 1.09550e-15 2.08975e-17 
1.14800 1.13596e-15 2.16553e-17 
1.15000 1.17640e-15 2.23951e-17 
1.15200 1.19091e-15 2.26332e-17 
1.15400 1.20487e-15 2.28603e-17 
1.15600 1.20583e-15 2.29023e-17 
1.15800 1.20099e-15 2.28609e-17 
1.16000 1.19380e-15 2.27784e-17 
1.16200 1.18503e-15 2.26376e-17 
1.16400 1.17578e-15 2.24991e-17 
1.16600 1.16115e-15 2.22158e-17 
1.16800 1.14279e-15 2.18913e-17 
1.17000 1.12768e-15 2.16130e-17 
1.17200 1.11041e-15 2.13240e-17 
1.17400 1.10133e-15 2.12289e-17 
1.17600 1.10151e-15 2.14243e-17 
1.17800 1.10424e-15 2.16206e-17 
1.18000 1.11379e-15 2.15238e-17 
1.18200 1.12454e-15 2.14343e-17 
1.18400 1.14431e-15 2.17336e-17 
1.18600 1.17272e-15 2.22682e-17 
1.18800 1.18752e-15 2.25416e-17 
1.19000 1.18419e-15 2.24659e-17 
1.19200 1.17915e-15 2.23775e-17 
1.19400 1.15839e-15 2.19925e-17 
1.19600 1.13687e-15 2.15752e-17 
1.19800 1.11908e-15 2.12327e-17 
1.20000 1.10215e-15 2.08996e-17 
1.20200 1.10079e-15 2.08634e-17 
1.20400 1.12008e-15 2.12257e-17 
1.20600 1.14010e-15 2.15916e-17 
1.20800 1.16953e-15 2.21513e-17 
1.21000 1.19810e-15 2.26596e-17 
1.21200 1.22017e-15 2.30799e-17 
1.21400 1.23990e-15 2.34488e-17 
1.21600 1.26485e-15 2.39223e-17 
1.21800 1.29707e-15 2.44980e-17 
1.22000 1.32672e-15 2.50310e-17 
1.22200 1.34559e-15 2.53204e-17 
1.22400 1.36385e-15 2.55924e-17 
1.22600 1.37953e-15 2.59379e-17 
1.22800 1.39454e-15 2.62844e-17 
1.23000 1.39674e-15 2.63900e-17 
1.23200 1.38746e-15 2.61884e-17 
1.23400 1.37592e-15 2.59895e-17 
1.23600 1.35501e-15 2.55822e-17 
1.23800 1.33304e-15 2.51700e-17 
1.24000 1.31149e-15 2.47642e-17 
1.24200 1.28945e-15 2.43524e-17 
1.24400 1.28185e-15 2.42114e-17 
1.24600 1.28652e-15 2.42905e-17 
1.24800 1.29463e-15 2.44358e-17 
1.25000 1.31529e-15 2.48161e-17 
1.25200 1.33658e-15 2.52179e-17 
1.25400 1.36423e-15 2.57238e-17 
1.25600 1.39188e-15 2.62426e-17 
1.25800 1.43078e-15 2.69622e-17 
1.26000 1.47854e-15 2.78584e-17 
1.26200 1.52105e-15 2.86562e-17 
1.26400 1.54120e-15 2.90264e-17 
1.26600 1.56200e-15 2.94019e-17 
1.26800 1.57424e-15 2.96452e-17 
1.27000 1.58565e-15 2.98523e-17 
1.27200 1.59241e-15 2.99593e-17 
1.27400 1.59724e-15 3.00324e-17 
1.27600 1.60041e-15 3.00492e-17 
1.27800 1.60109e-15 2.99749e-17 
1.28000 1.60102e-15 2.98862e-17 
1.28200 1.60281e-15 2.99464e-17 
1.28400 1.60375e-15 2.99833e-17 
1.28600 1.60584e-15 3.00515e-17 
1.28800 1.60703e-15 3.01053e-17 
1.29000 1.60694e-15 3.01291e-17 
1.29200 1.60751e-15 3.01682e-17 
1.29400 1.61021e-15 3.02464e-17 
1.29600 1.60773e-15 3.02000e-17 
1.29800 1.60489e-15 3.01370e-17 
1.30000 1.60135e-15 3.00587e-17 
1.30200 1.59669e-15 2.99717e-17 
1.30400 1.59303e-15 2.98954e-17 
1.30600 1.58885e-15 2.98249e-17 
1.30800 1.58354e-15 2.97283e-17 
1.31000 1.58380e-15 2.97623e-17 
1.31200 1.58525e-15 2.98344e-17 
1.31400 1.58636e-15 2.99394e-17 
1.31600 1.58781e-15 3.00678e-17 
1.31800 1.58224e-15 3.00979e-17 
1.32000 1.56856e-15 3.00153e-17 
1.32200 1.55393e-15 2.99150e-17 
1.32400 1.51056e-15 2.91636e-17 
1.32600 1.46715e-15 2.83914e-17 
1.32800 1.39275e-15 2.71076e-17 
1.33000 1.30662e-15 2.56169e-17 
1.33200 1.21184e-15 2.39712e-17 
1.33400 1.10451e-15 2.20571e-17 
1.33600 9.99056e-16 2.02029e-17 
1.33800 9.30449e-16 1.91182e-17 
1.34000 8.62077e-16 1.80375e-17 
1.34200 8.21716e-16 1.80873e-17 
1.34400 7.91522e-16 1.85328e-17 
1.34600 7.63034e-16 1.82995e-17 
1.34800 7.38416e-16 1.71717e-17 
1.35000 7.14161e-16 1.60717e-17 
1.35200 6.95249e-16 1.53821e-17 
1.35400 6.75845e-16 1.46818e-17 
1.35600 6.70267e-16 1.42986e-17 
1.35800 6.67972e-16 1.39886e-17 
1.36000 6.71050e-16 1.38419e-17 
1.36200 6.80391e-16 1.38985e-17 
1.36400 6.87879e-16 1.39035e-17 
1.36600 6.92632e-16 1.37207e-17 
1.36800 6.97186e-16 1.35329e-17 
1.37000 6.94382e-16 1.33022e-17 
1.37200 6.89346e-16 1.30660e-17 
1.37400 6.89362e-16 1.30273e-17 
1.37600 6.92863e-16 1.32005e-17 
1.37800 6.98838e-16 1.34000e-17 
1.38000 7.11092e-16 1.36964e-17 
1.38200 7.23290e-16 1.39928e-17 
1.38400 7.28175e-16 1.41124e-17 
1.38600 7.31552e-16 1.41860e-17 
1.38800 7.32717e-16 1.41429e-17 
1.39000 7.28740e-16 1.39598e-17 
1.39200 7.23326e-16 1.37748e-17 
1.39400 7.09475e-16 1.35299e-17 
1.39600 6.96214e-16 1.32859e-17 
1.39800 6.87071e-16 1.31083e-17 
1.40000 6.77393e-16 1.29417e-17 
1.40200 6.70132e-16 1.28514e-17 
1.40400 6.65163e-16 1.28358e-17 
1.40600 6.60104e-16 1.27898e-17 
1.40800 6.52607e-16 1.26184e-17 
1.41000 6.45943e-16 1.24421e-17 
1.41200 6.39711e-16 1.22381e-17 
1.41400 6.33156e-16 1.20297e-17 
1.41600 6.29382e-16 1.19122e-17 
1.41800 6.28832e-16 1.18915e-17 
1.42000 6.27665e-16 1.18677e-17 
1.42200 6.25770e-16 1.18321e-17 
1.42400 6.23875e-16 1.17965e-17 
1.42600 6.22955e-16 1.17941e-17 
1.42800 6.22119e-16 1.17807e-17 
1.43000 6.25806e-16 1.19103e-17 
1.43200 6.33870e-16 1.21253e-17 
1.43400 6.40720e-16 1.22937e-17 
1.43600 6.46311e-16 1.23665e-17 
1.43800 6.52511e-16 1.24379e-17 
1.44000 6.59002e-16 1.24848e-17 
1.44200 6.65002e-16 1.25367e-17 
1.44400 6.74163e-16 1.26767e-17 
1.44600 6.85935e-16 1.28976e-17 
1.44800 6.98677e-16 1.31377e-17 
1.45000 7.13901e-16 1.34065e-17 
1.45200 7.29575e-16 1.36957e-17 
1.45400 7.41528e-16 1.39254e-17 
1.45600 7.54956e-16 1.41717e-17 
1.45800 7.62584e-16 1.43524e-17 
1.46000 7.68746e-16 1.45162e-17 
1.46200 7.72648e-16 1.46199e-17 
1.46400 7.71868e-16 1.46188e-17 
1.46600 7.71161e-16 1.46190e-17 
1.46800 7.74696e-16 1.46927e-17 
1.47000 7.79358e-16 1.47899e-17 
1.47200 7.85567e-16 1.48642e-17 
1.47400 7.93862e-16 1.49349e-17 
1.47600 8.01926e-16 1.50575e-17 
1.47800 8.09924e-16 1.52519e-17 
1.48000 8.18729e-16 1.54507e-17 
1.48200 8.26908e-16 1.55824e-17 
1.48400 8.35773e-16 1.57283e-17 
1.48600 8.46646e-16 1.59172e-17 
1.48800 8.59754e-16 1.61173e-17 
1.49000 8.69197e-16 1.62728e-17 
1.49200 8.77525e-16 1.63959e-17 
1.49400 8.85661e-16 1.65203e-17 
1.49600 8.92546e-16 1.65697e-17 
1.49800 9.00344e-16 1.66405e-17 
1.50000 9.12286e-16 1.69021e-17 
1.50200 9.25484e-16 1.72333e-17 
1.50400 9.41099e-16 1.75617e-17 
1.50600 9.60625e-16 1.79089e-17 
1.50800 9.80054e-16 1.82799e-17 
1.51000 9.95934e-16 1.88608e-17 
1.51200 1.01056e-15 1.94053e-17 
1.51400 1.01943e-15 1.95890e-17 
1.51600 1.02675e-15 1.96811e-17 
1.51800 1.03600e-15 1.99997e-17 
1.52000 1.04782e-15 2.05690e-17 
1.52200 1.06036e-15 2.12155e-17 
1.52400 1.07108e-15 2.22344e-17 
1.52600 1.08248e-15 2.32660e-17 
1.52800 1.09398e-15 2.45032e-17 
1.53000 1.10667e-15 2.58121e-17 
1.53200 1.12098e-15 2.71495e-17 
1.53400 1.13600e-15 2.85037e-17 
1.53600 1.15083e-15 2.97961e-17 
1.53800 1.16436e-15 3.08233e-17 
1.54000 1.17697e-15 3.18318e-17 
1.54200 1.19166e-15 3.25188e-17 
1.54400 1.20722e-15 3.31651e-17 
1.54600 1.22318e-15 3.35563e-17 
1.54800 1.23948e-15 3.37407e-17 
1.55000 1.25561e-15 3.38118e-17 
1.55200 1.26735e-15 3.33765e-17 
1.55400 1.27792e-15 3.28977e-17 
1.55600 1.28694e-15 3.20055e-17 
1.55800 1.29791e-15 3.11009e-17 
1.56000 1.30861e-15 3.00824e-17 
1.56200 1.32237e-15 2.90533e-17 
1.56400 1.33475e-15 2.80479e-17 
1.56600 1.34894e-15 2.72489e-17 
1.56800 1.36319e-15 2.64448e-17 
1.57000 1.37797e-15 2.62319e-17 
1.57200 1.39167e-15 2.60439e-17 
1.57400 1.39852e-15 2.58360e-17 
1.57600 1.40070e-15 2.56064e-17 
1.57800 1.39977e-15 2.54052e-17 
1.58000 1.39170e-15 2.52681e-17 
1.58200 1.38234e-15 2.51117e-17 
1.58400 1.38394e-15 2.53363e-17 
1.58600 1.38525e-15 2.55734e-17 
1.58800 1.39307e-15 2.57740e-17 
1.59000 1.40476e-15 2.59618e-17 
1.59200 1.41669e-15 2.61844e-17 
1.59400 1.42811e-15 2.64284e-17 
1.59600 1.43803e-15 2.66706e-17 
1.59800 1.44735e-15 2.67939e-17 
1.60000 1.45723e-15 2.69410e-17 
1.60200 1.45929e-15 2.69888e-17 
1.60400 1.45859e-15 2.70253e-17 
1.60600 1.45693e-15 2.70353e-17 
1.60800 1.45469e-15 2.70567e-17 
1.61000 1.45123e-15 2.70486e-17 
1.61200 1.44561e-15 2.72129e-17 
1.61400 1.44039e-15 2.73613e-17 
1.61600 1.44284e-15 2.77023e-17 
1.61800 1.44728e-15 2.80818e-17 
1.62000 1.45187e-15 2.84258e-17 
1.62200 1.45432e-15 2.86997e-17 
1.62400 1.45629e-15 2.89422e-17 
1.62600 1.45508e-15 2.90615e-17 
1.62800 1.45254e-15 2.91526e-17 
1.63000 1.46102e-15 2.95243e-17 
1.63200 1.47204e-15 2.99902e-17 
1.63400 1.48544e-15 3.03349e-17 
1.63600 1.50169e-15 3.05104e-17 
1.63800 1.51779e-15 3.06970e-17 
1.64000 1.53496e-15 3.09063e-17 
1.64200 1.55128e-15 3.10884e-17 
1.64400 1.56187e-15 3.27271e-17 
1.64600 1.57165e-15 3.48645e-17 
1.64800 1.57953e-15 3.60414e-17 
1.65000 1.58424e-15 3.59399e-17 
1.65200 1.58808e-15 3.57531e-17 
1.65400 1.59151e-15 3.50437e-17 
1.65600 1.59463e-15 3.43224e-17 
1.65800 1.59450e-15 3.35448e-17 
1.66000 1.59414e-15 3.27578e-17 
1.66200 1.59263e-15 3.28370e-17 
1.66400 1.58976e-15 3.39067e-17 
1.66600 1.58513e-15 3.54593e-17 
1.66800 1.57251e-15 3.97747e-17 
1.67000 1.55898e-15 4.40891e-17 
1.67200 1.55458e-15 5.56179e-17 
1.67400 1.55055e-15 6.86628e-17 
1.67600 1.55186e-15 8.11492e-17 
1.67800 1.55924e-15 9.30594e-17 
1.68000 1.56524e-15 1.05468e-16 
1.68200 1.57566e-15 1.20633e-16 
1.68400 1.58474e-15 1.35771e-16 
1.68600 1.59156e-15 1.47788e-16 
1.68800 1.59730e-15 1.59298e-16 
1.69000 1.60615e-15 1.71617e-16 
