1.10358 2.47674e-16 2.10784e-18 
1.10822 2.27547e-16 1.89376e-18 
1.11287 2.05739e-16 1.72520e-18 
1.11751 1.94017e-16 1.63499e-18 
1.12215 1.97451e-16 1.61728e-18 
1.12680 2.03243e-16 1.61534e-18 
1.13144 1.90797e-16 1.55573e-18 
1.13609 1.75323e-16 1.48509e-18 
1.14073 1.77971e-16 1.47756e-18 
1.14538 1.89632e-16 1.50058e-18 
1.15002 1.99594e-16 1.52427e-18 
1.15466 2.01522e-16 1.52518e-18 
1.15931 2.00795e-16 1.51273e-18 
1.16395 1.98203e-16 1.49147e-18 
1.16860 1.94217e-16 1.46088e-18 
1.17324 1.94788e-16 1.44448e-18 
1.17789 2.02484e-16 1.44782e-18 
1.18253 2.24613e-16 1.49338e-18 
1.18718 2.49333e-16 1.54369e-18 
1.19182 2.69503e-16 1.58477e-18 
1.19646 2.87437e-16 1.61642e-18 
1.20111 3.02528e-16 1.63881e-18 
1.20575 3.21386e-16 1.67045e-18 
1.21040 3.39168e-16 1.70005e-18 
1.21504 3.58605e-16 1.73500e-18 
1.21969 3.74210e-16 1.75790e-18 
1.22433 3.88784e-16 1.77683e-18 
1.22897 4.04082e-16 1.79984e-18 
1.23362 4.15742e-16 1.81305e-18 
1.23826 4.19391e-16 1.80513e-18 
1.24291 4.12870e-16 1.78539e-18 
1.24755 4.17503e-16 1.78891e-18 
1.25220 4.25676e-16 1.79718e-18 
1.25684 4.47305e-16 1.82910e-18 
1.26149 4.71622e-16 1.86790e-18 
1.26613 4.69963e-16 1.86226e-18 
1.27077 4.70517e-16 1.85486e-18 
1.27542 4.75253e-16 1.84445e-18 
1.28006 4.69294e-16 1.82066e-18 
1.28471 4.59567e-16 1.79343e-18 
1.28935 4.51833e-16 1.77453e-18 
1.29400 4.50196e-16 1.76463e-18 
1.29864 4.47013e-16 1.74406e-18 
1.30329 4.39003e-16 1.71756e-18 
1.30793 4.27684e-16 1.68957e-18 
1.31257 4.11677e-16 1.65179e-18 
1.31722 3.94103e-16 1.60837e-18 
1.32186 3.63662e-16 1.53914e-18 
1.32651 3.09705e-16 1.42132e-18 
1.33115 2.26620e-16 1.22967e-18 
1.33580 1.47837e-16 1.01818e-18 
1.34044 1.04192e-16 8.77550e-19 
1.34508 8.35937e-17 8.00502e-19 
1.34973 7.08748e-17 7.47670e-19 
1.35437 6.27054e-17 7.12500e-19 
1.35902 6.09121e-17 7.04531e-19 
1.36366 6.42439e-17 7.16891e-19 
1.36831 6.58135e-17 7.22993e-19 
1.37295 6.73944e-17 7.29689e-19 
1.37760 7.10836e-17 7.44641e-19 
1.38224 7.20648e-17 7.47947e-19 
1.38688 7.35493e-17 7.53089e-19 
1.39153 7.26677e-17 7.47807e-19 
1.39617 6.97079e-17 7.33971e-19 
1.40082 6.88138e-17 7.26419e-19 
1.40546 6.74601e-17 7.16722e-19 
1.41011 6.47707e-17 7.01832e-19 
1.41475 6.34288e-17 6.93436e-19 
1.41939 6.27777e-17 6.90045e-19 
1.42404 6.27149e-17 6.87665e-19 
1.42868 6.68635e-17 6.99871e-19 
1.43333 7.06911e-17 7.10595e-19 
1.43797 7.33070e-17 7.17041e-19 
1.44262 7.71491e-17 7.31034e-19 
1.44726 8.57965e-17 7.61363e-19 
1.45191 9.59511e-17 7.95021e-19 
1.45655 1.04692e-16 8.23457e-19 
1.46119 1.07078e-16 8.30709e-19 
1.46584 1.06606e-16 8.29968e-19 
1.47048 1.10161e-16 8.40914e-19 
1.47513 1.16478e-16 8.61142e-19 
1.47977 1.23076e-16 8.82015e-19 
1.48442 1.28347e-16 8.96166e-19 
1.48906 1.33145e-16 9.07383e-19 
1.49370 1.38321e-16 9.17828e-19 
1.49835 1.46203e-16 9.36023e-19 
1.50299 1.55011e-16 9.59188e-19 
1.50764 1.64814e-16 9.84855e-19 
1.51228 1.75436e-16 1.00929e-18 
1.51693 1.83769e-16 1.03097e-18 
1.52157 1.93366e-16 1.05181e-18 
1.52622 2.05226e-16 1.07655e-18 
1.53086 2.16048e-16 1.10123e-18 
1.53550 2.27139e-16 1.12684e-18 
1.54015 2.38693e-16 1.15483e-18 
1.54479 2.51912e-16 1.18765e-18 
1.54944 2.64762e-16 1.21430e-18 
1.55408 2.69201e-16 1.22213e-18 
1.55873 2.72230e-16 1.23181e-18 
1.56337 2.86215e-16 1.26008e-18 
1.56801 3.02421e-16 1.29070e-18 
1.57266 3.14559e-16 1.31300e-18 
1.57730 3.24280e-16 1.32589e-18 
1.58195 3.31733e-16 1.33690e-18 
1.58659 3.40815e-16 1.35438e-18 
1.59124 3.48405e-16 1.36949e-18 
1.59588 3.51580e-16 1.37889e-18 
1.60053 3.51102e-16 1.37929e-18 
1.60517 3.49270e-16 1.37594e-18 
1.60981 3.43233e-16 1.36484e-18 
1.61446 3.36320e-16 1.35391e-18 
1.61910 3.32312e-16 1.34912e-18 
1.62375 3.30173e-16 1.34979e-18 
1.62839 3.28681e-16 1.35105e-18 
1.63304 3.28685e-16 1.35614e-18 
1.63768 3.33036e-16 1.36878e-18 
1.64232 3.41296e-16 1.38677e-18 
1.64697 3.46253e-16 1.39782e-18 
1.65161 3.46305e-16 1.40301e-18 
1.65626 3.42158e-16 1.41439e-18 
1.66090 3.33951e-16 1.44148e-18 
1.66555 3.16570e-16 1.48052e-18 
1.67019 2.97088e-16 1.55144e-18 
1.67484 2.87968e-16 1.69427e-18 
1.67948 2.84799e-16 1.91845e-18 
1.68412 2.81855e-16 2.21678e-18 
1.68877 2.73958e-16 2.56157e-18 
