1.12095 7.23803e-16 1.44006e-17 
1.12205 7.25363e-16 1.44152e-17 
1.12315 7.27599e-16 1.44659e-17 
1.12426 7.30695e-16 1.45227e-17 
1.12536 7.32651e-16 1.45686e-17 
1.12646 7.34618e-16 1.46278e-17 
1.12756 7.35607e-16 1.46035e-17 
1.12867 7.34519e-16 1.45812e-17 
1.12977 7.33703e-16 1.45443e-17 
1.13087 7.33410e-16 1.45156e-17 
1.13197 7.27697e-16 1.44009e-17 
1.13308 7.18928e-16 1.42318e-17 
1.13418 7.10597e-16 1.40719e-17 
1.13528 7.01677e-16 1.39098e-17 
1.13638 6.92016e-16 1.37333e-17 
1.13749 6.83446e-16 1.35595e-17 
1.13859 6.76177e-16 1.34192e-17 
1.13969 6.68004e-16 1.32668e-17 
1.14079 6.62914e-16 1.31799e-17 
1.14190 6.73514e-16 1.33615e-17 
1.14300 6.85363e-16 1.35661e-17 
1.14410 6.96395e-16 1.37578e-17 
1.14520 7.08592e-16 1.39586e-17 
1.14631 7.18902e-16 1.41693e-17 
1.14741 7.30982e-16 1.43854e-17 
1.14851 7.42695e-16 1.45970e-17 
1.14961 7.54730e-16 1.48149e-17 
1.15072 7.59522e-16 1.48885e-17 
1.15182 7.64574e-16 1.49656e-17 
1.15292 7.68699e-16 1.50290e-17 
1.15402 7.71869e-16 1.50741e-17 
1.15513 7.74407e-16 1.51314e-17 
1.15623 7.74909e-16 1.51737e-17 
1.15733 7.75963e-16 1.51972e-17 
1.15843 7.76887e-16 1.52521e-17 
1.15954 7.77665e-16 1.52482e-17 
1.16064 7.74746e-16 1.52059e-17 
1.16174 7.72543e-16 1.51672e-17 
1.16284 7.70355e-16 1.51295e-17 
1.16395 7.67399e-16 1.50769e-17 
1.16505 7.57076e-16 1.48821e-17 
1.16615 7.46109e-16 1.46784e-17 
1.16725 7.34644e-16 1.44806e-17 
1.16836 7.24083e-16 1.42819e-17 
1.16946 7.10983e-16 1.40563e-17 
1.17056 6.98127e-16 1.38195e-17 
1.17166 6.85398e-16 1.35983e-17 
1.17277 6.72887e-16 1.33630e-17 
1.17387 6.71441e-16 1.33935e-17 
1.17497 6.73956e-16 1.35067e-17 
1.17607 6.76585e-16 1.36011e-17 
1.17718 6.78220e-16 1.36961e-17 
1.17828 6.84268e-16 1.37758e-17 
1.17938 6.94223e-16 1.38508e-17 
1.18049 7.04395e-16 1.39456e-17 
1.18159 7.14894e-16 1.40260e-17 
1.18269 7.23949e-16 1.41198e-17 
1.18379 7.31639e-16 1.42418e-17 
1.18490 7.38778e-16 1.43967e-17 
1.18600 7.48101e-16 1.45332e-17 
1.18710 7.55676e-16 1.46667e-17 
1.18820 7.56918e-16 1.46888e-17 
1.18931 7.59176e-16 1.47257e-17 
1.19041 7.60437e-16 1.47454e-17 
1.19151 7.61694e-16 1.47543e-17 
1.19261 7.56030e-16 1.46576e-17 
1.19372 7.50251e-16 1.45570e-17 
1.19482 7.44885e-16 1.44553e-17 
1.19592 7.38443e-16 1.43281e-17 
1.19702 7.30270e-16 1.41805e-17 
1.19813 7.22418e-16 1.40390e-17 
1.19923 7.13500e-16 1.38767e-17 
1.20033 7.03861e-16 1.36990e-17 
1.20143 7.01628e-16 1.36406e-17 
1.20254 7.06620e-16 1.37300e-17 
1.20364 7.11301e-16 1.38121e-17 
1.20474 7.16713e-16 1.39090e-17 
1.20584 7.23112e-16 1.40111e-17 
1.20695 7.31342e-16 1.41645e-17 
1.20805 7.39715e-16 1.43122e-17 
1.20915 7.50294e-16 1.44846e-17 
1.21025 7.60405e-16 1.46690e-17 
1.21136 7.65683e-16 1.47768e-17 
1.21246 7.70964e-16 1.48698e-17 
1.21356 7.76911e-16 1.49941e-17 
1.21466 7.83423e-16 1.51026e-17 
1.21577 7.86958e-16 1.51641e-17 
1.21687 7.91541e-16 1.52429e-17 
1.21797 7.95012e-16 1.52915e-17 
1.21907 7.98777e-16 1.53471e-17 
1.22018 8.07062e-16 1.54790e-17 
1.22128 8.16011e-16 1.56175e-17 
1.22238 8.24961e-16 1.57525e-17 
1.22348 8.33913e-16 1.58789e-17 
1.22459 8.41701e-16 1.60104e-17 
1.22569 8.47610e-16 1.61427e-17 
1.22679 8.52634e-16 1.62720e-17 
1.22789 8.58182e-16 1.63948e-17 
1.22900 8.61783e-16 1.64860e-17 
1.23010 8.58694e-16 1.64218e-17 
1.23120 8.55625e-16 1.63574e-17 
1.23230 8.52728e-16 1.63000e-17 
1.23341 8.49513e-16 1.62479e-17 
1.23451 8.45055e-16 1.61646e-17 
1.23561 8.40862e-16 1.60923e-17 
1.23671 8.37916e-16 1.60304e-17 
1.23782 8.34049e-16 1.59567e-17 
1.23892 8.24969e-16 1.57767e-17 
1.24002 8.14160e-16 1.55802e-17 
1.24112 8.03099e-16 1.53799e-17 
1.24223 7.92025e-16 1.51948e-17 
1.24333 7.89757e-16 1.51376e-17 
1.24443 7.93293e-16 1.52083e-17 
1.24553 7.95576e-16 1.52406e-17 
1.24664 7.97952e-16 1.52844e-17 
1.24774 8.00955e-16 1.53305e-17 
1.24884 8.04299e-16 1.53918e-17 
1.24994 8.07553e-16 1.54572e-17 
1.25105 8.11135e-16 1.55064e-17 
1.25215 8.15262e-16 1.55823e-17 
1.25325 8.26042e-16 1.57811e-17 
1.25436 8.37013e-16 1.59926e-17 
1.25546 8.47638e-16 1.61738e-17 
1.25656 8.58705e-16 1.63717e-17 
1.25766 8.70109e-16 1.65874e-17 
1.25877 8.83077e-16 1.68208e-17 
1.25987 8.95770e-16 1.70541e-17 
1.26097 9.07260e-16 1.72643e-17 
1.26207 9.14812e-16 1.73999e-17 
1.26318 9.21132e-16 1.75089e-17 
1.26428 9.27812e-16 1.76319e-17 
1.26538 9.34443e-16 1.77549e-17 
1.26648 9.39438e-16 1.78440e-17 
1.26759 9.43535e-16 1.79174e-17 
1.26869 9.47595e-16 1.79907e-17 
1.26979 9.51929e-16 1.80647e-17 
1.27089 9.55914e-16 1.81328e-17 
1.27200 9.58571e-16 1.81662e-17 
1.27310 9.60978e-16 1.82068e-17 
1.27420 9.63661e-16 1.82554e-17 
1.27530 9.65850e-16 1.82831e-17 
1.27641 9.66187e-16 1.82510e-17 
1.27751 9.66660e-16 1.82349e-17 
1.27861 9.67405e-16 1.82121e-17 
1.27971 9.66494e-16 1.81900e-17 
1.28082 9.69345e-16 1.82339e-17 
1.28192 9.72815e-16 1.83151e-17 
1.28302 9.75627e-16 1.83947e-17 
1.28412 9.78579e-16 1.84673e-17 
1.28523 9.78676e-16 1.84689e-17 
1.28633 9.78724e-16 1.84541e-17 
1.28743 9.77208e-16 1.84268e-17 
1.28853 9.77241e-16 1.84172e-17 
1.28964 9.78469e-16 1.84440e-17 
1.29074 9.81442e-16 1.85127e-17 
1.29184 9.84522e-16 1.85894e-17 
1.29294 9.86794e-16 1.86403e-17 
1.29405 9.88574e-16 1.86797e-17 
1.29515 9.89014e-16 1.86866e-17 
1.29625 9.87399e-16 1.86672e-17 
1.29735 9.87293e-16 1.86617e-17 
1.29846 9.88241e-16 1.86541e-17 
1.29956 9.85547e-16 1.86053e-17 
1.30066 9.83618e-16 1.85663e-17 
1.30176 9.81191e-16 1.85235e-17 
1.30287 9.78891e-16 1.84910e-17 
1.30397 9.80630e-16 1.85133e-17 
1.30507 9.81457e-16 1.85295e-17 
1.30617 9.82113e-16 1.85508e-17 
1.30728 9.82778e-16 1.85520e-17 
1.30838 9.84583e-16 1.85796e-17 
1.30948 9.86719e-16 1.86275e-17 
1.31058 9.88439e-16 1.86789e-17 
1.31169 9.90101e-16 1.87213e-17 
1.31279 9.91964e-16 1.87688e-17 
1.31389 9.92386e-16 1.88023e-17 
1.31499 9.92113e-16 1.88441e-17 
1.31610 9.92941e-16 1.88840e-17 
1.31720 9.93081e-16 1.89213e-17 
1.31830 9.92993e-16 1.89805e-17 
1.31940 9.92679e-16 1.90351e-17 
1.32051 9.93088e-16 1.90997e-17 
1.32161 9.92503e-16 1.91618e-17 
1.32271 9.85679e-16 1.90485e-17 
1.32381 9.77576e-16 1.89175e-17 
1.32492 9.69727e-16 1.87946e-17 
1.32602 9.61405e-16 1.86596e-17 
1.32712 9.42812e-16 1.83789e-17 
1.32822 9.21434e-16 1.80477e-17 
1.32933 9.01459e-16 1.76993e-17 
1.33043 8.80778e-16 1.73585e-17 
1.33153 8.55038e-16 1.69443e-17 
1.33264 8.25495e-16 1.64651e-17 
1.33374 7.96564e-16 1.59742e-17 
1.33484 7.66787e-16 1.54969e-17 
1.33594 7.43814e-16 1.51209e-17 
1.33705 7.28715e-16 1.49119e-17 
1.33815 7.13353e-16 1.47031e-17 
1.33925 6.98784e-16 1.44929e-17 
1.34035 6.83984e-16 1.43922e-17 
1.34146 6.72950e-16 1.47099e-17 
1.34256 6.62842e-16 1.50398e-17 
1.34366 6.51947e-16 1.53710e-17 
1.34476 6.40806e-16 1.56831e-17 
1.34587 6.33624e-16 1.52538e-17 
1.34697 6.25483e-16 1.48268e-17 
1.34807 6.17738e-16 1.43911e-17 
1.34917 6.09593e-16 1.39417e-17 
1.35028 6.02211e-16 1.36186e-17 
1.35138 5.95983e-16 1.33461e-17 
1.35248 5.89452e-16 1.30789e-17 
1.35358 5.82918e-16 1.28257e-17 
1.35469 5.81807e-16 1.26718e-17 
1.35579 5.84665e-16 1.25846e-17 
1.35689 5.86468e-16 1.25060e-17 
1.35799 5.89073e-16 1.24328e-17 
1.35910 5.92152e-16 1.23903e-17 
1.36020 5.93838e-16 1.23688e-17 
1.36130 5.97284e-16 1.23792e-17 
1.36240 5.99489e-16 1.23718e-17 
1.36351 6.01501e-16 1.23470e-17 
1.36461 6.04088e-16 1.22633e-17 
1.36571 6.06385e-16 1.21780e-17 
1.36681 6.07763e-16 1.20739e-17 
1.36792 6.09813e-16 1.19826e-17 
1.36902 6.07646e-16 1.18526e-17 
1.37012 6.04258e-16 1.17210e-17 
1.37122 6.02203e-16 1.15889e-17 
1.37233 5.98975e-16 1.14465e-17 
1.37343 5.98871e-16 1.14601e-17 
1.37453 5.99206e-16 1.15116e-17 
1.37563 5.99531e-16 1.15583e-17 
1.37674 5.98985e-16 1.16124e-17 
1.37784 6.01344e-16 1.17034e-17 
1.37894 6.06606e-16 1.18102e-17 
1.38004 6.11050e-16 1.19197e-17 
1.38115 6.15085e-16 1.20283e-17 
1.38225 6.19340e-16 1.21282e-17 
1.38335 6.22430e-16 1.21896e-17 
1.38445 6.25198e-16 1.22566e-17 
1.38556 6.28852e-16 1.23300e-17 
1.38666 6.31631e-16 1.23746e-17 
1.38776 6.28418e-16 1.22682e-17 
1.38886 6.24947e-16 1.21613e-17 
1.38997 6.22513e-16 1.20631e-17 
1.39107 6.19866e-16 1.19501e-17 
1.39217 6.16374e-16 1.18781e-17 
1.39327 6.12809e-16 1.18201e-17 
1.39438 6.09840e-16 1.17652e-17 
1.39548 6.06782e-16 1.17088e-17 
1.39658 6.02310e-16 1.16236e-17 
1.39768 5.96904e-16 1.15176e-17 
1.39879 5.91999e-16 1.14244e-17 
1.39989 5.86550e-16 1.13133e-17 
1.40099 5.83229e-16 1.12739e-17 
1.40209 5.81281e-16 1.12852e-17 
1.40320 5.79885e-16 1.13033e-17 
1.40430 5.78355e-16 1.13246e-17 
1.40540 5.77095e-16 1.13201e-17 
1.40650 5.75291e-16 1.12766e-17 
1.40761 5.73320e-16 1.12143e-17 
1.40871 5.71314e-16 1.11540e-17 
1.40981 5.68828e-16 1.10960e-17 
1.41092 5.66847e-16 1.10117e-17 
1.41202 5.65118e-16 1.09362e-17 
1.41312 5.62977e-16 1.08523e-17 
1.41422 5.60771e-16 1.07725e-17 
1.41533 5.59824e-16 1.07434e-17 
1.41643 5.58621e-16 1.07352e-17 
1.41753 5.58817e-16 1.07210e-17 
1.41863 5.58388e-16 1.07110e-17 
1.41974 5.58066e-16 1.07051e-17 
1.42084 5.57267e-16 1.06838e-17 
1.42194 5.56200e-16 1.06553e-17 
1.42304 5.55450e-16 1.06479e-17 
1.42415 5.54971e-16 1.06336e-17 
1.42525 5.52222e-16 1.05853e-17 
1.42635 5.49283e-16 1.05332e-17 
1.42745 5.46677e-16 1.04870e-17 
1.42856 5.45094e-16 1.04704e-17 
1.42966 5.46050e-16 1.05182e-17 
1.43076 5.46087e-16 1.05576e-17 
1.43186 5.46468e-16 1.05986e-17 
1.43297 5.47554e-16 1.06569e-17 
1.43407 5.47742e-16 1.06486e-17 
1.43517 5.48018e-16 1.06388e-17 
1.43627 5.48800e-16 1.06282e-17 
1.43738 5.49285e-16 1.06356e-17 
1.43848 5.51804e-16 1.06516e-17 
1.43958 5.55173e-16 1.06760e-17 
1.44068 5.57174e-16 1.06947e-17 
1.44179 5.60694e-16 1.07113e-17 
1.44289 5.62700e-16 1.07375e-17 
1.44399 5.64710e-16 1.07748e-17 
1.44509 5.67094e-16 1.08140e-17 
1.44620 5.69277e-16 1.08551e-17 
1.44730 5.72004e-16 1.08990e-17 
1.44840 5.74383e-16 1.09440e-17 
1.44950 5.77573e-16 1.10083e-17 
1.45061 5.81361e-16 1.10816e-17 
1.45171 5.84689e-16 1.11530e-17 
1.45281 5.90847e-16 1.12554e-17 
1.45391 5.96280e-16 1.13612e-17 
1.45502 6.02150e-16 1.14671e-17 
1.45612 6.08108e-16 1.15779e-17 
1.45722 6.08207e-16 1.15897e-17 
1.45832 6.07901e-16 1.16030e-17 
1.45943 6.07431e-16 1.16163e-17 
1.46053 6.06909e-16 1.16296e-17 
1.46163 6.07203e-16 1.16485e-17 
1.46273 6.08783e-16 1.16774e-17 
1.46384 6.09624e-16 1.16867e-17 
1.46494 6.09658e-16 1.17020e-17 
1.46604 6.10986e-16 1.17316e-17 
1.46714 6.10676e-16 1.17350e-17 
1.46825 6.11568e-16 1.17545e-17 
1.46935 6.13245e-16 1.17920e-17 
1.47045 6.15482e-16 1.18188e-17 
1.47155 6.17894e-16 1.18402e-17 
1.47266 6.20576e-16 1.18623e-17 
1.47376 6.24123e-16 1.18862e-17 
1.47486 6.27783e-16 1.19230e-17 
1.47596 6.27771e-16 1.19376e-17 
1.47707 6.27767e-16 1.19520e-17 
1.47817 6.27590e-16 1.19959e-17 
1.47927 6.27928e-16 1.20134e-17 
1.48037 6.30697e-16 1.20567e-17 
1.48148 6.34223e-16 1.21080e-17 
1.48258 6.37489e-16 1.21511e-17 
1.48368 6.40293e-16 1.22134e-17 
1.48479 6.44615e-16 1.22822e-17 
1.48589 6.49349e-16 1.23514e-17 
1.48699 6.53995e-16 1.24100e-17 
1.48809 6.58832e-16 1.24820e-17 
1.48920 6.62077e-16 1.25376e-17 
1.49030 6.64502e-16 1.25709e-17 
1.49140 6.67040e-16 1.26074e-17 
1.49250 6.69318e-16 1.26457e-17 
1.49361 6.71842e-16 1.26839e-17 
1.49471 6.75305e-16 1.27148e-17 
1.49581 6.78768e-16 1.27342e-17 
1.49691 6.82429e-16 1.27706e-17 
1.49802 6.86548e-16 1.28150e-17 
1.49912 6.90290e-16 1.29169e-17 
1.50022 6.93535e-16 1.30246e-17 
1.50132 6.98309e-16 1.31299e-17 
1.50243 7.01920e-16 1.32325e-17 
1.50353 7.06439e-16 1.33050e-17 
1.50463 7.09931e-16 1.33578e-17 
1.50573 7.13988e-16 1.34245e-17 
1.50684 7.18625e-16 1.34864e-17 
1.50794 7.23218e-16 1.36347e-17 
1.50904 7.26941e-16 1.38112e-17 
1.51014 7.31599e-16 1.39953e-17 
1.51125 7.35377e-16 1.41673e-17 
1.51235 7.39343e-16 1.42917e-17 
1.51345 7.43158e-16 1.43560e-17 
1.51455 7.46474e-16 1.44077e-17 
1.51566 7.49761e-16 1.44608e-17 
1.51676 7.52932e-16 1.45431e-17 
1.51786 7.56931e-16 1.47430e-17 
1.51896 7.61092e-16 1.49334e-17 
1.52007 7.64776e-16 1.51188e-17 
1.52117 7.69520e-16 1.53167e-17 
1.52227 7.70175e-16 1.56557e-17 
1.52337 7.72420e-16 1.59584e-17 
1.52448 7.75098e-16 1.63066e-17 
1.52558 7.77290e-16 1.66549e-17 
1.52668 7.81975e-16 1.71291e-17 
1.52778 7.86521e-16 1.76209e-17 
1.52889 7.90316e-16 1.80958e-17 
1.52999 7.94287e-16 1.85783e-17 
1.53109 7.98782e-16 1.90543e-17 
1.53219 8.01823e-16 1.95147e-17 
1.53330 8.06705e-16 2.00146e-17 
1.53440 8.12006e-16 2.05186e-17 
1.53550 8.15640e-16 2.09486e-17 
1.53660 8.19532e-16 2.13248e-17 
1.53771 8.23013e-16 2.16861e-17 
1.53881 8.26205e-16 2.20469e-17 
1.53991 8.29527e-16 2.23707e-17 
1.54101 8.33179e-16 2.25880e-17 
1.54212 8.36559e-16 2.27816e-17 
1.54322 8.39370e-16 2.29727e-17 
1.54432 8.43302e-16 2.31697e-17 
1.54542 8.47305e-16 2.32103e-17 
1.54653 8.51675e-16 2.32540e-17 
1.54763 8.55313e-16 2.32961e-17 
1.54873 8.59317e-16 2.33383e-17 
1.54983 8.62502e-16 2.31791e-17 
1.55094 8.65366e-16 2.30044e-17 
1.55204 8.68236e-16 2.28146e-17 
1.55314 8.71408e-16 2.26376e-17 
1.55424 8.73261e-16 2.23575e-17 
1.55535 8.75667e-16 2.20010e-17 
1.55645 8.77774e-16 2.16315e-17 
1.55755 8.79994e-16 2.12736e-17 
1.55865 8.81842e-16 2.08750e-17 
1.55976 8.83243e-16 2.04372e-17 
1.56086 8.84643e-16 1.99878e-17 
1.56196 8.85832e-16 1.95295e-17 
1.56307 8.87836e-16 1.90984e-17 
1.56417 8.91906e-16 1.87748e-17 
1.56527 8.96907e-16 1.84650e-17 
1.56637 9.01545e-16 1.81417e-17 
1.56748 9.05736e-16 1.78620e-17 
1.56858 9.08103e-16 1.77121e-17 
1.56968 9.10406e-16 1.75660e-17 
1.57078 9.14124e-16 1.74253e-17 
1.57189 9.16081e-16 1.72740e-17 
1.57299 9.16326e-16 1.71581e-17 
1.57409 9.16036e-16 1.70489e-17 
1.57519 9.16056e-16 1.69338e-17 
1.57630 9.15595e-16 1.68107e-17 
1.57740 9.12678e-16 1.67096e-17 
1.57850 9.07227e-16 1.66124e-17 
1.57960 9.02089e-16 1.65138e-17 
1.58071 8.97228e-16 1.64190e-17 
1.58181 8.92776e-16 1.63661e-17 
1.58291 8.91177e-16 1.64136e-17 
1.58401 8.88939e-16 1.64287e-17 
1.58512 8.87213e-16 1.64682e-17 
1.58622 8.86801e-16 1.65108e-17 
1.58732 8.89732e-16 1.65594e-17 
1.58842 8.91365e-16 1.66008e-17 
1.58953 8.94380e-16 1.66464e-17 
1.59063 8.97048e-16 1.66926e-17 
1.59173 9.00101e-16 1.67557e-17 
1.59283 9.03520e-16 1.68453e-17 
1.59394 9.06936e-16 1.69199e-17 
1.59504 9.08924e-16 1.69724e-17 
1.59614 9.12715e-16 1.70212e-17 
1.59724 9.15704e-16 1.70669e-17 
1.59835 9.17626e-16 1.70955e-17 
1.59945 9.19438e-16 1.71150e-17 
1.60055 9.20194e-16 1.71342e-17 
1.60165 9.18987e-16 1.71247e-17 
1.60276 9.17580e-16 1.71096e-17 
1.60386 9.16149e-16 1.70997e-17 
1.60496 9.18469e-16 1.71901e-17 
1.60606 9.28825e-16 1.75185e-17 
1.60717 9.38510e-16 1.78485e-17 
1.60827 9.48627e-16 1.81950e-17 
1.60937 9.57489e-16 1.84865e-17 
1.61047 9.44561e-16 1.81901e-17 
1.61158 9.31112e-16 1.78958e-17 
1.61268 9.18677e-16 1.76031e-17 
1.61378 9.05308e-16 1.73161e-17 
1.61488 9.04133e-16 1.73749e-17 
1.61599 9.04800e-16 1.74861e-17 
1.61709 9.05125e-16 1.75951e-17 
1.61819 9.05952e-16 1.77041e-17 
1.61929 9.05504e-16 1.77734e-17 
1.62040 9.05703e-16 1.78599e-17 
1.62150 9.04730e-16 1.79194e-17 
1.62260 9.04392e-16 1.79872e-17 
1.62370 9.03186e-16 1.80245e-17 
1.62481 9.01766e-16 1.80419e-17 
1.62591 9.00356e-16 1.80681e-17 
1.62701 8.98974e-16 1.80927e-17 
1.62811 8.98983e-16 1.81541e-17 
1.62922 9.04995e-16 1.83507e-17 
1.63032 9.10521e-16 1.85343e-17 
1.63142 9.16008e-16 1.87226e-17 
1.63252 9.21055e-16 1.88992e-17 
1.63363 9.23532e-16 1.89077e-17 
1.63473 9.25221e-16 1.89034e-17 
1.63583 9.26656e-16 1.88994e-17 
1.63693 9.28199e-16 1.89062e-17 
1.63804 9.33216e-16 1.89563e-17 
1.63914 9.38646e-16 1.90106e-17 
1.64024 9.45278e-16 1.90783e-17 
1.64135 9.51326e-16 1.91336e-17 
1.64245 9.55521e-16 1.95443e-17 
1.64355 9.58279e-16 2.01549e-17 
1.64465 9.61205e-16 2.07803e-17 
1.64576 9.65017e-16 2.14069e-17 
1.64686 9.68113e-16 2.18116e-17 
1.64796 9.69633e-16 2.18760e-17 
1.64906 9.71509e-16 2.19589e-17 
1.65017 9.73732e-16 2.20341e-17 
