1.10000 9.24384e-17 1.04546e-19 
1.10430 7.82872e-17 8.78949e-20 
1.10861 6.55203e-17 1.00721e-19 
1.11291 5.42378e-17 8.44981e-20 
1.11722 4.78553e-17 7.33305e-20 
1.12152 4.74972e-17 5.90747e-20 
1.12583 5.08335e-17 6.65701e-20 
1.13013 4.99438e-17 8.42083e-20 
1.13444 4.55385e-17 6.21702e-20 
1.13874 4.44245e-17 4.71351e-20 
1.14305 4.57100e-17 4.17436e-20 
1.14735 4.72537e-17 5.33462e-20 
1.15166 4.77791e-17 5.53256e-20 
1.15596 4.73283e-17 4.51307e-20 
1.16026 4.60916e-17 2.83756e-20 
1.16457 4.54713e-17 4.89830e-20 
1.16887 4.42028e-17 6.06763e-20 
1.17318 4.61902e-17 7.00213e-20 
1.17748 5.10268e-17 7.94969e-20 
1.18179 5.99944e-17 6.86724e-20 
1.18609 7.01392e-17 3.61734e-20 
1.19040 7.92847e-17 1.85210e-20 
1.19470 8.74668e-17 4.33668e-20 
1.19901 9.54195e-17 7.70130e-20 
1.20331 1.03983e-16 8.20224e-20 
1.20762 1.12719e-16 6.35603e-20 
1.21192 1.21898e-16 5.40335e-20 
1.21623 1.31686e-16 5.66682e-20 
1.22053 1.40264e-16 3.94907e-20 
1.22483 1.47898e-16 4.19230e-20 
1.22914 1.54657e-16 5.82477e-20 
1.23344 1.59036e-16 9.69078e-20 
1.23775 1.61319e-16 1.00873e-19 
1.24205 1.62167e-16 9.75291e-20 
1.24636 1.65413e-16 5.90391e-20 
1.25066 1.70076e-16 5.75069e-20 
1.25497 1.79254e-16 8.35639e-20 
1.25927 1.91414e-16 6.49634e-20 
1.26358 1.99580e-16 7.37732e-20 
1.26788 2.02360e-16 1.10747e-19 
1.27219 2.02590e-16 1.16971e-19 
1.27649 1.98722e-16 9.53362e-20 
1.28079 1.94428e-16 9.41710e-20 
1.28510 1.89929e-16 9.88113e-20 
1.28940 1.85495e-16 8.32307e-20 
1.29371 1.80466e-16 5.55612e-20 
1.29801 1.74995e-16 6.72565e-20 
1.30232 1.69662e-16 7.76412e-20 
1.30662 1.63047e-16 7.11765e-20 
1.31093 1.53952e-16 5.26453e-20 
1.31523 1.43774e-16 5.15726e-20 
1.31954 1.29752e-16 4.50282e-20 
1.32384 1.09623e-16 4.42831e-20 
1.32815 8.19436e-17 5.04257e-20 
1.33245 4.99524e-17 4.96253e-20 
1.33676 2.51809e-17 3.16298e-20 
1.34106 1.36171e-17 3.66846e-20 
1.34536 9.30936e-18 2.56798e-20 
1.34967 6.84787e-18 2.01250e-20 
1.35397 5.11940e-18 3.46680e-20 
1.35828 4.59107e-18 3.37744e-20 
1.36258 4.58438e-18 2.37158e-20 
1.36689 4.84882e-18 2.18314e-20 
1.37119 5.11557e-18 2.26055e-20 
1.37550 5.69656e-18 2.06717e-20 
1.37980 6.10385e-18 1.99640e-20 
1.38411 5.77656e-18 2.60464e-20 
1.38841 5.52960e-18 2.78105e-20 
1.39272 5.27915e-18 2.03051e-20 
1.39702 5.09001e-18 2.07819e-20 
1.40132 5.13261e-18 1.80518e-20 
1.40563 5.30833e-18 2.40256e-20 
1.40993 5.09202e-18 1.95257e-20 
1.41424 5.14735e-18 2.24279e-20 
1.41854 5.09902e-18 1.63328e-20 
1.42285 5.54532e-18 2.17700e-20 
1.42715 6.22783e-18 1.89243e-20 
1.43146 6.89029e-18 1.96073e-20 
1.43576 7.32776e-18 2.37797e-20 
1.44007 8.09097e-18 2.09131e-20 
1.44437 9.18990e-18 1.59836e-20 
1.44868 1.08047e-17 2.44322e-20 
1.45298 1.30008e-17 2.90805e-20 
1.45728 1.51946e-17 2.45384e-20 
1.46159 1.56862e-17 1.75586e-20 
1.46589 1.56555e-17 2.29994e-20 
1.47020 1.63928e-17 2.63223e-20 
1.47450 1.77851e-17 3.73879e-20 
1.47881 1.91805e-17 3.35501e-20 
1.48311 2.08418e-17 3.64194e-20 
1.48742 2.22705e-17 2.88766e-20 
1.49172 2.38338e-17 3.44436e-20 
1.49603 2.58240e-17 4.53078e-20 
1.50033 2.84247e-17 3.72766e-20 
1.50464 3.13484e-17 3.03271e-20 
1.50894 3.44104e-17 2.70773e-20 
1.51325 3.80726e-17 4.39679e-20 
1.51755 4.11596e-17 3.82305e-20 
1.52185 4.51841e-17 4.04312e-20 
1.52616 4.90243e-17 3.30060e-20 
1.53046 5.30655e-17 2.47874e-20 
1.53477 5.76820e-17 4.68435e-20 
1.53907 6.21080e-17 4.85186e-20 
1.54338 6.70229e-17 4.65956e-20 
1.54768 7.17464e-17 5.59240e-20 
1.55199 7.58965e-17 4.68468e-20 
1.55629 7.95468e-17 4.25064e-20 
1.56060 8.36851e-17 3.85470e-20 
1.56490 8.79090e-17 3.60847e-20 
1.56921 9.17859e-17 3.46608e-20 
1.57351 9.46117e-17 5.17984e-20 
1.57781 9.63191e-17 4.98336e-20 
1.58212 9.71898e-17 6.07011e-20 
1.58642 9.67360e-17 5.66100e-20 
1.59073 9.46372e-17 5.01221e-20 
1.59503 9.02005e-17 2.90907e-20 
1.59934 8.41464e-17 4.20489e-20 
1.60364 7.63011e-17 4.34909e-20 
1.60795 6.76772e-17 3.19692e-20 
1.61225 5.95304e-17 3.04284e-20 
1.61656 5.18368e-17 4.04178e-20 
1.62086 4.63468e-17 2.95435e-20 
1.62517 4.32741e-17 3.44880e-20 
1.62947 4.17376e-17 3.57802e-20 
1.63377 4.10274e-17 2.59303e-20 
1.63808 4.19438e-17 2.44664e-20 
1.64238 4.38277e-17 3.93292e-20 
1.64669 4.60167e-17 4.30651e-20 
1.65099 4.67936e-17 5.51976e-20 
1.65530 4.59035e-17 5.32259e-20 
1.65960 4.33392e-17 4.29479e-20 
1.66391 3.73355e-17 4.84173e-20 
1.66821 3.12211e-17 3.56768e-20 
1.67252 2.86660e-17 3.17083e-20 
1.67682 3.05392e-17 3.91727e-20 
1.68113 3.35459e-17 3.76673e-20 
1.68543 3.46555e-17 5.39740e-20 
1.68974 3.25727e-17 5.34076e-20 
1.69404 2.91558e-17 1.28586e-19 
1.69834 2.71232e-17 1.66018e-19 
1.70265 2.56095e-17 1.85368e-19 
1.70695 2.43458e-17 2.17598e-19 
1.71126 2.40200e-17 2.86112e-19 
1.71556 2.16494e-17 2.69065e-19 
1.71987 1.99566e-17 3.58473e-19 
1.72417 1.68252e-17 5.31567e-19 
1.72848 1.76719e-17 4.34396e-19 
1.73278 1.39200e-17 7.52716e-19 
1.73709 7.02186e-18 1.00716e-18 
1.74139 8.67544e-19 1.10617e-18 
1.74570 1.15525e-19 1.02406e-18 
