1.10000 3.79509e-17 1.85986e-18 
1.10118 3.81833e-17 1.81828e-18 
1.10237 3.83804e-17 1.77969e-18 
1.10355 3.85882e-17 1.73989e-18 
1.10473 3.82094e-17 1.69323e-18 
1.10592 3.77418e-17 1.64963e-18 
1.10710 3.72560e-17 1.60497e-18 
1.10828 3.67554e-17 1.55884e-18 
1.10947 3.67657e-17 1.53451e-18 
1.11065 3.65737e-17 1.51038e-18 
1.11183 3.63943e-17 1.48567e-18 
1.11302 3.63797e-17 1.46335e-18 
1.11420 3.60916e-17 1.44611e-18 
1.11538 3.59078e-17 1.42922e-18 
1.11657 3.56719e-17 1.41365e-18 
1.11775 3.54652e-17 1.39689e-18 
1.11893 3.55863e-17 1.39263e-18 
1.12012 3.58660e-17 1.38923e-18 
1.12130 3.61845e-17 1.38490e-18 
1.12249 3.65332e-17 1.38074e-18 
1.12367 3.70449e-17 1.38176e-18 
1.12485 3.76851e-17 1.38436e-18 
1.12604 3.81479e-17 1.38453e-18 
1.12722 3.83787e-17 1.38128e-18 
1.12840 3.78746e-17 1.37229e-18 
1.12959 3.73533e-17 1.36334e-18 
1.13077 3.69793e-17 1.35496e-18 
1.13195 3.64508e-17 1.34507e-18 
1.13314 3.58917e-17 1.33233e-18 
1.13432 3.53166e-17 1.32001e-18 
1.13550 3.46664e-17 1.30573e-18 
1.13669 3.44897e-17 1.29686e-18 
1.13787 3.48481e-17 1.29231e-18 
1.13905 3.49930e-17 1.29110e-18 
1.14024 3.50757e-17 1.28585e-18 
1.14142 3.55662e-17 1.28689e-18 
1.14260 3.62437e-17 1.29260e-18 
1.14379 3.69980e-17 1.29812e-18 
1.14497 3.77355e-17 1.30478e-18 
1.14615 3.80310e-17 1.30721e-18 
1.14734 3.79558e-17 1.30779e-18 
1.14852 3.79606e-17 1.30830e-18 
1.14970 3.79605e-17 1.30812e-18 
1.15089 3.81233e-17 1.30739e-18 
1.15207 3.84013e-17 1.30824e-18 
1.15325 3.84801e-17 1.30906e-18 
1.15444 3.87199e-17 1.30996e-18 
1.15562 3.89571e-17 1.31013e-18 
1.15680 3.92933e-17 1.31120e-18 
1.15799 3.94753e-17 1.31231e-18 
1.15917 3.99846e-17 1.31391e-18 
1.16036 4.00986e-17 1.31130e-18 
1.16154 4.01524e-17 1.31142e-18 
1.16272 4.02495e-17 1.31180e-18 
1.16391 4.04556e-17 1.31000e-18 
1.16509 4.00590e-17 1.30091e-18 
1.16627 3.95509e-17 1.29059e-18 
1.16746 3.91892e-17 1.28053e-18 
1.16864 3.88748e-17 1.27140e-18 
1.16982 3.90701e-17 1.26886e-18 
1.17101 3.90470e-17 1.26501e-18 
1.17219 3.92048e-17 1.26226e-18 
1.17337 3.91745e-17 1.25954e-18 
1.17456 3.86913e-17 1.25045e-18 
1.17574 3.82728e-17 1.24117e-18 
1.17692 3.77327e-17 1.23320e-18 
1.17811 3.73720e-17 1.22677e-18 
1.17929 3.78261e-17 1.22550e-18 
1.18047 3.82712e-17 1.22213e-18 
1.18166 3.87002e-17 1.21707e-18 
1.18284 3.91965e-17 1.21797e-18 
1.18402 3.99528e-17 1.22649e-18 
1.18521 4.08207e-17 1.23438e-18 
1.18639 4.15003e-17 1.24194e-18 
1.18757 4.18665e-17 1.24489e-18 
1.18876 4.14985e-17 1.23854e-18 
1.18994 4.11091e-17 1.23089e-18 
1.19112 4.06353e-17 1.22494e-18 
1.19231 4.02395e-17 1.21933e-18 
1.19349 4.02008e-17 1.21554e-18 
1.19467 4.00819e-17 1.21103e-18 
1.19586 3.99630e-17 1.20642e-18 
1.19704 3.98236e-17 1.20122e-18 
1.19822 3.96294e-17 1.19547e-18 
1.19941 3.94503e-17 1.19172e-18 
1.20059 3.93702e-17 1.18955e-18 
1.20178 3.94726e-17 1.18882e-18 
1.20296 3.97276e-17 1.18722e-18 
1.20414 4.00081e-17 1.18741e-18 
1.20533 4.02021e-17 1.18661e-18 
1.20651 4.06067e-17 1.18953e-18 
1.20769 4.08714e-17 1.19291e-18 
1.20888 4.13567e-17 1.19654e-18 
1.21006 4.18643e-17 1.20019e-18 
1.21124 4.20853e-17 1.20315e-18 
1.21243 4.23226e-17 1.20745e-18 
1.21361 4.26917e-17 1.21085e-18 
1.21479 4.30338e-17 1.21445e-18 
1.21598 4.33188e-17 1.21859e-18 
1.21716 4.35131e-17 1.22211e-18 
1.21834 4.38584e-17 1.22397e-18 
1.21953 4.41571e-17 1.22735e-18 
1.22071 4.45425e-17 1.22810e-18 
1.22189 4.48761e-17 1.22874e-18 
1.22308 4.52122e-17 1.22969e-18 
1.22426 4.55111e-17 1.23266e-18 
1.22544 4.57866e-17 1.23526e-18 
1.22663 4.61087e-17 1.23899e-18 
1.22781 4.63211e-17 1.24242e-18 
1.22899 4.65389e-17 1.24712e-18 
1.23018 4.64316e-17 1.24468e-18 
1.23136 4.64681e-17 1.24426e-18 
1.23254 4.64931e-17 1.24206e-18 
1.23373 4.64736e-17 1.23892e-18 
1.23491 4.63026e-17 1.23803e-18 
1.23609 4.60062e-17 1.23384e-18 
1.23728 4.58568e-17 1.23135e-18 
1.23846 4.57051e-17 1.22833e-18 
1.23965 4.54230e-17 1.22103e-18 
1.24083 4.50719e-17 1.21416e-18 
1.24201 4.47983e-17 1.20580e-18 
1.24320 4.45337e-17 1.20269e-18 
1.24438 4.45902e-17 1.19957e-18 
1.24556 4.45142e-17 1.19725e-18 
1.24675 4.42582e-17 1.19431e-18 
1.24793 4.42434e-17 1.19306e-18 
1.24911 4.44562e-17 1.19595e-18 
1.25030 4.47162e-17 1.19749e-18 
1.25148 4.49602e-17 1.20011e-18 
1.25266 4.51955e-17 1.20191e-18 
1.25385 4.55953e-17 1.20698e-18 
1.25503 4.60746e-17 1.21135e-18 
1.25621 4.64865e-17 1.21488e-18 
1.25740 4.71256e-17 1.22369e-18 
1.25858 4.82607e-17 1.23954e-18 
1.25976 4.92721e-17 1.25761e-18 
1.26095 5.03546e-17 1.27380e-18 
1.26213 5.11781e-17 1.28468e-18 
1.26331 5.16506e-17 1.28864e-18 
1.26450 5.20341e-17 1.29431e-18 
1.26568 5.24608e-17 1.30182e-18 
1.26686 5.26788e-17 1.30506e-18 
1.26805 5.26652e-17 1.30314e-18 
1.26923 5.26285e-17 1.30150e-18 
1.27041 5.24296e-17 1.29962e-18 
1.27160 5.27561e-17 1.30315e-18 
1.27278 5.32973e-17 1.30584e-18 
1.27396 5.38610e-17 1.30979e-18 
1.27515 5.44143e-17 1.31547e-18 
1.27633 5.44477e-17 1.31381e-18 
1.27751 5.43551e-17 1.31068e-18 
1.27870 5.42018e-17 1.30557e-18 
1.27988 5.41620e-17 1.30221e-18 
1.28107 5.38720e-17 1.29786e-18 
1.28225 5.34745e-17 1.29235e-18 
1.28343 5.31533e-17 1.28659e-18 
1.28462 5.29166e-17 1.28384e-18 
1.28580 5.32049e-17 1.28550e-18 
1.28698 5.35170e-17 1.29072e-18 
1.28817 5.38679e-17 1.29490e-18 
1.28935 5.43499e-17 1.30337e-18 
1.29053 5.45958e-17 1.30514e-18 
1.29172 5.46498e-17 1.30664e-18 
1.29290 5.48001e-17 1.30914e-18 
1.29408 5.49271e-17 1.31120e-18 
1.29527 5.44811e-17 1.30127e-18 
1.29645 5.39955e-17 1.29350e-18 
1.29763 5.35842e-17 1.28704e-18 
1.29882 5.31083e-17 1.27886e-18 
1.30000 5.30879e-17 1.27659e-18 
1.30118 5.31055e-17 1.27446e-18 
1.30237 5.30117e-17 1.27064e-18 
1.30355 5.30094e-17 1.26889e-18 
1.30473 5.31803e-17 1.27037e-18 
1.30592 5.33627e-17 1.27335e-18 
1.30710 5.34291e-17 1.27263e-18 
1.30828 5.34677e-17 1.27028e-18 
1.30947 5.34555e-17 1.26852e-18 
1.31065 5.34746e-17 1.26841e-18 
1.31183 5.34603e-17 1.26883e-18 
1.31302 5.34320e-17 1.26746e-18 
1.31420 5.34248e-17 1.26900e-18 
1.31538 5.33881e-17 1.27246e-18 
1.31657 5.35152e-17 1.27314e-18 
1.31775 5.33465e-17 1.27290e-18 
1.31893 5.30702e-17 1.27024e-18 
1.32012 5.27637e-17 1.26765e-18 
1.32130 5.25960e-17 1.26517e-18 
1.32249 5.21079e-17 1.25929e-18 
1.32367 5.14029e-17 1.24709e-18 
1.32485 5.06650e-17 1.23529e-18 
1.32604 4.99849e-17 1.22374e-18 
1.32722 4.89823e-17 1.20822e-18 
1.32840 4.78429e-17 1.19073e-18 
1.32959 4.67070e-17 1.17463e-18 
1.33077 4.55459e-17 1.15800e-18 
1.33195 4.41681e-17 1.13920e-18 
1.33314 4.27396e-17 1.11750e-18 
1.33432 4.12598e-17 1.09495e-18 
1.33550 3.97941e-17 1.07426e-18 
1.33669 3.84748e-17 1.05697e-18 
1.33787 3.71904e-17 1.04101e-18 
1.33905 3.59163e-17 1.02482e-18 
1.34024 3.46640e-17 1.00871e-18 
1.34142 3.39518e-17 1.01124e-18 
1.34260 3.34825e-17 1.02075e-18 
1.34379 3.29814e-17 1.02911e-18 
1.34497 3.24716e-17 1.03919e-18 
1.34615 3.20812e-17 1.02482e-18 
1.34734 3.16218e-17 1.00483e-18 
1.34852 3.10790e-17 9.85733e-19 
1.34970 3.06380e-17 9.65345e-19 
1.35089 3.03114e-17 9.53854e-19 
1.35207 2.99810e-17 9.42880e-19 
1.35325 2.97183e-17 9.32478e-19 
1.35444 2.94176e-17 9.23446e-19 
1.35562 2.94126e-17 9.15793e-19 
1.35680 2.92782e-17 9.10027e-19 
1.35799 2.93429e-17 9.03210e-19 
1.35917 2.93817e-17 8.99473e-19 
1.36036 2.95480e-17 9.00355e-19 
1.36154 2.97777e-17 9.03048e-19 
1.36272 2.99554e-17 9.06040e-19 
1.36391 3.01807e-17 9.07496e-19 
1.36509 3.04341e-17 9.05605e-19 
1.36627 3.07294e-17 9.03871e-19 
1.36746 3.11101e-17 9.04210e-19 
1.36864 3.15047e-17 9.04394e-19 
1.36982 3.18998e-17 9.06900e-19 
1.37101 3.22852e-17 9.09680e-19 
1.37219 3.26852e-17 9.11447e-19 
1.37337 3.29131e-17 9.13186e-19 
1.37456 3.28250e-17 9.13921e-19 
1.37574 3.26857e-17 9.16578e-19 
1.37692 3.26802e-17 9.18559e-19 
1.37811 3.25909e-17 9.20411e-19 
1.37929 3.24990e-17 9.21096e-19 
1.38047 3.22975e-17 9.21381e-19 
1.38166 3.21768e-17 9.21718e-19 
1.38284 3.21901e-17 9.21818e-19 
1.38402 3.22360e-17 9.24575e-19 
1.38521 3.22426e-17 9.26527e-19 
1.38639 3.22925e-17 9.29020e-19 
1.38757 3.22915e-17 9.27743e-19 
1.38876 3.22388e-17 9.23104e-19 
1.38994 3.22403e-17 9.18377e-19 
1.39112 3.22493e-17 9.13842e-19 
1.39231 3.22211e-17 9.12593e-19 
1.39349 3.21798e-17 9.14110e-19 
1.39467 3.21739e-17 9.13300e-19 
1.39586 3.21647e-17 9.12296e-19 
1.39704 3.19714e-17 9.10448e-19 
1.39822 3.16996e-17 9.06903e-19 
1.39941 3.14593e-17 9.01839e-19 
1.40059 3.10661e-17 8.97657e-19 
1.40178 3.08933e-17 8.94252e-19 
1.40296 3.07861e-17 8.91406e-19 
1.40414 3.06502e-17 8.89980e-19 
1.40533 3.04917e-17 8.87808e-19 
1.40651 3.03620e-17 8.83013e-19 
1.40769 3.02089e-17 8.79042e-19 
1.40888 3.00772e-17 8.74351e-19 
1.41006 2.99411e-17 8.69884e-19 
1.41124 2.98982e-17 8.66056e-19 
1.41243 2.98089e-17 8.64461e-19 
1.41361 2.96998e-17 8.62578e-19 
1.41479 2.96480e-17 8.61264e-19 
1.41598 2.98234e-17 8.63463e-19 
1.41716 3.00757e-17 8.65088e-19 
1.41834 3.02691e-17 8.67693e-19 
1.41953 3.04574e-17 8.68524e-19 
1.42071 3.06445e-17 8.68690e-19 
1.42189 3.08281e-17 8.69109e-19 
1.42308 3.09786e-17 8.69781e-19 
1.42426 3.11414e-17 8.72805e-19 
1.42544 3.05843e-17 8.65272e-19 
1.42663 3.02399e-17 8.59267e-19 
1.42781 2.98151e-17 8.52339e-19 
1.42899 2.94337e-17 8.47498e-19 
1.43018 2.99193e-17 8.53405e-19 
1.43136 3.04333e-17 8.60161e-19 
1.43254 3.08774e-17 8.66741e-19 
1.43373 3.13358e-17 8.73037e-19 
1.43491 3.17953e-17 8.79107e-19 
1.43609 3.22774e-17 8.83156e-19 
1.43728 3.27688e-17 8.89976e-19 
1.43846 3.30619e-17 8.91807e-19 
1.43965 3.26589e-17 8.86451e-19 
1.44083 3.22531e-17 8.81577e-19 
1.44201 3.19411e-17 8.74100e-19 
1.44320 3.17787e-17 8.71807e-19 
1.44438 3.19319e-17 8.74088e-19 
1.44556 3.21089e-17 8.76520e-19 
1.44675 3.22379e-17 8.79545e-19 
1.44793 3.24098e-17 8.81781e-19 
1.44911 3.27024e-17 8.85102e-19 
1.45030 3.29750e-17 8.89319e-19 
1.45148 3.32555e-17 8.94692e-19 
1.45266 3.35238e-17 8.99748e-19 
1.45385 3.38716e-17 9.03071e-19 
1.45503 3.42017e-17 9.06726e-19 
1.45621 3.44639e-17 9.09817e-19 
1.45740 3.46559e-17 9.14196e-19 
1.45858 3.48638e-17 9.17445e-19 
1.45976 3.50379e-17 9.20072e-19 
1.46095 3.51343e-17 9.22333e-19 
1.46213 3.52947e-17 9.24251e-19 
1.46331 3.53459e-17 9.25542e-19 
1.46450 3.53108e-17 9.25424e-19 
1.46568 3.53229e-17 9.28066e-19 
1.46686 3.55348e-17 9.31112e-19 
1.46805 3.56673e-17 9.35048e-19 
1.46923 3.58087e-17 9.37313e-19 
1.47041 3.59188e-17 9.38974e-19 
1.47160 3.60891e-17 9.40073e-19 
1.47278 3.61915e-17 9.40445e-19 
1.47396 3.63847e-17 9.42960e-19 
1.47515 3.66374e-17 9.43507e-19 
1.47633 3.66929e-17 9.46795e-19 
1.47751 3.67467e-17 9.48885e-19 
1.47870 3.68579e-17 9.50368e-19 
1.47988 3.69104e-17 9.52718e-19 
1.48107 3.71411e-17 9.55271e-19 
1.48225 3.73109e-17 9.57697e-19 
1.48343 3.75195e-17 9.58964e-19 
1.48462 3.77318e-17 9.61823e-19 
1.48580 3.79530e-17 9.64372e-19 
1.48698 3.81676e-17 9.67062e-19 
1.48817 3.83462e-17 9.69974e-19 
1.48935 3.84750e-17 9.72396e-19 
1.49053 3.85654e-17 9.73801e-19 
1.49172 3.87129e-17 9.73587e-19 
1.49290 3.88298e-17 9.73731e-19 
1.49408 3.90615e-17 9.74426e-19 
1.49527 3.93522e-17 9.76283e-19 
1.49645 3.96133e-17 9.79016e-19 
1.49763 3.98348e-17 9.81234e-19 
1.49882 4.01235e-17 9.84506e-19 
1.50000 4.05526e-17 9.90859e-19 
1.50118 4.10148e-17 9.98162e-19 
1.50237 4.14736e-17 1.00500e-18 
1.50355 4.18961e-17 1.01277e-18 
1.50473 4.24299e-17 1.02120e-18 
1.50592 4.29534e-17 1.02820e-18 
1.50710 4.34401e-17 1.03600e-18 
1.50828 4.37715e-17 1.04340e-18 
1.50947 4.38872e-17 1.05267e-18 
1.51065 4.40823e-17 1.06104e-18 
1.51183 4.42879e-17 1.07217e-18 
1.51302 4.42857e-17 1.07483e-18 
1.51420 4.40806e-17 1.07140e-18 
1.51538 4.40651e-17 1.06884e-18 
1.51657 4.40144e-17 1.06704e-18 
1.51775 4.40948e-17 1.07021e-18 
1.51893 4.43238e-17 1.07872e-18 
1.52012 4.45031e-17 1.08897e-18 
1.52130 4.46955e-17 1.09831e-18 
1.52249 4.49389e-17 1.11469e-18 
1.52367 4.52332e-17 1.13609e-18 
1.52485 4.54937e-17 1.15622e-18 
1.52604 4.58011e-17 1.17660e-18 
1.52722 4.61464e-17 1.20298e-18 
1.52840 4.64808e-17 1.23254e-18 
1.52959 4.68546e-17 1.26128e-18 
1.53077 4.72610e-17 1.29037e-18 
1.53195 4.76274e-17 1.32159e-18 
1.53314 4.80062e-17 1.35160e-18 
1.53432 4.83751e-17 1.38061e-18 
1.53550 4.87441e-17 1.41269e-18 
1.53669 4.87317e-17 1.42734e-18 
1.53787 4.85959e-17 1.44038e-18 
1.53905 4.85543e-17 1.45292e-18 
1.54024 4.84513e-17 1.46558e-18 
1.54142 4.86120e-17 1.47551e-18 
1.54260 4.88688e-17 1.48595e-18 
1.54379 4.90931e-17 1.49570e-18 
1.54497 4.92895e-17 1.50582e-18 
1.54615 4.95072e-17 1.50729e-18 
1.54734 4.99281e-17 1.50973e-18 
1.54852 5.01926e-17 1.51111e-18 
1.54970 5.04418e-17 1.51192e-18 
1.55089 5.04613e-17 1.49901e-18 
1.55207 5.05057e-17 1.48647e-18 
1.55325 5.06137e-17 1.47015e-18 
1.55444 5.06944e-17 1.45724e-18 
1.55562 5.08607e-17 1.43581e-18 
1.55680 5.09651e-17 1.41421e-18 
1.55799 5.11463e-17 1.39390e-18 
1.55917 5.12998e-17 1.37497e-18 
1.56036 5.15500e-17 1.35255e-18 
1.56154 5.17279e-17 1.32997e-18 
1.56272 5.18709e-17 1.30740e-18 
1.56391 5.20406e-17 1.28390e-18 
1.56509 5.22657e-17 1.26529e-18 
1.56627 5.24759e-17 1.24786e-18 
1.56746 5.26090e-17 1.22868e-18 
1.56864 5.28166e-17 1.21647e-18 
1.56982 5.29994e-17 1.21035e-18 
1.57101 5.32093e-17 1.20550e-18 
1.57219 5.34073e-17 1.20027e-18 
1.57337 5.34912e-17 1.19516e-18 
1.57456 5.35145e-17 1.19003e-18 
1.57574 5.34589e-17 1.18510e-18 
1.57692 5.33839e-17 1.17944e-18 
1.57811 5.32812e-17 1.17403e-18 
1.57929 5.30411e-17 1.16899e-18 
1.58047 5.28507e-17 1.16478e-18 
1.58166 5.27012e-17 1.16242e-18 
1.58284 5.26766e-17 1.16355e-18 
1.58402 5.27548e-17 1.16921e-18 
1.58521 5.28187e-17 1.17562e-18 
1.58639 5.29930e-17 1.18153e-18 
1.58757 5.33348e-17 1.18790e-18 
1.58876 5.38177e-17 1.19735e-18 
1.58994 5.44704e-17 1.20590e-18 
1.59112 5.50073e-17 1.21348e-18 
1.59231 5.54651e-17 1.22144e-18 
1.59349 5.59383e-17 1.22903e-18 
1.59467 5.63891e-17 1.23865e-18 
1.59586 5.67918e-17 1.24432e-18 
1.59704 5.66776e-17 1.24403e-18 
1.59822 5.64839e-17 1.24255e-18 
1.59941 5.63254e-17 1.23807e-18 
1.60059 5.61463e-17 1.23494e-18 
1.60178 5.62398e-17 1.23950e-18 
1.60296 5.65594e-17 1.24365e-18 
1.60414 5.68748e-17 1.24919e-18 
1.60533 5.71829e-17 1.25516e-18 
1.60651 5.65109e-17 1.24566e-18 
1.60769 5.57710e-17 1.23536e-18 
1.60888 5.50692e-17 1.22784e-18 
1.61006 5.43459e-17 1.21632e-18 
1.61124 5.43158e-17 1.22067e-18 
1.61243 5.43804e-17 1.22525e-18 
1.61361 5.43699e-17 1.22988e-18 
1.61479 5.43516e-17 1.23398e-18 
1.61598 5.46219e-17 1.24498e-18 
1.61716 5.48991e-17 1.25466e-18 
1.61834 5.50961e-17 1.26357e-18 
1.61953 5.52098e-17 1.27194e-18 
1.62071 5.48633e-17 1.27048e-18 
1.62189 5.45301e-17 1.26876e-18 
1.62308 5.41460e-17 1.26735e-18 
1.62426 5.39204e-17 1.26648e-18 
1.62544 5.40325e-17 1.27202e-18 
1.62663 5.41710e-17 1.27650e-18 
1.62781 5.42044e-17 1.28065e-18 
1.62899 5.43909e-17 1.28792e-18 
1.63018 5.46873e-17 1.29830e-18 
1.63136 5.48945e-17 1.30630e-18 
1.63254 5.51302e-17 1.31576e-18 
1.63373 5.52662e-17 1.32023e-18 
1.63491 5.55023e-17 1.32177e-18 
1.63609 5.56902e-17 1.32523e-18 
1.63728 5.57852e-17 1.32601e-18 
1.63846 5.59684e-17 1.32688e-18 
1.63964 5.62571e-17 1.32878e-18 
1.64083 5.65679e-17 1.33115e-18 
1.64201 5.67205e-17 1.33319e-18 
1.64320 5.68934e-17 1.35444e-18 
1.64438 5.69590e-17 1.39245e-18 
1.64556 5.70124e-17 1.42856e-18 
1.64675 5.72145e-17 1.46589e-18 
1.64793 5.72440e-17 1.47945e-18 
1.64911 5.74072e-17 1.47847e-18 
1.65030 5.74210e-17 1.47543e-18 
1.65148 5.73704e-17 1.47137e-18 
1.65266 5.73566e-17 1.46224e-18 
1.65385 5.74805e-17 1.45158e-18 
1.65503 5.74878e-17 1.43971e-18 
1.65621 5.75011e-17 1.42784e-18 
1.65740 5.74272e-17 1.41804e-18 
1.65858 5.75324e-17 1.40855e-18 
1.65976 5.75378e-17 1.40086e-18 
1.66095 5.75117e-17 1.38968e-18 
1.66213 5.76331e-17 1.41475e-18 
1.66331 5.77136e-17 1.44808e-18 
1.66450 5.78954e-17 1.48057e-18 
1.66568 5.80367e-17 1.51084e-18 
1.66686 5.78895e-17 1.60335e-18 
1.66805 5.75600e-17 1.69920e-18 
1.66923 5.72733e-17 1.79502e-18 
1.67041 5.69486e-17 1.89044e-18 
1.67160 5.61963e-17 2.13026e-18 
1.67278 5.53477e-17 2.36874e-18 
1.67396 5.46800e-17 2.61372e-18 
1.67515 5.39318e-17 2.85286e-18 
1.67633 5.37063e-17 3.07857e-18 
1.67751 5.35302e-17 3.30541e-18 
1.67870 5.32881e-17 3.53822e-18 
1.67988 5.32032e-17 3.78144e-18 
1.68107 5.30255e-17 4.06648e-18 
1.68225 5.27012e-17 4.33518e-18 
1.68343 5.26800e-17 4.62955e-18 
1.68462 5.25122e-17 4.89602e-18 
1.68580 5.22803e-17 5.11329e-18 
1.68698 5.19093e-17 5.31678e-18 
1.68817 5.16140e-17 5.52934e-18 
1.68935 5.13896e-17 5.75795e-18 
1.69053 5.08094e-17 5.94396e-18 
