1.07097 3.05138e-16 3.05138e-18 
1.07561 3.17788e-16 3.17788e-18 
1.08025 3.39897e-16 3.39897e-18 
1.08489 3.53988e-16 3.53988e-18 
1.08953 3.44956e-16 3.44956e-18 
1.09418 3.20901e-16 3.20901e-18 
1.09882 3.01469e-16 3.01469e-18 
1.10346 2.77868e-16 2.77868e-18 
1.10810 2.79597e-16 2.79597e-18 
1.11274 2.61557e-16 2.61557e-18 
1.11739 2.53141e-16 2.53141e-18 
1.12203 2.53326e-16 2.53326e-18 
1.12667 2.62479e-16 2.62479e-18 
1.13131 2.59080e-16 2.59080e-18 
1.13595 2.39551e-16 2.39551e-18 
1.14060 2.39817e-16 2.39817e-18 
1.14524 2.47049e-16 2.47049e-18 
1.14988 2.69392e-16 2.69392e-18 
1.15452 2.71779e-16 2.71779e-18 
1.15917 2.70540e-16 2.70540e-18 
1.16381 2.68665e-16 2.68665e-18 
1.16845 2.63988e-16 2.63988e-18 
1.17309 2.58060e-16 2.58060e-18 
1.17773 2.65680e-16 2.65680e-18 
1.18238 2.81046e-16 2.81046e-18 
1.18702 3.08776e-16 3.08776e-18 
1.19166 3.23659e-16 3.23659e-18 
1.19630 3.37714e-16 3.37714e-18 
1.20094 3.48131e-16 3.48131e-18 
1.20559 3.59514e-16 3.59514e-18 
1.21023 3.73142e-16 3.73142e-18 
1.21487 3.82018e-16 3.82018e-18 
1.21951 3.95856e-16 3.95856e-18 
1.22415 4.04713e-16 4.04713e-18 
1.22880 4.14006e-16 4.14006e-18 
1.23344 4.26662e-16 4.26662e-18 
1.23808 4.28158e-16 4.28158e-18 
1.24272 4.20208e-16 4.20208e-18 
1.24736 4.23168e-16 4.23168e-18 
1.25201 4.25891e-16 4.25891e-18 
1.25665 4.34249e-16 4.34249e-18 
1.26129 4.57625e-16 4.57625e-18 
1.26593 4.67808e-16 4.67808e-18 
1.27057 4.71416e-16 4.71416e-18 
1.27522 4.69332e-16 4.69332e-18 
1.27986 4.69154e-16 4.69154e-18 
1.28450 4.64765e-16 4.64765e-18 
1.28914 4.61119e-16 4.61119e-18 
1.29378 4.62635e-16 4.62635e-18 
1.29843 4.57920e-16 4.57920e-18 
1.30307 4.47918e-16 4.47918e-18 
1.30771 4.50781e-16 4.50781e-18 
1.31235 4.45021e-16 4.45021e-18 
1.31699 4.33727e-16 4.33727e-18 
1.32164 4.17418e-16 4.17418e-18 
1.32628 3.82163e-16 3.82163e-18 
1.33092 3.18629e-16 3.18629e-18 
1.33556 2.28870e-16 2.28870e-18 
1.34020 1.70963e-16 1.70963e-18 
1.34485 1.46798e-16 1.46798e-18 
1.34949 1.28220e-16 1.28220e-18 
1.35413 1.15589e-16 1.15589e-18 
1.35877 1.12100e-16 1.12100e-18 
1.36341 1.14638e-16 1.14638e-18 
1.36806 1.22573e-16 1.22573e-18 
1.37270 1.21252e-16 1.21252e-18 
1.37734 1.28288e-16 1.28288e-18 
1.38198 1.32297e-16 1.32297e-18 
1.38662 1.32399e-16 1.32399e-18 
1.39127 1.31827e-16 1.31827e-18 
1.39591 1.25663e-16 1.25663e-18 
1.40055 1.22904e-16 1.22904e-18 
1.40519 1.23390e-16 1.23390e-18 
1.40983 1.17857e-16 1.17857e-18 
1.41448 1.15567e-16 1.15567e-18 
1.41912 1.13872e-16 1.13872e-18 
1.42376 1.13351e-16 1.13351e-18 
1.42840 1.16085e-16 1.16085e-18 
1.43305 1.22986e-16 1.22986e-18 
1.43769 1.26556e-16 1.26556e-18 
1.44233 1.30886e-16 1.30886e-18 
1.44697 1.38288e-16 1.38288e-18 
1.45161 1.52984e-16 1.52984e-18 
1.45626 1.64841e-16 1.64841e-18 
1.46090 1.72148e-16 1.72148e-18 
1.46554 1.71466e-16 1.71466e-18 
1.47018 1.72679e-16 1.72679e-18 
1.47482 1.81983e-16 1.81983e-18 
1.47947 1.89454e-16 1.89454e-18 
1.48411 1.96361e-16 1.96361e-18 
1.48875 2.02540e-16 2.02540e-18 
1.49339 2.07991e-16 2.07991e-18 
1.49803 2.13551e-16 2.13551e-18 
1.50268 2.22725e-16 2.22725e-18 
1.50732 2.36915e-16 2.36915e-18 
1.51196 2.48567e-16 2.48567e-18 
1.51660 2.57807e-16 2.57807e-18 
1.52124 2.68564e-16 2.68564e-18 
1.52589 2.80669e-16 2.80669e-18 
1.53053 2.93001e-16 2.93001e-18 
1.53517 3.03496e-16 3.03496e-18 
1.53981 3.14263e-16 3.14263e-18 
1.54445 3.25532e-16 3.25532e-18 
1.54910 3.40307e-16 3.40307e-18 
1.55374 3.45272e-16 3.45272e-18 
1.55838 3.48136e-16 3.48136e-18 
1.56302 3.59669e-16 3.59669e-18 
1.56766 3.74690e-16 3.74690e-18 
1.57231 3.81354e-16 3.81354e-18 
1.57695 3.87541e-16 3.87541e-18 
1.58159 3.98388e-16 3.98388e-18 
1.58623 4.07723e-16 4.07723e-18 
1.59087 4.13227e-16 4.13227e-18 
1.59552 4.19298e-16 4.19298e-18 
1.60016 4.21436e-16 4.21436e-18 
1.60480 4.19639e-16 4.19639e-18 
1.60944 4.19622e-16 4.19622e-18 
1.61408 4.19569e-16 4.19569e-18 
1.61873 4.19790e-16 4.19790e-18 
1.62337 4.18682e-16 4.18682e-18 
1.62801 4.16507e-16 4.16507e-18 
1.63265 4.19196e-16 4.19196e-18 
1.63729 4.22824e-16 4.22824e-18 
1.64194 4.23855e-16 4.23855e-18 
1.64658 4.26416e-16 4.26416e-18 
1.65122 4.27834e-16 4.27834e-18 
1.65586 4.28137e-16 4.28137e-18 
1.66050 4.21091e-16 4.21091e-18 
1.66515 4.18023e-16 4.18023e-18 
