1.10000 1.14010e-16 3.05504e-18 
1.10110 1.14274e-16 3.06270e-18 
1.10221 1.14499e-16 3.06789e-18 
1.10331 1.15032e-16 3.06989e-18 
1.10441 1.14475e-16 3.01940e-18 
1.10551 1.13744e-16 2.95332e-18 
1.10662 1.13258e-16 2.89150e-18 
1.10772 1.12952e-16 2.83257e-18 
1.10882 1.12501e-16 2.79467e-18 
1.10992 1.11677e-16 2.76779e-18 
1.11103 1.11121e-16 2.74238e-18 
1.11213 1.10158e-16 2.71942e-18 
1.11323 1.09532e-16 2.69122e-18 
1.11433 1.09007e-16 2.66736e-18 
1.11544 1.08980e-16 2.64085e-18 
1.11654 1.08492e-16 2.61473e-18 
1.11764 1.08360e-16 2.58959e-18 
1.11874 1.08087e-16 2.58195e-18 
1.11985 1.08085e-16 2.58075e-18 
1.12095 1.08153e-16 2.57665e-18 
1.12205 1.08326e-16 2.57772e-18 
1.12315 1.08784e-16 2.58113e-18 
1.12426 1.09354e-16 2.58486e-18 
1.12536 1.09922e-16 2.58909e-18 
1.12646 1.10551e-16 2.59057e-18 
1.12756 1.11064e-16 2.59093e-18 
1.12867 1.11314e-16 2.59140e-18 
1.12977 1.11383e-16 2.59179e-18 
1.13087 1.11849e-16 2.59222e-18 
1.13197 1.11055e-16 2.57428e-18 
1.13308 1.09990e-16 2.55454e-18 
1.13418 1.08439e-16 2.52977e-18 
1.13528 1.06882e-16 2.50942e-18 
1.13638 1.06161e-16 2.48842e-18 
1.13749 1.07207e-16 2.49843e-18 
1.13859 1.06595e-16 2.48592e-18 
1.13969 1.07098e-16 2.49095e-18 
1.14079 1.07497e-16 2.49396e-18 
1.14190 1.08040e-16 2.49882e-18 
1.14300 1.08946e-16 2.50393e-18 
1.14410 1.09897e-16 2.52240e-18 
1.14520 1.11126e-16 2.53596e-18 
1.14631 1.12421e-16 2.55584e-18 
1.14741 1.13685e-16 2.57967e-18 
1.14851 1.15286e-16 2.60405e-18 
1.14961 1.17061e-16 2.62843e-18 
1.15072 1.17197e-16 2.63388e-18 
1.15182 1.17183e-16 2.62953e-18 
1.15292 1.16739e-16 2.61656e-18 
1.15402 1.15933e-16 2.60318e-18 
1.15513 1.16336e-16 2.60527e-18 
1.15623 1.17331e-16 2.62323e-18 
1.15733 1.17671e-16 2.63159e-18 
1.15843 1.17751e-16 2.63475e-18 
1.15954 1.17649e-16 2.63664e-18 
1.16064 1.17460e-16 2.63561e-18 
1.16174 1.17352e-16 2.62727e-18 
1.16284 1.17061e-16 2.62113e-18 
1.16395 1.17142e-16 2.61223e-18 
1.16505 1.16532e-16 2.60527e-18 
1.16615 1.16137e-16 2.59575e-18 
1.16725 1.16191e-16 2.59038e-18 
1.16836 1.15822e-16 2.58400e-18 
1.16946 1.15591e-16 2.57937e-18 
1.17056 1.15407e-16 2.57477e-18 
1.17166 1.15448e-16 2.57055e-18 
1.17277 1.14744e-16 2.56556e-18 
1.17387 1.14915e-16 2.57412e-18 
1.17497 1.15310e-16 2.58632e-18 
1.17607 1.15891e-16 2.59504e-18 
1.17718 1.16201e-16 2.60588e-18 
1.17828 1.16892e-16 2.61488e-18 
1.17938 1.18216e-16 2.62307e-18 
1.18049 1.19388e-16 2.63108e-18 
1.18159 1.20711e-16 2.63054e-18 
1.18269 1.21952e-16 2.63693e-18 
1.18379 1.23192e-16 2.65301e-18 
1.18490 1.24555e-16 2.67221e-18 
1.18600 1.25919e-16 2.69243e-18 
1.18710 1.27563e-16 2.71678e-18 
1.18820 1.28087e-16 2.72177e-18 
1.18931 1.28623e-16 2.72959e-18 
1.19041 1.29032e-16 2.73786e-18 
1.19151 1.29554e-16 2.74600e-18 
1.19261 1.30324e-16 2.75608e-18 
1.19372 1.31277e-16 2.76673e-18 
1.19482 1.31733e-16 2.77717e-18 
1.19592 1.32132e-16 2.78357e-18 
1.19702 1.32587e-16 2.79119e-18 
1.19813 1.33393e-16 2.79639e-18 
1.19923 1.33479e-16 2.80225e-18 
1.20033 1.33142e-16 2.80459e-18 
1.20143 1.33987e-16 2.81374e-18 
1.20254 1.35086e-16 2.82142e-18 
1.20364 1.35916e-16 2.83587e-18 
1.20474 1.37041e-16 2.85198e-18 
1.20584 1.38298e-16 2.86749e-18 
1.20695 1.39187e-16 2.88683e-18 
1.20805 1.39993e-16 2.90042e-18 
1.20915 1.41163e-16 2.91610e-18 
1.21025 1.41843e-16 2.93074e-18 
1.21136 1.42882e-16 2.94350e-18 
1.21246 1.42900e-16 2.94388e-18 
1.21356 1.43199e-16 2.94139e-18 
1.21466 1.43878e-16 2.95240e-18 
1.21577 1.44758e-16 2.96776e-18 
1.21687 1.45577e-16 2.98136e-18 
1.21797 1.47034e-16 3.00590e-18 
1.21907 1.48194e-16 3.03309e-18 
1.22018 1.49095e-16 3.05013e-18 
1.22128 1.49684e-16 3.05390e-18 
1.22238 1.50684e-16 3.05767e-18 
1.22348 1.51156e-16 3.05845e-18 
1.22459 1.51598e-16 3.06210e-18 
1.22569 1.51930e-16 3.07096e-18 
1.22679 1.52246e-16 3.07836e-18 
1.22789 1.52623e-16 3.09084e-18 
1.22900 1.53008e-16 3.10068e-18 
1.23010 1.53288e-16 3.10392e-18 
1.23120 1.53953e-16 3.11703e-18 
1.23230 1.54248e-16 3.11827e-18 
1.23341 1.54716e-16 3.12245e-18 
1.23451 1.54552e-16 3.12264e-18 
1.23561 1.54409e-16 3.11325e-18 
1.23671 1.54691e-16 3.12318e-18 
1.23782 1.54778e-16 3.12324e-18 
1.23892 1.54948e-16 3.12353e-18 
1.24002 1.54835e-16 3.12177e-18 
1.24112 1.54512e-16 3.11862e-18 
1.24223 1.54427e-16 3.11686e-18 
1.24333 1.54636e-16 3.11897e-18 
1.24443 1.54593e-16 3.12010e-18 
1.24553 1.54490e-16 3.11253e-18 
1.24664 1.54644e-16 3.11917e-18 
1.24774 1.55127e-16 3.12536e-18 
1.24884 1.55753e-16 3.13173e-18 
1.24994 1.56389e-16 3.14105e-18 
1.25105 1.56774e-16 3.14861e-18 
1.25215 1.57128e-16 3.15575e-18 
1.25325 1.57757e-16 3.16536e-18 
1.25436 1.57928e-16 3.16995e-18 
1.25546 1.58383e-16 3.17073e-18 
1.25656 1.58681e-16 3.17963e-18 
1.25766 1.59687e-16 3.19486e-18 
1.25877 1.61376e-16 3.21728e-18 
1.25987 1.63099e-16 3.24537e-18 
1.26097 1.64823e-16 3.27246e-18 
1.26207 1.65681e-16 3.28843e-18 
1.26318 1.66199e-16 3.29529e-18 
1.26428 1.66738e-16 3.31021e-18 
1.26538 1.67056e-16 3.31981e-18 
1.26648 1.67501e-16 3.31966e-18 
1.26759 1.67493e-16 3.32339e-18 
1.26869 1.67784e-16 3.32533e-18 
1.26979 1.67990e-16 3.33036e-18 
1.27089 1.67977e-16 3.33003e-18 
1.27200 1.67813e-16 3.32522e-18 
1.27310 1.67714e-16 3.31871e-18 
1.27420 1.67615e-16 3.31436e-18 
1.27530 1.67786e-16 3.31084e-18 
1.27641 1.67969e-16 3.31094e-18 
1.27751 1.68349e-16 3.31199e-18 
1.27861 1.68968e-16 3.31744e-18 
1.27971 1.69264e-16 3.31236e-18 
1.28082 1.69426e-16 3.31327e-18 
1.28192 1.69541e-16 3.31800e-18 
1.28302 1.69224e-16 3.31130e-18 
1.28412 1.69508e-16 3.31981e-18 
1.28523 1.69477e-16 3.31890e-18 
1.28633 1.69762e-16 3.32569e-18 
1.28743 1.70095e-16 3.33244e-18 
1.28853 1.69718e-16 3.33437e-18 
1.28964 1.70266e-16 3.34328e-18 
1.29074 1.71216e-16 3.36032e-18 
1.29184 1.71765e-16 3.37454e-18 
1.29294 1.72321e-16 3.38329e-18 
1.29405 1.73173e-16 3.39981e-18 
1.29515 1.72885e-16 3.39101e-18 
1.29625 1.72420e-16 3.38000e-18 
1.29735 1.71810e-16 3.36847e-18 
1.29846 1.71414e-16 3.36281e-18 
1.29956 1.71287e-16 3.35877e-18 
1.30066 1.71231e-16 3.35926e-18 
1.30176 1.70786e-16 3.34913e-18 
1.30287 1.71055e-16 3.34622e-18 
1.30397 1.71084e-16 3.34549e-18 
1.30507 1.71169e-16 3.34597e-18 
1.30617 1.71071e-16 3.34516e-18 
1.30728 1.71202e-16 3.34620e-18 
1.30838 1.71286e-16 3.34547e-18 
1.30948 1.71081e-16 3.34558e-18 
1.31058 1.70830e-16 3.34185e-18 
1.31169 1.70744e-16 3.33508e-18 
1.31279 1.70430e-16 3.33095e-18 
1.31389 1.70398e-16 3.33577e-18 
1.31499 1.69623e-16 3.32798e-18 
1.31610 1.69213e-16 3.33066e-18 
1.31720 1.69155e-16 3.33308e-18 
1.31830 1.68588e-16 3.33274e-18 
1.31940 1.68033e-16 3.33103e-18 
1.32051 1.67600e-16 3.33177e-18 
1.32161 1.66836e-16 3.32548e-18 
1.32271 1.65006e-16 3.29690e-18 
1.32381 1.63015e-16 3.26696e-18 
1.32492 1.61118e-16 3.23452e-18 
1.32602 1.59157e-16 3.20074e-18 
1.32712 1.56587e-16 3.16256e-18 
1.32822 1.52914e-16 3.10329e-18 
1.32933 1.49221e-16 3.04614e-18 
1.33043 1.45566e-16 2.98991e-18 
1.33153 1.41100e-16 2.91620e-18 
1.33264 1.35275e-16 2.82149e-18 
1.33374 1.29559e-16 2.72876e-18 
1.33484 1.23902e-16 2.63999e-18 
1.33594 1.18550e-16 2.55384e-18 
1.33705 1.14776e-16 2.49621e-18 
1.33815 1.11006e-16 2.44579e-18 
1.33925 1.07378e-16 2.38627e-18 
1.34035 1.03484e-16 2.32800e-18 
1.34146 1.01480e-16 2.35586e-18 
1.34256 9.96659e-17 2.38594e-18 
1.34366 9.79209e-17 2.41057e-18 
1.34476 9.56836e-17 2.43478e-18 
1.34587 9.41780e-17 2.39443e-18 
1.34697 9.29660e-17 2.33411e-18 
1.34807 9.14293e-17 2.27379e-18 
1.34917 9.03077e-17 2.21348e-18 
1.35028 8.90123e-17 2.15904e-18 
1.35138 8.76167e-17 2.10988e-18 
1.35248 8.61758e-17 2.06073e-18 
1.35358 8.45948e-17 2.00969e-18 
1.35469 8.36558e-17 1.97560e-18 
1.35579 8.36119e-17 1.95973e-18 
1.35689 8.37087e-17 1.94402e-18 
1.35799 8.37063e-17 1.93290e-18 
1.35910 8.38569e-17 1.92038e-18 
1.36020 8.44909e-17 1.92588e-18 
1.36130 8.52377e-17 1.93056e-18 
1.36240 8.61021e-17 1.94148e-18 
1.36351 8.68265e-17 1.94422e-18 
1.36461 8.74821e-17 1.94761e-18 
1.36571 8.85314e-17 1.94384e-18 
1.36681 8.88938e-17 1.93668e-18 
1.36792 8.95494e-17 1.93054e-18 
1.36902 8.97629e-17 1.92699e-18 
1.37012 9.03998e-17 1.92538e-18 
1.37122 9.03458e-17 1.91648e-18 
1.37233 9.05633e-17 1.91501e-18 
1.37343 9.07415e-17 1.91836e-18 
1.37453 9.07642e-17 1.92729e-18 
1.37563 9.10476e-17 1.93052e-18 
1.37674 9.17827e-17 1.94330e-18 
1.37784 9.18998e-17 1.95030e-18 
1.37894 9.20612e-17 1.95998e-18 
1.38004 9.29162e-17 1.97934e-18 
1.38115 9.33415e-17 1.98852e-18 
1.38225 9.36299e-17 1.99721e-18 
1.38335 9.35452e-17 1.99894e-18 
1.38445 9.38453e-17 1.99975e-18 
1.38556 9.36380e-17 2.00055e-18 
1.38666 9.35032e-17 1.99934e-18 
1.38776 9.36421e-17 1.99736e-18 
1.38886 9.36162e-17 1.99438e-18 
1.38997 9.37955e-17 1.99151e-18 
1.39107 9.36053e-17 1.98425e-18 
1.39217 9.34992e-17 1.97821e-18 
1.39327 9.31291e-17 1.97059e-18 
1.39438 9.27150e-17 1.96307e-18 
1.39548 9.22815e-17 1.95550e-18 
1.39658 9.19575e-17 1.94699e-18 
1.39768 9.13778e-17 1.93743e-18 
1.39879 9.10274e-17 1.92716e-18 
1.39989 9.06945e-17 1.92309e-18 
1.40099 9.03442e-17 1.91844e-18 
1.40209 9.03051e-17 1.92325e-18 
1.40320 9.04962e-17 1.92918e-18 
1.40430 9.06715e-17 1.93604e-18 
1.40540 9.07063e-17 1.94298e-18 
1.40650 8.98891e-17 1.92771e-18 
1.40761 8.92588e-17 1.91243e-18 
1.40871 8.82317e-17 1.89715e-18 
1.40981 8.75433e-17 1.87962e-18 
1.41092 8.74724e-17 1.86830e-18 
1.41202 8.71081e-17 1.85654e-18 
1.41312 8.71148e-17 1.84899e-18 
1.41422 8.70732e-17 1.84030e-18 
1.41533 8.66287e-17 1.82801e-18 
1.41643 8.58857e-17 1.82433e-18 
1.41753 8.52278e-17 1.80719e-18 
1.41863 8.50750e-17 1.80514e-18 
1.41974 8.50069e-17 1.80236e-18 
1.42084 8.52265e-17 1.80553e-18 
1.42194 8.53330e-17 1.80774e-18 
1.42304 8.52282e-17 1.80919e-18 
1.42415 8.55016e-17 1.81011e-18 
1.42525 8.55497e-17 1.81248e-18 
1.42635 8.56231e-17 1.81264e-18 
1.42745 8.57046e-17 1.81343e-18 
1.42856 8.59012e-17 1.81386e-18 
1.42966 8.63926e-17 1.82953e-18 
1.43076 8.68901e-17 1.83739e-18 
1.43186 8.73472e-17 1.85105e-18 
1.43297 8.78853e-17 1.86309e-18 
1.43407 8.85769e-17 1.87452e-18 
1.43517 8.93071e-17 1.88434e-18 
1.43627 8.99792e-17 1.89431e-18 
1.43738 9.08753e-17 1.90708e-18 
1.43848 9.14813e-17 1.91755e-18 
1.43958 9.21255e-17 1.92067e-18 
1.44068 9.26440e-17 1.92378e-18 
1.44179 9.29982e-17 1.92416e-18 
1.44289 9.32897e-17 1.93019e-18 
1.44399 9.43350e-17 1.94622e-18 
1.44509 9.50916e-17 1.96412e-18 
1.44620 9.60045e-17 1.97824e-18 
1.44730 9.69308e-17 1.99223e-18 
1.44840 9.79121e-17 2.00973e-18 
1.44950 9.92154e-17 2.03248e-18 
1.45061 1.00294e-16 2.05262e-18 
1.45171 1.01554e-16 2.07426e-18 
1.45281 1.02906e-16 2.09324e-18 
1.45391 1.04282e-16 2.11335e-18 
1.45502 1.05657e-16 2.13542e-18 
1.45612 1.06748e-16 2.15840e-18 
1.45722 1.07614e-16 2.17482e-18 
1.45832 1.08398e-16 2.19076e-18 
1.45943 1.09261e-16 2.21240e-18 
1.46053 1.10113e-16 2.22772e-18 
1.46163 1.10528e-16 2.24006e-18 
1.46273 1.10460e-16 2.23657e-18 
1.46384 1.10076e-16 2.23109e-18 
1.46494 1.09671e-16 2.22078e-18 
1.46604 1.09382e-16 2.21859e-18 
1.46714 1.09454e-16 2.22042e-18 
1.46825 1.09584e-16 2.22197e-18 
1.46935 1.09490e-16 2.22643e-18 
1.47045 1.09699e-16 2.23047e-18 
1.47155 1.10846e-16 2.24548e-18 
1.47266 1.11945e-16 2.25741e-18 
1.47376 1.12972e-16 2.27412e-18 
1.47486 1.13708e-16 2.28305e-18 
1.47596 1.14560e-16 2.29611e-18 
1.47707 1.15162e-16 2.31138e-18 
1.47817 1.15320e-16 2.31563e-18 
1.47927 1.15852e-16 2.32765e-18 
1.48037 1.16593e-16 2.34180e-18 
1.48148 1.17714e-16 2.36138e-18 
1.48258 1.18708e-16 2.37732e-18 
1.48368 1.19525e-16 2.38834e-18 
1.48479 1.20119e-16 2.39807e-18 
1.48589 1.20928e-16 2.40737e-18 
1.48699 1.21878e-16 2.42288e-18 
1.48809 1.22367e-16 2.42638e-18 
1.48920 1.22523e-16 2.42932e-18 
1.49030 1.22992e-16 2.43207e-18 
1.49140 1.23462e-16 2.43797e-18 
1.49250 1.23959e-16 2.44891e-18 
1.49361 1.24401e-16 2.44894e-18 
1.49471 1.25080e-16 2.45852e-18 
1.49581 1.25956e-16 2.46923e-18 
1.49691 1.26794e-16 2.47584e-18 
1.49802 1.27461e-16 2.48068e-18 
1.49912 1.28191e-16 2.49711e-18 
1.50022 1.28945e-16 2.51705e-18 
1.50132 1.29700e-16 2.53646e-18 
1.50243 1.30546e-16 2.55710e-18 
1.50353 1.31410e-16 2.57179e-18 
1.50463 1.32597e-16 2.59108e-18 
1.50573 1.33658e-16 2.60639e-18 
1.50684 1.34290e-16 2.62094e-18 
1.50794 1.35368e-16 2.64082e-18 
1.50904 1.36394e-16 2.67428e-18 
1.51014 1.37200e-16 2.70627e-18 
1.51125 1.37934e-16 2.73819e-18 
1.51235 1.38815e-16 2.76909e-18 
1.51345 1.39582e-16 2.78138e-18 
1.51455 1.40313e-16 2.78749e-18 
1.51566 1.40661e-16 2.79163e-18 
1.51676 1.41900e-16 2.81143e-18 
1.51786 1.42502e-16 2.84189e-18 
1.51896 1.43373e-16 2.87626e-18 
1.52007 1.44501e-16 2.92052e-18 
1.52117 1.45148e-16 2.95707e-18 
1.52227 1.45872e-16 3.01671e-18 
1.52337 1.47057e-16 3.08802e-18 
1.52448 1.47576e-16 3.15379e-18 
1.52558 1.48180e-16 3.22412e-18 
1.52668 1.49055e-16 3.30261e-18 
1.52778 1.50059e-16 3.39985e-18 
1.52889 1.51914e-16 3.49770e-18 
1.52999 1.52495e-16 3.57930e-18 
1.53109 1.52962e-16 3.66290e-18 
1.53219 1.53693e-16 3.74745e-18 
1.53330 1.54338e-16 3.83199e-18 
1.53440 1.54971e-16 3.91853e-18 
1.53550 1.55601e-16 4.00096e-18 
1.53660 1.56628e-16 4.07205e-18 
1.53771 1.57376e-16 4.14321e-18 
1.53881 1.58438e-16 4.21673e-18 
1.53991 1.59191e-16 4.28457e-18 
1.54101 1.59807e-16 4.32303e-18 
1.54212 1.60223e-16 4.35179e-18 
1.54322 1.60934e-16 4.38608e-18 
1.54432 1.62270e-16 4.43583e-18 
1.54542 1.63073e-16 4.45324e-18 
1.54653 1.63510e-16 4.44732e-18 
1.54763 1.64174e-16 4.44758e-18 
1.54873 1.65549e-16 4.46528e-18 
1.54983 1.66570e-16 4.46241e-18 
1.55094 1.67127e-16 4.42702e-18 
1.55204 1.67683e-16 4.39359e-18 
1.55314 1.68420e-16 4.35788e-18 
1.55424 1.68914e-16 4.31541e-18 
1.55535 1.69064e-16 4.24185e-18 
1.55645 1.69339e-16 4.17088e-18 
1.55755 1.69325e-16 4.09357e-18 
1.55865 1.69009e-16 4.00916e-18 
1.55976 1.69409e-16 3.93051e-18 
1.56086 1.70088e-16 3.85273e-18 
1.56196 1.70524e-16 3.77607e-18 
1.56307 1.70935e-16 3.69717e-18 
1.56417 1.72259e-16 3.64533e-18 
1.56527 1.74020e-16 3.60870e-18 
1.56637 1.75742e-16 3.56994e-18 
1.56748 1.76913e-16 3.52170e-18 
1.56858 1.77791e-16 3.48812e-18 
1.56968 1.78498e-16 3.47088e-18 
1.57078 1.79191e-16 3.45151e-18 
1.57189 1.79836e-16 3.42591e-18 
1.57299 1.80468e-16 3.40983e-18 
1.57409 1.80376e-16 3.39583e-18 
1.57519 1.80671e-16 3.38213e-18 
1.57630 1.80978e-16 3.37014e-18 
1.57740 1.81257e-16 3.35941e-18 
1.57850 1.81858e-16 3.36786e-18 
1.57960 1.81814e-16 3.36722e-18 
1.58071 1.82196e-16 3.37497e-18 
1.58181 1.82342e-16 3.37874e-18 
1.58291 1.83088e-16 3.40283e-18 
1.58401 1.83760e-16 3.42951e-18 
1.58512 1.85010e-16 3.46891e-18 
1.58622 1.85724e-16 3.49510e-18 
1.58732 1.86539e-16 3.50798e-18 
1.58842 1.86887e-16 3.51374e-18 
1.58953 1.87191e-16 3.52115e-18 
1.59063 1.87449e-16 3.52700e-18 
1.59173 1.88126e-16 3.53447e-18 
1.59283 1.89236e-16 3.55173e-18 
1.59394 1.89460e-16 3.56105e-18 
1.59504 1.90362e-16 3.57659e-18 
1.59614 1.90758e-16 3.58900e-18 
1.59724 1.91244e-16 3.59434e-18 
1.59835 1.91360e-16 3.59286e-18 
1.59945 1.92055e-16 3.60495e-18 
1.60055 1.92684e-16 3.61319e-18 
1.60165 1.92422e-16 3.61666e-18 
1.60276 1.92747e-16 3.62014e-18 
1.60386 1.92944e-16 3.62361e-18 
1.60496 1.93208e-16 3.63071e-18 
1.60606 1.93289e-16 3.63507e-18 
1.60717 1.93243e-16 3.64043e-18 
1.60827 1.93372e-16 3.64504e-18 
1.60937 1.93235e-16 3.64733e-18 
1.61047 1.93297e-16 3.65952e-18 
1.61158 1.93507e-16 3.68111e-18 
1.61268 1.93797e-16 3.70215e-18 
1.61378 1.93584e-16 3.71748e-18 
1.61488 1.93683e-16 3.73593e-18 
1.61599 1.93920e-16 3.75986e-18 
1.61709 1.94228e-16 3.78588e-18 
1.61819 1.93973e-16 3.80916e-18 
1.61929 1.93877e-16 3.82581e-18 
1.62040 1.94635e-16 3.84874e-18 
1.62150 1.95277e-16 3.87465e-18 
1.62260 1.95481e-16 3.89368e-18 
1.62370 1.95585e-16 3.91275e-18 
1.62481 1.95753e-16 3.92576e-18 
1.62591 1.95933e-16 3.94089e-18 
1.62701 1.96037e-16 3.95177e-18 
1.62811 1.96294e-16 3.96766e-18 
1.62922 1.96430e-16 3.98286e-18 
1.63032 1.96748e-16 4.00851e-18 
1.63142 1.97176e-16 4.02809e-18 
1.63252 1.97305e-16 4.04706e-18 
1.63363 1.97696e-16 4.05583e-18 
1.63473 1.98242e-16 4.05775e-18 
1.63583 1.98507e-16 4.05563e-18 
1.63693 1.99434e-16 4.06258e-18 
1.63804 1.99587e-16 4.05854e-18 
1.63914 2.00007e-16 4.05565e-18 
1.64024 2.00389e-16 4.05024e-18 
1.64135 2.00577e-16 4.04471e-18 
1.64245 2.01050e-16 4.05747e-18 
1.64355 2.01620e-16 4.19583e-18 
1.64465 2.02244e-16 4.33400e-18 
1.64576 2.02841e-16 4.47448e-18 
1.64686 2.03226e-16 4.61121e-18 
1.64796 2.03783e-16 4.62002e-18 
1.64906 2.04165e-16 4.61851e-18 
1.65017 2.03936e-16 4.60700e-18 
