1.10300  2.38494e-18 3.44547e-19 
1.10765  1.80842e-18 2.95670e-19 
1.11230  1.68905e-18 2.50171e-19 
1.11695  1.11955e-18 2.46111e-19 
1.12160  9.36874e-19 2.50019e-19 
1.12625  1.02379e-18 2.18035e-19 
1.13090  1.05717e-18 2.24482e-19 
1.13555  1.20196e-18 2.07514e-19 
1.14020  1.30688e-18 2.03615e-19 
1.14485  9.85000e-19 1.98816e-19 
1.14950  9.66279e-19 1.96874e-19 
1.15415  9.04995e-19 1.95121e-19 
1.15880  1.08894e-18 1.93874e-19 
1.16345  1.20233e-18 1.92050e-19 
1.16810  1.04310e-18 1.95336e-19 
1.17275  9.83283e-19 1.87729e-19 
1.17740  1.22067e-18 2.08138e-19 
1.18205  9.14168e-19 1.95045e-19 
1.18670  1.19334e-18 1.94998e-19 
1.19135  1.56988e-18 1.84681e-19 
1.19600  1.77824e-18 1.89672e-19 
1.20065  2.16433e-18 1.98400e-19 
1.20530  2.37485e-18 1.73294e-19 
1.20995  2.53637e-18 1.97443e-19 
1.21460  2.94631e-18 1.90356e-19 
1.21925  3.56277e-18 1.78029e-19 
1.22390  3.81800e-18 1.80866e-19 
1.22855  4.20942e-18 1.88720e-19 
1.23320  4.79532e-18 1.84679e-19 
1.23785  4.93488e-18 1.84994e-19 
1.24250  5.25042e-18 1.83584e-19 
1.24715  5.72550e-18 1.89211e-19 
1.25180  6.02033e-18 1.93285e-19 
1.25645  6.26329e-18 1.95791e-19 
1.26110  6.84468e-18 2.01352e-19 
1.26575  6.91292e-18 2.08390e-19 
1.27040  6.85042e-18 1.98370e-19 
1.27505  6.79050e-18 1.95756e-19 
1.27970  6.57275e-18 1.90520e-19 
1.28435  6.10796e-18 1.84077e-19 
1.28900  5.70167e-18 1.78598e-19 
1.29365  5.41085e-18 1.73943e-19 
1.29830  5.06092e-18 1.71117e-19 
1.30295  4.51746e-18 1.67086e-19 
1.30760  4.07020e-18 1.58270e-19 
1.31225  3.50394e-18 1.55585e-19 
1.31690  2.93079e-18 1.49381e-19 
1.32155  2.50282e-18 1.39789e-19 
1.32620  1.99038e-18 1.37738e-19 
1.33085  1.22450e-18 1.33462e-19 
1.33550  6.29317e-19 1.36403e-19 
1.34015  3.52644e-19 1.37230e-19 
1.34480  1.77563e-19 1.21704e-19 
1.34945  1.60818e-19 1.23272e-19 
1.35410  2.13208e-19 1.21193e-19 
1.35875  9.26221e-20 1.17740e-19 
1.36340  9.07017e-20 1.18383e-19 
1.36805  1.61518e-19 1.17977e-19 
1.37270  1.02441e-19 1.17745e-19 
1.37735  3.27858e-20 1.18548e-19 
1.38200  7.62731e-20 1.21544e-19 
1.38665 -1.49005e-20 1.29559e-19 
1.39130 -2.89859e-20 1.22919e-19 
1.39595  5.21769e-20 1.23781e-19 
1.40060  6.33927e-20 1.22251e-19 
1.40525  6.09976e-20 1.14730e-19 
1.40990  1.62407e-20 1.16087e-19 
1.41455  3.01099e-20 1.15138e-19 
1.41920 -7.54820e-20 1.12090e-19 
1.42385  6.51229e-20 1.18144e-19 
1.42850 -8.09551e-21 1.10344e-19 
1.43315  1.39628e-19 1.09978e-19 
1.43780  2.11815e-20 1.08857e-19 
1.44245 -4.17552e-20 1.08160e-19 
1.44710  7.20849e-20 1.09850e-19 
1.45175  1.25321e-19 1.20138e-19 
1.45640  3.49516e-19 1.11016e-19 
1.46105  2.13843e-19 1.09078e-19 
1.46570  1.43972e-19 1.10795e-19 
1.47035  1.85409e-19 1.08724e-19 
1.47500  2.08907e-19 1.13161e-19 
1.47965  2.58717e-19 1.11640e-19 
1.48430  4.12749e-19 1.08807e-19 
1.48895  6.19160e-19 1.15730e-19 
1.49360  7.11599e-19 1.09404e-19 
1.49825  6.02543e-19 1.07590e-19 
1.50290  6.70241e-19 1.07227e-19 
1.50755  6.39890e-19 1.16112e-19 
1.51220  8.39300e-19 1.13795e-19 
1.51685  1.03509e-18 1.09464e-19 
1.52150  1.03782e-18 1.13328e-19 
1.52615  1.15081e-18 1.19444e-19 
1.53080  1.40662e-18 1.15351e-19 
1.53545  1.50137e-18 1.14911e-19 
1.54010  1.57670e-18 1.22057e-19 
1.54475  1.92500e-18 1.26817e-19 
1.54940  2.19479e-18 1.23973e-19 
1.55405  2.34844e-18 1.24755e-19 
1.55870  2.44542e-18 1.23620e-19 
1.56335  2.59079e-18 1.22751e-19 
1.56800  2.88731e-18 1.26941e-19 
1.57265  3.17977e-18 1.27503e-19 
1.57730  3.21067e-18 1.24458e-19 
1.58195  3.05495e-18 1.28645e-19 
1.58660  3.27879e-18 1.24996e-19 
1.59125  3.15697e-18 1.23812e-19 
1.59590  2.72763e-18 1.19910e-19 
1.60055  2.13360e-18 1.14836e-19 
1.60520  1.71378e-18 1.12049e-19 
1.60985  1.24224e-18 1.08905e-19 
1.61450  9.94570e-19 1.08087e-19 
1.61915  7.57277e-19 1.07563e-19 
1.62380  5.81932e-19 1.06915e-19 
1.62845  4.87212e-19 1.08541e-19 
1.63310  3.99156e-19 1.07995e-19 
1.63775  5.31013e-19 1.09193e-19 
1.64240  4.27463e-19 1.15113e-19 
1.64705  4.59163e-19 1.08967e-19 
1.65170  4.37633e-19 1.13562e-19 
1.65635  4.78645e-19 1.16198e-19 
1.66100  4.80694e-19 1.25776e-19 
1.66565  3.85394e-19 1.40751e-19 
1.67030  2.98821e-19 1.62819e-19 
1.67495  4.48991e-19 1.87068e-19 
1.67960  1.54368e-19 2.39074e-19 
1.68425  3.30087e-19 2.95563e-19 
1.68890  3.69480e-19 3.94069e-19 
