0.90230  6.32610e-19 9.24623e-19 
0.90470  8.03309e-19 9.04068e-19 
0.90710  2.85632e-20 8.81926e-19 
0.90950  1.48547e-19 8.70279e-19 
0.91190  3.23034e-19 8.88747e-19 
0.91430  1.76240e-18 8.37270e-19 
0.91670  1.48533e-18 8.19571e-19 
0.91910  1.01232e-18 8.05259e-19 
0.92150  5.45970e-19 7.85691e-19 
0.92390  7.60483e-19 7.78112e-19 
0.92630  1.08157e-18 7.65841e-19 
0.92870  3.36977e-19 7.56063e-19 
0.93110  1.89143e-19 7.67170e-19 
0.93350 -3.76041e-19 7.83107e-19 
0.93590  4.62330e-19 7.67901e-19 
0.93830  1.06835e-18 7.47948e-19 
0.94070  8.03953e-19 7.22046e-19 
0.94310  1.05877e-18 7.59182e-19 
0.94550  1.19579e-18 7.64546e-19 
0.94790  3.19965e-19 7.51579e-19 
0.95030  5.44687e-19 7.03791e-19 
0.95270 -2.31587e-19 6.82097e-19 
0.95510  1.16663e-18 6.73028e-19 
0.95750  3.56322e-19 6.66655e-19 
0.95990  1.51154e-19 6.61194e-19 
0.96230  6.51464e-19 6.50798e-19 
0.96470  8.36890e-19 6.45924e-19 
0.96710  1.39093e-18 6.43321e-19 
0.96950  2.16383e-18 6.46467e-19 
0.97190  9.15638e-19 6.44253e-19 
0.97430  9.54395e-19 6.37770e-19 
0.97670  1.95069e-18 6.39253e-19 
0.97910  9.79625e-19 6.40833e-19 
0.98150  2.00775e-18 6.48157e-19 
0.98390  1.54800e-18 6.24264e-19 
0.98630  2.38621e-18 6.33846e-19 
0.98870  2.78270e-18 6.53173e-19 
0.99110  1.57392e-18 6.39221e-19 
0.99350  1.52181e-18 6.20839e-19 
0.99590  2.41291e-18 6.29466e-19 
0.99830  2.73097e-18 6.23199e-19 
1.00070  2.73339e-18 6.00782e-19 
1.00310  3.44104e-18 5.92502e-19 
1.00550  2.93612e-18 5.95601e-19 
1.00790  3.70989e-18 5.82413e-19 
1.01030  3.97972e-18 5.82997e-19 
1.01270  3.18237e-18 5.78681e-19 
1.01510  4.09070e-18 5.80288e-19 
1.01750  4.69507e-18 5.74138e-19 
1.01990  4.37027e-18 5.69929e-19 
1.02230  4.10577e-18 5.68944e-19 
1.02470  5.72774e-18 5.70682e-19 
1.02710  5.45088e-18 5.65332e-19 
1.02950  5.08145e-18 5.58211e-19 
1.03190  5.21113e-18 5.55587e-19 
1.03430  5.56180e-18 5.50778e-19 
1.03670  5.40613e-18 5.50672e-19 
1.03910  6.33123e-18 5.52310e-19 
1.04150  5.78023e-18 5.49552e-19 
1.04390  6.32762e-18 5.46744e-19 
1.04630  7.13453e-18 5.49993e-19 
1.04870  7.70717e-18 5.50172e-19 
1.05110  7.42346e-18 5.51945e-19 
1.05350  7.99223e-18 5.53676e-19 
1.05590  8.09847e-18 5.53483e-19 
1.05830  8.20493e-18 5.56766e-19 
1.06070  8.65577e-18 5.59478e-19 
1.06310  1.05638e-17 5.65307e-19 
1.06550  9.17801e-18 5.47412e-19 
1.06790  9.17428e-18 5.44894e-19 
1.07030  9.68320e-18 5.75887e-19 
1.07270  1.02510e-17 5.71407e-19 
1.07510  1.00263e-17 5.83203e-19 
1.07750  1.03408e-17 5.41071e-19 
1.07990  1.05292e-17 5.63771e-19 
1.08230  1.03836e-17 5.62765e-19 
1.08470  9.90930e-18 5.86524e-19 
1.08710  9.28727e-18 5.43079e-19 
1.08950  7.33586e-18 5.29519e-19 
1.09190  5.50579e-18 5.13298e-19 
1.09430  5.40106e-18 5.33298e-19 
1.09670  4.40313e-18 5.24471e-19 
1.09910  3.06439e-18 5.16701e-19 
1.10300  3.09627e-18 4.73028e-19 
1.10765  2.34876e-18 4.24515e-19 
1.11230  1.14808e-18 3.68953e-19 
1.11695  7.22344e-19 3.59883e-19 
1.12160  5.58578e-19 3.44790e-19 
1.12625  8.08045e-19 3.35740e-19 
1.13090  6.68190e-19 3.24329e-19 
1.13555  1.19712e-18 3.18556e-19 
1.14020  9.81538e-19 3.10972e-19 
1.14485  4.17869e-19 3.08374e-19 
1.14950  2.45511e-19 3.02467e-19 
1.15415  6.59478e-19 3.00781e-19 
1.15880  1.21712e-18 2.99543e-19 
1.16345  6.83076e-19 3.05233e-19 
1.16810  2.10785e-19 2.96221e-19 
1.17275  3.67385e-19 2.83971e-19 
1.17740  5.61986e-19 2.77124e-19 
1.18205  1.02416e-18 2.76705e-19 
1.18670  1.71072e-18 2.71577e-19 
1.19135  1.69596e-18 2.68591e-19 
1.19600  2.38250e-18 2.69929e-19 
1.20065  2.85229e-18 2.63548e-19 
1.20530  3.50484e-18 2.57675e-19 
1.20995  4.25529e-18 2.67733e-19 
1.21460  5.62860e-18 2.67676e-19 
1.21925  6.07085e-18 2.73209e-19 
1.22390  7.09166e-18 2.63351e-19 
1.22855  7.98347e-18 2.74443e-19 
1.23320  9.40983e-18 2.95355e-19 
1.23785  1.05864e-17 2.82429e-19 
1.24250  1.13021e-17 2.79555e-19 
1.24715  1.21970e-17 2.83722e-19 
1.25180  1.35185e-17 3.15089e-19 
1.25645  1.40934e-17 2.95142e-19 
1.26110  1.54906e-17 3.11688e-19 
1.26575  1.57250e-17 3.02624e-19 
1.27040  1.58994e-17 3.05038e-19 
1.27505  1.51630e-17 3.08982e-19 
1.27970  1.32639e-17 2.88659e-19 
1.28435  1.24335e-17 2.75605e-19 
1.28900  1.15611e-17 2.68898e-19 
1.29365  9.95290e-18 2.67473e-19 
1.29830  8.94072e-18 2.49844e-19 
1.30295  7.91170e-18 2.40102e-19 
1.30760  6.96511e-18 2.28182e-19 
1.31225  5.65934e-18 2.19211e-19 
1.31690  4.80954e-18 2.12549e-19 
1.32155  4.20470e-18 2.08687e-19 
1.32620  2.75080e-18 2.00074e-19 
1.33085  1.57800e-18 1.92832e-19 
1.33550  7.31692e-19 1.89574e-19 
1.34015  1.33130e-19 1.86704e-19 
1.34480  1.53837e-20 1.84704e-19 
1.34945  2.47421e-19 1.83109e-19 
1.35410  1.56344e-19 1.81808e-19 
1.35875  2.23769e-19 1.81550e-19 
1.36340  2.23331e-19 1.81495e-19 
1.36805  4.02131e-20 1.82495e-19 
1.37270 -8.97795e-20 1.87071e-19 
1.37735  1.12562e-19 1.80902e-19 
1.38200  3.82950e-19 1.81853e-19 
1.38665  1.36465e-19 1.82430e-19 
1.39130  1.29318e-20 1.86591e-19 
1.39595  1.04029e-19 1.87849e-19 
1.40060  1.15535e-19 1.92847e-19 
1.40525  8.97599e-20 1.76082e-19 
1.40990 -1.65631e-19 1.74530e-19 
1.41455  6.32940e-20 1.74823e-19 
1.41920  2.02621e-19 1.73385e-19 
1.42385  2.20955e-19 1.72167e-19 
1.42850  1.96707e-19 1.71055e-19 
1.43315  3.93976e-19 1.68769e-19 
1.43780  2.89156e-19 1.68513e-19 
1.44245  8.17647e-20 1.67687e-19 
1.44710  3.74167e-20 1.67881e-19 
1.45175  3.24499e-19 1.73419e-19 
1.45640  5.39298e-19 1.76198e-19 
1.46105  8.33444e-19 1.74214e-19 
1.46570  4.56931e-19 1.75366e-19 
1.47035  4.34917e-19 1.78324e-19 
1.47500  5.33815e-19 1.81539e-19 
1.47965  8.76139e-19 1.75726e-19 
1.48430  1.00068e-18 1.71516e-19 
1.48895  9.96854e-19 1.72114e-19 
1.49360  8.47436e-19 1.70271e-19 
1.49825  1.14118e-18 1.69130e-19 
1.50290  1.24481e-18 1.68469e-19 
1.50755  1.39719e-18 1.67268e-19 
1.51220  1.42375e-18 1.66857e-19 
1.51685  1.87020e-18 1.69608e-19 
1.52150  2.18919e-18 1.70401e-19 
1.52615  2.61064e-18 1.71361e-19 
1.53080  3.03993e-18 1.73439e-19 
1.53545  3.34871e-18 1.76857e-19 
1.54010  4.28604e-18 1.90143e-19 
1.54475  4.78078e-18 1.90600e-19 
1.54940  5.08870e-18 1.92194e-19 
1.55405  5.55298e-18 1.93949e-19 
1.55870  6.29310e-18 2.07313e-19 
1.56335  6.94609e-18 2.01278e-19 
1.56800  7.57512e-18 2.00096e-19 
1.57265  7.83030e-18 1.97125e-19 
1.57730  8.08600e-18 2.02266e-19 
1.58195  8.37956e-18 1.99782e-19 
1.58660  8.45349e-18 2.00459e-19 
1.59125  7.24300e-18 1.96810e-19 
1.59590  6.07297e-18 1.85955e-19 
1.60055  4.90596e-18 1.80104e-19 
1.60520  3.60913e-18 1.73981e-19 
1.60985  2.49468e-18 1.69996e-19 
1.61450  1.22476e-18 1.65736e-19 
1.61915  6.32823e-19 1.64474e-19 
1.62380  7.68260e-19 1.66204e-19 
1.62845  8.18172e-19 1.67414e-19 
1.63310  6.00359e-19 1.69113e-19 
1.63775  6.89089e-19 1.71674e-19 
1.64240  7.46828e-19 1.71700e-19 
1.64705  8.95864e-19 1.69656e-19 
1.65170  9.05611e-19 1.71761e-19 
1.65635  9.79633e-19 1.76015e-19 
1.66100  1.03183e-18 1.86509e-19 
1.66565  4.53962e-19 2.03034e-19 
1.67030  2.36048e-19 2.32640e-19 
1.67495  2.29744e-19 2.79984e-19 
1.67960  1.08059e-19 3.52384e-19 
1.68425  2.50381e-19 4.57022e-19 
1.68890  3.22001e-19 5.91049e-19 
1.69355 -1.55959e-19 7.49344e-19 
1.69820  1.09827e-18 9.39219e-19 
