0.902300 6.27287e-20  9.36282e-19 
0.904700 2.01851e-18  9.71426e-19 
0.907100 3.17705e-18  9.55047e-19 
0.909500 2.15755e-18  9.25334e-19 
0.911900 1.55748e-18  9.07631e-19 
0.914300 8.11483e-19  8.88211e-19 
0.916700 1.24614e-18  8.60134e-19 
0.919100 1.44284e-18  8.37429e-19 
0.921500 1.27798e-18  8.36781e-19 
0.923900 1.22994e-18  7.99465e-19 
0.926300 1.29015e-18  8.17493e-19 
0.928700 7.49038e-19  8.16569e-19 
0.931100 -1.06465e-18 8.51586e-19 
0.933500 4.66234e-19  7.68165e-19 
0.935900 5.60989e-19  7.59290e-19 
0.938300 5.92165e-19  7.57805e-19 
0.940700 5.31578e-19  8.28492e-19 
0.943100 4.02519e-19  7.74297e-19 
0.945500 6.76841e-19  7.40543e-19 
0.947900 2.04405e-19  7.37645e-19 
0.950300 1.17597e-19  7.37714e-19 
0.952700 -9.68393e-20 7.32392e-19 
0.955100 1.21750e-18  7.03539e-19 
0.957500 1.07627e-18  7.30165e-19 
0.959900 1.09600e-18  7.30498e-19 
0.962300 1.45218e-18  6.81187e-19 
0.964700 1.97836e-18  6.75349e-19 
0.967100 3.04149e-19  6.75262e-19 
0.969500 1.02685e-18  6.65636e-19 
0.971900 2.05368e-18  6.59571e-19 
0.974300 1.65369e-18  6.55769e-19 
0.976700 1.40680e-18  6.46835e-19 
0.979100 1.72400e-18  6.40741e-19 
0.981500 1.02315e-18  6.34759e-19 
0.983900 1.92879e-18  6.41031e-19 
0.986300 2.34431e-18  6.32667e-19 
0.988700 3.06392e-18  6.34374e-19 
0.991100 2.83006e-18  6.36956e-19 
0.993500 4.31735e-18  6.31782e-19 
0.995900 2.96772e-18  6.33484e-19 
0.998300 3.59591e-18  6.33568e-19 
1.00070  3.32377e-18  6.07616e-19 
1.00310  3.56369e-18  6.01209e-19 
1.00550  3.42181e-18  6.03213e-19 
1.00790  3.64450e-18  6.10651e-19 
1.01030  3.92793e-18  6.02382e-19 
1.01270  3.90602e-18  5.99324e-19 
1.01510  3.84294e-18  5.96914e-19 
1.01750  4.36653e-18  6.14246e-19 
1.01990  4.85343e-18  6.01060e-19 
1.02230  4.77909e-18  5.89754e-19 
1.02470  4.18832e-18  5.85552e-19 
1.02710  6.19694e-18  5.99248e-19 
1.02950  5.98215e-18  6.00253e-19 
1.03190  4.72729e-18  5.84855e-19 
1.03430  4.84909e-18  5.63142e-19 
1.03670  5.80784e-18  5.66561e-19 
1.03910  7.10293e-18  5.83960e-19 
1.04150  6.01665e-18  5.73274e-19 
1.04390  6.71135e-18  5.93964e-19 
1.04630  6.10764e-18  5.75274e-19 
1.04870  6.33345e-18  5.89826e-19 
1.05110  6.23874e-18  5.63618e-19 
1.05350  6.57114e-18  5.75532e-19 
1.05590  7.29765e-18  5.78216e-19 
1.05830  6.56070e-18  5.83958e-19 
1.06070  6.70682e-18  5.61565e-19 
1.06310  5.93993e-18  5.52396e-19 
1.06550  6.23347e-18  5.53635e-19 
1.06790  6.81902e-18  5.55134e-19 
1.07030  5.97132e-18  5.62198e-19 
1.07270  5.85359e-18  5.72408e-19 
1.07510  5.30422e-18  5.74071e-19 
1.07750  5.44758e-18  5.81236e-19 
1.07990  5.40563e-18  5.66364e-19 
1.08230  6.15257e-18  5.41503e-19 
1.08470  5.39765e-18  5.44995e-19 
1.08710  4.85006e-18  5.66405e-19 
1.08950  4.58657e-18  5.39506e-19 
1.09190  3.20670e-18  5.15243e-19 
1.09430  2.43669e-18  5.15425e-19 
1.09670  1.89136e-18  5.15737e-19 
1.09910  9.34300e-19  5.05043e-19 
1.10300  7.72869e-19  4.40698e-19 
1.10765  3.29409e-19  3.76039e-19 
1.11230  -2.06670e-19 3.46058e-19 
1.11695  8.74074e-20  3.31031e-19 
1.12160  -2.52857e-19 3.20420e-19 
1.12625  -3.52490e-19 3.08294e-19 
1.13090  -3.64632e-19 2.96019e-19 
1.13555  9.84210e-20  2.92991e-19 
1.14020  -5.76670e-20 2.78297e-19 
1.14485  2.40783e-20  2.82005e-19 
1.14950  5.07642e-20  2.77510e-19 
1.15415  -8.01153e-21 2.78588e-19 
1.15880  6.16715e-20  2.68418e-19 
1.16345  -5.27130e-20 2.80199e-19 
1.16810  4.12510e-19  2.67624e-19 
1.17275  2.22920e-19  2.61266e-19 
1.17740  3.09187e-20  2.46688e-19 
1.18205  6.57760e-19  2.51489e-19 
1.18670  9.78740e-19  2.44186e-19 
1.19135  8.36838e-19  2.42341e-19 
1.19600  1.45070e-18  2.35558e-19 
1.20065  1.62068e-18  2.33848e-19 
1.20530  2.38388e-18  2.34289e-19 
1.20995  2.82046e-18  2.32854e-19 
1.21460  2.97562e-18  2.31545e-19 
1.21925  3.39362e-18  2.30685e-19 
1.22390  3.98091e-18  2.31026e-19 
1.22855  4.57841e-18  2.32709e-19 
1.23320  5.20696e-18  2.39918e-19 
1.23785  5.66118e-18  2.33339e-19 
1.24250  6.91649e-18  2.37662e-19 
1.24715  7.79405e-18  2.47378e-19 
1.25180  8.21362e-18  2.53317e-19 
1.25645  8.87507e-18  2.54463e-19 
1.26110  1.00739e-17  2.53006e-19 
1.26575  1.04160e-17  2.53442e-19 
1.27040  1.03862e-17  2.60572e-19 
1.27505  9.59209e-18  2.52939e-19 
1.27970  8.99866e-18  2.47313e-19 
1.28435  7.90379e-18  2.32298e-19 
1.28900  7.15065e-18  2.40076e-19 
1.29365  5.92488e-18  2.19675e-19 
1.29830  5.10134e-18  2.16912e-19 
1.30295  4.63572e-18  2.05725e-19 
1.30760  4.11724e-18  2.07450e-19 
1.31225  3.30394e-18  1.95554e-19 
1.31690  3.08110e-18  1.92914e-19 
1.32155  2.58198e-18  1.89380e-19 
1.32620  1.92032e-18  1.83757e-19 
1.33085  8.76036e-19  1.81177e-19 
1.33550  2.07781e-19  1.76299e-19 
1.34015  1.35929e-20  1.83004e-19 
1.34480  -1.85883e-19 1.72336e-19 
1.34945  -2.17165e-19 1.72850e-19 
1.35410  5.18033e-21  1.76687e-19 
1.35875  -1.49084e-19 1.74218e-19 
1.36340  -1.99579e-19 1.66281e-19 
1.36805  6.62187e-21  1.70416e-19 
1.37270  -1.78580e-19 1.69133e-19 
1.37735  3.86089e-20  1.72197e-19 
1.38200  -1.21862e-19 1.66582e-19 
1.38665  1.20086e-20  1.69187e-19 
1.39130  1.27777e-19  1.68183e-19 
1.39595  1.58707e-19  1.72363e-19 
1.40060  1.38181e-19  1.64098e-19 
1.40525  9.03561e-20  1.64914e-19 
1.40990  -1.92340e-19 1.61605e-19 
1.41455  -1.95135e-19 1.59668e-19 
1.41920  -4.98840e-20 1.59097e-19 
1.42385  -1.01777e-19 1.57934e-19 
1.42850  -4.43448e-20 1.60070e-19 
1.43315  3.74700e-19  1.59076e-19 
1.43780  4.73630e-20  1.61764e-19 
1.44245  1.29636e-19  1.60764e-19 
1.44710  -2.46975e-19 1.64545e-19 
1.45175  -5.45802e-20 1.63318e-19 
1.45640  2.12078e-19  1.63993e-19 
1.46105  4.09866e-19  1.58402e-19 
1.46570  8.55210e-20  1.61907e-19 
1.47035  9.20184e-20  1.69789e-19 
1.47500  5.59176e-20  1.54969e-19 
1.47965  -1.18740e-19 1.55070e-19 
1.48430  -1.09603e-20 1.55204e-19 
1.48895  2.10495e-19  1.60666e-19 
1.49360  3.50357e-19  1.56998e-19 
1.49825  6.33674e-19  1.57932e-19 
1.50290  5.22398e-19  1.53920e-19 
1.50755  7.01715e-19  1.53344e-19 
1.51220  5.39790e-19  1.56815e-19 
1.51685  6.06561e-19  1.57244e-19 
1.52150  9.29122e-19  1.62503e-19 
1.52615  1.17136e-18  1.56958e-19 
1.53080  1.32837e-18  1.57463e-19 
1.53545  2.14302e-18  1.63875e-19 
1.54010  2.32573e-18  1.65059e-19 
1.54475  2.73235e-18  1.66946e-19 
1.54940  2.86689e-18  1.67536e-19 
1.55405  3.37819e-18  1.72743e-19 
1.55870  4.05077e-18  1.76195e-19 
1.56335  4.41097e-18  1.74756e-19 
1.56800  4.71423e-18  1.77540e-19 
1.57265  5.31145e-18  1.79373e-19 
1.57730  5.64952e-18  1.83188e-19 
1.58195  5.62935e-18  1.76690e-19 
1.58660  5.29975e-18  1.76549e-19 
1.59125  4.85739e-18  1.75015e-19 
1.59590  4.30275e-18  1.75983e-19 
1.60055  3.79375e-18  1.66811e-19 
1.60520  2.74198e-18  1.60755e-19 
1.60985  1.70770e-18  1.59132e-19 
1.61450  1.31380e-18  1.55578e-19 
1.61915  7.66537e-19  1.54218e-19 
1.62380  4.44640e-19  1.56434e-19 
1.62845  5.60038e-19  1.62605e-19 
1.63310  3.15249e-19  1.56402e-19 
1.63775  4.49450e-19  1.63467e-19 
1.64240  3.75333e-19  1.68871e-19 
1.64705  3.92819e-19  1.81989e-19 
1.65170  4.02981e-19  1.73330e-19 
1.65635  4.77857e-19  1.71726e-19 
1.66100  3.03921e-19  1.90096e-19 
1.66565  2.86824e-19  2.07749e-19 
1.67030  9.25416e-20  2.28376e-19 
1.67495  1.24653e-19  2.62581e-19 
1.67960  7.23230e-19  3.29638e-19 
1.68425  2.94358e-19  4.32463e-19 
1.68890  -1.73531e-19 5.65939e-19 
1.69355  -2.51016e-19 7.42455e-19 
1.69820  4.32628e-19  8.84183e-19 
