1.10300  1.28522e-19 2.98903e-19 
1.10765  2.30842e-20 2.64790e-19 
1.11230  2.38293e-19 2.42816e-19 
1.11695 -4.94649e-19 2.36990e-19 
1.12160 -4.73592e-19 2.30651e-19 
1.12625  3.80025e-20 2.26349e-19 
1.13090 -3.05586e-20 2.43153e-19 
1.13555  4.23076e-19 2.21903e-19 
1.14020 -1.79100e-19 2.04951e-19 
1.14485 -9.83390e-20 2.10770e-19 
1.14950 -2.88064e-19 2.07559e-19 
1.15415 -1.02306e-19 1.99371e-19 
1.15880 -1.91473e-19 2.04403e-19 
1.16345 -2.32952e-19 1.93685e-19 
1.16810  7.07309e-20 1.96316e-19 
1.17275  1.01931e-20 2.08531e-19 
1.17740 -5.47918e-20 1.93339e-19 
1.18205 -1.19196e-19 1.83866e-19 
1.18670  4.99278e-20 1.76368e-19 
1.19135  1.95426e-19 1.72054e-19 
1.19600 -6.36592e-20 1.68821e-19 
1.20065  3.62122e-20 1.82229e-19 
1.20530 -2.43272e-20 1.88018e-19 
1.20995  4.86877e-19 1.66186e-19 
1.21460  1.25813e-19 1.71018e-19 
1.21925  1.91767e-19 1.61525e-19 
1.22390 -4.36498e-20 1.70995e-19 
1.22855  2.03980e-19 1.64585e-19 
1.23320  3.08377e-19 1.55369e-19 
1.23785  4.02259e-19 1.71339e-19 
1.24250  5.75140e-19 1.53585e-19 
1.24715  7.66251e-19 1.52134e-19 
1.25180  8.12638e-19 1.60600e-19 
1.25645  9.72001e-19 1.53316e-19 
1.26110  1.18573e-18 1.55158e-19 
1.26575  1.65377e-18 1.54033e-19 
1.27040  1.66291e-18 1.50837e-19 
1.27505  1.09081e-18 1.49665e-19 
1.27970  7.21598e-19 1.44498e-19 
1.28435  8.45100e-19 1.41730e-19 
1.28900  4.26995e-19 1.41739e-19 
1.29365  2.70832e-19 1.39232e-19 
1.29830  1.45332e-19 1.37261e-19 
1.30295  3.34631e-19 1.40594e-19 
1.30760  1.26476e-19 1.34675e-19 
1.31225  9.29627e-21 1.41420e-19 
1.31690  2.37879e-20 1.34473e-19 
1.32155  1.32129e-19 1.29407e-19 
1.32620  7.73606e-20 1.27193e-19 
1.33085  4.71498e-20 1.26623e-19 
1.33550  7.21005e-20 1.26168e-19 
1.34015  5.04030e-20 1.25242e-19 
1.34480  1.13858e-19 1.23823e-19 
1.34945 -3.01261e-19 1.24939e-19 
1.35410 -3.07250e-20 1.29190e-19 
1.35875 -1.66655e-20 1.30679e-19 
1.36340 -8.03170e-20 1.29462e-19 
1.36805 -6.11475e-20 1.31107e-19 
1.37270  1.40233e-20 1.26523e-19 
1.37735  7.87457e-20 1.30459e-19 
1.38200  2.14425e-19 1.23679e-19 
1.38665 -3.22571e-20 1.29372e-19 
1.39130 -7.92340e-20 1.23624e-19 
1.39595 -1.59357e-20 1.20404e-19 
1.40060 -1.16880e-19 1.27159e-19 
1.40525  7.87859e-21 1.25572e-19 
1.40990 -8.74992e-21 1.31799e-19 
1.41455 -1.19831e-19 1.24791e-19 
1.41920 -2.85864e-19 1.23366e-19 
1.42385 -8.73325e-20 1.21283e-19 
1.42850 -9.94302e-20 1.21494e-19 
1.43315 -3.90683e-20 1.20839e-19 
1.43780 -2.71923e-20 1.15029e-19 
1.44245  7.63533e-21 1.17429e-19 
1.44710  3.01334e-20 1.14481e-19 
1.45175  6.99371e-20 1.13261e-19 
1.45640  1.13515e-19 1.17523e-19 
1.46105  5.57526e-20 1.17738e-19 
1.46570  1.82087e-20 1.17238e-19 
1.47035 -5.27195e-20 1.15644e-19 
1.47500 -3.29005e-20 1.18170e-19 
1.47965 -1.32184e-19 1.15013e-19 
1.48430 -5.87099e-20 1.12909e-19 
1.48895  6.03732e-20 1.13089e-19 
1.49360  8.45006e-20 1.12552e-19 
1.49825 -3.43324e-20 1.13848e-19 
1.50290 -8.62936e-20 1.17656e-19 
1.50755 -5.92874e-20 1.11508e-19 
1.51220 -2.13650e-20 1.12531e-19 
1.51685  1.10617e-19 1.11732e-19 
1.52150  4.59992e-20 1.11708e-19 
1.52615  2.06182e-19 1.11025e-19 
1.53080  1.08037e-19 1.10752e-19 
1.53545  2.21771e-19 1.15064e-19 
1.54010  1.31220e-19 1.12698e-19 
1.54475  1.86733e-19 1.17742e-19 
1.54940  2.07915e-19 1.22095e-19 
1.55405  3.65951e-19 1.16092e-19 
1.55870  3.27409e-19 1.18839e-19 
1.56335  4.60529e-19 1.17319e-19 
1.56800  6.30237e-19 1.19653e-19 
1.57265  7.11198e-19 1.20503e-19 
1.57730  6.21905e-19 1.14531e-19 
1.58195  6.85151e-19 1.13154e-19 
1.58660  7.38679e-19 1.12811e-19 
1.59125  7.62911e-19 1.11776e-19 
1.59590  5.52476e-19 1.16441e-19 
1.60055  3.10011e-19 1.15309e-19 
1.60520  3.07685e-19 1.11187e-19 
1.60985  9.74377e-20 1.10815e-19 
1.61450  1.40536e-19 1.16235e-19 
1.61915  4.50628e-20 1.14888e-19 
1.62380 -2.96063e-20 1.12677e-19 
1.62845 -1.06847e-19 1.13695e-19 
1.63310  9.63578e-20 1.13311e-19 
1.63775 -4.04819e-21 1.15691e-19 
1.64240  2.29797e-20 1.16483e-19 
1.64705  5.53369e-20 1.14945e-19 
1.65170  4.66365e-20 1.18804e-19 
1.65635  3.29854e-21 1.20540e-19 
1.66100  4.69435e-20 1.25534e-19 
1.66565  3.11275e-20 1.37638e-19 
1.67030 -1.62889e-19 1.56974e-19 
1.67495 -1.57353e-20 1.90116e-19 
1.67960  3.03771e-19 2.50863e-19 
1.68425  2.36330e-19 3.23615e-19 
1.68890  3.65762e-19 4.21799e-19 
1.69355  2.14778e-19 5.25301e-19 
1.69820  6.50640e-19 6.91041e-19 
