1.10300 2.23896e-18  6.15839e-19 
1.10765 5.51151e-19  5.22285e-19 
1.11230 3.49895e-19  4.75742e-19 
1.11695 9.01244e-19  4.38214e-19 
1.12160 -5.66166e-20 4.20420e-19 
1.12625 -3.95195e-19 4.09925e-19 
1.13090 -4.80893e-19 4.18864e-19 
1.13555 -1.17087e-19 4.04187e-19 
1.14020 -6.48563e-19 3.99493e-19 
1.14485 -1.48798e-19 3.81815e-19 
1.14950 -6.00085e-20 3.84705e-19 
1.15415 -1.16080e-19 3.79839e-19 
1.15880 1.51061e-19  3.82566e-19 
1.16345 -4.76711e-19 3.66091e-19 
1.16810 -2.84467e-19 3.59792e-19 
1.17275 -3.35648e-19 3.50272e-19 
1.17740 2.54642e-19  3.51863e-19 
1.18205 2.16356e-19  3.43288e-19 
1.18670 1.95000e-19  3.41335e-19 
1.19135 4.61126e-19  3.23470e-19 
1.19600 7.96816e-19  3.27539e-19 
1.20065 1.10699e-18  3.34809e-19 
1.20530 1.44104e-18  3.29659e-19 
1.20995 1.67927e-18  3.18782e-19 
1.21460 2.12622e-18  3.08855e-19 
1.21925 2.59089e-18  3.30576e-19 
1.22390 3.60037e-18  3.26453e-19 
1.22855 5.05127e-18  3.20006e-19 
1.23320 5.90196e-18  3.13030e-19 
1.23785 7.01388e-18  3.14667e-19 
1.24250 8.97077e-18  3.17653e-19 
1.24715 1.05403e-17  3.28109e-19 
1.25180 1.17220e-17  3.33187e-19 
1.25645 1.35761e-17  3.36549e-19 
1.26110 1.49876e-17  3.39858e-19 
1.26575 1.61358e-17  3.46519e-19 
1.27040 1.58431e-17  3.40804e-19 
1.27505 1.37235e-17  3.26649e-19 
1.27970 1.20198e-17  3.08886e-19 
1.28435 9.76510e-18  3.00864e-19 
1.28900 6.79392e-18  2.82037e-19 
1.29365 5.54846e-18  2.74852e-19 
1.29830 4.34003e-18  2.71900e-19 
1.30295 3.59745e-18  2.75246e-19 
1.30760 2.39084e-18  2.62519e-19 
1.31225 1.52654e-18  2.55366e-19 
1.31690 8.51076e-19  2.53442e-19 
1.32155 9.64799e-19  2.62146e-19 
1.32620 6.45124e-19  2.52624e-19 
1.33085 6.42731e-19  2.48906e-19 
1.33550 4.56511e-20  2.45959e-19 
1.34015 5.85825e-20  2.41448e-19 
1.34480 -1.76485e-19 2.38043e-19 
1.34945 1.77176e-19  2.38274e-19 
1.35410 -1.83980e-19 2.41896e-19 
1.35875 -1.88953e-19 2.27977e-19 
1.36340 -1.88023e-20 2.30405e-19 
1.36805 1.17344e-19  2.28995e-19 
1.37270 2.21577e-20  2.34623e-19 
1.37735 4.10639e-19  2.31283e-19 
1.38200 4.86223e-19  2.31452e-19 
1.38665 1.28770e-19  2.28185e-19 
1.39130 2.58403e-19  2.27475e-19 
1.39595 5.93790e-19  2.27813e-19 
1.40060 1.06883e-19  2.24628e-19 
1.40525 1.44928e-19  2.22968e-19 
1.40990 2.28651e-19  2.20852e-19 
1.41455 2.83219e-19  2.23524e-19 
1.41920 -2.36314e-19 2.29453e-19 
1.42385 3.26783e-19  2.27518e-19 
1.42850 2.83419e-19  2.22352e-19 
1.43315 1.25633e-19  2.19536e-19 
1.43780 -2.79037e-19 2.30373e-19 
1.44245 -3.24151e-19 2.29870e-19 
1.44710 3.06215e-20  2.26895e-19 
1.45175 4.67535e-20  2.19080e-19 
1.45640 1.88006e-19  2.18389e-19 
1.46105 4.62336e-19  2.27671e-19 
1.46570 -3.99086e-20 2.20114e-19 
1.47035 1.23619e-19  2.19452e-19 
1.47500 1.37604e-19  2.16207e-19 
1.47965 4.45328e-20  2.14109e-19 
1.48430 3.32735e-19  2.14478e-19 
1.48895 3.91081e-19  2.17063e-19 
1.49360 2.82125e-19  2.10037e-19 
1.49825 6.60910e-20  2.08603e-19 
1.50290 6.90392e-19  2.08631e-19 
1.50755 6.65056e-19  2.09085e-19 
1.51220 5.10412e-19  2.08500e-19 
1.51685 3.88527e-19  2.12085e-19 
1.52150 5.50522e-19  2.08128e-19 
1.52615 7.02411e-19  2.07784e-19 
1.53080 1.04098e-18  2.13470e-19 
1.53545 1.66030e-18  2.20525e-19 
1.54010 1.81743e-18  2.14663e-19 
1.54475 1.72332e-18  2.17742e-19 
1.54940 2.51238e-18  2.13453e-19 
1.55405 2.87556e-18  2.24158e-19 
1.55870 3.42243e-18  2.21540e-19 
1.56335 4.34068e-18  2.27391e-19 
1.56800 5.49663e-18  2.26348e-19 
1.57265 6.66899e-18  2.30500e-19 
1.57730 6.86053e-18  2.29219e-19 
1.58195 7.37484e-18  2.33617e-19 
1.58660 7.43297e-18  2.32267e-19 
1.59125 6.47176e-18  2.24738e-19 
1.59590 5.32153e-18  2.20550e-19 
1.60055 3.43605e-18  2.14027e-19 
1.60520 2.39390e-18  2.09862e-19 
1.60985 1.85745e-18  2.09145e-19 
1.61450 1.03063e-18  2.06722e-19 
1.61915 3.34738e-19  2.06970e-19 
1.62380 -1.99072e-19 2.07655e-19 
1.62845 1.59206e-19  2.09238e-19 
1.63310 4.33985e-19  2.11160e-19 
1.63775 6.20914e-19  2.13234e-19 
1.64240 7.60207e-19  2.17656e-19 
1.64705 5.36685e-19  2.15027e-19 
1.65170 2.63980e-19  2.15782e-19 
1.65635 1.74069e-19  2.24727e-19 
1.66100 1.69761e-19  2.40927e-19 
1.66565 -4.19741e-20 2.65291e-19 
1.67030 2.77222e-19  3.10440e-19 
1.67495 2.70210e-19  3.70758e-19 
1.67960 3.43560e-19  4.60322e-19 
1.68425 1.30603e-19  6.02364e-19 
1.68890 7.39188e-19  7.89822e-19 
1.69355 -2.78438e-19 1.02562e-18 
1.69820 -2.19924e-19 1.22475e-18 
