0.90230  8.17395e-19 8.70653e-19 
0.90470  1.44260e-18 8.80502e-19 
0.90710  1.22346e-19 8.74611e-19 
0.90950  4.31267e-19 8.98637e-19 
0.91190  1.59842e-19 8.45009e-19 
0.91430 -4.34505e-19 8.32666e-19 
0.91670  5.90083e-19 8.28702e-19 
0.91910  5.47485e-19 7.92814e-19 
0.92150  8.31915e-19 7.78798e-19 
0.92390  1.59507e-18 7.78325e-19 
0.92630  1.65140e-18 8.30122e-19 
0.92870  5.05201e-19 7.64343e-19 
0.93110  3.89428e-19 7.47733e-19 
0.93350  1.37609e-18 7.59769e-19 
0.93590  1.59617e-19 7.33848e-19 
0.93830 -1.24265e-19 7.18286e-19 
0.94070  6.95199e-19 7.34630e-19 
0.94310  1.28099e-18 7.17311e-19 
0.94550  4.50145e-19 6.97095e-19 
0.94790 -1.44865e-19 6.73830e-19 
0.95030  5.90997e-20 6.67636e-19 
0.95270  5.68876e-19 6.63290e-19 
0.95510 -2.50214e-19 6.56367e-19 
0.95750 -4.64986e-19 6.47164e-19 
0.95990 -5.47099e-20 6.42785e-19 
0.96230  6.47523e-21 6.36631e-19 
0.96470  1.92651e-19 6.34826e-19 
0.96710  5.68560e-19 6.28025e-19 
0.96950 -5.25469e-19 6.21792e-19 
0.97190 -2.03908e-19 6.16980e-19 
0.97430  1.52060e-19 6.11641e-19 
0.97670 -7.81263e-20 6.03967e-19 
0.97910 -1.32696e-19 5.99284e-19 
0.98150 -1.33004e-19 5.96555e-19 
0.98390  2.89135e-19 5.93516e-19 
0.98630  5.10143e-19 5.92651e-19 
0.98870  8.64499e-19 5.91298e-19 
0.99110  1.35429e-18 5.88584e-19 
0.99350  7.40831e-19 5.87154e-19 
0.99590  9.55817e-19 5.84471e-19 
0.99830  1.34157e-18 5.78532e-19 
1.00070  1.73129e-18 5.73382e-19 
1.00310  1.41515e-18 5.79442e-19 
1.00550  7.90768e-19 5.69293e-19 
1.00790  1.89573e-18 5.62659e-19 
1.01030  1.89162e-18 5.67300e-19 
1.01270  2.04509e-18 5.63532e-19 
1.01510  1.55314e-18 5.57921e-19 
1.01750  2.11958e-18 5.64390e-19 
1.01990  2.88617e-18 5.62452e-19 
1.02230  2.15796e-18 5.83153e-19 
1.02470  2.44650e-18 5.56291e-19 
1.02710  2.28799e-18 5.52223e-19 
1.02950  2.51660e-18 5.61433e-19 
1.03190  3.20450e-18 5.57794e-19 
1.03430  3.13639e-18 5.29998e-19 
1.03670  3.45718e-18 5.27472e-19 
1.03910  2.57586e-18 5.47232e-19 
1.04150  2.40458e-18 5.25957e-19 
1.04390  3.39056e-18 5.30396e-19 
1.04630  3.15563e-18 5.36144e-19 
1.04870  3.47883e-18 5.27545e-19 
1.05110  3.71977e-18 5.37253e-19 
1.05350  3.35442e-18 5.58689e-19 
1.05590  3.56895e-18 5.53080e-19 
1.05830  4.09776e-18 5.68254e-19 
1.06070  4.20647e-18 5.47496e-19 
1.06310  4.26174e-18 5.56163e-19 
1.06550  4.30970e-18 5.36486e-19 
1.06790  4.59324e-18 5.19702e-19 
1.07030  4.17526e-18 5.06120e-19 
1.07270  3.26323e-18 5.09816e-19 
1.07510  3.49500e-18 5.15431e-19 
1.07750  3.82052e-18 5.20266e-19 
1.07990  3.92300e-18 5.00214e-19 
1.08230  3.78966e-18 5.00319e-19 
1.08470  3.44438e-18 4.98341e-19 
1.08710  3.03976e-18 5.15661e-19 
1.08950  1.93336e-18 5.00733e-19 
1.09190  1.87814e-18 4.88087e-19 
1.09430  1.13792e-18 4.84254e-19 
1.09670  1.52563e-18 4.84110e-19 
1.09910  1.02741e-18 5.06614e-19 
1.10300  5.16585e-19 4.40826e-19 
1.10765  4.10121e-19 4.16150e-19 
1.11230 -1.98069e-19 3.58250e-19 
1.11695 -3.52547e-19 3.49377e-19 
1.12160 -2.36010e-19 3.42152e-19 
1.12625 -3.28576e-19 3.20293e-19 
1.13090 -1.44943e-19 3.39532e-19 
1.13555 -1.38401e-19 3.07414e-19 
1.14020  3.82757e-19 3.14710e-19 
1.14485 -1.21728e-19 3.05974e-19 
1.14950  1.74511e-19 3.27458e-19 
1.15415 -4.92703e-20 3.02925e-19 
1.15880 -4.15415e-19 2.89982e-19 
1.16345  2.11916e-19 2.90905e-19 
1.16810  4.21529e-19 2.80767e-19 
1.17275  3.14855e-19 2.91964e-19 
1.17740 -3.86171e-19 2.76881e-19 
1.18205  1.80765e-19 2.78715e-19 
1.18670  5.24709e-19 2.53277e-19 
1.19135  4.94233e-19 2.53034e-19 
1.19600  3.40093e-19 2.55958e-19 
1.20065  4.71785e-19 2.39445e-19 
1.20530  7.35648e-19 2.39026e-19 
1.20995  6.35136e-19 2.35649e-19 
1.21460  1.01734e-18 2.33451e-19 
1.21925  1.32713e-18 2.32995e-19 
1.22390  1.47434e-18 2.34588e-19 
1.22855  1.92453e-18 2.34445e-19 
1.23320  2.42191e-18 2.28815e-19 
1.23785  2.69660e-18 2.28048e-19 
1.24250  3.28620e-18 2.27830e-19 
1.24715  3.94549e-18 2.29405e-19 
1.25180  4.56795e-18 2.29528e-19 
1.25645  4.75463e-18 2.29340e-19 
1.26110  5.43555e-18 2.42756e-19 
1.26575  5.64493e-18 2.34255e-19 
1.27040  5.42827e-18 2.40385e-19 
1.27505  4.99452e-18 2.24585e-19 
1.27970  4.52194e-18 2.22643e-19 
1.28435  3.80799e-18 2.16056e-19 
1.28900  2.94243e-18 2.17980e-19 
1.29365  2.19073e-18 2.04995e-19 
1.29830  1.84822e-18 2.00720e-19 
1.30295  1.47766e-18 1.98604e-19 
1.30760  1.01613e-18 1.94104e-19 
1.31225  7.75582e-19 1.93336e-19 
1.31690  1.65775e-19 1.90265e-19 
1.32155  4.60344e-19 1.87007e-19 
1.32620  6.60956e-19 2.01589e-19 
1.33085  1.33264e-20 1.81358e-19 
1.33550  2.70309e-19 1.82561e-19 
1.34015 -2.99507e-20 1.79020e-19 
1.34480 -4.26518e-19 1.76419e-19 
1.34945  1.39569e-20 1.80322e-19 
1.35410 -1.53318e-19 1.84006e-19 
1.35875 -1.41951e-19 1.93591e-19 
1.36340 -2.51811e-19 1.74986e-19 
1.36805 -2.19141e-19 1.76426e-19 
1.37270 -1.48278e-19 1.80265e-19 
1.37735  1.42378e-19 1.93921e-19 
1.38200 -1.88557e-19 1.83907e-19 
1.38665  1.07623e-19 1.84100e-19 
1.39130 -6.83547e-20 1.73638e-19 
1.39595 -6.89780e-20 1.73934e-19 
1.40060  1.22710e-19 1.74395e-19 
1.40525 -4.34283e-21 1.73421e-19 
1.40990  1.04379e-20 1.75231e-19 
1.41455 -1.27603e-19 1.72209e-19 
1.41920 -1.57137e-20 1.70643e-19 
1.42385 -2.20141e-19 1.73610e-19 
1.42850 -9.48505e-20 1.64999e-19 
1.43315  6.99630e-20 1.67345e-19 
1.43780 -1.75539e-20 1.74975e-19 
1.44245  4.17324e-19 1.85124e-19 
1.44710  9.37992e-20 1.65769e-19 
1.45175 -1.13670e-19 1.66204e-19 
1.45640 -2.07042e-19 1.71575e-19 
1.46105 -5.82996e-20 1.68029e-19 
1.46570  1.35764e-19 1.64483e-19 
1.47035 -1.34415e-19 1.60666e-19 
1.47500  1.00861e-19 1.68895e-19 
1.47965  8.73130e-20 1.63328e-19 
1.48430  1.35959e-19 1.76139e-19 
1.48895 -2.58929e-20 1.62459e-19 
1.49360  3.46102e-20 1.59930e-19 
1.49825  1.37695e-19 1.67749e-19 
1.50290  1.50888e-19 1.67933e-19 
1.50755  9.84933e-21 1.58927e-19 
1.51220  1.81510e-19 1.60004e-19 
1.51685  3.10702e-19 1.60869e-19 
1.52150  2.88198e-19 1.58072e-19 
1.52615  6.41594e-19 1.59784e-19 
1.53080  5.46436e-19 1.59857e-19 
1.53545  5.36283e-19 1.59620e-19 
1.54010  7.76930e-19 1.62167e-19 
1.54475  8.65739e-19 1.62282e-19 
1.54940  8.91030e-19 1.62916e-19 
1.55405  1.08352e-18 1.62344e-19 
1.55870  1.56550e-18 1.64537e-19 
1.56335  1.70257e-18 1.64919e-19 
1.56800  2.17954e-18 1.76715e-19 
1.57265  2.24272e-18 1.78036e-19 
1.57730  2.40463e-18 1.67580e-19 
1.58195  2.38136e-18 1.66710e-19 
1.58660  2.59384e-18 1.66448e-19 
1.59125  2.30542e-18 1.68442e-19 
1.59590  2.11259e-18 1.64196e-19 
1.60055  1.32066e-18 1.62819e-19 
1.60520  7.33695e-19 1.61779e-19 
1.60985  3.65898e-19 1.59566e-19 
1.61450  1.83926e-19 1.67850e-19 
1.61915  8.03709e-20 1.67978e-19 
1.62380  2.00831e-19 1.77755e-19 
1.62845  1.05746e-19 1.62663e-19 
1.63310  1.47253e-19 1.67610e-19 
1.63775  2.55324e-19 1.78801e-19 
1.64240  1.93521e-19 1.70750e-19 
1.64705  1.24465e-19 1.63441e-19 
1.65170  8.51667e-20 1.65933e-19 
1.65635  2.97177e-20 1.76369e-19 
1.66100  1.13845e-19 1.78185e-19 
1.66565 -1.14644e-19 1.98664e-19 
1.67030 -1.60979e-19 2.29774e-19 
1.67495  8.16615e-20 2.76322e-19 
1.67960 -2.15645e-19 3.56184e-19 
1.68425 -1.01972e-18 4.51409e-19 
1.68890  3.90553e-19 6.49331e-19 
1.69355 -1.40240e-19 7.43820e-19 
1.69820 -1.29719e-18 9.75065e-19 
