0.902300 1.58461e-19  2.57673e-19 
0.904700 2.45348e-19  2.57291e-19 
0.907100 1.48156e-19  2.54100e-19 
0.909500 1.27911e-19  2.50088e-19 
0.911900 -2.20602e-21 2.43330e-19 
0.914300 1.60632e-19  2.41262e-19 
0.916700 -1.54691e-19 2.45217e-19 
0.919100 1.70162e-19  2.45078e-19 
0.921500 -3.27341e-20 2.34734e-19 
0.923900 1.52388e-19  2.26441e-19 
0.926300 6.70443e-20  2.31277e-19 
0.928700 -1.04316e-19 2.36080e-19 
0.931100 -5.60838e-20 2.32281e-19 
0.933500 -3.31313e-20 2.30037e-19 
0.935900 -4.84973e-20 2.14186e-19 
0.938300 -9.20465e-20 2.17994e-19 
0.940700 -5.84360e-20 2.13147e-19 
0.943100 -1.40197e-19 2.27709e-19 
0.945500 -8.57147e-20 2.07753e-19 
0.947900 -8.90895e-21 2.02204e-19 
0.950300 -1.68768e-19 2.04980e-19 
0.952700 -7.39258e-20 2.05806e-19 
0.955100 -6.74449e-20 2.04729e-19 
0.957500 4.97444e-20  1.94676e-19 
0.959900 5.98468e-20  1.96200e-19 
0.962300 7.41648e-20  1.96918e-19 
0.964700 5.87254e-20  1.99505e-19 
0.967100 1.43727e-19  1.90118e-19 
0.969500 1.55421e-19  1.88662e-19 
0.971900 2.09293e-19  1.93951e-19 
0.974300 -1.33425e-20 1.86040e-19 
0.976700 2.48646e-20  1.81294e-19 
0.979100 -2.21244e-20 1.81590e-19 
0.981500 -9.14996e-20 1.88592e-19 
0.983900 -1.09977e-20 1.77858e-19 
0.986300 1.02858e-19  1.75988e-19 
0.988700 -6.10617e-20 1.74819e-19 
0.991100 1.59205e-19  1.78080e-19 
0.993500 2.70321e-19  1.74389e-19 
0.995900 1.54312e-19  1.72946e-19 
0.998300 9.61542e-20  1.70930e-19 
1.00070  9.63018e-20  1.70630e-19 
1.00310  2.92042e-19  1.67796e-19 
1.00550  1.75275e-19  1.65495e-19 
1.00790  1.42495e-19  1.65752e-19 
1.01030  2.54422e-19  1.64939e-19 
1.01270  2.30093e-19  1.64875e-19 
1.01510  2.87652e-19  1.62772e-19 
1.01750  3.29093e-19  1.61499e-19 
1.01990  3.61853e-19  1.61380e-19 
1.02230  3.26835e-19  1.60671e-19 
1.02470  5.13475e-19  1.59419e-19 
1.02710  5.40635e-19  1.58625e-19 
1.02950  5.31733e-19  1.56966e-19 
1.03190  4.34673e-19  1.54462e-19 
1.03430  6.00650e-19  1.54221e-19 
1.03670  7.40418e-19  1.57164e-19 
1.03910  7.11842e-19  1.57728e-19 
1.04150  7.14580e-19  1.54132e-19 
1.04390  8.45263e-19  1.54193e-19 
1.04630  7.87600e-19  1.54727e-19 
1.04870  8.18639e-19  1.58533e-19 
1.05110  9.26812e-19  1.53466e-19 
1.05350  9.42070e-19  1.55336e-19 
1.05590  9.02081e-19  1.60079e-19 
1.05830  9.93266e-19  1.57540e-19 
1.06070  1.17884e-18  1.58315e-19 
1.06310  1.06203e-18  1.54960e-19 
1.06550  9.73536e-19  1.58109e-19 
1.06790  1.01946e-18  1.57515e-19 
1.07030  9.54458e-19  1.55211e-19 
1.07270  8.03729e-19  1.51218e-19 
1.07510  7.56216e-19  1.51270e-19 
1.07750  7.61413e-19  1.54605e-19 
1.07990  8.19930e-19  1.48074e-19 
1.08230  6.50368e-19  1.51302e-19 
1.08470  4.53975e-19  1.48936e-19 
1.08710  3.67520e-19  1.48925e-19 
1.08950  3.07687e-19  1.45255e-19 
1.09190  1.22306e-19  1.49302e-19 
1.09430  5.09514e-20  1.47466e-19 
1.09670  1.30883e-19  1.48438e-19 
1.09910  1.72236e-19  1.50538e-19 
1.10300  4.66383e-19  1.55287e-19 
1.10765  4.67548e-19  1.46727e-19 
1.11230  2.61682e-19  1.28482e-19 
1.11695  1.06658e-19  1.18480e-19 
1.12160  9.18151e-20  1.12375e-19 
1.12625  2.90418e-20  1.11825e-19 
1.13090  7.86266e-20  1.07823e-19 
1.13555  -2.43134e-19 1.04621e-19 
1.14020  -3.84592e-20 1.01740e-19 
1.14485  -1.07465e-19 1.00275e-19 
1.14950  -1.65129e-19 9.99796e-20 
1.15415  5.78589e-21  9.92899e-20 
1.15880  4.65423e-20  9.84113e-20 
1.16345  2.55162e-20  9.79473e-20 
1.16810  2.02886e-20  9.69126e-20 
1.17275  4.82755e-20  9.76415e-20 
1.17740  1.75243e-19  9.11195e-20 
1.18205  3.19298e-20  9.11022e-20 
1.18670  -8.69887e-20 8.89637e-20 
1.19135  -1.06648e-19 9.34608e-20 
1.19600  1.16636e-19  8.85446e-20 
1.20065  1.31774e-19  8.83606e-20 
1.20530  6.03001e-20  8.92118e-20 
1.20995  2.10905e-19  8.50327e-20 
1.21460  4.91695e-20  8.95137e-20 
1.21925  1.66189e-19  8.41689e-20 
1.22390  2.49149e-19  8.92502e-20 
1.22855  2.50184e-19  8.20297e-20 
1.23320  1.90851e-19  8.39176e-20 
1.23785  2.35959e-19  8.39939e-20 
1.24250  4.03399e-19  8.12752e-20 
1.24715  5.41620e-19  9.10581e-20 
1.25180  6.25546e-19  7.80724e-20 
1.25645  7.65710e-19  8.20459e-20 
1.26110  9.30853e-19  8.17905e-20 
1.26575  9.79409e-19  8.55279e-20 
1.27040  1.07668e-18  7.78712e-20 
1.27505  8.42827e-19  7.49767e-20 
1.27970  6.91703e-19  7.68736e-20 
1.28435  4.72950e-19  7.22969e-20 
1.28900  4.45080e-19  7.18598e-20 
1.29365  2.81425e-19  7.12623e-20 
1.29830  3.13359e-19  7.00676e-20 
1.30295  2.65381e-19  6.89195e-20 
1.30760  1.78558e-19  6.79389e-20 
1.31225  6.35424e-20  6.73901e-20 
1.31690  1.34828e-19  6.69847e-20 
1.32155  6.65904e-20  6.63859e-20 
1.32620  1.46440e-19  6.59766e-20 
1.33085  1.21588e-19  6.53138e-20 
1.33550  2.53115e-20  6.49227e-20 
1.34015  5.68618e-20  6.44744e-20 
1.34480  -3.25799e-20 6.46827e-20 
1.34945  3.32218e-20  6.38747e-20 
1.35410  3.41141e-22  6.35759e-20 
1.35875  3.24609e-20  6.27366e-20 
1.36340  -3.04946e-20 6.33563e-20 
1.36805  2.81000e-20  6.31909e-20 
1.37270  -1.93086e-20 6.34213e-20 
1.37735  -7.37098e-20 6.32342e-20 
1.38200  -1.48154e-20 6.33438e-20 
1.38665  -9.21687e-20 6.32617e-20 
1.39130  -5.17583e-20 6.32828e-20 
1.39595  -4.26451e-20 6.29684e-20 
1.40060  -5.29356e-20 6.28928e-20 
1.40525  -8.09881e-20 6.22279e-20 
1.40990  -4.55395e-20 6.16027e-20 
1.41455  -2.57404e-20 6.11126e-20 
1.41920  -6.51524e-20 6.16276e-20 
1.42385  -5.56923e-20 6.35833e-20 
1.42850  -1.27765e-19 6.24513e-20 
1.43315  -2.16758e-20 6.14750e-20 
1.43780  -5.69540e-20 6.05614e-20 
1.44245  -9.08393e-21 6.50449e-20 
1.44710  -2.90842e-20 6.37303e-20 
1.45175  4.69652e-20  6.34472e-20 
1.45640  3.50296e-20  6.12270e-20 
1.46105  -5.47876e-20 6.22430e-20 
1.46570  2.58500e-20  6.26362e-20 
1.47035  1.27937e-20  6.16437e-20 
1.47500  -2.82403e-20 6.40959e-20 
1.47965  4.89053e-20  6.01747e-20 
1.48430  3.64940e-20  6.05514e-20 
1.48895  6.04926e-20  6.26468e-20 
1.49360  1.09996e-21  6.40634e-20 
1.49825  -1.79759e-20 5.99950e-20 
1.50290  6.31616e-21  5.93278e-20 
1.50755  -4.99460e-21 6.30737e-20 
1.51220  -4.71694e-20 6.05134e-20 
1.51685  4.63615e-20  6.07227e-20 
1.52150  5.80851e-20  6.18434e-20 
1.52615  9.53495e-21  6.30255e-20 
1.53080  4.50977e-20  6.01281e-20 
1.53545  8.15768e-20  5.84848e-20 
1.54010  7.85404e-20  6.14598e-20 
1.54475  1.16625e-19  6.05315e-20 
1.54940  2.04553e-19  6.08559e-20 
1.55405  2.07835e-19  5.90111e-20 
1.55870  1.92908e-19  5.89418e-20 
1.56335  2.90195e-19  5.91990e-20 
1.56800  3.41818e-19  5.92931e-20 
1.57265  4.35209e-19  5.93069e-20 
1.57730  5.17904e-19  5.95332e-20 
1.58195  5.18147e-19  5.89801e-20 
1.58660  5.43308e-19  5.92126e-20 
1.59125  6.69121e-19  5.93750e-20 
1.59590  5.78435e-19  5.97061e-20 
1.60055  4.09371e-19  5.95090e-20 
1.60520  1.64445e-19  5.91637e-20 
1.60985  4.77236e-20  5.84080e-20 
1.61450  1.22670e-19  5.83234e-20 
1.61915  1.42505e-19  5.86938e-20 
1.62380  3.13309e-20  5.90643e-20 
1.62845  2.26998e-20  5.93822e-20 
1.63310  1.45159e-20  5.98808e-20 
1.63775  -5.52433e-20 6.00012e-20 
1.64240  -5.82512e-20 6.03485e-20 
1.64705  4.33252e-20  6.03531e-20 
1.65170  9.12214e-20  6.11456e-20 
1.65635  2.02397e-20  6.33568e-20 
1.66100  5.97130e-20  6.70630e-20 
1.66565  6.33031e-20  7.41410e-20 
1.67030  1.14493e-19  8.42055e-20 
1.67495  -3.14254e-20 1.02353e-19 
1.67960  6.17960e-20  1.28037e-19 
1.68425  7.43566e-20  1.67963e-19 
1.68890  -2.48650e-19 2.21789e-19 
1.69355  -7.22637e-19 2.80846e-19 
1.69820  -6.92636e-19 3.48224e-19 
