1.10300  1.61476e-18 4.24268e-19 
1.10765  4.59887e-19 3.78985e-19 
1.11230 -1.15376e-19 3.56233e-19 
1.11695  4.85840e-19 3.46315e-19 
1.12160  4.38340e-19 3.07507e-19 
1.12625 -1.88813e-19 3.10319e-19 
1.13090 -9.13547e-20 3.16079e-19 
1.13555 -6.44401e-19 3.00215e-19 
1.14020  4.83091e-20 2.86683e-19 
1.14485  4.40193e-19 2.84656e-19 
1.14950 -2.88544e-20 2.84975e-19 
1.15415 -3.50584e-19 2.79383e-19 
1.15880 -3.13172e-20 2.74492e-19 
1.16345 -3.92963e-20 2.68615e-19 
1.16810 -4.36233e-19 2.73392e-19 
1.17275 -7.51527e-20 2.59944e-19 
1.17740  6.54081e-20 2.49832e-19 
1.18205  4.12848e-19 2.45083e-19 
1.18670  3.25793e-19 2.40213e-19 
1.19135  4.27584e-19 2.37693e-19 
1.19600  8.41144e-19 2.34649e-19 
1.20065  9.75855e-19 2.39527e-19 
1.20530  1.23511e-18 2.29825e-19 
1.20995  1.28960e-18 2.26904e-19 
1.21460  1.83019e-18 2.27218e-19 
1.21925  2.49223e-18 2.32229e-19 
1.22390  2.78976e-18 2.33939e-19 
1.22855  3.43530e-18 2.29145e-19 
1.23320  3.99450e-18 2.30619e-19 
1.23785  4.80710e-18 2.29518e-19 
1.24250  5.43598e-18 2.47571e-19 
1.24715  6.45403e-18 2.37526e-19 
1.25180  6.97586e-18 2.41108e-19 
1.25645  7.47415e-18 2.43373e-19 
1.26110  8.46106e-18 2.54630e-19 
1.26575  9.11263e-18 2.60884e-19 
1.27040  8.87299e-18 2.46519e-19 
1.27505  8.16621e-18 2.50798e-19 
1.27970  7.22726e-18 2.27770e-19 
1.28435  6.22539e-18 2.31485e-19 
1.28900  4.93314e-18 2.28592e-19 
1.29365  4.27343e-18 2.17281e-19 
1.29830  3.91438e-18 2.19125e-19 
1.30295  3.22113e-18 2.00836e-19 
1.30760  2.37136e-18 2.04069e-19 
1.31225  1.91930e-18 1.95823e-19 
1.31690  1.79455e-18 2.04593e-19 
1.32155  1.31070e-18 1.91359e-19 
1.32620  9.86361e-19 1.85465e-19 
1.33085  6.15043e-19 1.81791e-19 
1.33550  2.68090e-19 1.77035e-19 
1.34015  6.14392e-20 1.75767e-19 
1.34480 -1.92416e-19 1.70242e-19 
1.34945  1.53477e-21 1.69856e-19 
1.35410 -1.18155e-19 1.67986e-19 
1.35875 -1.16875e-19 1.66257e-19 
1.36340  2.55536e-20 1.66956e-19 
1.36805  1.53943e-19 1.66619e-19 
1.37270  5.54240e-20 1.66118e-19 
1.37735 -8.73925e-20 1.66002e-19 
1.38200 -1.34667e-19 1.66463e-19 
1.38665 -4.39789e-20 1.66769e-19 
1.39130  1.13157e-19 1.65872e-19 
1.39595 -2.15307e-20 1.64863e-19 
1.40060 -2.97826e-19 1.64132e-19 
1.40525  2.32449e-20 1.69410e-19 
1.40990  5.22440e-21 1.62834e-19 
1.41455 -1.66579e-20 1.63774e-19 
1.41920  1.61264e-19 1.59798e-19 
1.42385 -1.10652e-19 1.60919e-19 
1.42850 -7.18722e-20 1.58854e-19 
1.43315  1.43138e-19 1.59869e-19 
1.43780  5.00624e-20 1.55036e-19 
1.44245  8.85083e-20 1.54380e-19 
1.44710  1.25047e-19 1.54231e-19 
1.45175 -7.54918e-21 1.54436e-19 
1.45640  3.50828e-19 1.55207e-19 
1.46105 -9.87668e-21 1.54572e-19 
1.46570  2.02798e-19 1.55115e-19 
1.47035  1.44828e-19 1.55342e-19 
1.47500  2.63308e-19 1.56128e-19 
1.47965  2.61912e-19 1.57383e-19 
1.48430  3.12211e-19 1.59345e-19 
1.48895  3.93716e-19 1.58500e-19 
1.49360  1.55395e-19 1.59387e-19 
1.49825  1.30160e-19 1.60775e-19 
1.50290  2.21083e-19 1.67362e-19 
1.50755  3.79723e-19 1.59153e-19 
1.51220  3.60112e-19 1.56696e-19 
1.51685  3.56858e-19 1.59494e-19 
1.52150  4.90975e-19 1.57997e-19 
1.52615  6.76310e-19 1.59956e-19 
1.53080  9.25215e-19 1.56375e-19 
1.53545  1.07062e-18 1.58313e-19 
1.54010  1.64720e-18 1.57384e-19 
1.54475  1.76926e-18 1.62779e-19 
1.54940  1.66109e-18 1.61316e-19 
1.55405  2.11923e-18 1.63023e-19 
1.55870  2.76458e-18 1.68287e-19 
1.56335  3.16998e-18 1.66907e-19 
1.56800  3.51155e-18 1.69528e-19 
1.57265  3.93952e-18 1.67296e-19 
1.57730  4.17911e-18 1.71212e-19 
1.58195  4.30953e-18 1.72514e-19 
1.58660  4.63640e-18 1.76663e-19 
1.59125  3.94667e-18 1.70378e-19 
1.59590  3.47489e-18 1.66208e-19 
1.60055  2.66637e-18 1.66500e-19 
1.60520  1.70842e-18 1.59452e-19 
1.60985  9.79561e-19 1.56360e-19 
1.61450  5.10409e-19 1.54270e-19 
1.61915  3.27127e-19 1.55710e-19 
1.62380  1.91989e-19 1.51062e-19 
1.62845  1.92960e-19 1.53256e-19 
1.63310  1.32724e-19 1.52995e-19 
1.63775  3.92592e-19 1.57922e-19 
1.64240  2.41076e-19 1.64763e-19 
1.64705  9.74934e-20 1.56365e-19 
1.65170  2.11211e-19 1.56439e-19 
1.65635  2.71536e-19 1.60666e-19 
1.66100 -2.19181e-20 1.69542e-19 
1.66565 -4.94087e-20 1.86558e-19 
1.67030  1.49145e-19 2.15772e-19 
1.67495  2.01842e-19 2.58509e-19 
1.67960  3.87513e-19 3.23748e-19 
1.68425  1.12022e-19 4.16735e-19 
1.68890  7.60328e-19 5.42648e-19 
1.69355  4.82668e-20 6.85097e-19 
1.69820  5.20929e-19 8.55692e-19 
