0.90230 -6.36291e-19 9.85699e-19 
0.90470  8.31834e-19 9.22482e-19 
0.90710  3.87020e-19 8.86075e-19 
0.90950 -1.52421e-19 9.24026e-19 
0.91190  6.36190e-21 9.28319e-19 
0.91430  2.82844e-19 8.29321e-19 
0.91670  1.08774e-19 8.43140e-19 
0.91910  2.91637e-19 8.05955e-19 
0.92150 -1.25255e-20 8.50586e-19 
0.92390  2.76038e-19 8.82338e-19 
0.92630  1.06200e-18 8.81731e-19 
0.92870 -1.87547e-20 7.82087e-19 
0.93110  1.05809e-18 8.10486e-19 
0.93350  8.70625e-19 7.76189e-19 
0.93590 -2.10843e-19 7.74647e-19 
0.93830  9.96558e-20 8.02148e-19 
0.94070  9.04022e-19 7.67655e-19 
0.94310  1.63886e-18 7.68675e-19 
0.94550  1.29251e-20 6.86040e-19 
0.94790  3.58003e-19 7.08098e-19 
0.95030  1.30536e-18 7.50750e-19 
0.95270 -3.16860e-19 6.87093e-19 
0.95510 -7.71460e-19 6.42006e-19 
0.95750 -1.02296e-18 6.35742e-19 
0.95990 -4.32556e-19 6.67367e-19 
0.96230  1.75966e-19 7.34602e-19 
0.96470  8.10873e-19 7.21921e-19 
0.96710  6.55080e-19 6.55386e-19 
0.96950  4.70053e-20 6.39066e-19 
0.97190  2.83410e-19 6.42296e-19 
0.97430  8.85922e-19 6.54075e-19 
0.97670  3.94384e-19 6.42260e-19 
0.97910 -3.05189e-19 6.17622e-19 
0.98150 -7.00736e-19 5.97645e-19 
0.98390 -8.96916e-19 6.02313e-19 
0.98630  3.44327e-19 5.89338e-19 
0.98870  7.53516e-19 5.95928e-19 
0.99110  6.60439e-19 6.20505e-19 
0.99350  5.45079e-19 6.35849e-19 
0.99590  9.75449e-19 6.54971e-19 
0.99830 -5.69840e-19 5.85442e-19 
1.00070  6.95394e-19 5.96614e-19 
1.00310  1.95371e-19 6.16479e-19 
1.00550  1.41860e-19 6.06951e-19 
1.00790 -1.74788e-19 5.65611e-19 
1.01030  1.06150e-18 5.82019e-19 
1.01270  2.01479e-18 6.10798e-19 
1.01510  1.69653e-18 6.54860e-19 
1.01750  1.58765e-18 6.02268e-19 
1.01990  1.35969e-18 5.96072e-19 
1.02230  9.99858e-19 5.53913e-19 
1.02470  1.58090e-18 5.81386e-19 
1.02710  2.17285e-18 5.54798e-19 
1.02950  2.38302e-18 5.43357e-19 
1.03190  2.32107e-18 5.59095e-19 
1.03430  2.38558e-18 5.15657e-19 
1.03670  2.57966e-18 5.14396e-19 
1.03910  3.22236e-18 5.36204e-19 
1.04150  2.97499e-18 6.07671e-19 
1.04390  2.39759e-18 5.46891e-19 
1.04630  2.46199e-18 5.27038e-19 
1.04870  1.95125e-18 5.17670e-19 
1.05110  1.90571e-18 5.21141e-19 
1.05350  2.87261e-18 5.31018e-19 
1.05590  2.66692e-18 5.17392e-19 
1.05830  2.87344e-18 5.37630e-19 
1.06070  2.66106e-18 5.19844e-19 
1.06310  2.82569e-18 5.24928e-19 
1.06550  2.85769e-18 5.16490e-19 
1.06790  3.23197e-18 5.30677e-19 
1.07030  3.02343e-18 4.95009e-19 
1.07270  1.89851e-18 4.91718e-19 
1.07510  1.33874e-18 5.20248e-19 
1.07750  2.51486e-18 5.23647e-19 
1.07990  1.71896e-18 5.67494e-19 
1.08230  1.65804e-18 5.81565e-19 
1.08470  1.89067e-18 5.27281e-19 
1.08710  1.73677e-18 5.13572e-19 
1.08950  7.61285e-19 5.33927e-19 
1.09190  9.53874e-19 5.46364e-19 
1.09430 -4.49511e-19 5.16119e-19 
1.09670  5.81724e-19 5.86195e-19 
1.09910  1.04539e-18 5.59950e-19 
1.10300  5.66889e-19 3.25454e-19 
1.10765  7.57179e-20 2.70280e-19 
1.11230  3.16629e-19 2.48262e-19 
1.11695 -5.43162e-19 2.34494e-19 
1.12160 -6.55769e-19 2.38699e-19 
1.12625 -1.50595e-19 2.21422e-19 
1.13090 -2.30124e-19 2.23239e-19 
1.13555  2.55365e-19 2.31143e-19 
1.14020  2.84539e-19 2.11761e-19 
1.14485  3.24776e-19 2.18961e-19 
1.14950  8.72848e-20 2.06368e-19 
1.15415 -8.78788e-20 2.13372e-19 
1.15880 -1.62245e-19 2.16954e-19 
1.16345 -8.79466e-20 1.98813e-19 
1.16810  8.28653e-20 1.94750e-19 
1.17275  3.72353e-21 1.90767e-19 
1.17740 -4.76785e-20 1.88438e-19 
1.18205  1.21614e-19 1.82462e-19 
1.18670 -2.03062e-19 1.83108e-19 
1.19135 -1.00448e-19 2.21144e-19 
1.19600  7.06594e-20 1.75068e-19 
1.20065  3.11555e-19 1.79281e-19 
1.20530  2.45544e-19 1.71541e-19 
1.20995 -8.73945e-20 1.73741e-19 
1.21460  3.81949e-19 1.66798e-19 
1.21925  4.26027e-19 1.63785e-19 
1.22390  5.16616e-19 1.62784e-19 
1.22855  8.38606e-19 1.62621e-19 
1.23320  1.08320e-18 1.72001e-19 
1.23785  1.23097e-18 1.60054e-19 
1.24250  1.62937e-18 1.60656e-19 
1.24715  1.87624e-18 1.61186e-19 
1.25180  2.21746e-18 1.61333e-19 
1.25645  2.57890e-18 1.61422e-19 
1.26110  2.92210e-18 1.69917e-19 
1.26575  3.49270e-18 1.65666e-19 
1.27040  3.53159e-18 1.64377e-19 
1.27505  3.20774e-18 1.61182e-19 
1.27970  2.77444e-18 1.55979e-19 
1.28435  2.29722e-18 1.52807e-19 
1.28900  1.62703e-18 1.54784e-19 
1.29365  1.30082e-18 1.47961e-19 
1.29830  1.16409e-18 1.45938e-19 
1.30295  7.20571e-19 1.46172e-19 
1.30760  4.53706e-19 1.47138e-19 
1.31225  3.45251e-19 1.45897e-19 
1.31690  9.58639e-20 1.46306e-19 
1.32155  3.33208e-19 1.35218e-19 
1.32620 -7.47701e-20 1.33165e-19 
1.33085 -2.14027e-19 1.47952e-19 
1.33550  6.60800e-20 1.30994e-19 
1.34015  1.53825e-19 1.29879e-19 
1.34480  1.78004e-19 1.29240e-19 
1.34945  8.89263e-20 1.27862e-19 
1.35410 -1.81853e-20 1.34866e-19 
1.35875 -1.64435e-20 1.26250e-19 
1.36340  7.08829e-20 1.26797e-19 
1.36805 -1.02630e-19 1.27689e-19 
1.37270 -3.20123e-20 1.26556e-19 
1.37735  1.70688e-19 1.27845e-19 
1.38200  6.68939e-20 1.33146e-19 
1.38665 -5.09476e-20 1.28536e-19 
1.39130  1.68770e-19 1.30607e-19 
1.39595 -5.38338e-20 1.29919e-19 
1.40060 -2.86088e-20 1.24949e-19 
1.40525 -9.06229e-20 1.32195e-19 
1.40990 -2.20207e-19 1.23447e-19 
1.41455  7.43452e-20 1.28196e-19 
1.41920 -1.39004e-19 1.19828e-19 
1.42385  6.58746e-20 1.20194e-19 
1.42850 -7.63509e-20 1.19001e-19 
1.43315  5.63690e-20 1.22816e-19 
1.43780 -4.61622e-20 1.17757e-19 
1.44245 -2.24561e-20 1.17321e-19 
1.44710  9.10800e-20 1.17291e-19 
1.45175 -6.30305e-21 1.16815e-19 
1.45640 -1.31550e-21 1.16692e-19 
1.46105  2.27481e-21 1.16922e-19 
1.46570  1.87283e-19 1.26973e-19 
1.47035 -1.13176e-19 1.18148e-19 
1.47500 -9.15235e-21 1.17363e-19 
1.47965 -1.47651e-19 1.17563e-19 
1.48430 -5.35008e-20 1.17190e-19 
1.48895 -6.74127e-20 1.17341e-19 
1.49360  5.27386e-20 1.16763e-19 
1.49825 -4.15472e-20 1.23179e-19 
1.50290 -5.24222e-22 1.15527e-19 
1.50755 -7.48879e-20 1.14990e-19 
1.51220  1.33852e-19 1.22324e-19 
1.51685  9.70173e-20 1.22710e-19 
1.52150  4.14502e-20 1.15940e-19 
1.52615  1.93686e-19 1.19924e-19 
1.53080  4.76833e-19 1.22600e-19 
1.53545  3.67432e-19 1.16542e-19 
1.54010  1.17459e-19 1.15219e-19 
1.54475  4.58782e-19 1.15697e-19 
1.54940  5.26814e-19 1.16782e-19 
1.55405  5.04907e-19 1.22762e-19 
1.55870  7.14009e-19 1.17798e-19 
1.56335  1.04220e-18 1.18514e-19 
1.56800  1.21347e-18 1.33251e-19 
1.57265  1.49055e-18 1.22940e-19 
1.57730  1.38423e-18 1.19131e-19 
1.58195  1.65690e-18 1.19884e-19 
1.58660  1.79413e-18 1.25028e-19 
1.59125  1.70760e-18 1.24553e-19 
1.59590  1.44645e-18 1.23321e-19 
1.60055  1.08991e-18 1.18044e-19 
1.60520  7.01949e-19 1.19889e-19 
1.60985  4.16685e-19 1.18224e-19 
1.61450  2.26633e-19 1.14995e-19 
1.61915  3.26553e-20 1.14881e-19 
1.62380 -9.12375e-20 1.21224e-19 
1.62845  6.30719e-20 1.16548e-19 
1.63310 -1.06238e-20 1.20224e-19 
1.63775  1.23010e-19 1.19574e-19 
1.64240  2.50668e-19 1.21925e-19 
1.64705  1.09571e-19 1.23564e-19 
1.65170  4.27205e-20 1.21661e-19 
1.65635  1.76538e-19 1.22690e-19 
1.66100  6.72087e-20 1.29898e-19 
1.66565  3.49814e-20 1.43086e-19 
1.67030  2.50354e-20 1.69394e-19 
1.67495  1.90699e-19 1.99988e-19 
1.67960  5.98762e-20 2.55165e-19 
1.68425  1.57333e-19 3.26426e-19 
1.68890  4.51944e-19 4.17248e-19 
1.69355 -3.34608e-19 5.26618e-19 
1.69820 -6.49757e-19 7.05428e-19 
