0.902300 -7.02640e-20 3.89126e-19 
0.904700 4.22890e-20  3.92493e-19 
0.907100 -1.90324e-19 3.75349e-19 
0.909500 -9.35072e-21 3.72499e-19 
0.911900 -4.31831e-19 3.77818e-19 
0.914300 -5.43662e-19 3.53264e-19 
0.916700 -7.34698e-20 3.54029e-19 
0.919100 -1.21657e-19 3.49504e-19 
0.921500 -5.44068e-20 3.51256e-19 
0.923900 -2.23828e-20 3.36855e-19 
0.926300 -2.13868e-19 3.31752e-19 
0.928700 -3.29749e-19 3.31077e-19 
0.931100 -3.48837e-19 3.32151e-19 
0.933500 -8.06418e-20 3.20971e-19 
0.935900 3.88540e-19  3.13074e-19 
0.938300 -7.57586e-20 3.11453e-19 
0.940700 -4.54200e-19 3.27269e-19 
0.943100 -3.01564e-19 3.30665e-19 
0.945500 -7.01027e-19 3.19870e-19 
0.947900 -4.72327e-19 3.14899e-19 
0.950300 -1.01243e-19 3.25985e-19 
0.952700 -9.97544e-20 3.30568e-19 
0.955100 -8.61327e-20 2.89940e-19 
0.957500 -1.86325e-19 2.81066e-19 
0.959900 -1.95099e-19 2.79584e-19 
0.962300 -3.06091e-20 2.74668e-19 
0.964700 1.47448e-20  2.72755e-19 
0.967100 -9.01845e-20 2.73929e-19 
0.969500 1.67362e-19  2.81566e-19 
0.971900 2.30550e-19  2.68734e-19 
0.974300 -1.95421e-20 2.64145e-19 
0.976700 -6.56088e-20 2.62323e-19 
0.979100 -4.52792e-19 2.64717e-19 
0.981500 3.47067e-19  2.71465e-19 
0.983900 8.74015e-20  2.65444e-19 
0.986300 5.20578e-19  2.81774e-19 
0.988700 1.24839e-19  2.59668e-19 
0.991100 -2.28856e-20 2.91600e-19 
0.993500 1.00899e-19  2.58211e-19 
0.995900 1.08857e-20  2.54899e-19 
0.998300 -1.61413e-19 2.51074e-19 
1.00070  2.38476e-19  2.90720e-19 
1.00310  2.18783e-19  2.60272e-19 
1.00550  9.41183e-19  2.43652e-19 
1.00790  -3.18764e-20 2.42262e-19 
1.01030  1.03434e-19  2.51120e-19 
1.01270  6.42185e-19  3.09568e-19 
1.01510  8.35489e-19  2.62269e-19 
1.01750  6.65982e-19  2.42476e-19 
1.01990  8.92143e-19  2.38663e-19 
1.02230  7.64524e-19  2.76175e-19 
1.02470  1.37240e-18  2.65172e-19 
1.02710  1.21638e-18  2.46046e-19 
1.02950  7.29482e-19  2.34443e-19 
1.03190  9.86040e-19  2.59694e-19 
1.03430  1.30607e-18  2.50970e-19 
1.03670  1.44815e-18  2.34788e-19 
1.03910  1.74155e-18  2.31380e-19 
1.04150  1.81929e-18  2.39920e-19 
1.04390  1.92375e-18  2.36624e-19 
1.04630  2.08635e-18  2.27591e-19 
1.04870  2.09761e-18  2.26704e-19 
1.05110  2.12160e-18  2.28965e-19 
1.05350  2.46564e-18  2.32472e-19 
1.05590  2.55662e-18  2.34793e-19 
1.05830  2.70298e-18  2.33027e-19 
1.06070  2.43651e-18  2.34506e-19 
1.06310  2.26488e-18  2.39377e-19 
1.06550  2.15012e-18  2.31155e-19 
1.06790  2.21856e-18  2.25585e-19 
1.07030  2.13083e-18  2.19785e-19 
1.07270  1.91074e-18  2.19800e-19 
1.07510  1.80594e-18  2.19743e-19 
1.07750  1.97178e-18  2.20210e-19 
1.07990  1.84878e-18  2.16058e-19 
1.08230  1.47605e-18  2.19484e-19 
1.08470  1.06796e-18  2.18568e-19 
1.08710  1.07874e-18  2.12982e-19 
1.08950  7.64603e-19  2.13158e-19 
1.09190  2.62739e-19  2.10600e-19 
1.09430  5.20678e-19  2.15790e-19 
1.09670  5.76828e-19  2.09572e-19 
1.09910  -1.99329e-20 2.09884e-19 
1.10300  1.89482e-19  4.41993e-19 
1.10765  1.96237e-19  3.96611e-19 
1.11230  -3.99831e-19 3.53621e-19 
1.11695  3.07900e-19  3.34676e-19 
1.12160  -1.74325e-19 3.21089e-19 
1.12625  1.54331e-20  3.28532e-19 
1.13090  1.53454e-19  3.05595e-19 
1.13555  3.51625e-20  2.99042e-19 
1.14020  -1.01929e-19 2.94121e-19 
1.14485  -3.00816e-19 2.90901e-19 
1.14950  3.07779e-19  2.91916e-19 
1.15415  1.00967e-19  2.91858e-19 
1.15880  -2.21232e-19 2.85991e-19 
1.16345  -3.04851e-19 2.79602e-19 
1.16810  -2.58110e-19 2.72515e-19 
1.17275  1.81005e-19  2.73202e-19 
1.17740  -8.82524e-20 2.73812e-19 
1.18205  -2.96464e-19 2.53929e-19 
1.18670  -1.18325e-19 2.49636e-19 
1.19135  8.37738e-20  2.51369e-19 
1.19600  -8.24174e-20 2.50318e-19 
1.20065  -5.56328e-20 2.53736e-19 
1.20530  -3.84533e-19 2.37150e-19 
1.20995  2.53892e-20  2.35560e-19 
1.21460  3.82192e-19  2.38319e-19 
1.21925  2.31989e-20  2.37908e-19 
1.22390  2.37516e-19  2.27594e-19 
1.22855  2.40085e-19  2.23826e-19 
1.23320  7.02808e-19  2.22462e-19 
1.23785  7.02191e-19  2.21054e-19 
1.24250  9.84282e-19  2.18920e-19 
1.24715  1.36702e-18  2.18575e-19 
1.25180  1.46617e-18  2.17377e-19 
1.25645  2.24862e-18  2.18115e-19 
1.26110  2.65810e-18  2.19659e-19 
1.26575  2.87896e-18  2.20039e-19 
1.27040  2.82224e-18  2.18221e-19 
1.27505  2.12757e-18  2.13075e-19 
1.27970  1.35381e-18  2.06919e-19 
1.28435  1.05336e-18  2.04601e-19 
1.28900  9.01803e-19  2.02293e-19 
1.29365  7.21440e-19  2.00694e-19 
1.29830  6.03734e-19  1.99435e-19 
1.30295  1.74725e-19  1.96970e-19 
1.30760  1.65452e-19  2.06885e-19 
1.31225  -1.11132e-19 1.90995e-19 
1.31690  -1.48886e-19 1.91963e-19 
1.32155  -2.20061e-19 1.90030e-19 
1.32620  -2.64084e-19 1.91430e-19 
1.33085  -7.45864e-20 1.82869e-19 
1.33550  -1.16655e-19 1.81330e-19 
1.34015  -3.00166e-19 1.80786e-19 
1.34480  -3.02350e-19 1.84256e-19 
1.34945  -2.17985e-19 1.80198e-19 
1.35410  -2.38859e-20 1.75684e-19 
1.35875  -7.36967e-20 1.74979e-19 
1.36340  -1.48687e-19 1.83767e-19 
1.36805  -2.12581e-19 1.84785e-19 
1.37270  -1.77151e-19 1.86192e-19 
1.37735  -2.11112e-19 1.76234e-19 
1.38200  6.53506e-20  1.76129e-19 
1.38665  1.28087e-19  1.74220e-19 
1.39130  -6.94009e-20 1.84424e-19 
1.39595  -2.52564e-20 1.74673e-19 
1.40060  -3.68392e-19 1.72420e-19 
1.40525  -2.99046e-19 1.72058e-19 
1.40990  -1.60181e-19 1.70018e-19 
1.41455  -2.03219e-19 1.75880e-19 
1.41920  -9.98851e-20 1.68641e-19 
1.42385  -4.92344e-19 1.70644e-19 
1.42850  -3.85568e-19 1.76418e-19 
1.43315  -5.63985e-20 1.75101e-19 
1.43780  -1.42123e-19 1.75952e-19 
1.44245  -2.73715e-19 1.74419e-19 
1.44710  -4.58714e-20 1.71384e-19 
1.45175  -2.28480e-20 1.80614e-19 
1.45640  -2.03129e-19 1.73072e-19 
1.46105  -2.50559e-19 1.71985e-19 
1.46570  -4.28233e-19 1.65780e-19 
1.47035  -2.04449e-19 1.79969e-19 
1.47500  -3.37331e-20 1.68331e-19 
1.47965  6.76253e-20  1.63660e-19 
1.48430  4.96950e-20  1.63801e-19 
1.48895  -1.02892e-19 1.66142e-19 
1.49360  -4.94031e-19 1.64576e-19 
1.49825  -7.11765e-20 1.66943e-19 
1.50290  -1.84036e-19 1.60439e-19 
1.50755  1.36563e-19  1.60509e-19 
1.51220  1.08193e-19  1.58895e-19 
1.51685  2.35409e-20  1.59365e-19 
1.52150  7.17626e-20  1.58389e-19 
1.52615  6.20347e-21  1.58833e-19 
1.53080  3.34544e-20  1.59666e-19 
1.53545  2.11991e-19  1.59344e-19 
1.54010  2.72412e-20  1.59306e-19 
1.54475  1.17630e-19  1.60232e-19 
1.54940  5.69142e-19  1.60818e-19 
1.55405  4.39008e-19  1.60467e-19 
1.55870  4.21905e-19  1.61650e-19 
1.56335  4.95930e-19  1.63665e-19 
1.56800  8.68688e-19  1.65019e-19 
1.57265  1.12349e-18  1.68939e-19 
1.57730  1.23388e-18  1.62573e-19 
1.58195  1.19700e-18  1.64737e-19 
1.58660  1.18288e-18  1.69311e-19 
1.59125  1.15382e-18  1.69070e-19 
1.59590  7.24379e-19  1.60530e-19 
1.60055  3.58420e-19  1.61369e-19 
1.60520  3.57849e-19  1.66977e-19 
1.60985  -4.18720e-20 1.68346e-19 
1.61450  -1.18397e-19 1.73527e-19 
1.61915  2.84809e-21  1.60518e-19 
1.62380  -2.06149e-20 1.65190e-19 
1.62845  2.20743e-20  1.72310e-19 
1.63310  1.57181e-19  1.95644e-19 
1.63775  4.67198e-21  1.69662e-19 
1.64240  2.96576e-19  1.76078e-19 
1.64705  3.20791e-19  1.75575e-19 
1.65170  3.77913e-19  1.82419e-19 
1.65635  2.59449e-19  1.85540e-19 
1.66100  1.63497e-19  1.99288e-19 
1.66565  -4.46983e-19 2.19576e-19 
1.67030  -2.75127e-19 2.39906e-19 
1.67495  1.56553e-19  2.76940e-19 
1.67960  -6.82327e-20 3.46654e-19 
1.68425  3.36187e-20  4.58820e-19 
1.68890  -2.25833e-20 5.86790e-19 
1.69355  4.29182e-20  7.24589e-19 
1.69820  -2.92445e-19 9.01272e-19 
