1.10300  1.32856e-18 3.22687e-19 
1.10765  9.85575e-19 2.79354e-19 
1.11230  6.69733e-19 2.48995e-19 
1.11695  4.16217e-19 2.35625e-19 
1.12160  2.96914e-19 2.28834e-19 
1.12625  2.53695e-19 2.31093e-19 
1.13090  1.37803e-19 2.31250e-19 
1.13555  2.16474e-19 2.27758e-19 
1.14020  9.73709e-20 2.38935e-19 
1.14485  2.33206e-19 2.24882e-19 
1.14950  2.41319e-19 2.08153e-19 
1.15415  1.98921e-19 2.12925e-19 
1.15880 -1.36325e-20 2.13599e-19 
1.16345  2.54795e-20 2.02456e-19 
1.16810 -2.30349e-20 2.04393e-19 
1.17275 -4.58409e-20 1.95636e-19 
1.17740  3.38777e-19 1.93395e-19 
1.18205  3.95284e-19 2.06250e-19 
1.18670  1.55983e-19 1.98130e-19 
1.19135  2.33260e-19 1.86271e-19 
1.19600  6.52957e-19 1.77769e-19 
1.20065  9.01210e-19 1.74464e-19 
1.20530  1.11815e-18 1.76318e-19 
1.20995  1.46171e-18 1.83860e-19 
1.21460  1.81983e-18 1.97306e-19 
1.21925  2.53406e-18 1.80393e-19 
1.22390  3.21444e-18 1.84517e-19 
1.22855  3.88966e-18 1.81228e-19 
1.23320  4.75154e-18 1.94789e-19 
1.23785  6.00811e-18 2.01341e-19 
1.24250  7.27785e-18 1.98013e-19 
1.24715  8.75844e-18 2.11369e-19 
1.25180  1.01090e-17 2.14804e-19 
1.25645  1.12027e-17 2.19955e-19 
1.26110  1.21881e-17 2.39422e-19 
1.26575  1.33843e-17 2.40532e-19 
1.27040  1.30093e-17 2.30944e-19 
1.27505  1.13357e-17 2.16802e-19 
1.27970  9.31107e-18 2.00870e-19 
1.28435  7.46802e-18 1.86590e-19 
1.28900  5.78817e-18 1.75199e-19 
1.29365  4.34509e-18 1.65346e-19 
1.29830  3.32059e-18 1.57368e-19 
1.30295  2.49312e-18 1.50467e-19 
1.30760  1.72030e-18 1.44548e-19 
1.31225  1.16033e-18 1.44778e-19 
1.31690  7.81520e-19 1.40516e-19 
1.32155  6.04751e-19 1.42131e-19 
1.32620  3.15009e-19 1.37906e-19 
1.33085  5.08499e-20 1.32243e-19 
1.33550 -2.60536e-19 1.29997e-19 
1.34015 -7.37439e-20 1.30049e-19 
1.34480 -1.39261e-20 1.28916e-19 
1.34945 -7.98125e-20 1.26855e-19 
1.35410 -1.58771e-19 1.25385e-19 
1.35875 -1.99523e-19 1.25012e-19 
1.36340 -1.60818e-19 1.25769e-19 
1.36805 -2.25924e-19 1.32655e-19 
1.37270 -1.80322e-19 1.36208e-19 
1.37735 -2.13395e-19 1.36143e-19 
1.38200 -1.58331e-19 1.31999e-19 
1.38665 -6.37136e-20 1.32394e-19 
1.39130 -7.42747e-20 1.28468e-19 
1.39595 -8.15327e-20 1.30074e-19 
1.40060 -1.45888e-19 1.27815e-19 
1.40525 -2.06257e-19 1.22974e-19 
1.40990 -4.01409e-20 1.26478e-19 
1.41455  1.41118e-19 1.29418e-19 
1.41920  2.04903e-20 1.36342e-19 
1.42385  1.15069e-20 1.33231e-19 
1.42850 -1.52364e-19 1.22975e-19 
1.43315 -1.46875e-19 1.22153e-19 
1.43780 -1.29220e-19 1.21853e-19 
1.44245 -8.72887e-20 1.20854e-19 
1.44710  6.31476e-20 1.20279e-19 
1.45175  9.92910e-20 1.21011e-19 
1.45640 -6.60623e-20 1.19517e-19 
1.46105 -8.41344e-20 1.18169e-19 
1.46570 -2.13725e-20 1.17726e-19 
1.47035 -5.75626e-20 1.20623e-19 
1.47500 -2.21685e-20 1.22436e-19 
1.47965 -7.71080e-20 1.21534e-19 
1.48430 -1.17321e-19 1.17418e-19 
1.48895  1.07241e-19 1.17524e-19 
1.49360  1.96256e-19 1.17102e-19 
1.49825  1.51737e-19 1.16927e-19 
1.50290  5.77178e-20 1.16110e-19 
1.50755  4.00865e-21 1.15617e-19 
1.51220  1.99315e-19 1.19011e-19 
1.51685  2.58554e-19 1.17488e-19 
1.52150  4.66111e-19 1.17426e-19 
1.52615  6.71437e-19 1.17975e-19 
1.53080  7.08985e-19 1.19154e-19 
1.53545  9.15508e-19 1.20485e-19 
1.54010  1.28428e-18 1.21150e-19 
1.54475  1.52709e-18 1.24794e-19 
1.54940  1.83218e-18 1.28638e-19 
1.55405  2.34433e-18 1.34933e-19 
1.55870  3.03881e-18 1.42962e-19 
1.56335  3.76803e-18 1.42711e-19 
1.56800  4.57784e-18 1.44215e-19 
1.57265  5.13841e-18 1.46372e-19 
1.57730  5.58220e-18 1.52879e-19 
1.58195  6.01473e-18 1.53267e-19 
1.58660  5.71511e-18 1.46211e-19 
1.59125  4.98992e-18 1.41116e-19 
1.59590  3.87855e-18 1.34806e-19 
1.60055  2.80758e-18 1.27451e-19 
1.60520  1.85928e-18 1.25961e-19 
1.60985  9.51718e-19 1.25160e-19 
1.61450  5.52290e-19 1.17100e-19 
1.61915  2.60512e-19 1.16405e-19 
1.62380  8.66378e-20 1.18607e-19 
1.62845  2.38203e-20 1.19555e-19 
1.63310  9.51595e-21 1.17990e-19 
1.63775  6.86738e-20 1.18092e-19 
1.64240  5.32709e-20 1.18261e-19 
1.64705  1.94931e-20 1.19888e-19 
1.65170  1.46906e-19 1.25029e-19 
1.65635  2.52210e-19 1.23220e-19 
1.66100  1.32827e-19 1.30848e-19 
1.66565  8.51445e-20 1.44430e-19 
1.67030  1.46505e-20 1.65405e-19 
1.67495 -2.88557e-19 1.98106e-19 
1.67960 -5.03588e-19 2.46358e-19 
1.68425 -5.23192e-19 3.20721e-19 
1.68890  1.90379e-19 4.19577e-19 
1.69355  2.57774e-19 5.26370e-19 
1.69820  8.55788e-20 6.54235e-19 
