0.90230  4.02685e-19 2.56935e-19 
0.90470  3.11547e-20 2.52314e-19 
0.90710  5.24115e-19 2.48844e-19 
0.90950  3.42681e-20 2.46361e-19 
0.91190  4.22199e-19 2.33732e-19 
0.91430  3.53076e-20 2.32729e-19 
0.91670  2.42896e-19 2.37891e-19 
0.91910  3.48569e-19 2.37593e-19 
0.92150 -3.46483e-20 2.27855e-19 
0.92390  8.97970e-20 2.27272e-19 
0.92630  3.12677e-19 2.25583e-19 
0.92870  1.40141e-19 2.27840e-19 
0.93110 -1.46900e-19 2.26028e-19 
0.93350  3.01539e-19 2.31255e-19 
0.93590  5.18308e-19 2.13523e-19 
0.93830  1.88185e-19 2.07710e-19 
0.94070  2.46425e-19 2.02867e-19 
0.94310  1.37570e-19 2.06673e-19 
0.94550  2.25586e-19 1.97453e-19 
0.94790  9.11122e-20 1.91073e-19 
0.95030  2.19023e-19 1.99346e-19 
0.95270  4.73883e-20 1.90587e-19 
0.95510 -9.94355e-20 1.86508e-19 
0.95750 -2.43198e-19 1.87266e-19 
0.95990  1.41478e-19 2.00023e-19 
0.96230  2.39737e-19 1.97656e-19 
0.96470  9.14648e-20 1.86599e-19 
0.96710  8.17933e-20 1.76594e-19 
0.96950  1.73097e-20 1.76529e-19 
0.97190 -3.24921e-20 1.82344e-19 
0.97430  1.09367e-20 1.77995e-19 
0.97670  1.70256e-19 1.76894e-19 
0.97910  9.85542e-20 1.73675e-19 
0.98150  1.77507e-19 1.68690e-19 
0.98390  2.33620e-19 1.72682e-19 
0.98630  3.54404e-20 1.77173e-19 
0.98870 -6.58368e-20 1.66428e-19 
0.99110 -1.34505e-19 1.68662e-19 
0.99350  9.55816e-20 1.76319e-19 
0.99590  2.06900e-19 1.77590e-19 
0.99830  2.78672e-19 1.67360e-19 
1.00070  7.36925e-20 1.62248e-19 
1.00310  2.18162e-20 1.73549e-19 
1.00550  6.83983e-20 1.63347e-19 
1.00790 -2.14301e-20 1.59960e-19 
1.01030  1.00377e-19 1.56850e-19 
1.01270  9.51731e-20 1.72770e-19 
1.01510  9.05591e-20 1.66377e-19 
1.01750  2.88032e-19 1.64223e-19 
1.01990  1.13920e-19 1.57041e-19 
1.02230  1.80667e-19 1.65193e-19 
1.02470  2.46479e-19 1.59832e-19 
1.02710  4.67041e-19 1.56597e-19 
1.02950  4.75009e-19 1.58739e-19 
1.03190  1.95628e-19 1.60046e-19 
1.03430  2.40473e-19 1.51655e-19 
1.03670  4.13850e-19 1.49327e-19 
1.03910  4.47978e-19 1.53835e-19 
1.04150  5.62302e-19 1.55833e-19 
1.04390  4.33278e-19 1.52775e-19 
1.04630  5.94195e-19 1.46414e-19 
1.04870  7.08621e-19 1.47436e-19 
1.05110  7.17221e-19 1.48134e-19 
1.05350  7.71838e-19 1.46198e-19 
1.05590  6.46298e-19 1.45525e-19 
1.05830  6.43312e-19 1.46215e-19 
1.06070  6.45119e-19 1.45744e-19 
1.06310  8.31593e-19 1.45196e-19 
1.06550  1.04813e-18 1.43877e-19 
1.06790  7.47473e-19 1.43441e-19 
1.07030  6.71435e-19 1.41606e-19 
1.07270  6.24536e-19 1.45303e-19 
1.07510  5.15298e-19 1.39883e-19 
1.07750  5.52909e-19 1.40043e-19 
1.07990  4.86907e-19 1.42127e-19 
1.08230  5.80483e-19 1.45263e-19 
1.08470  4.15047e-19 1.43342e-19 
1.08710  2.64022e-19 1.38639e-19 
1.08950  2.68316e-19 1.36337e-19 
1.09190  1.76746e-19 1.35500e-19 
1.09430  1.94470e-19 1.35328e-19 
1.09670  2.77199e-19 1.36425e-19 
1.09910  7.76265e-20 1.34497e-19 
1.10300  2.28665e-19 2.95963e-19 
1.10765 -1.42648e-19 2.55587e-19 
1.11230  3.35192e-19 2.44514e-19 
1.11695  3.25841e-19 2.38778e-19 
1.12160 -8.49765e-20 2.31657e-19 
1.12625  9.95378e-20 2.19273e-19 
1.13090  1.78581e-19 2.08345e-19 
1.13555  1.97649e-19 2.05739e-19 
1.14020  1.53972e-19 2.08674e-19 
1.14485  8.75246e-21 2.02649e-19 
1.14950  5.61113e-20 1.97518e-19 
1.15415  5.42878e-20 1.91078e-19 
1.15880 -4.81435e-20 1.89810e-19 
1.16345  7.99148e-20 1.94235e-19 
1.16810 -1.15942e-20 1.88177e-19 
1.17275  1.51968e-19 1.81398e-19 
1.17740  1.86024e-19 1.76531e-19 
1.18205  6.36047e-21 1.72516e-19 
1.18670 -3.49528e-20 1.69175e-19 
1.19135  1.45828e-19 1.66956e-19 
1.19600  6.42842e-20 1.64474e-19 
1.20065 -1.07856e-19 1.61468e-19 
1.20530  3.29080e-19 1.60107e-19 
1.20995  2.30148e-19 1.65618e-19 
1.21460  7.48567e-20 1.59710e-19 
1.21925  1.59243e-19 1.54027e-19 
1.22390  2.72643e-19 1.52268e-19 
1.22855  1.73139e-19 1.57011e-19 
1.23320  1.88330e-19 1.53930e-19 
1.23785  3.66360e-19 1.55634e-19 
1.24250  4.79534e-19 1.46732e-19 
1.24715  4.01978e-19 1.45939e-19 
1.25180  5.61582e-19 1.46137e-19 
1.25645  3.29803e-19 1.44721e-19 
1.26110  5.90546e-19 1.45483e-19 
1.26575  7.09368e-19 1.49106e-19 
1.27040  6.56807e-19 1.49623e-19 
1.27505  3.57192e-19 1.44174e-19 
1.27970  5.96076e-19 1.46306e-19 
1.28435  5.19235e-19 1.39416e-19 
1.28900  1.79239e-19 1.43101e-19 
1.29365  1.58039e-19 1.44043e-19 
1.29830  1.81850e-19 1.45003e-19 
1.30295 -1.77619e-19 1.37770e-19 
1.30760 -6.25260e-20 1.36027e-19 
1.31225 -1.45661e-19 1.31972e-19 
1.31690 -1.59989e-19 1.31779e-19 
1.32155  7.10685e-20 1.34142e-19 
1.32620  7.03580e-20 1.29376e-19 
1.33085 -1.19749e-19 1.24389e-19 
1.33550 -6.00859e-20 1.22279e-19 
1.34015 -1.21064e-19 1.21825e-19 
1.34480  1.37650e-21 1.20964e-19 
1.34945  2.26227e-20 1.19638e-19 
1.35410  1.42938e-19 1.19419e-19 
1.35875  1.17387e-19 1.18919e-19 
1.36340  1.06498e-19 1.21673e-19 
1.36805 -1.00537e-19 1.19882e-19 
1.37270  5.06094e-20 1.20024e-19 
1.37735 -2.77898e-21 1.20327e-19 
1.38200 -1.51072e-19 1.20139e-19 
1.38665  1.28200e-19 1.20258e-19 
1.39130 -4.75230e-20 1.18812e-19 
1.39595 -6.46859e-20 1.24045e-19 
1.40060  1.54074e-19 1.24426e-19 
1.40525  7.70377e-20 1.19894e-19 
1.40990  4.27256e-20 1.20746e-19 
1.41455  7.60809e-22 1.20293e-19 
1.41920  1.35747e-20 1.18888e-19 
1.42385 -1.37839e-19 1.33320e-19 
1.42850  2.55032e-20 1.29348e-19 
1.43315 -4.11316e-22 1.26418e-19 
1.43780  8.14721e-20 1.18103e-19 
1.44245  6.75331e-20 1.19099e-19 
1.44710  2.21188e-19 1.15692e-19 
1.45175  2.65375e-19 1.18445e-19 
1.45640  2.67616e-19 1.13845e-19 
1.46105  2.06983e-19 1.18234e-19 
1.46570  5.48673e-20 1.14048e-19 
1.47035  6.14848e-20 1.12266e-19 
1.47500 -2.66769e-21 1.11531e-19 
1.47965 -2.85573e-20 1.11980e-19 
1.48430 -1.06924e-19 1.12204e-19 
1.48895  1.98378e-19 1.17022e-19 
1.49360  1.44882e-19 1.14006e-19 
1.49825  3.72392e-20 1.25278e-19 
1.50290  8.86737e-20 1.10530e-19 
1.50755 -3.80582e-21 1.09246e-19 
1.51220  7.46861e-20 1.11180e-19 
1.51685  4.83292e-20 1.14589e-19 
1.52150  1.23149e-19 1.09719e-19 
1.52615  3.31672e-20 1.08992e-19 
1.53080  2.57811e-19 1.13471e-19 
1.53545  2.17367e-19 1.10661e-19 
1.54010  2.96076e-21 1.08812e-19 
1.54475 -9.39140e-20 1.14093e-19 
1.54940  1.77407e-19 1.15811e-19 
1.55405  1.68217e-19 1.11960e-19 
1.55870  5.93304e-20 1.13649e-19 
1.56335  1.20646e-19 1.09418e-19 
1.56800  3.16451e-19 1.15991e-19 
1.57265  4.68966e-19 1.10716e-19 
1.57730  3.79939e-19 1.08496e-19 
1.58195  4.93694e-19 1.08555e-19 
1.58660  4.35472e-19 1.10153e-19 
1.59125  5.54719e-19 1.14310e-19 
1.59590  5.32757e-19 1.08956e-19 
1.60055  3.27878e-19 1.09307e-19 
1.60520  3.39988e-19 1.08719e-19 
1.60985  2.58075e-19 1.08552e-19 
1.61450  1.93701e-20 1.07498e-19 
1.61915  7.70489e-20 1.09216e-19 
1.62380  2.03538e-19 1.10420e-19 
1.62845  6.88098e-20 1.10926e-19 
1.63310  5.47260e-20 1.10946e-19 
1.63775  7.40622e-20 1.11019e-19 
1.64240  1.76557e-19 1.12351e-19 
1.64705  2.11921e-19 1.12517e-19 
1.65170  1.73760e-19 1.13305e-19 
1.65635  1.65033e-19 1.18071e-19 
1.66100  1.04351e-19 1.29919e-19 
1.66565  1.29698e-19 1.36627e-19 
1.67030 -6.00702e-20 1.56723e-19 
1.67495  3.18726e-19 1.88779e-19 
1.67960  1.23355e-19 2.38082e-19 
1.68425  2.04968e-19 3.11499e-19 
1.68890  5.26856e-19 4.05584e-19 
1.69355  2.44001e-19 5.14583e-19 
1.69820 -3.43667e-19 6.28260e-19 
