0.902300 7.43477e-19  3.64978e-19 
0.904700 1.25607e-19  3.78858e-19 
0.907100 3.61452e-19  3.79784e-19 
0.909500 8.70188e-19  4.05479e-19 
0.911900 1.03957e-18  3.47638e-19 
0.914300 5.93280e-19  3.48883e-19 
0.916700 6.83039e-19  3.38604e-19 
0.919100 9.10842e-19  3.67331e-19 
0.921500 1.55797e-18  3.29241e-19 
0.923900 8.72706e-19  3.21043e-19 
0.926300 3.36889e-19  3.21388e-19 
0.928700 1.22910e-19  3.18990e-19 
0.931100 -6.48535e-20 3.08002e-19 
0.933500 1.36731e-19  3.15143e-19 
0.935900 5.00613e-19  3.12863e-19 
0.938300 4.04456e-20  3.06011e-19 
0.940700 -1.77142e-19 3.02907e-19 
0.943100 2.19822e-19  3.14115e-19 
0.945500 7.22652e-20  3.13082e-19 
0.947900 5.44145e-19  3.03950e-19 
0.950300 6.90984e-19  2.96955e-19 
0.952700 8.83415e-20  3.11649e-19 
0.955100 -2.78623e-19 2.97329e-19 
0.957500 1.55232e-20  2.76119e-19 
0.959900 -4.06577e-20 2.79790e-19 
0.962300 1.93087e-19  2.85681e-19 
0.964700 6.97475e-19  2.85485e-19 
0.967100 1.02073e-18  2.83530e-19 
0.969500 8.80005e-19  2.77197e-19 
0.971900 7.58096e-19  2.89574e-19 
0.974300 8.14053e-19  2.70985e-19 
0.976700 6.51060e-19  2.73950e-19 
0.979100 5.17086e-19  2.58916e-19 
0.981500 7.27492e-19  2.57924e-19 
0.983900 1.11217e-18  2.47788e-19 
0.986300 1.30557e-18  2.58456e-19 
0.988700 1.79192e-18  2.66747e-19 
0.991100 2.50129e-18  2.58555e-19 
0.993500 1.82144e-18  2.56580e-19 
0.995900 2.23195e-18  2.63361e-19 
0.998300 1.93624e-18  2.55861e-19 
1.00070  2.26189e-18  2.69277e-19 
1.00310  2.40304e-18  2.37803e-19 
1.00550  2.36637e-18  2.35668e-19 
1.00790  1.54499e-18  2.37073e-19 
1.01030  2.99091e-18  2.62211e-19 
1.01270  3.11336e-18  2.43953e-19 
1.01510  2.91351e-18  2.38096e-19 
1.01750  3.12075e-18  2.50662e-19 
1.01990  3.40279e-18  2.51313e-19 
1.02230  3.81472e-18  2.40297e-19 
1.02470  4.17664e-18  2.38653e-19 
1.02710  4.05724e-18  2.52025e-19 
1.02950  4.24119e-18  2.45866e-19 
1.03190  4.76033e-18  2.35611e-19 
1.03430  5.12067e-18  2.37359e-19 
1.03670  4.97351e-18  2.41108e-19 
1.03910  5.49176e-18  2.49506e-19 
1.04150  5.13784e-18  2.31416e-19 
1.04390  5.27339e-18  2.30593e-19 
1.04630  5.76821e-18  2.29889e-19 
1.04870  5.67032e-18  2.46776e-19 
1.05110  6.00692e-18  2.38194e-19 
1.05350  6.65293e-18  2.40166e-19 
1.05590  6.78476e-18  2.39873e-19 
1.05830  6.68375e-18  2.40365e-19 
1.06070  6.63408e-18  2.37482e-19 
1.06310  6.77392e-18  2.36758e-19 
1.06550  7.35562e-18  2.38837e-19 
1.06790  6.80883e-18  2.38729e-19 
1.07030  6.84421e-18  2.36045e-19 
1.07270  6.64197e-18  2.33990e-19 
1.07510  6.62645e-18  2.29638e-19 
1.07750  6.98920e-18  2.31060e-19 
1.07990  6.97775e-18  2.34944e-19 
1.08230  6.69386e-18  2.36317e-19 
1.08470  6.02316e-18  2.30724e-19 
1.08710  5.22279e-18  2.20649e-19 
1.08950  4.51087e-18  2.18714e-19 
1.09190  3.56507e-18  2.15743e-19 
1.09430  2.33465e-18  2.09401e-19 
1.09670  1.73579e-18  2.02762e-19 
1.09910  1.25533e-18  2.06928e-19 
1.10300  1.29950e-18  3.95321e-19 
1.10765  9.85643e-19  3.58571e-19 
1.11230  8.17252e-19  3.24790e-19 
1.11695  7.23732e-19  3.10875e-19 
1.12160  2.35371e-19  2.90809e-19 
1.12625  2.87158e-19  2.83629e-19 
1.13090  4.43697e-19  2.79875e-19 
1.13555  4.11594e-19  2.74842e-19 
1.14020  1.12805e-19  2.68437e-19 
1.14485  2.39097e-19  2.64968e-19 
1.14950  3.66139e-19  2.67129e-19 
1.15415  3.96499e-19  2.66170e-19 
1.15880  7.72447e-20  2.69455e-19 
1.16345  -4.01854e-20 2.56344e-19 
1.16810  -1.99240e-19 2.56167e-19 
1.17275  -2.76177e-19 2.50520e-19 
1.17740  2.38894e-19  2.65707e-19 
1.18205  3.11995e-19  2.47817e-19 
1.18670  4.64083e-19  2.41093e-19 
1.19135  4.50482e-19  2.32268e-19 
1.19600  8.60088e-19  2.38443e-19 
1.20065  8.75118e-19  2.31710e-19 
1.20530  9.82300e-19  2.29061e-19 
1.20995  1.84723e-18  2.22445e-19 
1.21460  2.42358e-18  2.24088e-19 
1.21925  2.78401e-18  2.18824e-19 
1.22390  2.95588e-18  2.23244e-19 
1.22855  4.09769e-18  2.22640e-19 
1.23320  4.51150e-18  2.20770e-19 
1.23785  5.36974e-18  2.22608e-19 
1.24250  5.86839e-18  2.36357e-19 
1.24715  6.70359e-18  2.32358e-19 
1.25180  7.48093e-18  2.35262e-19 
1.25645  8.20629e-18  2.33990e-19 
1.26110  8.78049e-18  2.35853e-19 
1.26575  8.96204e-18  2.36548e-19 
1.27040  8.87935e-18  2.34452e-19 
1.27505  8.33412e-18  2.34685e-19 
1.27970  7.27774e-18  2.26857e-19 
1.28435  6.28423e-18  2.20522e-19 
1.28900  5.18130e-18  2.11889e-19 
1.29365  4.37677e-18  2.05000e-19 
1.29830  3.87360e-18  2.00515e-19 
1.30295  2.70218e-18  2.14566e-19 
1.30760  2.31230e-18  2.03564e-19 
1.31225  1.47538e-18  1.95134e-19 
1.31690  1.22190e-18  1.80524e-19 
1.32155  1.20241e-18  1.85940e-19 
1.32620  6.88037e-19  1.77970e-19 
1.33085  2.10055e-19  1.79041e-19 
1.33550  1.20851e-19  1.67852e-19 
1.34015  -8.92435e-21 1.70832e-19 
1.34480  5.34434e-20  1.67610e-19 
1.34945  -3.28404e-19 1.67404e-19 
1.35410  1.08233e-19  1.60837e-19 
1.35875  -2.32133e-20 1.68428e-19 
1.36340  -2.40790e-19 1.63657e-19 
1.36805  1.78871e-20  1.67899e-19 
1.37270  7.00766e-20  1.62453e-19 
1.37735  2.12100e-20  1.70181e-19 
1.38200  -1.95416e-19 1.62647e-19 
1.38665  -2.89041e-19 1.64517e-19 
1.39130  -2.73316e-19 1.60065e-19 
1.39595  -8.35466e-20 1.62896e-19 
1.40060  -4.63073e-20 1.57570e-19 
1.40525  1.31688e-19  1.60949e-19 
1.40990  1.29103e-19  1.64552e-19 
1.41455  -9.20776e-20 1.58208e-19 
1.41920  -1.05136e-19 1.56007e-19 
1.42385  -8.87594e-20 1.56474e-19 
1.42850  3.92638e-20  1.67935e-19 
1.43315  -1.31846e-19 1.59920e-19 
1.43780  -1.99502e-19 1.59129e-19 
1.44245  3.28727e-20  1.48589e-19 
1.44710  -7.22459e-20 1.53209e-19 
1.45175  2.31258e-19  1.51002e-19 
1.45640  -9.09737e-21 1.53281e-19 
1.46105  7.08517e-20  1.49211e-19 
1.46570  1.53908e-20  1.50294e-19 
1.47035  1.15414e-19  1.56179e-19 
1.47500  1.93171e-19  1.50263e-19 
1.47965  2.97684e-19  1.51601e-19 
1.48430  2.50419e-19  1.51663e-19 
1.48895  4.58254e-19  1.56146e-19 
1.49360  2.75262e-19  1.53978e-19 
1.49825  1.91372e-19  1.50018e-19 
1.50290  2.29870e-19  1.48819e-19 
1.50755  5.53671e-20  1.53631e-19 
1.51220  3.02113e-19  1.54516e-19 
1.51685  3.96534e-19  1.53743e-19 
1.52150  7.85503e-19  1.49188e-19 
1.52615  1.13060e-18  1.48587e-19 
1.53080  1.03607e-18  1.49459e-19 
1.53545  1.30167e-18  1.58798e-19 
1.54010  1.58600e-18  1.58821e-19 
1.54475  2.03481e-18  1.59007e-19 
1.54940  2.12374e-18  1.57782e-19 
1.55405  2.47282e-18  1.58753e-19 
1.55870  3.05830e-18  1.62687e-19 
1.56335  3.23188e-18  1.64255e-19 
1.56800  4.12802e-18  1.66362e-19 
1.57265  4.40535e-18  1.66198e-19 
1.57730  5.10082e-18  1.69182e-19 
1.58195  4.97565e-18  1.73866e-19 
1.58660  4.64864e-18  1.69326e-19 
1.59125  4.43310e-18  1.68027e-19 
1.59590  3.76901e-18  1.61440e-19 
1.60055  2.94581e-18  1.80703e-19 
1.60520  1.88766e-18  1.62372e-19 
1.60985  1.15946e-18  1.61060e-19 
1.61450  6.19415e-19  1.46362e-19 
1.61915  2.79453e-19  1.58483e-19 
1.62380  3.91604e-19  1.57042e-19 
1.62845  3.02278e-19  1.56141e-19 
1.63310  3.27777e-19  1.53020e-19 
1.63775  4.18848e-19  1.53633e-19 
1.64240  1.68992e-19  1.51613e-19 
1.64705  3.31013e-19  1.53543e-19 
1.65170  2.68608e-19  1.58429e-19 
1.65635  2.15251e-19  1.66850e-19 
1.66100  3.95835e-19  1.72445e-19 
1.66565  3.15681e-19  1.84732e-19 
1.67030  6.02562e-20  2.09412e-19 
1.67495  2.38164e-19  2.63210e-19 
1.67960  -9.62726e-20 3.16157e-19 
1.68425  -4.01179e-19 4.05585e-19 
1.68890  2.43799e-19  5.20353e-19 
1.69355  -1.94261e-19 6.81238e-19 
1.69820  -1.43452e-18 8.38860e-19 
