1.10000 1.52018e-16 3.27099e-18 
1.10200 1.40874e-16 3.14812e-18 
1.10400 1.29126e-16 2.99580e-18 
1.10600 1.18322e-16 2.71984e-18 
1.10800 1.07047e-16 2.44826e-18 
1.11000 9.68294e-17 2.23813e-18 
1.11200 8.71377e-17 2.04411e-18 
1.11400 7.91679e-17 1.88924e-18 
1.11600 7.28684e-17 1.75452e-18 
1.11800 6.74311e-17 1.64176e-18 
1.12000 6.59786e-17 1.61414e-18 
1.12200 6.43605e-17 1.58379e-18 
1.12400 6.59816e-17 1.60521e-18 
1.12600 6.76592e-17 1.63183e-18 
1.12800 6.82151e-17 1.63370e-18 
1.13000 6.82026e-17 1.62887e-18 
1.13200 6.69724e-17 1.60169e-18 
1.13400 6.22138e-17 1.51734e-18 
1.13600 5.74955e-17 1.43798e-18 
1.13800 5.63348e-17 1.41522e-18 
1.14000 5.55634e-17 1.40412e-18 
1.14200 5.55430e-17 1.39991e-18 
1.14400 5.59234e-17 1.39897e-18 
1.14600 5.64030e-17 1.40182e-18 
1.14800 5.67104e-17 1.40018e-18 
1.15000 5.69347e-17 1.40019e-18 
1.15200 5.73354e-17 1.40115e-18 
1.15400 5.74776e-17 1.40829e-18 
1.15600 5.62354e-17 1.38706e-18 
1.15800 5.42853e-17 1.35343e-18 
1.16000 5.33189e-17 1.33078e-18 
1.16200 5.32416e-17 1.33005e-18 
1.16400 5.32708e-17 1.32954e-18 
1.16600 5.33187e-17 1.32563e-18 
1.16800 5.33571e-17 1.31946e-18 
1.17000 5.47614e-17 1.33969e-18 
1.17200 5.69399e-17 1.37483e-18 
1.17400 5.95957e-17 1.41792e-18 
1.17600 6.37461e-17 1.49236e-18 
1.17800 6.77011e-17 1.56716e-18 
1.18000 7.20471e-17 1.62732e-18 
1.18200 7.65395e-17 1.68917e-18 
1.18400 8.31101e-17 1.79706e-18 
1.18600 9.03382e-17 1.92270e-18 
1.18800 9.73095e-17 2.04459e-18 
1.19000 1.03872e-16 2.16165e-18 
1.19200 1.10268e-16 2.28608e-18 
1.19400 1.17211e-16 2.40599e-18 
1.19600 1.24115e-16 2.52965e-18 
1.19800 1.30950e-16 2.64858e-18 
1.20000 1.37673e-16 2.77464e-18 
1.20200 1.44903e-16 2.90331e-18 
1.20400 1.52318e-16 3.03814e-18 
1.20600 1.59558e-16 3.17325e-18 
1.20800 1.67195e-16 3.30888e-18 
1.21000 1.75169e-16 3.45263e-18 
1.21200 1.83351e-16 3.59951e-18 
1.21400 1.91395e-16 3.75741e-18 
1.21600 1.99805e-16 3.91616e-18 
1.21800 2.09500e-16 4.08496e-18 
1.22000 2.18251e-16 4.24455e-18 
1.22200 2.26327e-16 4.37630e-18 
1.22400 2.33845e-16 4.50407e-18 
1.22600 2.41839e-16 4.65326e-18 
1.22800 2.49275e-16 4.81280e-18 
1.23000 2.55823e-16 4.94365e-18 
1.23200 2.61261e-16 5.03966e-18 
1.23400 2.66251e-16 5.12766e-18 
1.23600 2.69594e-16 5.18305e-18 
1.23800 2.72482e-16 5.23814e-18 
1.24000 2.74668e-16 5.28378e-18 
1.24200 2.76437e-16 5.32313e-18 
1.24400 2.79309e-16 5.37430e-18 
1.24600 2.82444e-16 5.42611e-18 
1.24800 2.86226e-16 5.49540e-18 
1.25000 2.93536e-16 5.62595e-18 
1.25200 3.00581e-16 5.76306e-18 
1.25400 3.10794e-16 5.95645e-18 
1.25600 3.21654e-16 6.16221e-18 
1.25800 3.34320e-16 6.39026e-18 
1.26000 3.47925e-16 6.64379e-18 
1.26200 3.60174e-16 6.87937e-18 
1.26400 3.66713e-16 6.99078e-18 
1.26600 3.72816e-16 7.10380e-18 
1.26800 3.74300e-16 7.12605e-18 
1.27000 3.74734e-16 7.13114e-18 
1.27200 3.73524e-16 7.11030e-18 
1.27400 3.71376e-16 7.06465e-18 
1.27600 3.68429e-16 6.99924e-18 
1.27800 3.66095e-16 6.93319e-18 
1.28000 3.63209e-16 6.86780e-18 
1.28200 3.58342e-16 6.77463e-18 
1.28400 3.52480e-16 6.67372e-18 
1.28600 3.46221e-16 6.56463e-18 
1.28800 3.40447e-16 6.45853e-18 
1.29000 3.34263e-16 6.35096e-18 
1.29200 3.28528e-16 6.24853e-18 
1.29400 3.22408e-16 6.14625e-18 
1.29600 3.15707e-16 6.01448e-18 
1.29800 3.08460e-16 5.88204e-18 
1.30000 3.00937e-16 5.74013e-18 
1.30200 2.92572e-16 5.58174e-18 
1.30400 2.84212e-16 5.42074e-18 
1.30600 2.76084e-16 5.27353e-18 
1.30800 2.67607e-16 5.11782e-18 
1.31000 2.57182e-16 4.92668e-18 
1.31200 2.46696e-16 4.73795e-18 
1.31400 2.35802e-16 4.54722e-18 
1.31600 2.24586e-16 4.35043e-18 
1.31800 2.12207e-16 4.14061e-18 
1.32000 1.98325e-16 3.89870e-18 
1.32200 1.84185e-16 3.65270e-18 
1.32400 1.66268e-16 3.32117e-18 
1.32600 1.48555e-16 2.99318e-18 
1.32800 1.26804e-16 2.59200e-18 
1.33000 1.03649e-16 2.16873e-18 
1.33200 8.13723e-17 1.76344e-18 
1.33400 6.15291e-17 1.39682e-18 
1.33600 4.24191e-17 1.03996e-18 
1.33800 3.35681e-17 8.86160e-19 
1.34000 2.47788e-17 7.32860e-19 
1.34200 1.98787e-17 6.56937e-19 
1.34400 1.66489e-17 6.12481e-19 
1.34600 1.39751e-17 5.70360e-19 
1.34800 1.20303e-17 5.30440e-19 
1.35000 1.02158e-17 4.92585e-19 
1.35200 9.08956e-18 4.76143e-19 
1.35400 8.02368e-18 4.58850e-19 
1.35600 7.23963e-18 4.48562e-19 
1.35800 6.69353e-18 4.42712e-19 
1.36000 6.42164e-18 4.35260e-19 
1.36200 6.28572e-18 4.27552e-19 
1.36400 6.19861e-18 4.22668e-19 
1.36600 6.64909e-18 4.33350e-19 
1.36800 7.08903e-18 4.45077e-19 
1.37000 7.33134e-18 4.46430e-19 
1.37200 7.39302e-18 4.45627e-19 
1.37400 7.61950e-18 4.51857e-19 
1.37600 7.93971e-18 4.59360e-19 
1.37800 8.30029e-18 4.66211e-19 
1.38000 8.63888e-18 4.69343e-19 
1.38200 8.85831e-18 4.70295e-19 
1.38400 8.73242e-18 4.67874e-19 
1.38600 8.52581e-18 4.64617e-19 
1.38800 8.38125e-18 4.61423e-19 
1.39000 8.23493e-18 4.58060e-19 
1.39200 8.07533e-18 4.55795e-19 
1.39400 7.91656e-18 4.54837e-19 
1.39600 7.73426e-18 4.51847e-19 
1.39800 7.68456e-18 4.47619e-19 
1.40000 7.66049e-18 4.42976e-19 
1.40200 7.68435e-18 4.43155e-19 
1.40400 7.74364e-18 4.47666e-19 
1.40600 7.94331e-18 4.51575e-19 
1.40800 7.93955e-18 4.48212e-19 
1.41000 7.88153e-18 4.43813e-19 
1.41200 8.30358e-18 4.46257e-19 
1.41400 8.71478e-18 4.48874e-19 
1.41600 8.67397e-18 4.47561e-19 
1.41800 8.23505e-18 4.42858e-19 
1.42000 8.02413e-18 4.41795e-19 
1.42200 8.35338e-18 4.41634e-19 
1.42400 8.62711e-18 4.43018e-19 
1.42600 9.63259e-18 4.51711e-19 
1.42800 1.06234e-17 4.63988e-19 
1.43000 1.12326e-17 4.69236e-19 
1.43200 1.15654e-17 4.76011e-19 
1.43400 1.19212e-17 4.81278e-19 
1.43600 1.21809e-17 4.79866e-19 
1.43800 1.24528e-17 4.78952e-19 
1.44000 1.31309e-17 4.89708e-19 
1.44200 1.37235e-17 4.97256e-19 
1.44400 1.48054e-17 5.13619e-19 
1.44600 1.58396e-17 5.30470e-19 
1.44800 1.70840e-17 5.47817e-19 
1.45000 1.88114e-17 5.70342e-19 
1.45200 2.05588e-17 5.93048e-19 
1.45400 2.19156e-17 6.14574e-19 
1.45600 2.32321e-17 6.36229e-19 
1.45800 2.44477e-17 6.56091e-19 
1.46000 2.55027e-17 6.74782e-19 
1.46200 2.62692e-17 6.86998e-19 
1.46400 2.60668e-17 6.86206e-19 
1.46600 2.60068e-17 6.87062e-19 
1.46800 2.63149e-17 6.90815e-19 
1.47000 2.66529e-17 6.95026e-19 
1.47200 2.76046e-17 7.06600e-19 
1.47400 2.88193e-17 7.24741e-19 
1.47600 2.99270e-17 7.45007e-19 
1.47800 3.11163e-17 7.67763e-19 
1.48000 3.23957e-17 7.91485e-19 
1.48200 3.35039e-17 8.08933e-19 
1.48400 3.45625e-17 8.24351e-19 
1.48600 3.57965e-17 8.43646e-19 
1.48800 3.71078e-17 8.65305e-19 
1.49000 3.85982e-17 8.87748e-19 
1.49200 4.01058e-17 9.12314e-19 
1.49400 4.16839e-17 9.37342e-19 
1.49600 4.37146e-17 9.65977e-19 
1.49800 4.56743e-17 9.98303e-19 
1.50000 4.80592e-17 1.03842e-18 
1.50200 5.06042e-17 1.08555e-18 
1.50400 5.28664e-17 1.12443e-18 
1.50600 5.46460e-17 1.15863e-18 
1.50800 5.63627e-17 1.19085e-18 
1.51000 5.83569e-17 1.24054e-18 
1.51200 6.02503e-17 1.28742e-18 
1.51400 6.28148e-17 1.33970e-18 
1.51600 6.56687e-17 1.39190e-18 
1.51800 6.85700e-17 1.44868e-18 
1.52000 7.15143e-17 1.52648e-18 
1.52200 7.45033e-17 1.60536e-18 
1.52400 7.81241e-17 1.73523e-18 
1.52600 8.20538e-17 1.87094e-18 
1.52800 8.56390e-17 2.02318e-18 
1.53000 8.94327e-17 2.18009e-18 
1.53200 9.33357e-17 2.34878e-18 
1.53400 9.76466e-17 2.53737e-18 
1.53600 1.01818e-16 2.71557e-18 
1.53800 1.05643e-16 2.87569e-18 
1.54000 1.09377e-16 3.03643e-18 
1.54200 1.13718e-16 3.17655e-18 
1.54400 1.18078e-16 3.31845e-18 
1.54600 1.22426e-16 3.43165e-18 
1.54800 1.27029e-16 3.52945e-18 
1.55000 1.31191e-16 3.60257e-18 
1.55200 1.34330e-16 3.60832e-18 
1.55400 1.36881e-16 3.59552e-18 
1.55600 1.39882e-16 3.54955e-18 
1.55800 1.43309e-16 3.50630e-18 
1.56000 1.46825e-16 3.45435e-18 
1.56200 1.51116e-16 3.39919e-18 
1.56400 1.55792e-16 3.35433e-18 
1.56600 1.60029e-16 3.31956e-18 
1.56800 1.64280e-16 3.28075e-18 
1.57000 1.67821e-16 3.28230e-18 
1.57200 1.70942e-16 3.28828e-18 
1.57400 1.73547e-16 3.29844e-18 
1.57600 1.76064e-16 3.30860e-18 
1.57800 1.77653e-16 3.31692e-18 
1.58000 1.77696e-16 3.31640e-18 
1.58200 1.77305e-16 3.31077e-18 
1.58400 1.76556e-16 3.31740e-18 
1.58600 1.75617e-16 3.32240e-18 
1.58800 1.73250e-16 3.28929e-18 
1.59000 1.69731e-16 3.22612e-18 
1.59200 1.65589e-16 3.14950e-18 
1.59400 1.58856e-16 3.03661e-18 
1.59600 1.52301e-16 2.92131e-18 
1.59800 1.42341e-16 2.73811e-18 
1.60000 1.32026e-16 2.54734e-18 
1.60200 1.21515e-16 2.35845e-18 
1.60400 1.11004e-16 2.16762e-18 
1.60600 1.00886e-16 1.98433e-18 
1.60800 9.17759e-17 1.82164e-18 
1.61000 8.22703e-17 1.65759e-18 
1.61200 7.49150e-17 1.53640e-18 
1.61400 6.76755e-17 1.41929e-18 
1.61600 6.18968e-17 1.32608e-18 
1.61800 5.69833e-17 1.24704e-18 
1.62000 5.26772e-17 1.17571e-18 
1.62200 4.95514e-17 1.12545e-18 
1.62400 4.65553e-17 1.07748e-18 
1.62600 4.48388e-17 1.04965e-18 
1.62800 4.30710e-17 1.02216e-18 
1.63000 4.21283e-17 1.00798e-18 
1.63200 4.14228e-17 9.99379e-19 
1.63400 4.12351e-17 9.97476e-19 
1.63600 4.21000e-17 1.00897e-18 
1.63800 4.28565e-17 1.02327e-18 
1.64000 4.41841e-17 1.04471e-18 
1.64200 4.53870e-17 1.06616e-18 
1.64400 4.68149e-17 1.12882e-18 
1.64600 4.83013e-17 1.20885e-18 
1.64800 4.96917e-17 1.26526e-18 
1.65000 5.09099e-17 1.28381e-18 
1.65200 5.19218e-17 1.29990e-18 
1.65400 5.20589e-17 1.28275e-18 
1.65600 5.20054e-17 1.26250e-18 
1.65800 5.08106e-17 1.22487e-18 
1.66000 4.91955e-17 1.17742e-18 
1.66200 4.64794e-17 1.13164e-18 
1.66400 4.22186e-17 1.09375e-18 
1.66600 3.79568e-17 1.05210e-18 
1.66800 3.35096e-17 1.05454e-18 
1.67000 2.91613e-17 1.04872e-18 
1.67200 2.80001e-17 1.21181e-18 
1.67400 2.78717e-17 1.42619e-18 
1.67600 2.90156e-17 1.71937e-18 
1.67800 3.17782e-17 2.10421e-18 
1.68000 3.44372e-17 2.50873e-18 
1.68200 3.63267e-17 2.99592e-18 
1.68400 3.81848e-17 3.46335e-18 
1.68600 3.84243e-17 3.80598e-18 
1.68800 3.83515e-17 4.08260e-18 
1.69000 3.70025e-17 4.24907e-18 
