1.10300 1.19280e-18  3.64679e-19 
1.10765 1.01050e-18  2.78181e-19 
1.11230 8.56596e-19  2.43538e-19 
1.11695 7.52391e-19  2.42624e-19 
1.12160 1.09586e-18  2.19633e-19 
1.12625 1.15665e-18  2.05250e-19 
1.13090 9.88953e-19  2.24893e-19 
1.13555 1.04203e-18  1.94325e-19 
1.14020 7.44066e-19  1.91113e-19 
1.14485 9.14633e-19  1.83371e-19 
1.14950 1.00347e-18  1.80218e-19 
1.15415 8.44175e-19  1.78483e-19 
1.15880 8.91622e-19  1.76463e-19 
1.16345 1.00462e-18  1.74143e-19 
1.16810 6.95618e-19  1.69113e-19 
1.17275 9.20695e-19  1.67589e-19 
1.17740 8.90971e-19  1.74624e-19 
1.18205 9.74035e-19  1.60193e-19 
1.18670 1.17501e-18  1.73602e-19 
1.19135 1.24892e-18  1.67198e-19 
1.19600 1.47587e-18  1.78085e-19 
1.20065 1.34755e-18  1.66046e-19 
1.20530 1.38540e-18  1.60132e-19 
1.20995 1.65273e-18  1.94018e-19 
1.21460 1.76247e-18  1.53087e-19 
1.21925 1.71909e-18  1.62279e-19 
1.22390 1.69572e-18  1.72967e-19 
1.22855 1.89247e-18  1.52257e-19 
1.23320 1.90264e-18  1.47069e-19 
1.23785 1.99128e-18  1.53811e-19 
1.24250 1.88120e-18  1.46892e-19 
1.24715 2.05751e-18  1.41566e-19 
1.25180 2.15931e-18  1.40758e-19 
1.25645 2.23576e-18  1.40809e-19 
1.26110 2.37893e-18  1.42726e-19 
1.26575 2.43602e-18  1.47986e-19 
1.27040 2.48628e-18  1.41576e-19 
1.27505 2.36215e-18  1.42652e-19 
1.27970 2.13522e-18  1.34993e-19 
1.28435 2.13262e-18  1.32553e-19 
1.28900 2.13047e-18  1.32312e-19 
1.29365 2.02051e-18  1.31420e-19 
1.29830 1.94072e-18  1.27954e-19 
1.30295 2.23645e-18  1.28603e-19 
1.30760 2.05699e-18  1.27945e-19 
1.31225 2.09666e-18  1.32816e-19 
1.31690 1.71842e-18  1.27159e-19 
1.32155 1.67731e-18  1.25745e-19 
1.32620 1.47469e-18  1.28860e-19 
1.33085 1.07987e-18  1.18533e-19 
1.33550 4.79158e-19  1.18781e-19 
1.34015 1.89643e-19  1.19893e-19 
1.34480 -1.68122e-21 1.13737e-19 
1.34945 -4.13218e-20 1.16167e-19 
1.35410 1.29596e-19  1.08522e-19 
1.35875 4.88536e-20  1.06649e-19 
1.36340 -2.27552e-19 1.06347e-19 
1.36805 -8.68384e-20 1.05817e-19 
1.37270 -1.05105e-19 1.06018e-19 
1.37735 6.31263e-20  1.06878e-19 
1.38200 7.30813e-20  1.06733e-19 
1.38665 9.43103e-20  1.07933e-19 
1.39130 -2.13414e-20 1.08484e-19 
1.39595 -1.01682e-19 1.13718e-19 
1.40060 -1.12279e-19 1.09198e-19 
1.40525 -1.34500e-19 1.04168e-19 
1.40990 -2.08316e-19 1.02555e-19 
1.41455 -1.12722e-20 1.01983e-19 
1.41920 -1.32122e-20 1.03289e-19 
1.42385 7.37857e-21  1.05078e-19 
1.42850 -1.46050e-20 1.00606e-19 
1.43315 -5.59686e-20 1.04647e-19 
1.43780 -6.96402e-20 9.98452e-20 
1.44245 9.74094e-20  9.95640e-20 
1.44710 -7.20542e-21 9.95106e-20 
1.45175 1.74005e-19  9.92805e-20 
1.45640 1.93943e-19  9.92016e-20 
1.46105 1.44907e-19  9.95800e-20 
1.46570 1.84498e-19  9.97697e-20 
1.47035 2.12963e-19  9.94058e-20 
1.47500 -5.55389e-20 1.04917e-19 
1.47965 8.28780e-20  1.00568e-19 
1.48430 2.00821e-19  1.03345e-19 
1.48895 2.88246e-19  1.05999e-19 
1.49360 3.26391e-19  9.90743e-20 
1.49825 2.90829e-19  1.02845e-19 
1.50290 3.49239e-19  1.00940e-19 
1.50755 3.56663e-19  1.04570e-19 
1.51220 3.50659e-19  9.64327e-20 
1.51685 4.88122e-19  1.07817e-19 
1.52150 5.51389e-19  1.03940e-19 
1.52615 6.43600e-19  9.79380e-20 
1.53080 6.80649e-19  9.80739e-20 
1.53545 6.38615e-19  9.94105e-20 
1.54010 6.78911e-19  1.03237e-19 
1.54475 8.53251e-19  1.03198e-19 
1.54940 8.43754e-19  1.03009e-19 
1.55405 8.69407e-19  1.04864e-19 
1.55870 1.05596e-18  1.01808e-19 
1.56335 1.07935e-18  1.00496e-19 
1.56800 1.06769e-18  9.96371e-20 
1.57265 1.09066e-18  9.91749e-20 
1.57730 9.41946e-19  9.97821e-20 
1.58195 1.13944e-18  1.02288e-19 
1.58660 9.93425e-19  9.76528e-20 
1.59125 1.12730e-18  1.01782e-19 
1.59590 1.04264e-18  9.88930e-20 
1.60055 9.59568e-19  9.80644e-20 
1.60520 8.61913e-19  9.75808e-20 
1.60985 7.81689e-19  9.73604e-20 
1.61450 6.25142e-19  9.66603e-20 
1.61915 5.13277e-19  9.65574e-20 
1.62380 4.22252e-19  9.70743e-20 
1.62845 5.02321e-19  9.87183e-20 
1.63310 4.96663e-19  9.86325e-20 
1.63775 3.54336e-19  1.00866e-19 
1.64240 4.88005e-19  1.03619e-19 
1.64705 4.51813e-19  9.96230e-20 
1.65170 4.21130e-19  1.09257e-19 
1.65635 5.78725e-19  1.04853e-19 
1.66100 4.01414e-19  1.10854e-19 
1.66565 3.73835e-19  1.23944e-19 
1.67030 2.12197e-19  1.45198e-19 
1.67495 2.29945e-19  1.69622e-19 
1.67960 -2.83088e-20 2.18624e-19 
1.68425 -1.00553e-19 2.75894e-19 
1.68890 -2.20090e-21 3.70339e-19 
